gen 0 64 1406250000001364.8 3476343040825540.0 880.2729636560676 1e+16 
gen 1 192 1085.7630887624873 120.44594658367556 816.6439249657674 1287.10145904529 
gen 2 320 973.2986498642522 89.97822809183363 740.9253959685199 1095.953612328112 
gen 3 448 910.7196923347484 69.68361430964124 721.1347615023865 1015.0396127681416 
gen 4 576 857.6976306629931 61.62692413886668 650.1206024677399 932.9045244408218 
gen 5 704 823.2961161191181 54.54530590216202 650.1206024677399 895.627382055753 
gen 6 832 776.8359502513665 57.609628978655394 579.9395898528169 848.0635569815001 
gen 7 970 753.731316427612 50.91135729164411 579.9395898528169 808.0719438006838 
gen 8 1138 724.5470019950124 46.85140763805837 536.8001647596203 786.3697520602988 
gen 9 1266 704.4641521769038 41.47735555235039 536.8001647596203 761.1095621046588 
gen 10 1394 695.2696127271848 36.48871396854465 536.8001647596203 741.4118970595741 
gen 11 1522 684.5232475220421 34.79369853414752 536.8001647596203 723.0458444182218 
gen 12 1650 675.3765856410052 33.12564943881272 536.8001647596203 712.9737098841806 
gen 13 1778 659.7902953704023 31.998711679418268 536.8001647596203 696.4211165737138 
gen 14 1906 644.6327453015031 30.781839663298054 536.8001647596203 682.8982256434579 
gen 15 2034 631.7859497823222 28.06706895089289 536.8001647596203 664.3246501535818 
gen 16 2162 617.843210590239 28.311523230466953 535.0775320292646 653.2970360295125 
gen 17 2290 606.4480787298271 23.8434326714879 535.0775320292646 633.8745740131914 
gen 18 2418 597.8703245584845 22.199934774053652 535.0775320292646 625.3150740276087 
gen 19 2546 590.494357886374 20.89529602745944 535.0775320292646 613.3740315093025 
gen 20 2674 581.1382557428662 17.966684693278502 535.0775320292646 603.1972692245283 
gen 21 2802 574.7227730577006 15.804223203342813 535.0775320292646 594.3731336353266 
gen 22 2930 563.7946375384819 15.171792301597211 530.0856631721492 581.220251773019 
gen 23 3058 556.8623757510732 14.296395240690698 517.3211411657377 576.4306915626651 
gen 24 3186 548.4594196372269 12.507387955224184 516.0987763871487 564.5977069226961 
gen 25 3314 539.8423192595544 11.356425961868435 506.2128881642467 554.3267742771243 
gen 26 3442 533.7758618195314 12.065177925024392 495.8436869263438 548.688429249024 
gen 27 3570 527.469188771535 13.396629259792595 488.1670428237579 541.3479003841059 
gen 28 3718 522.1600966853978 12.161277079963975 485.0991311083858 536.1666643261707 
gen 29 3846 517.7131844549274 10.989327560099987 485.0991311083858 530.9489320854749 
gen 30 3974 514.6394678191737 9.155592952105202 485.0991311083858 525.1700435945756 
gen 31 4102 511.1273918737302 7.74242488548897 485.0991311083858 521.0335688673022 
gen 32 4250 508.5249100903282 6.4232589083971074 483.61716203365347 516.0987763871487 
gen 33 4408 505.85569162398247 6.228962113881736 478.40971999730266 513.6690711815189 
gen 34 4546 502.324479417295 6.362072737573474 478.40971999730266 509.7260620416764 
gen 35 4674 499.41531625899813 6.112557264098889 478.40971999730266 506.42758196607275 
gen 36 4802 495.67878489593056 5.722779089084223 478.40971999730266 502.42857234687835 
gen 37 4930 493.15559478746815 5.111032187797433 478.40971999730266 499.83172234156075 
gen 38 5058 490.1520647091985 4.405698367414718 473.77284781621 495.7694795203254 
gen 39 5186 488.22033293568506 3.6236748185336367 473.77284781621 492.6054138152981 
gen 40 5314 486.40482603544876 3.019193128354171 473.77284781621 489.08365287805555 
gen 41 5442 485.00521704563516 3.4155882334617695 473.1994018155276 488.15454340343524 
gen 42 5570 483.94872229371197 3.312512488707676 473.1994018155276 487.3510183902871 
gen 43 5698 481.73848089770087 3.3489258118494427 473.1994018155276 485.67066264473 
gen 44 5826 479.13737222739843 3.3292816497386264 470.55073359084804 483.1705221157372 
gen 45 5954 477.01182006669524 3.2287980672294965 465.10468068295097 481.3348159104039 
gen 46 6082 474.811969987668 3.094153790996527 465.10468068295097 477.8542581804415 
gen 47 6220 472.5468988835872 2.86730054051708 465.10468068295097 475.82244901779245 
gen 48 6348 470.6834572427035 2.313519557100566 465.10468068295097 473.77284781621 
gen 49 6476 468.67033544515505 1.923614178637059 463.4419922556438 470.8772253327164 
gen 50 6604 466.93304368984616 1.3928421397626607 463.4419922556438 468.7862815831538 
gen 51 6732 465.6374040165058 0.895485122814323 463.4419922556438 466.76135482730456 
gen 52 6860 464.93272091128136 0.7357349584062222 463.4419922556438 465.6329891585283 
gen 53 6988 464.1227905027381 0.5892063698931214 463.4419922556438 465.0609605914996 
gen 54 7116 463.66467714599685 0.33029506938709835 463.4419922556438 464.15458390477363 
gen 55 7254 463.44199225564387 5.684341886080802e-14 463.4419922556438 463.4419922556438 
gen 56 7382 463.44199225564387 5.684341886080802e-14 463.4419922556438 463.4419922556438 
gen 57 7520 463.44199225564387 5.684341886080802e-14 463.4419922556438 463.4419922556438 
gen 58 7658 463.44199225564387 5.684341886080802e-14 463.4419922556438 463.4419922556438 
gen 59 7786 463.44199225564387 5.684341886080802e-14 463.4419922556438 463.4419922556438 
gen 60 7914 463.44199225564387 5.684341886080802e-14 463.4419922556438 463.4419922556438 
gen 61 8042 463.44199225564387 5.684341886080802e-14 463.4419922556438 463.4419922556438 
gen 62 8180 463.44199225564387 5.684341886080802e-14 463.4419922556438 463.4419922556438 
gen 63 8308 463.44199225564387 5.684341886080802e-14 463.4419922556438 463.4419922556438 
gen 64 8436 463.44199225564387 5.684341886080802e-14 463.4419922556438 463.4419922556438 
gen 65 8564 463.44199225564387 5.684341886080802e-14 463.4419922556438 463.4419922556438 
gen 66 8702 463.44199225564387 5.684341886080802e-14 463.4419922556438 463.4419922556438 
gen 67 8830 463.44199225564387 5.684341886080802e-14 463.4419922556438 463.4419922556438 
gen 68 8958 463.44199225564387 5.684341886080802e-14 463.4419922556438 463.4419922556438 
gen 69 9086 463.44199225564387 5.684341886080802e-14 463.4419922556438 463.4419922556438 
gen 70 9214 463.44199225564387 5.684341886080802e-14 463.4419922556438 463.4419922556438 
gen 71 9342 463.44199225564387 5.684341886080802e-14 463.4419922556438 463.4419922556438 
gen 72 9470 463.44199225564387 5.684341886080802e-14 463.4419922556438 463.4419922556438 
gen 73 9598 463.44199225564387 5.684341886080802e-14 463.4419922556438 463.4419922556438 
gen 74 9726 463.44199225564387 5.684341886080802e-14 463.4419922556438 463.4419922556438 
gen 75 9854 463.44199225564387 5.684341886080802e-14 463.4419922556438 463.4419922556438 
gen 76 9982 463.44199225564387 5.684341886080802e-14 463.4419922556438 463.4419922556438 
gen 77 10110 463.44199225564387 5.684341886080802e-14 463.4419922556438 463.4419922556438 
gen 78 10238 463.44199225564387 5.684341886080802e-14 463.4419922556438 463.4419922556438 
gen 79 10366 463.44199225564387 5.684341886080802e-14 463.4419922556438 463.4419922556438 
gen 80 10494 463.44199225564387 5.684341886080802e-14 463.4419922556438 463.4419922556438 
gen 81 10622 463.44199225564387 5.684341886080802e-14 463.4419922556438 463.4419922556438 
gen 82 10750 463.44199225564387 5.684341886080802e-14 463.4419922556438 463.4419922556438 
gen 83 10878 463.44199225564387 5.684341886080802e-14 463.4419922556438 463.4419922556438 
gen 84 11006 463.44199225564387 5.684341886080802e-14 463.4419922556438 463.4419922556438 
gen 85 11134 463.44199225564387 5.684341886080802e-14 463.4419922556438 463.4419922556438 
gen 86 11262 463.44199225564387 5.684341886080802e-14 463.4419922556438 463.4419922556438 
gen 87 11390 463.44199225564387 5.684341886080802e-14 463.4419922556438 463.4419922556438 
gen 88 11518 463.44199225564387 5.684341886080802e-14 463.4419922556438 463.4419922556438 
gen 89 11646 463.44199225564387 5.684341886080802e-14 463.4419922556438 463.4419922556438 
gen 90 11774 463.44199225564387 5.684341886080802e-14 463.4419922556438 463.4419922556438 
gen 91 11902 463.44199225564387 5.684341886080802e-14 463.4419922556438 463.4419922556438 
gen 92 12030 463.44199225564387 5.684341886080802e-14 463.4419922556438 463.4419922556438 
gen 93 12158 463.44199225564387 5.684341886080802e-14 463.4419922556438 463.4419922556438 
gen 94 12286 463.44199225564387 5.684341886080802e-14 463.4419922556438 463.4419922556438 
gen 95 12414 463.44199225564387 5.684341886080802e-14 463.4419922556438 463.4419922556438 
gen 96 12552 463.44199225564387 5.684341886080802e-14 463.4419922556438 463.4419922556438 
gen 97 12680 463.44199225564387 5.684341886080802e-14 463.4419922556438 463.4419922556438 
gen 98 12808 463.44199225564387 5.684341886080802e-14 463.4419922556438 463.4419922556438 
gen 99 12936 463.44199225564387 5.684341886080802e-14 463.4419922556438 463.4419922556438 
gen 100 13064 463.44199225564387 5.684341886080802e-14 463.4419922556438 463.4419922556438 
gen 101 13202 463.44199225564387 5.684341886080802e-14 463.4419922556438 463.4419922556438 
gen 102 13340 463.44199225564387 5.684341886080802e-14 463.4419922556438 463.4419922556438 
gen 103 13468 463.44199225564387 5.684341886080802e-14 463.4419922556438 463.4419922556438 
gen 104 13596 463.44199225564387 5.684341886080802e-14 463.4419922556438 463.4419922556438 
gen 105 13724 463.44199225564387 5.684341886080802e-14 463.4419922556438 463.4419922556438 
gen 106 13852 463.44199225564387 5.684341886080802e-14 463.4419922556438 463.4419922556438 
gen 107 13990 463.44199225564387 5.684341886080802e-14 463.4419922556438 463.4419922556438 
gen 108 14128 463.44199225564387 5.684341886080802e-14 463.4419922556438 463.4419922556438 
gen 109 14256 463.44199225564387 5.684341886080802e-14 463.4419922556438 463.4419922556438 
gen 110 14384 463.44199225564387 5.684341886080802e-14 463.4419922556438 463.4419922556438 
gen 111 14512 463.44199225564387 5.684341886080802e-14 463.4419922556438 463.4419922556438 
gen 112 14640 463.44199225564387 5.684341886080802e-14 463.4419922556438 463.4419922556438 
gen 113 14768 463.44199225564387 5.684341886080802e-14 463.4419922556438 463.4419922556438 
gen 114 14896 463.44199225564387 5.684341886080802e-14 463.4419922556438 463.4419922556438 
gen 115 15024 463.44199225564387 5.684341886080802e-14 463.4419922556438 463.4419922556438 
gen 116 15152 463.44199225564387 5.684341886080802e-14 463.4419922556438 463.4419922556438 
gen 117 15280 463.44199225564387 5.684341886080802e-14 463.4419922556438 463.4419922556438 
gen 118 15408 463.44199225564387 5.684341886080802e-14 463.4419922556438 463.4419922556438 
gen 119 15536 463.44199225564387 5.684341886080802e-14 463.4419922556438 463.4419922556438 
gen 120 15664 463.44199225564387 5.684341886080802e-14 463.4419922556438 463.4419922556438 
gen 121 15802 463.44199225564387 5.684341886080802e-14 463.4419922556438 463.4419922556438 
gen 122 15940 463.44199225564387 5.684341886080802e-14 463.4419922556438 463.4419922556438 
gen 123 16068 463.44199225564387 5.684341886080802e-14 463.4419922556438 463.4419922556438 
gen 124 16196 463.44199225564387 5.684341886080802e-14 463.4419922556438 463.4419922556438 
gen 125 16324 463.44199225564387 5.684341886080802e-14 463.4419922556438 463.4419922556438 
gen 126 16452 463.44199225564387 5.684341886080802e-14 463.4419922556438 463.4419922556438 
gen 127 16580 463.44199225564387 5.684341886080802e-14 463.4419922556438 463.4419922556438 
gen 128 16708 463.44199225564387 5.684341886080802e-14 463.4419922556438 463.4419922556438 
gen 129 16836 463.44199225564387 5.684341886080802e-14 463.4419922556438 463.4419922556438 
gen 130 16964 463.44199225564387 5.684341886080802e-14 463.4419922556438 463.4419922556438 
gen 131 17092 463.44199225564387 5.684341886080802e-14 463.4419922556438 463.4419922556438 
gen 132 17220 463.44199225564387 5.684341886080802e-14 463.4419922556438 463.4419922556438 
gen 133 17348 463.44199225564387 5.684341886080802e-14 463.4419922556438 463.4419922556438 
gen 134 17476 463.44199225564387 5.684341886080802e-14 463.4419922556438 463.4419922556438 
gen 135 17604 463.44199225564387 5.684341886080802e-14 463.4419922556438 463.4419922556438 
gen 136 17732 463.44199225564387 5.684341886080802e-14 463.4419922556438 463.4419922556438 
gen 137 17870 463.44199225564387 5.684341886080802e-14 463.4419922556438 463.4419922556438 
gen 138 17998 463.44199225564387 5.684341886080802e-14 463.4419922556438 463.4419922556438 
gen 139 18126 463.44199225564387 5.684341886080802e-14 463.4419922556438 463.4419922556438 
gen 140 18254 463.44199225564387 5.684341886080802e-14 463.4419922556438 463.4419922556438 
gen 141 18382 463.44199225564387 5.684341886080802e-14 463.4419922556438 463.4419922556438 
gen 142 18510 463.44199225564387 5.684341886080802e-14 463.4419922556438 463.4419922556438 
gen 143 18638 463.44199225564387 5.684341886080802e-14 463.4419922556438 463.4419922556438 
gen 144 18766 463.44199225564387 5.684341886080802e-14 463.4419922556438 463.4419922556438 
gen 145 18904 463.44199225564387 5.684341886080802e-14 463.4419922556438 463.4419922556438 
gen 146 19032 463.44199225564387 5.684341886080802e-14 463.4419922556438 463.4419922556438 
gen 147 19160 463.44199225564387 5.684341886080802e-14 463.4419922556438 463.4419922556438 
gen 148 19288 463.44199225564387 5.684341886080802e-14 463.4419922556438 463.4419922556438 
gen 149 19416 463.44199225564387 5.684341886080802e-14 463.4419922556438 463.4419922556438 
gen 150 19544 463.44199225564387 5.684341886080802e-14 463.4419922556438 463.4419922556438 
gen 151 19672 463.44199225564387 5.684341886080802e-14 463.4419922556438 463.4419922556438 
gen 152 19810 463.44199225564387 5.684341886080802e-14 463.4419922556438 463.4419922556438 
gen 153 19938 463.44199225564387 5.684341886080802e-14 463.4419922556438 463.4419922556438 
gen 154 20066 463.44199225564387 5.684341886080802e-14 463.4419922556438 463.4419922556438 
gen 155 20194 463.44199225564387 5.684341886080802e-14 463.4419922556438 463.4419922556438 
gen 156 20322 463.44199225564387 5.684341886080802e-14 463.4419922556438 463.4419922556438 
gen 157 20450 463.44199225564387 5.684341886080802e-14 463.4419922556438 463.4419922556438 
gen 158 20578 463.44199225564387 5.684341886080802e-14 463.4419922556438 463.4419922556438 
gen 159 20706 463.44199225564387 5.684341886080802e-14 463.4419922556438 463.4419922556438 
gen 160 20834 463.44199225564387 5.684341886080802e-14 463.4419922556438 463.4419922556438 
gen 161 20962 463.44199225564387 5.684341886080802e-14 463.4419922556438 463.4419922556438 
gen 162 21090 463.44199225564387 5.684341886080802e-14 463.4419922556438 463.4419922556438 
gen 163 21218 463.44199225564387 5.684341886080802e-14 463.4419922556438 463.4419922556438 
gen 164 21356 463.44199225564387 5.684341886080802e-14 463.4419922556438 463.4419922556438 
gen 165 21494 463.44199225564387 5.684341886080802e-14 463.4419922556438 463.4419922556438 
gen 166 21622 463.44199225564387 5.684341886080802e-14 463.4419922556438 463.4419922556438 
gen 167 21750 463.44199225564387 5.684341886080802e-14 463.4419922556438 463.4419922556438 
gen 168 21878 463.44199225564387 5.684341886080802e-14 463.4419922556438 463.4419922556438 
gen 169 22006 463.44199225564387 5.684341886080802e-14 463.4419922556438 463.4419922556438 
gen 170 22134 463.44199225564387 5.684341886080802e-14 463.4419922556438 463.4419922556438 
gen 171 22262 463.44199225564387 5.684341886080802e-14 463.4419922556438 463.4419922556438 
gen 172 22400 463.44199225564387 5.684341886080802e-14 463.4419922556438 463.4419922556438 
gen 173 22528 463.44199225564387 5.684341886080802e-14 463.4419922556438 463.4419922556438 
gen 174 22666 463.44199225564387 5.684341886080802e-14 463.4419922556438 463.4419922556438 
gen 175 22794 463.44199225564387 5.684341886080802e-14 463.4419922556438 463.4419922556438 
gen 176 22932 463.44199225564387 5.684341886080802e-14 463.4419922556438 463.4419922556438 
gen 177 23060 463.44199225564387 5.684341886080802e-14 463.4419922556438 463.4419922556438 
gen 178 23188 463.44199225564387 5.684341886080802e-14 463.4419922556438 463.4419922556438 
gen 179 23316 463.44199225564387 5.684341886080802e-14 463.4419922556438 463.4419922556438 
gen 180 23444 463.44199225564387 5.684341886080802e-14 463.4419922556438 463.4419922556438 
gen 181 23572 463.44199225564387 5.684341886080802e-14 463.4419922556438 463.4419922556438 
gen 182 23700 463.44199225564387 5.684341886080802e-14 463.4419922556438 463.4419922556438 
gen 183 23828 463.44199225564387 5.684341886080802e-14 463.4419922556438 463.4419922556438 
gen 184 23956 463.44199225564387 5.684341886080802e-14 463.4419922556438 463.4419922556438 
gen 185 24094 463.44199225564387 5.684341886080802e-14 463.4419922556438 463.4419922556438 
gen 186 24222 463.44199225564387 5.684341886080802e-14 463.4419922556438 463.4419922556438 
gen 187 24360 463.44199225564387 5.684341886080802e-14 463.4419922556438 463.4419922556438 
gen 188 24488 463.44199225564387 5.684341886080802e-14 463.4419922556438 463.4419922556438 
gen 189 24616 463.44199225564387 5.684341886080802e-14 463.4419922556438 463.4419922556438 
gen 190 24744 463.44199225564387 5.684341886080802e-14 463.4419922556438 463.4419922556438 
gen 191 24872 463.44199225564387 5.684341886080802e-14 463.4419922556438 463.4419922556438 
gen 192 25000 463.44199225564387 5.684341886080802e-14 463.4419922556438 463.4419922556438 
gen 193 25128 463.44199225564387 5.684341886080802e-14 463.4419922556438 463.4419922556438 
gen 194 25256 463.44199225564387 5.684341886080802e-14 463.4419922556438 463.4419922556438 
gen 195 25404 463.25348048577973 1.496265786807391 451.37723898433944 463.4419922556438 
gen 196 25532 463.0649687159156 2.099178228447043 451.37723898433944 463.4419922556438 
gen 197 25660 462.31092163645906 3.516641466982785 451.37723898433944 463.4419922556438 
gen 198 25788 460.80282747754603 4.987552622691304 451.37723898433944 463.4419922556438 
gen 199 25926 456.2785450008069 5.925390040223455 451.37723898433944 463.4419922556438 
gen 200 26054 451.3772389843394 5.684341886080802e-14 451.37723898433944 451.37723898433944 
gen 201 26182 451.3772389843394 5.684341886080802e-14 451.37723898433944 451.37723898433944 
gen 202 26310 451.3772389843394 5.684341886080802e-14 451.37723898433944 451.37723898433944 
gen 203 26438 451.3772389843394 5.684341886080802e-14 451.37723898433944 451.37723898433944 
gen 204 26566 451.3772389843394 5.684341886080802e-14 451.37723898433944 451.37723898433944 
gen 205 26694 451.3772389843394 5.684341886080802e-14 451.37723898433944 451.37723898433944 
gen 206 26822 451.3772389843394 5.684341886080802e-14 451.37723898433944 451.37723898433944 
gen 207 26950 451.3772389843394 5.684341886080802e-14 451.37723898433944 451.37723898433944 
gen 208 27078 451.3772389843394 5.684341886080802e-14 451.37723898433944 451.37723898433944 
gen 209 27226 451.3640419909451 0.10474788772465411 450.53263140710897 451.37723898433944 
gen 210 27354 451.31125401736824 0.22666580514259038 450.53263140710897 451.37723898433944 
gen 211 27482 451.21887506360866 0.32966078932727794 450.53263140710897 451.37723898433944 
gen 212 27610 451.1264961098491 0.38588514174997546 450.53263140710897 451.37723898433944 
gen 213 27738 450.9153442155415 0.4204438656550463 450.53263140710897 451.37723898433944 
gen 214 27866 450.53263140710897 0.0 450.53263140710897 450.53263140710897 
gen 215 27994 450.53263140710897 0.0 450.53263140710897 450.53263140710897 
gen 216 28122 450.53263140710897 0.0 450.53263140710897 450.53263140710897 
gen 217 28250 450.53263140710897 0.0 450.53263140710897 450.53263140710897 
gen 218 28378 450.53263140710897 0.0 450.53263140710897 450.53263140710897 
gen 219 28506 450.53263140710897 0.0 450.53263140710897 450.53263140710897 
gen 220 28634 450.53263140710897 0.0 450.53263140710897 450.53263140710897 
gen 221 28762 450.53263140710897 0.0 450.53263140710897 450.53263140710897 
gen 222 28890 450.53263140710897 0.0 450.53263140710897 450.53263140710897 
gen 223 29018 450.53263140710897 0.0 450.53263140710897 450.53263140710897 
gen 224 29156 450.53263140710897 0.0 450.53263140710897 450.53263140710897 
gen 225 29284 450.53263140710897 0.0 450.53263140710897 450.53263140710897 
gen 226 29412 450.53263140710897 0.0 450.53263140710897 450.53263140710897 
gen 227 29550 450.53263140710897 0.0 450.53263140710897 450.53263140710897 
gen 228 29678 450.53263140710897 0.0 450.53263140710897 450.53263140710897 
gen 229 29806 450.53263140710897 0.0 450.53263140710897 450.53263140710897 
gen 230 29944 450.53263140710897 0.0 450.53263140710897 450.53263140710897 
gen 231 30082 450.53263140710897 0.0 450.53263140710897 450.53263140710897 
gen 232 30210 450.53263140710897 0.0 450.53263140710897 450.53263140710897 
gen 233 30338 450.53263140710897 0.0 450.53263140710897 450.53263140710897 
gen 234 30466 450.53263140710897 0.0 450.53263140710897 450.53263140710897 
gen 235 30604 450.53263140710897 0.0 450.53263140710897 450.53263140710897 
gen 236 30732 450.53263140710897 0.0 450.53263140710897 450.53263140710897 
gen 237 30860 450.53263140710897 0.0 450.53263140710897 450.53263140710897 
gen 238 30998 450.53263140710897 0.0 450.53263140710897 450.53263140710897 
gen 239 31126 450.53263140710897 0.0 450.53263140710897 450.53263140710897 
gen 240 31254 450.53263140710897 0.0 450.53263140710897 450.53263140710897 
gen 241 31392 450.53263140710897 0.0 450.53263140710897 450.53263140710897 
gen 242 31520 450.53263140710897 0.0 450.53263140710897 450.53263140710897 
gen 243 31658 450.53263140710897 0.0 450.53263140710897 450.53263140710897 
gen 244 31786 450.53263140710897 0.0 450.53263140710897 450.53263140710897 
gen 245 31914 450.53263140710897 0.0 450.53263140710897 450.53263140710897 
gen 246 32042 450.53263140710897 0.0 450.53263140710897 450.53263140710897 
gen 247 32170 450.53263140710897 0.0 450.53263140710897 450.53263140710897 
gen 248 32298 450.53263140710897 0.0 450.53263140710897 450.53263140710897 
gen 249 32426 450.53263140710897 0.0 450.53263140710897 450.53263140710897 
gen 250 32554 450.53263140710897 0.0 450.53263140710897 450.53263140710897 
gen 251 32692 450.53263140710897 0.0 450.53263140710897 450.53263140710897 
gen 252 32820 450.53263140710897 0.0 450.53263140710897 450.53263140710897 
gen 253 32948 450.53263140710897 0.0 450.53263140710897 450.53263140710897 
gen 254 33086 450.53263140710897 0.0 450.53263140710897 450.53263140710897 
gen 255 33214 450.53263140710897 0.0 450.53263140710897 450.53263140710897 
gen 256 33342 450.53263140710897 0.0 450.53263140710897 450.53263140710897 
gen 257 33470 450.53263140710897 0.0 450.53263140710897 450.53263140710897 
gen 258 33598 450.53263140710897 0.0 450.53263140710897 450.53263140710897 
gen 259 33726 450.53263140710897 0.0 450.53263140710897 450.53263140710897 
gen 260 33854 450.53263140710897 0.0 450.53263140710897 450.53263140710897 
gen 261 33992 450.53263140710897 0.0 450.53263140710897 450.53263140710897 
gen 262 34120 450.53263140710897 0.0 450.53263140710897 450.53263140710897 
gen 263 34248 450.53263140710897 0.0 450.53263140710897 450.53263140710897 
gen 264 34376 450.53263140710897 0.0 450.53263140710897 450.53263140710897 
gen 265 34504 450.53263140710897 0.0 450.53263140710897 450.53263140710897 
gen 266 34642 450.53263140710897 0.0 450.53263140710897 450.53263140710897 
gen 267 34780 450.53263140710897 0.0 450.53263140710897 450.53263140710897 
gen 268 34918 450.53263140710897 0.0 450.53263140710897 450.53263140710897 
gen 269 35046 450.53263140710897 0.0 450.53263140710897 450.53263140710897 
gen 270 35174 450.53263140710897 0.0 450.53263140710897 450.53263140710897 
gen 271 35302 450.53263140710897 0.0 450.53263140710897 450.53263140710897 
gen 272 35430 450.53263140710897 0.0 450.53263140710897 450.53263140710897 
gen 273 35568 450.53263140710897 0.0 450.53263140710897 450.53263140710897 
gen 274 35696 450.53263140710897 0.0 450.53263140710897 450.53263140710897 
gen 275 35834 450.53263140710897 0.0 450.53263140710897 450.53263140710897 
gen 276 35962 450.53263140710897 0.0 450.53263140710897 450.53263140710897 
gen 277 36090 450.53263140710897 0.0 450.53263140710897 450.53263140710897 
gen 278 36218 450.53263140710897 0.0 450.53263140710897 450.53263140710897 
gen 279 36346 450.53263140710897 0.0 450.53263140710897 450.53263140710897 
gen 280 36474 450.53263140710897 0.0 450.53263140710897 450.53263140710897 
gen 281 36602 450.53263140710897 0.0 450.53263140710897 450.53263140710897 
gen 282 36730 450.53263140710897 0.0 450.53263140710897 450.53263140710897 
gen 283 36868 450.53263140710897 0.0 450.53263140710897 450.53263140710897 
gen 284 37006 450.53263140710897 0.0 450.53263140710897 450.53263140710897 
gen 285 37134 450.53263140710897 0.0 450.53263140710897 450.53263140710897 
gen 286 37262 450.53263140710897 0.0 450.53263140710897 450.53263140710897 
gen 287 37390 450.53263140710897 0.0 450.53263140710897 450.53263140710897 
gen 288 37518 450.53263140710897 0.0 450.53263140710897 450.53263140710897 
gen 289 37646 450.53263140710897 0.0 450.53263140710897 450.53263140710897 
gen 290 37774 450.53263140710897 0.0 450.53263140710897 450.53263140710897 
gen 291 37902 450.53263140710897 0.0 450.53263140710897 450.53263140710897 
gen 292 38030 450.53263140710897 0.0 450.53263140710897 450.53263140710897 
gen 293 38168 450.53263140710897 0.0 450.53263140710897 450.53263140710897 
gen 294 38306 450.53263140710897 0.0 450.53263140710897 450.53263140710897 
gen 295 38434 450.53263140710897 0.0 450.53263140710897 450.53263140710897 
gen 296 38562 450.53263140710897 0.0 450.53263140710897 450.53263140710897 
gen 297 38690 450.53263140710897 0.0 450.53263140710897 450.53263140710897 
gen 298 38828 450.53263140710897 0.0 450.53263140710897 450.53263140710897 
gen 299 38956 450.53263140710897 0.0 450.53263140710897 450.53263140710897 
gen 300 39084 450.53263140710897 0.0 450.53263140710897 450.53263140710897 
gen 301 39212 450.53263140710897 0.0 450.53263140710897 450.53263140710897 
gen 302 39350 450.53263140710897 0.0 450.53263140710897 450.53263140710897 
gen 303 39478 450.53263140710897 0.0 450.53263140710897 450.53263140710897 
gen 304 39606 450.53263140710897 0.0 450.53263140710897 450.53263140710897 
gen 305 39734 450.53263140710897 0.0 450.53263140710897 450.53263140710897 
gen 306 39862 450.53263140710897 0.0 450.53263140710897 450.53263140710897 
gen 307 39990 450.53263140710897 0.0 450.53263140710897 450.53263140710897 
gen 308 40118 450.53263140710897 0.0 450.53263140710897 450.53263140710897 
gen 309 40246 450.53263140710897 0.0 450.53263140710897 450.53263140710897 
gen 310 40374 450.53263140710897 0.0 450.53263140710897 450.53263140710897 
gen 311 40502 450.53263140710897 0.0 450.53263140710897 450.53263140710897 
gen 312 40630 450.53263140710897 0.0 450.53263140710897 450.53263140710897 
gen 313 40758 450.53263140710897 0.0 450.53263140710897 450.53263140710897 
gen 314 40886 450.53263140710897 0.0 450.53263140710897 450.53263140710897 
gen 315 41024 450.53263140710897 0.0 450.53263140710897 450.53263140710897 
gen 316 41152 450.53263140710897 0.0 450.53263140710897 450.53263140710897 
gen 317 41280 450.53263140710897 0.0 450.53263140710897 450.53263140710897 
gen 318 41408 450.53263140710897 0.0 450.53263140710897 450.53263140710897 
gen 319 41546 450.53263140710897 0.0 450.53263140710897 450.53263140710897 
gen 320 41674 450.53263140710897 0.0 450.53263140710897 450.53263140710897 
gen 321 41802 450.53263140710897 0.0 450.53263140710897 450.53263140710897 
gen 322 41930 450.53263140710897 0.0 450.53263140710897 450.53263140710897 
gen 323 42058 450.53263140710897 0.0 450.53263140710897 450.53263140710897 
gen 324 42186 450.53263140710897 0.0 450.53263140710897 450.53263140710897 
gen 325 42314 450.53263140710897 0.0 450.53263140710897 450.53263140710897 
gen 326 42442 450.53263140710897 0.0 450.53263140710897 450.53263140710897 
gen 327 42570 450.53263140710897 0.0 450.53263140710897 450.53263140710897 
gen 328 42698 450.53263140710897 0.0 450.53263140710897 450.53263140710897 
gen 329 42826 450.53263140710897 0.0 450.53263140710897 450.53263140710897 
gen 330 42954 450.53263140710897 0.0 450.53263140710897 450.53263140710897 
gen 331 43082 450.53263140710897 0.0 450.53263140710897 450.53263140710897 
gen 332 43210 450.53263140710897 0.0 450.53263140710897 450.53263140710897 
gen 333 43348 450.53263140710897 0.0 450.53263140710897 450.53263140710897 
gen 334 43486 450.53263140710897 0.0 450.53263140710897 450.53263140710897 
gen 335 43614 450.53263140710897 0.0 450.53263140710897 450.53263140710897 
gen 336 43742 450.53263140710897 0.0 450.53263140710897 450.53263140710897 
gen 337 43870 450.53263140710897 0.0 450.53263140710897 450.53263140710897 
gen 338 43998 450.53263140710897 0.0 450.53263140710897 450.53263140710897 
gen 339 44126 450.53263140710897 0.0 450.53263140710897 450.53263140710897 
gen 340 44254 450.53263140710897 0.0 450.53263140710897 450.53263140710897 
gen 341 44392 450.53263140710897 0.0 450.53263140710897 450.53263140710897 
gen 342 44520 450.53263140710897 0.0 450.53263140710897 450.53263140710897 
gen 343 44648 450.53263140710897 0.0 450.53263140710897 450.53263140710897 
gen 344 44776 450.53263140710897 0.0 450.53263140710897 450.53263140710897 
gen 345 44904 450.53263140710897 0.0 450.53263140710897 450.53263140710897 
[6, 7, 3, 5, 1, 2, 4, 0, 7, 5, 6, 4, 1, 0, 2, 3, 3, 7, 5, 1, 6, 2, 4, 0, 0, 4, 1, 2, 6, 7, 5, 3, 6, 3, 7, 5, 1, 0, 2, 4, 6, 0, 4, 1, 5, 3, 2, 7, 3, 6, 0, 4, 1, 7, 2, 5, 3, 7, 5, 1, 4, 6, 0, 2]
min  450.53263140710897
NFE 44904
LSNFE 680
VLSNFE 15
runTime 143.56949615478516
