gen 0 64 625000000001550.2 2420614591379235.0 796.203997906147 1e+16 
gen 1 192 1086.8075639064068 110.20641408713512 796.203997906147 1243.4366066295938 
gen 2 320 992.688159689882 69.32137239854148 796.203997906147 1090.2922233042846 
gen 3 468 920.0593086655933 75.62555164156417 682.5428394291756 1016.9246708219964 
gen 4 656 860.3904501912241 70.70114664168028 623.3060430534624 948.52106610918 
gen 5 834 809.6953301461666 53.20902471385139 615.8163995206551 883.5513953261683 
gen 6 962 781.7493260462718 45.79304322821647 615.8163995206551 839.4641081254852 
gen 7 1090 748.7578448749953 39.18569675131939 615.8163995206551 802.1246531948132 
gen 8 1218 728.68481656656 36.19223452234729 615.8163995206551 775.2140394259727 
gen 9 1346 708.864612745208 31.45183290606927 615.8163995206551 746.7167796575949 
gen 10 1474 689.7419319031685 30.021687504412583 615.8163995206551 729.5859709767303 
gen 11 1602 674.9884002275983 27.691279646082123 604.9037347426673 710.2907882036435 
gen 12 1730 664.581511971749 24.768323420622405 601.5132873091943 696.8830490545062 
gen 13 1868 651.8033170927138 23.322131031870033 579.5829132682243 682.081417034999 
gen 14 1996 643.9162410131435 21.378021646964655 579.5829132682243 672.0036600953575 
gen 15 2124 635.1911214120053 18.7150010266545 577.4359342886394 661.0774342028815 
gen 16 2252 628.2141184040581 17.79256051896872 577.4359342886394 651.110597258555 
gen 17 2380 622.237912903727 15.614227101831037 577.4359342886394 643.9406113349281 
gen 18 2508 618.4973341703403 14.362377224108046 577.4359342886394 637.4843484625101 
gen 19 2636 614.0953135019744 13.025382865493306 577.4359342886394 628.9356270167943 
gen 20 2764 609.1487551016717 13.894869479763516 577.4359342886394 624.0220679121119 
gen 21 2912 605.4450684853023 12.577847218294872 571.1444128977204 620.5379139294126 
gen 22 3040 598.652732109333 15.311470383366172 538.9974429400327 616.0673638528012 
gen 23 3168 592.5421467528802 14.104049801021493 538.9974429400327 610.0898446680225 
gen 24 3316 588.4723988237599 12.487114821812096 537.8079068248059 602.8754182831491 
gen 25 3474 584.2071695905822 13.269004091652178 526.2447847672502 599.3815678046597 
gen 26 3602 578.1705177162514 12.614554948177036 526.2447847672502 590.8466982501352 
gen 27 3730 573.5116674332163 12.206899421630938 526.2447847672502 586.6951056061655 
gen 28 3858 568.770568605961 12.452298071207025 526.2447847672502 582.9358153956321 
gen 29 3986 563.1142331179589 11.827194236390282 526.2447847672502 578.4137494554446 
gen 30 4114 558.5006592837331 10.176068612786711 526.2447847672502 572.0890531237706 
gen 31 4242 552.3376699372499 10.405812874873401 512.8537071452746 565.6923700442945 
gen 32 4370 547.6547650089112 9.451515204791272 512.8537071452746 559.2924810698971 
gen 33 4508 544.0232763996798 9.178056536040236 512.8537071452746 553.1016703120259 
gen 34 4636 540.7835165088873 11.74357745608339 504.5855492943151 551.2464402189347 
gen 35 4764 532.1655236613101 14.918658087003717 463.7483930567281 548.1835444632716 
gen 36 4902 524.4964691404878 14.969808809259867 463.7483930567281 540.5218210082646 
gen 37 5030 517.3817666283024 12.870903764762911 463.7483930567281 532.6546014084256 
gen 38 5168 508.49238042296645 12.090806558349005 463.7483930567281 522.1278792124243 
gen 39 5296 498.0865028236026 10.754893816958184 463.7483930567281 509.42916359882736 
gen 40 5424 490.86209022451453 8.345719569499607 463.7483930567281 501.61563159258014 
gen 41 5552 483.4735612789566 7.03037405272895 463.7483930567281 491.8932539390162 
gen 42 5680 475.4185599038241 7.257425273250439 459.44040910729785 484.37735193327296 
gen 43 5828 468.339400402639 5.226410610863822 449.5864992531863 476.8384962718231 
gen 44 5956 464.4833770999785 3.7767699254617537 449.5864992531863 469.58847411029177 
gen 45 6084 459.74654677797156 4.354510621316857 449.521467528469 464.8617522557602 
gen 46 6212 455.7755172144731 3.6900705254237844 449.521467528469 460.8127766387886 
gen 47 6340 453.4763753923239 2.530014520218759 449.521467528469 457.16412225512755 
gen 48 6468 451.3112370955593 1.1907907360740198 449.521467528469 453.19035630654304 
gen 49 6596 450.5285639227044 0.6779029379735996 449.41513187233176 451.79086655994854 
gen 50 6734 450.0564013771476 0.44065844746518923 449.41513187233176 450.9147511044728 
gen 51 6862 449.73639762018536 0.3106026264507136 449.41513187233176 450.29070513197496 
gen 52 7000 449.5065140768246 0.03696592182042971 449.41513187233176 449.521467528469 
gen 53 7128 449.49322211980746 0.04696478417310989 449.41513187233176 449.521467528469 
gen 54 7256 449.45168475412885 0.050505064121633976 449.41513187233176 449.521467528469 
gen 55 7384 449.4151318723317 5.684341886080802e-14 449.41513187233176 449.41513187233176 
gen 56 7512 449.4151318723317 5.684341886080802e-14 449.41513187233176 449.41513187233176 
gen 57 7640 449.4151318723317 5.684341886080802e-14 449.41513187233176 449.41513187233176 
gen 58 7768 449.4151318723317 5.684341886080802e-14 449.41513187233176 449.41513187233176 
gen 59 7896 449.4151318723317 5.684341886080802e-14 449.41513187233176 449.41513187233176 
gen 60 8024 449.4151318723317 5.684341886080802e-14 449.41513187233176 449.41513187233176 
gen 61 8152 449.4151318723317 5.684341886080802e-14 449.41513187233176 449.41513187233176 
gen 62 8280 449.4151318723317 5.684341886080802e-14 449.41513187233176 449.41513187233176 
gen 63 8408 449.4151318723317 5.684341886080802e-14 449.41513187233176 449.41513187233176 
gen 64 8536 449.4151318723317 5.684341886080802e-14 449.41513187233176 449.41513187233176 
gen 65 8664 449.4151318723317 5.684341886080802e-14 449.41513187233176 449.41513187233176 
gen 66 8792 449.4151318723317 5.684341886080802e-14 449.41513187233176 449.41513187233176 
gen 67 8920 449.4151318723317 5.684341886080802e-14 449.41513187233176 449.41513187233176 
gen 68 9058 449.4151318723317 5.684341886080802e-14 449.41513187233176 449.41513187233176 
gen 69 9186 449.4151318723317 5.684341886080802e-14 449.41513187233176 449.41513187233176 
gen 70 9314 449.4151318723317 5.684341886080802e-14 449.41513187233176 449.41513187233176 
gen 71 9442 449.4151318723317 5.684341886080802e-14 449.41513187233176 449.41513187233176 
gen 72 9570 449.4151318723317 5.684341886080802e-14 449.41513187233176 449.41513187233176 
gen 73 9698 449.4151318723317 5.684341886080802e-14 449.41513187233176 449.41513187233176 
gen 74 9826 449.4151318723317 5.684341886080802e-14 449.41513187233176 449.41513187233176 
gen 75 9954 449.4151318723317 5.684341886080802e-14 449.41513187233176 449.41513187233176 
gen 76 10082 449.4151318723317 5.684341886080802e-14 449.41513187233176 449.41513187233176 
gen 77 10210 449.4151318723317 5.684341886080802e-14 449.41513187233176 449.41513187233176 
gen 78 10338 449.4151318723317 5.684341886080802e-14 449.41513187233176 449.41513187233176 
gen 79 10466 449.4151318723317 5.684341886080802e-14 449.41513187233176 449.41513187233176 
gen 80 10594 449.4151318723317 5.684341886080802e-14 449.41513187233176 449.41513187233176 
gen 81 10722 449.4151318723317 5.684341886080802e-14 449.41513187233176 449.41513187233176 
gen 82 10850 449.4151318723317 5.684341886080802e-14 449.41513187233176 449.41513187233176 
gen 83 10978 449.4151318723317 5.684341886080802e-14 449.41513187233176 449.41513187233176 
gen 84 11116 449.4151318723317 5.684341886080802e-14 449.41513187233176 449.41513187233176 
gen 85 11244 449.4151318723317 5.684341886080802e-14 449.41513187233176 449.41513187233176 
gen 86 11382 449.4151318723317 5.684341886080802e-14 449.41513187233176 449.41513187233176 
gen 87 11520 449.4151318723317 5.684341886080802e-14 449.41513187233176 449.41513187233176 
gen 88 11648 449.4151318723317 5.684341886080802e-14 449.41513187233176 449.41513187233176 
gen 89 11776 449.4151318723317 5.684341886080802e-14 449.41513187233176 449.41513187233176 
gen 90 11904 449.4151318723317 5.684341886080802e-14 449.41513187233176 449.41513187233176 
gen 91 12032 449.4151318723317 5.684341886080802e-14 449.41513187233176 449.41513187233176 
gen 92 12160 449.4151318723317 5.684341886080802e-14 449.41513187233176 449.41513187233176 
gen 93 12288 449.4151318723317 5.684341886080802e-14 449.41513187233176 449.41513187233176 
gen 94 12416 449.4151318723317 5.684341886080802e-14 449.41513187233176 449.41513187233176 
gen 95 12544 449.4151318723317 5.684341886080802e-14 449.41513187233176 449.41513187233176 
gen 96 12672 449.4151318723317 5.684341886080802e-14 449.41513187233176 449.41513187233176 
gen 97 12800 449.4151318723317 5.684341886080802e-14 449.41513187233176 449.41513187233176 
gen 98 12928 449.4151318723317 5.684341886080802e-14 449.41513187233176 449.41513187233176 
gen 99 13056 449.4151318723317 5.684341886080802e-14 449.41513187233176 449.41513187233176 
gen 100 13184 449.4151318723317 5.684341886080802e-14 449.41513187233176 449.41513187233176 
gen 101 13322 449.4151318723317 5.684341886080802e-14 449.41513187233176 449.41513187233176 
gen 102 13450 449.4151318723317 5.684341886080802e-14 449.41513187233176 449.41513187233176 
gen 103 13578 449.4151318723317 5.684341886080802e-14 449.41513187233176 449.41513187233176 
gen 104 13706 449.4151318723317 5.684341886080802e-14 449.41513187233176 449.41513187233176 
gen 105 13844 449.4151318723317 5.684341886080802e-14 449.41513187233176 449.41513187233176 
gen 106 13972 449.4151318723317 5.684341886080802e-14 449.41513187233176 449.41513187233176 
gen 107 14100 449.4151318723317 5.684341886080802e-14 449.41513187233176 449.41513187233176 
gen 108 14228 449.4151318723317 5.684341886080802e-14 449.41513187233176 449.41513187233176 
gen 109 14356 449.4151318723317 5.684341886080802e-14 449.41513187233176 449.41513187233176 
gen 110 14484 449.4151318723317 5.684341886080802e-14 449.41513187233176 449.41513187233176 
gen 111 14612 449.4151318723317 5.684341886080802e-14 449.41513187233176 449.41513187233176 
gen 112 14740 449.4151318723317 5.684341886080802e-14 449.41513187233176 449.41513187233176 
gen 113 14868 449.4151318723317 5.684341886080802e-14 449.41513187233176 449.41513187233176 
gen 114 15006 449.4151318723317 5.684341886080802e-14 449.41513187233176 449.41513187233176 
gen 115 15134 449.4151318723317 5.684341886080802e-14 449.41513187233176 449.41513187233176 
gen 116 15272 449.4151318723317 5.684341886080802e-14 449.41513187233176 449.41513187233176 
gen 117 15400 449.4151318723317 5.684341886080802e-14 449.41513187233176 449.41513187233176 
gen 118 15528 449.4151318723317 5.684341886080802e-14 449.41513187233176 449.41513187233176 
gen 119 15656 449.4151318723317 5.684341886080802e-14 449.41513187233176 449.41513187233176 
gen 120 15784 449.4151318723317 5.684341886080802e-14 449.41513187233176 449.41513187233176 
gen 121 15912 449.4151318723317 5.684341886080802e-14 449.41513187233176 449.41513187233176 
gen 122 16040 449.4151318723317 5.684341886080802e-14 449.41513187233176 449.41513187233176 
gen 123 16168 449.4151318723317 5.684341886080802e-14 449.41513187233176 449.41513187233176 
gen 124 16306 449.4151318723317 5.684341886080802e-14 449.41513187233176 449.41513187233176 
gen 125 16434 449.4151318723317 5.684341886080802e-14 449.41513187233176 449.41513187233176 
gen 126 16562 449.4151318723317 5.684341886080802e-14 449.41513187233176 449.41513187233176 
gen 127 16700 449.4151318723317 5.684341886080802e-14 449.41513187233176 449.41513187233176 
gen 128 16828 449.4151318723317 5.684341886080802e-14 449.41513187233176 449.41513187233176 
gen 129 16956 449.4151318723317 5.684341886080802e-14 449.41513187233176 449.41513187233176 
gen 130 17084 449.4151318723317 5.684341886080802e-14 449.41513187233176 449.41513187233176 
gen 131 17212 449.4151318723317 5.684341886080802e-14 449.41513187233176 449.41513187233176 
gen 132 17340 449.4151318723317 5.684341886080802e-14 449.41513187233176 449.41513187233176 
gen 133 17468 449.4151318723317 5.684341886080802e-14 449.41513187233176 449.41513187233176 
gen 134 17606 449.4151318723317 5.684341886080802e-14 449.41513187233176 449.41513187233176 
gen 135 17734 449.4151318723317 5.684341886080802e-14 449.41513187233176 449.41513187233176 
gen 136 17862 449.4151318723317 5.684341886080802e-14 449.41513187233176 449.41513187233176 
gen 137 17990 449.4151318723317 5.684341886080802e-14 449.41513187233176 449.41513187233176 
gen 138 18128 449.4151318723317 5.684341886080802e-14 449.41513187233176 449.41513187233176 
gen 139 18256 449.4151318723317 5.684341886080802e-14 449.41513187233176 449.41513187233176 
gen 140 18384 449.4151318723317 5.684341886080802e-14 449.41513187233176 449.41513187233176 
gen 141 18512 449.4151318723317 5.684341886080802e-14 449.41513187233176 449.41513187233176 
gen 142 18640 449.4151318723317 5.684341886080802e-14 449.41513187233176 449.41513187233176 
gen 143 18778 449.4151318723317 5.684341886080802e-14 449.41513187233176 449.41513187233176 
gen 144 18906 449.4151318723317 5.684341886080802e-14 449.41513187233176 449.41513187233176 
gen 145 19034 449.4151318723317 5.684341886080802e-14 449.41513187233176 449.41513187233176 
gen 146 19162 449.4151318723317 5.684341886080802e-14 449.41513187233176 449.41513187233176 
gen 147 19300 449.4151318723317 5.684341886080802e-14 449.41513187233176 449.41513187233176 
gen 148 19428 449.4151318723317 5.684341886080802e-14 449.41513187233176 449.41513187233176 
gen 149 19556 449.4151318723317 5.684341886080802e-14 449.41513187233176 449.41513187233176 
gen 150 19684 449.4151318723317 5.684341886080802e-14 449.41513187233176 449.41513187233176 
gen 151 19812 449.4151318723317 5.684341886080802e-14 449.41513187233176 449.41513187233176 
gen 152 19940 449.4151318723317 5.684341886080802e-14 449.41513187233176 449.41513187233176 
gen 153 20078 449.4151318723317 5.684341886080802e-14 449.41513187233176 449.41513187233176 
gen 154 20206 449.4151318723317 5.684341886080802e-14 449.41513187233176 449.41513187233176 
gen 155 20334 449.4151318723317 5.684341886080802e-14 449.41513187233176 449.41513187233176 
gen 156 20472 449.4151318723317 5.684341886080802e-14 449.41513187233176 449.41513187233176 
gen 157 20600 449.4151318723317 5.684341886080802e-14 449.41513187233176 449.41513187233176 
gen 158 20728 449.4151318723317 5.684341886080802e-14 449.41513187233176 449.41513187233176 
gen 159 20856 449.4151318723317 5.684341886080802e-14 449.41513187233176 449.41513187233176 
gen 160 20984 449.4151318723317 5.684341886080802e-14 449.41513187233176 449.41513187233176 
gen 161 21112 449.4151318723317 5.684341886080802e-14 449.41513187233176 449.41513187233176 
gen 162 21250 449.4151318723317 5.684341886080802e-14 449.41513187233176 449.41513187233176 
gen 163 21378 449.4151318723317 5.684341886080802e-14 449.41513187233176 449.41513187233176 
gen 164 21506 449.4151318723317 5.684341886080802e-14 449.41513187233176 449.41513187233176 
gen 165 21634 449.4151318723317 5.684341886080802e-14 449.41513187233176 449.41513187233176 
gen 166 21762 449.4151318723317 5.684341886080802e-14 449.41513187233176 449.41513187233176 
gen 167 21890 449.4151318723317 5.684341886080802e-14 449.41513187233176 449.41513187233176 
gen 168 22018 449.4151318723317 5.684341886080802e-14 449.41513187233176 449.41513187233176 
gen 169 22146 449.4151318723317 5.684341886080802e-14 449.41513187233176 449.41513187233176 
gen 170 22274 449.4151318723317 5.684341886080802e-14 449.41513187233176 449.41513187233176 
gen 171 22402 449.4151318723317 5.684341886080802e-14 449.41513187233176 449.41513187233176 
gen 172 22530 449.4151318723317 5.684341886080802e-14 449.41513187233176 449.41513187233176 
gen 173 22668 449.4151318723317 5.684341886080802e-14 449.41513187233176 449.41513187233176 
gen 174 22796 449.4151318723317 5.684341886080802e-14 449.41513187233176 449.41513187233176 
gen 175 22924 449.4151318723317 5.684341886080802e-14 449.41513187233176 449.41513187233176 
gen 176 23052 449.4151318723317 5.684341886080802e-14 449.41513187233176 449.41513187233176 
gen 177 23180 449.4151318723317 5.684341886080802e-14 449.41513187233176 449.41513187233176 
gen 178 23308 449.4151318723317 5.684341886080802e-14 449.41513187233176 449.41513187233176 
gen 179 23436 449.4151318723317 5.684341886080802e-14 449.41513187233176 449.41513187233176 
gen 180 23564 449.4151318723317 5.684341886080802e-14 449.41513187233176 449.41513187233176 
gen 181 23692 449.4151318723317 5.684341886080802e-14 449.41513187233176 449.41513187233176 
gen 182 23830 449.4151318723317 5.684341886080802e-14 449.41513187233176 449.41513187233176 
gen 183 23958 449.4151318723317 5.684341886080802e-14 449.41513187233176 449.41513187233176 
gen 184 24086 449.4151318723317 5.684341886080802e-14 449.41513187233176 449.41513187233176 
gen 185 24214 449.4151318723317 5.684341886080802e-14 449.41513187233176 449.41513187233176 
gen 186 24342 449.4151318723317 5.684341886080802e-14 449.41513187233176 449.41513187233176 
gen 187 24470 449.4151318723317 5.684341886080802e-14 449.41513187233176 449.41513187233176 
gen 188 24598 449.4151318723317 5.684341886080802e-14 449.41513187233176 449.41513187233176 
gen 189 24726 449.4151318723317 5.684341886080802e-14 449.41513187233176 449.41513187233176 
gen 190 24854 449.4151318723317 5.684341886080802e-14 449.41513187233176 449.41513187233176 
gen 191 24982 449.4151318723317 5.684341886080802e-14 449.41513187233176 449.41513187233176 
gen 192 25110 449.4151318723317 5.684341886080802e-14 449.41513187233176 449.41513187233176 
gen 193 25238 449.4151318723317 5.684341886080802e-14 449.41513187233176 449.41513187233176 
gen 194 25366 449.4151318723317 5.684341886080802e-14 449.41513187233176 449.41513187233176 
gen 195 25494 449.4151318723317 5.684341886080802e-14 449.41513187233176 449.41513187233176 
gen 196 25632 449.4151318723317 5.684341886080802e-14 449.41513187233176 449.41513187233176 
gen 197 25760 449.4151318723317 5.684341886080802e-14 449.41513187233176 449.41513187233176 
gen 198 25888 449.4151318723317 5.684341886080802e-14 449.41513187233176 449.41513187233176 
gen 199 26016 449.4151318723317 5.684341886080802e-14 449.41513187233176 449.41513187233176 
gen 200 26154 449.4151318723317 5.684341886080802e-14 449.41513187233176 449.41513187233176 
gen 201 26292 449.4151318723317 5.684341886080802e-14 449.41513187233176 449.41513187233176 
gen 202 26430 449.4151318723317 5.684341886080802e-14 449.41513187233176 449.41513187233176 
gen 203 26558 449.4151318723317 5.684341886080802e-14 449.41513187233176 449.41513187233176 
gen 204 26696 449.4151318723317 5.684341886080802e-14 449.41513187233176 449.41513187233176 
gen 205 26834 449.4151318723317 5.684341886080802e-14 449.41513187233176 449.41513187233176 
gen 206 26962 449.4151318723317 5.684341886080802e-14 449.41513187233176 449.41513187233176 
gen 207 27100 449.4151318723317 5.684341886080802e-14 449.41513187233176 449.41513187233176 
gen 208 27228 449.4151318723317 5.684341886080802e-14 449.41513187233176 449.41513187233176 
gen 209 27356 449.4151318723317 5.684341886080802e-14 449.41513187233176 449.41513187233176 
gen 210 27484 449.4151318723317 5.684341886080802e-14 449.41513187233176 449.41513187233176 
gen 211 27622 449.4151318723317 5.684341886080802e-14 449.41513187233176 449.41513187233176 
gen 212 27750 449.4151318723317 5.684341886080802e-14 449.41513187233176 449.41513187233176 
gen 213 27878 449.4151318723317 5.684341886080802e-14 449.41513187233176 449.41513187233176 
gen 214 28006 449.4151318723317 5.684341886080802e-14 449.41513187233176 449.41513187233176 
gen 215 28144 449.4151318723317 5.684341886080802e-14 449.41513187233176 449.41513187233176 
gen 216 28282 449.4151318723317 5.684341886080802e-14 449.41513187233176 449.41513187233176 
gen 217 28410 449.4151318723317 5.684341886080802e-14 449.41513187233176 449.41513187233176 
gen 218 28538 449.4151318723317 5.684341886080802e-14 449.41513187233176 449.41513187233176 
gen 219 28666 449.4151318723317 5.684341886080802e-14 449.41513187233176 449.41513187233176 
gen 220 28794 449.4151318723317 5.684341886080802e-14 449.41513187233176 449.41513187233176 
gen 221 28922 449.4151318723317 5.684341886080802e-14 449.41513187233176 449.41513187233176 
gen 222 29050 449.4151318723317 5.684341886080802e-14 449.41513187233176 449.41513187233176 
gen 223 29178 449.4151318723317 5.684341886080802e-14 449.41513187233176 449.41513187233176 
gen 224 29316 449.4151318723317 5.684341886080802e-14 449.41513187233176 449.41513187233176 
gen 225 29444 449.4151318723317 5.684341886080802e-14 449.41513187233176 449.41513187233176 
gen 226 29572 449.4151318723317 5.684341886080802e-14 449.41513187233176 449.41513187233176 
gen 227 29700 449.4151318723317 5.684341886080802e-14 449.41513187233176 449.41513187233176 
gen 228 29828 449.4151318723317 5.684341886080802e-14 449.41513187233176 449.41513187233176 
gen 229 29956 449.4151318723317 5.684341886080802e-14 449.41513187233176 449.41513187233176 
gen 230 30094 449.4151318723317 5.684341886080802e-14 449.41513187233176 449.41513187233176 
gen 231 30222 449.4151318723317 5.684341886080802e-14 449.41513187233176 449.41513187233176 
gen 232 30350 449.4151318723317 5.684341886080802e-14 449.41513187233176 449.41513187233176 
gen 233 30478 449.4151318723317 5.684341886080802e-14 449.41513187233176 449.41513187233176 
gen 234 30606 449.4151318723317 5.684341886080802e-14 449.41513187233176 449.41513187233176 
gen 235 30734 449.4151318723317 5.684341886080802e-14 449.41513187233176 449.41513187233176 
gen 236 30862 449.4151318723317 5.684341886080802e-14 449.41513187233176 449.41513187233176 
gen 237 30990 449.4151318723317 5.684341886080802e-14 449.41513187233176 449.41513187233176 
gen 238 31118 449.4151318723317 5.684341886080802e-14 449.41513187233176 449.41513187233176 
gen 239 31246 449.4151318723317 5.684341886080802e-14 449.41513187233176 449.41513187233176 
gen 240 31384 449.4151318723317 5.684341886080802e-14 449.41513187233176 449.41513187233176 
gen 241 31512 449.4151318723317 5.684341886080802e-14 449.41513187233176 449.41513187233176 
gen 242 31640 449.4151318723317 5.684341886080802e-14 449.41513187233176 449.41513187233176 
gen 243 31768 449.4151318723317 5.684341886080802e-14 449.41513187233176 449.41513187233176 
gen 244 31896 449.4151318723317 5.684341886080802e-14 449.41513187233176 449.41513187233176 
gen 245 32024 449.4151318723317 5.684341886080802e-14 449.41513187233176 449.41513187233176 
gen 246 32152 449.4151318723317 5.684341886080802e-14 449.41513187233176 449.41513187233176 
gen 247 32280 449.4151318723317 5.684341886080802e-14 449.41513187233176 449.41513187233176 
gen 248 32408 449.4151318723317 5.684341886080802e-14 449.41513187233176 449.41513187233176 
gen 249 32536 449.4151318723317 5.684341886080802e-14 449.41513187233176 449.41513187233176 
gen 250 32664 449.4151318723317 5.684341886080802e-14 449.41513187233176 449.41513187233176 
gen 251 32792 449.4151318723317 5.684341886080802e-14 449.41513187233176 449.41513187233176 
gen 252 32920 449.4151318723317 5.684341886080802e-14 449.41513187233176 449.41513187233176 
gen 253 33058 449.4151318723317 5.684341886080802e-14 449.41513187233176 449.41513187233176 
gen 254 33186 449.4151318723317 5.684341886080802e-14 449.41513187233176 449.41513187233176 
gen 255 33314 449.4151318723317 5.684341886080802e-14 449.41513187233176 449.41513187233176 
gen 256 33442 449.4151318723317 5.684341886080802e-14 449.41513187233176 449.41513187233176 
gen 257 33570 449.4151318723317 5.684341886080802e-14 449.41513187233176 449.41513187233176 
gen 258 33698 449.4151318723317 5.684341886080802e-14 449.41513187233176 449.41513187233176 
gen 259 33836 449.4151318723317 5.684341886080802e-14 449.41513187233176 449.41513187233176 
gen 260 33964 449.4151318723317 5.684341886080802e-14 449.41513187233176 449.41513187233176 
gen 261 34092 449.4151318723317 5.684341886080802e-14 449.41513187233176 449.41513187233176 
gen 262 34230 449.4151318723317 5.684341886080802e-14 449.41513187233176 449.41513187233176 
gen 263 34368 449.4151318723317 5.684341886080802e-14 449.41513187233176 449.41513187233176 
gen 264 34496 449.4151318723317 5.684341886080802e-14 449.41513187233176 449.41513187233176 
gen 265 34634 449.4151318723317 5.684341886080802e-14 449.41513187233176 449.41513187233176 
gen 266 34762 449.4151318723317 5.684341886080802e-14 449.41513187233176 449.41513187233176 
gen 267 34890 449.4151318723317 5.684341886080802e-14 449.41513187233176 449.41513187233176 
gen 268 35028 449.4151318723317 5.684341886080802e-14 449.41513187233176 449.41513187233176 
gen 269 35156 449.4151318723317 5.684341886080802e-14 449.41513187233176 449.41513187233176 
gen 270 35284 449.4151318723317 5.684341886080802e-14 449.41513187233176 449.41513187233176 
gen 271 35412 449.4151318723317 5.684341886080802e-14 449.41513187233176 449.41513187233176 
gen 272 35540 449.4151318723317 5.684341886080802e-14 449.41513187233176 449.41513187233176 
gen 273 35668 449.4151318723317 5.684341886080802e-14 449.41513187233176 449.41513187233176 
gen 274 35796 449.4151318723317 5.684341886080802e-14 449.41513187233176 449.41513187233176 
gen 275 35924 449.4151318723317 5.684341886080802e-14 449.41513187233176 449.41513187233176 
gen 276 36052 449.4151318723317 5.684341886080802e-14 449.41513187233176 449.41513187233176 
gen 277 36190 449.4151318723317 5.684341886080802e-14 449.41513187233176 449.41513187233176 
gen 278 36328 449.4151318723317 5.684341886080802e-14 449.41513187233176 449.41513187233176 
gen 279 36456 449.4151318723317 5.684341886080802e-14 449.41513187233176 449.41513187233176 
gen 280 36594 449.4151318723317 5.684341886080802e-14 449.41513187233176 449.41513187233176 
gen 281 36722 449.4151318723317 5.684341886080802e-14 449.41513187233176 449.41513187233176 
gen 282 36850 449.4151318723317 5.684341886080802e-14 449.41513187233176 449.41513187233176 
gen 283 36988 449.4151318723317 5.684341886080802e-14 449.41513187233176 449.41513187233176 
gen 284 37116 449.4151318723317 5.684341886080802e-14 449.41513187233176 449.41513187233176 
gen 285 37244 449.4151318723317 5.684341886080802e-14 449.41513187233176 449.41513187233176 
gen 286 37372 449.4151318723317 5.684341886080802e-14 449.41513187233176 449.41513187233176 
gen 287 37510 449.4151318723317 5.684341886080802e-14 449.41513187233176 449.41513187233176 
gen 288 37638 449.4151318723317 5.684341886080802e-14 449.41513187233176 449.41513187233176 
gen 289 37766 449.4151318723317 5.684341886080802e-14 449.41513187233176 449.41513187233176 
gen 290 37894 449.4151318723317 5.684341886080802e-14 449.41513187233176 449.41513187233176 
gen 291 38032 449.4151318723317 5.684341886080802e-14 449.41513187233176 449.41513187233176 
gen 292 38160 449.4151318723317 5.684341886080802e-14 449.41513187233176 449.41513187233176 
gen 293 38288 449.4151318723317 5.684341886080802e-14 449.41513187233176 449.41513187233176 
gen 294 38416 449.4151318723317 5.684341886080802e-14 449.41513187233176 449.41513187233176 
gen 295 38544 449.4151318723317 5.684341886080802e-14 449.41513187233176 449.41513187233176 
gen 296 38682 449.4151318723317 5.684341886080802e-14 449.41513187233176 449.41513187233176 
gen 297 38820 449.4151318723317 5.684341886080802e-14 449.41513187233176 449.41513187233176 
gen 298 38948 449.4151318723317 5.684341886080802e-14 449.41513187233176 449.41513187233176 
gen 299 39086 449.4151318723317 5.684341886080802e-14 449.41513187233176 449.41513187233176 
gen 300 39214 449.4151318723317 5.684341886080802e-14 449.41513187233176 449.41513187233176 
gen 301 39342 449.4151318723317 5.684341886080802e-14 449.41513187233176 449.41513187233176 
gen 302 39470 449.4151318723317 5.684341886080802e-14 449.41513187233176 449.41513187233176 
gen 303 39598 449.4151318723317 5.684341886080802e-14 449.41513187233176 449.41513187233176 
gen 304 39726 449.4151318723317 5.684341886080802e-14 449.41513187233176 449.41513187233176 
gen 305 39854 449.4151318723317 5.684341886080802e-14 449.41513187233176 449.41513187233176 
gen 306 39992 449.4151318723317 5.684341886080802e-14 449.41513187233176 449.41513187233176 
gen 307 40120 449.4151318723317 5.684341886080802e-14 449.41513187233176 449.41513187233176 
gen 308 40248 449.4151318723317 5.684341886080802e-14 449.41513187233176 449.41513187233176 
gen 309 40376 449.4151318723317 5.684341886080802e-14 449.41513187233176 449.41513187233176 
gen 310 40504 449.4151318723317 5.684341886080802e-14 449.41513187233176 449.41513187233176 
gen 311 40642 449.4151318723317 5.684341886080802e-14 449.41513187233176 449.41513187233176 
gen 312 40770 449.4151318723317 5.684341886080802e-14 449.41513187233176 449.41513187233176 
gen 313 40898 449.4151318723317 5.684341886080802e-14 449.41513187233176 449.41513187233176 
gen 314 41026 449.4151318723317 5.684341886080802e-14 449.41513187233176 449.41513187233176 
gen 315 41154 449.4151318723317 5.684341886080802e-14 449.41513187233176 449.41513187233176 
gen 316 41282 449.4151318723317 5.684341886080802e-14 449.41513187233176 449.41513187233176 
gen 317 41420 449.4151318723317 5.684341886080802e-14 449.41513187233176 449.41513187233176 
gen 318 41548 449.4151318723317 5.684341886080802e-14 449.41513187233176 449.41513187233176 
gen 319 41676 449.4151318723317 5.684341886080802e-14 449.41513187233176 449.41513187233176 
gen 320 41804 449.4151318723317 5.684341886080802e-14 449.41513187233176 449.41513187233176 
gen 321 41932 449.4151318723317 5.684341886080802e-14 449.41513187233176 449.41513187233176 
gen 322 42070 449.4151318723317 5.684341886080802e-14 449.41513187233176 449.41513187233176 
gen 323 42198 449.4151318723317 5.684341886080802e-14 449.41513187233176 449.41513187233176 
gen 324 42326 449.4151318723317 5.684341886080802e-14 449.41513187233176 449.41513187233176 
gen 325 42454 449.4151318723317 5.684341886080802e-14 449.41513187233176 449.41513187233176 
gen 326 42582 449.4151318723317 5.684341886080802e-14 449.41513187233176 449.41513187233176 
gen 327 42710 449.4151318723317 5.684341886080802e-14 449.41513187233176 449.41513187233176 
gen 328 42838 449.4151318723317 5.684341886080802e-14 449.41513187233176 449.41513187233176 
gen 329 42966 449.4151318723317 5.684341886080802e-14 449.41513187233176 449.41513187233176 
gen 330 43094 449.4151318723317 5.684341886080802e-14 449.41513187233176 449.41513187233176 
gen 331 43222 449.4151318723317 5.684341886080802e-14 449.41513187233176 449.41513187233176 
gen 332 43350 449.4151318723317 5.684341886080802e-14 449.41513187233176 449.41513187233176 
gen 333 43478 449.4151318723317 5.684341886080802e-14 449.41513187233176 449.41513187233176 
gen 334 43606 449.4151318723317 5.684341886080802e-14 449.41513187233176 449.41513187233176 
gen 335 43734 449.4151318723317 5.684341886080802e-14 449.41513187233176 449.41513187233176 
gen 336 43872 449.4151318723317 5.684341886080802e-14 449.41513187233176 449.41513187233176 
gen 337 44000 449.4151318723317 5.684341886080802e-14 449.41513187233176 449.41513187233176 
gen 338 44128 449.4151318723317 5.684341886080802e-14 449.41513187233176 449.41513187233176 
gen 339 44266 449.4151318723317 5.684341886080802e-14 449.41513187233176 449.41513187233176 
gen 340 44394 449.4151318723317 5.684341886080802e-14 449.41513187233176 449.41513187233176 
gen 341 44532 449.4151318723317 5.684341886080802e-14 449.41513187233176 449.41513187233176 
gen 342 44660 449.4151318723317 5.684341886080802e-14 449.41513187233176 449.41513187233176 
gen 343 44788 449.4151318723317 5.684341886080802e-14 449.41513187233176 449.41513187233176 
gen 344 44916 449.4151318723317 5.684341886080802e-14 449.41513187233176 449.41513187233176 
[6, 5, 7, 1, 2, 4, 3, 0, 5, 7, 4, 1, 0, 6, 3, 2, 3, 5, 7, 4, 6, 1, 0, 2, 0, 6, 4, 7, 1, 2, 3, 5, 6, 3, 7, 1, 4, 5, 2, 0, 6, 0, 4, 7, 5, 1, 3, 2, 3, 6, 0, 4, 1, 7, 2, 5, 3, 5, 7, 1, 2, 0, 6, 4]
min  449.41513187233176
NFE 44916
LSNFE 820
VLSNFE 23
runTime 139.20067191123962
