gen 0 64 468750000001359.4 2113710821635430.0 703.6205196287046 1e+16 
gen 1 192 980.2260036106768 108.47530275047961 703.6205196287046 1136.482240490531 
gen 2 320 902.1405275622201 78.50531727575242 703.6205196287046 997.0117211128115 
gen 3 448 851.6541843681 63.44902005088574 703.6205196287046 945.1881216610852 
gen 4 626 809.6251921006346 62.62336594240662 545.9956625647857 882.9983911742852 
gen 5 784 770.5372624305793 55.42687874624406 540.5139867996105 836.4094377892363 
gen 6 912 739.2850820495988 48.33142474362049 540.5139867996105 785.2210521632936 
gen 7 1040 723.3565050704269 43.71000800124879 540.5139867996105 770.6779832420077 
gen 8 1168 701.2806216554801 41.14743040896861 540.5139867996105 746.7852282987753 
gen 9 1296 682.9356050200995 39.62722585571563 540.5139867996105 725.8380731575669 
gen 10 1424 673.4334977675633 38.467656414387214 540.5139867996105 713.0308985273076 
gen 11 1552 653.9935533178013 31.91235744466766 540.5139867996105 691.9278713932986 
gen 12 1680 639.7443291848845 30.84680682879348 540.5139867996105 678.307516613163 
gen 13 1808 624.7174371043961 29.478828237884336 540.5139867996105 658.805638761212 
gen 14 1936 615.9200689352806 26.667437791604225 540.5139867996105 647.1422663971045 
gen 15 2064 603.1963905154566 22.130137224393348 540.5139867996105 631.2484460879547 
gen 16 2192 593.3528247156514 19.851045913056005 540.5139867996105 616.4611383969038 
gen 17 2320 585.034935001635 15.97001181562268 540.5139867996105 606.2019868527331 
gen 18 2448 578.2263856318843 15.17876705250201 537.1717064673629 595.6919849328484 
gen 19 2576 572.1351235360776 14.866748321464632 537.1717064673629 589.3950009274995 
gen 20 2704 567.2070304395507 13.684074696988626 537.1717064673629 582.9745828760502 
gen 21 2832 560.410244904928 12.841505827311998 535.8293392406732 578.3837307831063 
gen 22 2960 554.4201285915321 10.932009689927824 522.817972268494 569.8682729333495 
gen 23 3088 545.6841537241205 11.271878181811125 515.8298157649158 561.3587372686686 
gen 24 3216 539.3864200699777 9.019241880218129 515.8298157649158 551.440258412548 
gen 25 3344 532.6243265947903 8.394346344479237 513.8864652709286 543.5751300958798 
gen 26 3472 527.91895410757 7.397179562716214 512.0576910094543 538.0825347183472 
gen 27 3600 523.4534416825018 6.767939188015147 504.4443406272254 532.6536407206137 
gen 28 3728 520.851021825996 6.061256555257853 504.4443406272254 528.6321502320574 
gen 29 3856 515.7863109490154 6.479762304127863 490.665025116416 524.2977617821651 
gen 30 3984 510.21648957509956 7.383388206765606 483.0156626776376 517.7170980067575 
gen 31 4122 507.1933792784929 7.118982890202139 483.0156626776376 514.621418388069 
gen 32 4250 499.9788058914793 8.25821676523794 474.6385101046998 509.8868892923652 
gen 33 4378 494.44873205946215 6.848754103350903 473.8795189735441 502.7763424296517 
gen 34 4506 488.05095113759194 6.0206448368169605 473.8795189735441 495.3079011999126 
gen 35 4654 483.47177835983445 5.852774876866801 461.2359834561932 490.95225787857333 
gen 36 4782 477.88411030407366 5.070563893931511 461.2359834561932 483.61735242241895 
gen 37 4910 473.34397918182685 4.460465956002524 461.2359834561932 478.8233639215571 
gen 38 5048 469.2352188360856 4.000143684023565 459.4792724144353 474.6385101046998 
gen 39 5176 465.6264798349165 2.8438683811659513 459.4792724144353 469.2696783872798 
gen 40 5304 463.1647742425048 2.0134486677219323 459.4792724144353 466.4384769764661 
gen 41 5432 461.57020697356336 1.084631885756112 459.4792724144353 462.9888973443092 
gen 42 5560 460.76093145512965 0.9257215967457811 458.5806392986316 461.98276646611316 
gen 43 5688 460.1084227446762 0.6629486382937538 458.5806392986316 461.2359834561932 
gen 44 5816 459.6539641323984 0.47563756715866345 458.5806392986316 460.100157719936 
gen 45 5944 459.3144150536359 0.3632543432764783 458.5806392986316 459.8188505022947 
gen 46 6082 459.1265241038254 0.38705956726243834 458.5806392986316 459.4792724144353 
gen 47 6210 458.68496684498575 0.13107244376766308 458.5806392986316 459.1865036428158 
gen 48 6338 458.5806392986315 5.684341886080802e-14 458.5806392986316 458.5806392986316 
gen 49 6466 458.5806392986315 5.684341886080802e-14 458.5806392986316 458.5806392986316 
gen 50 6594 458.5806392986315 5.684341886080802e-14 458.5806392986316 458.5806392986316 
gen 51 6722 458.5806392986315 5.684341886080802e-14 458.5806392986316 458.5806392986316 
gen 52 6860 458.5806392986315 5.684341886080802e-14 458.5806392986316 458.5806392986316 
gen 53 6988 458.5806392986315 5.684341886080802e-14 458.5806392986316 458.5806392986316 
gen 54 7116 458.5806392986315 5.684341886080802e-14 458.5806392986316 458.5806392986316 
gen 55 7274 458.4367733628426 1.1419004646929543 449.37321940814275 458.5806392986316 
gen 56 7402 458.2929074270537 1.6020232606211264 449.37321940814275 458.5806392986316 
gen 57 7530 457.66238839854896 2.631851842880515 449.37321940814275 458.5806392986316 
gen 58 7658 456.01029409410955 3.7219054958799984 449.37321940814275 458.5806392986316 
gen 59 7786 452.1093515229048 2.779095261918442 449.37321940814275 458.5806392986316 
gen 60 7914 450.3050447876988 0.7815629153113413 449.37321940814275 450.98218810931996 
gen 61 8052 449.3732194081427 5.684341886080802e-14 449.37321940814275 449.37321940814275 
gen 62 8180 449.3732194081427 5.684341886080802e-14 449.37321940814275 449.37321940814275 
gen 63 8308 449.3732194081427 5.684341886080802e-14 449.37321940814275 449.37321940814275 
gen 64 8436 449.3732194081427 5.684341886080802e-14 449.37321940814275 449.37321940814275 
gen 65 8564 449.3732194081427 5.684341886080802e-14 449.37321940814275 449.37321940814275 
gen 66 8702 449.3732194081427 5.684341886080802e-14 449.37321940814275 449.37321940814275 
gen 67 8830 449.3732194081427 5.684341886080802e-14 449.37321940814275 449.37321940814275 
gen 68 8958 449.3732194081427 5.684341886080802e-14 449.37321940814275 449.37321940814275 
gen 69 9086 449.3732194081427 5.684341886080802e-14 449.37321940814275 449.37321940814275 
gen 70 9214 449.3732194081427 5.684341886080802e-14 449.37321940814275 449.37321940814275 
gen 71 9352 449.3732194081427 5.684341886080802e-14 449.37321940814275 449.37321940814275 
gen 72 9480 449.3732194081427 5.684341886080802e-14 449.37321940814275 449.37321940814275 
gen 73 9618 449.3732194081427 5.684341886080802e-14 449.37321940814275 449.37321940814275 
gen 74 9746 449.3732194081427 5.684341886080802e-14 449.37321940814275 449.37321940814275 
gen 75 9874 449.3732194081427 5.684341886080802e-14 449.37321940814275 449.37321940814275 
gen 76 10002 449.3732194081427 5.684341886080802e-14 449.37321940814275 449.37321940814275 
gen 77 10130 449.3732194081427 5.684341886080802e-14 449.37321940814275 449.37321940814275 
gen 78 10268 449.3732194081427 5.684341886080802e-14 449.37321940814275 449.37321940814275 
gen 79 10396 449.3732194081427 5.684341886080802e-14 449.37321940814275 449.37321940814275 
gen 80 10524 449.3732194081427 5.684341886080802e-14 449.37321940814275 449.37321940814275 
gen 81 10652 449.3732194081427 5.684341886080802e-14 449.37321940814275 449.37321940814275 
gen 82 10780 449.3732194081427 5.684341886080802e-14 449.37321940814275 449.37321940814275 
gen 83 10908 449.3732194081427 5.684341886080802e-14 449.37321940814275 449.37321940814275 
gen 84 11046 449.3732194081427 5.684341886080802e-14 449.37321940814275 449.37321940814275 
gen 85 11184 449.3732194081427 5.684341886080802e-14 449.37321940814275 449.37321940814275 
gen 86 11312 449.3732194081427 5.684341886080802e-14 449.37321940814275 449.37321940814275 
gen 87 11440 449.3732194081427 5.684341886080802e-14 449.37321940814275 449.37321940814275 
gen 88 11568 449.3732194081427 5.684341886080802e-14 449.37321940814275 449.37321940814275 
gen 89 11706 449.3732194081427 5.684341886080802e-14 449.37321940814275 449.37321940814275 
gen 90 11834 449.3732194081427 5.684341886080802e-14 449.37321940814275 449.37321940814275 
gen 91 11962 449.3732194081427 5.684341886080802e-14 449.37321940814275 449.37321940814275 
gen 92 12090 449.3732194081427 5.684341886080802e-14 449.37321940814275 449.37321940814275 
gen 93 12218 449.3732194081427 5.684341886080802e-14 449.37321940814275 449.37321940814275 
gen 94 12346 449.3732194081427 5.684341886080802e-14 449.37321940814275 449.37321940814275 
gen 95 12474 449.3732194081427 5.684341886080802e-14 449.37321940814275 449.37321940814275 
gen 96 12602 449.3732194081427 5.684341886080802e-14 449.37321940814275 449.37321940814275 
gen 97 12730 449.3732194081427 5.684341886080802e-14 449.37321940814275 449.37321940814275 
gen 98 12868 449.3732194081427 5.684341886080802e-14 449.37321940814275 449.37321940814275 
gen 99 12996 449.3732194081427 5.684341886080802e-14 449.37321940814275 449.37321940814275 
gen 100 13134 449.3732194081427 5.684341886080802e-14 449.37321940814275 449.37321940814275 
gen 101 13262 449.3732194081427 5.684341886080802e-14 449.37321940814275 449.37321940814275 
gen 102 13390 449.3732194081427 5.684341886080802e-14 449.37321940814275 449.37321940814275 
gen 103 13528 449.3732194081427 5.684341886080802e-14 449.37321940814275 449.37321940814275 
gen 104 13666 449.3732194081427 5.684341886080802e-14 449.37321940814275 449.37321940814275 
gen 105 13794 449.3732194081427 5.684341886080802e-14 449.37321940814275 449.37321940814275 
gen 106 13922 449.3732194081427 5.684341886080802e-14 449.37321940814275 449.37321940814275 
gen 107 14050 449.3732194081427 5.684341886080802e-14 449.37321940814275 449.37321940814275 
gen 108 14188 449.3732194081427 5.684341886080802e-14 449.37321940814275 449.37321940814275 
gen 109 14316 449.3732194081427 5.684341886080802e-14 449.37321940814275 449.37321940814275 
gen 110 14444 449.3732194081427 5.684341886080802e-14 449.37321940814275 449.37321940814275 
gen 111 14572 449.3732194081427 5.684341886080802e-14 449.37321940814275 449.37321940814275 
gen 112 14710 449.3732194081427 5.684341886080802e-14 449.37321940814275 449.37321940814275 
gen 113 14838 449.3732194081427 5.684341886080802e-14 449.37321940814275 449.37321940814275 
gen 114 14966 449.3732194081427 5.684341886080802e-14 449.37321940814275 449.37321940814275 
gen 115 15094 449.3732194081427 5.684341886080802e-14 449.37321940814275 449.37321940814275 
gen 116 15222 449.3732194081427 5.684341886080802e-14 449.37321940814275 449.37321940814275 
gen 117 15350 449.3732194081427 5.684341886080802e-14 449.37321940814275 449.37321940814275 
gen 118 15478 449.3732194081427 5.684341886080802e-14 449.37321940814275 449.37321940814275 
gen 119 15616 449.3732194081427 5.684341886080802e-14 449.37321940814275 449.37321940814275 
gen 120 15744 449.3732194081427 5.684341886080802e-14 449.37321940814275 449.37321940814275 
gen 121 15872 449.3732194081427 5.684341886080802e-14 449.37321940814275 449.37321940814275 
gen 122 16010 449.3732194081427 5.684341886080802e-14 449.37321940814275 449.37321940814275 
gen 123 16138 449.3732194081427 5.684341886080802e-14 449.37321940814275 449.37321940814275 
gen 124 16276 449.3732194081427 5.684341886080802e-14 449.37321940814275 449.37321940814275 
gen 125 16414 449.3732194081427 5.684341886080802e-14 449.37321940814275 449.37321940814275 
gen 126 16542 449.3732194081427 5.684341886080802e-14 449.37321940814275 449.37321940814275 
gen 127 16670 449.3732194081427 5.684341886080802e-14 449.37321940814275 449.37321940814275 
gen 128 16808 449.3732194081427 5.684341886080802e-14 449.37321940814275 449.37321940814275 
gen 129 16936 449.3732194081427 5.684341886080802e-14 449.37321940814275 449.37321940814275 
gen 130 17074 449.3732194081427 5.684341886080802e-14 449.37321940814275 449.37321940814275 
gen 131 17202 449.3732194081427 5.684341886080802e-14 449.37321940814275 449.37321940814275 
gen 132 17340 449.3732194081427 5.684341886080802e-14 449.37321940814275 449.37321940814275 
gen 133 17468 449.3732194081427 5.684341886080802e-14 449.37321940814275 449.37321940814275 
gen 134 17606 449.3732194081427 5.684341886080802e-14 449.37321940814275 449.37321940814275 
gen 135 17734 449.3732194081427 5.684341886080802e-14 449.37321940814275 449.37321940814275 
gen 136 17862 449.3732194081427 5.684341886080802e-14 449.37321940814275 449.37321940814275 
gen 137 17990 449.3732194081427 5.684341886080802e-14 449.37321940814275 449.37321940814275 
gen 138 18118 449.3732194081427 5.684341886080802e-14 449.37321940814275 449.37321940814275 
gen 139 18256 449.3732194081427 5.684341886080802e-14 449.37321940814275 449.37321940814275 
gen 140 18384 449.3732194081427 5.684341886080802e-14 449.37321940814275 449.37321940814275 
gen 141 18512 449.3732194081427 5.684341886080802e-14 449.37321940814275 449.37321940814275 
gen 142 18640 449.3732194081427 5.684341886080802e-14 449.37321940814275 449.37321940814275 
gen 143 18778 449.3732194081427 5.684341886080802e-14 449.37321940814275 449.37321940814275 
gen 144 18916 449.3732194081427 5.684341886080802e-14 449.37321940814275 449.37321940814275 
gen 145 19054 449.3732194081427 5.684341886080802e-14 449.37321940814275 449.37321940814275 
gen 146 19182 449.3732194081427 5.684341886080802e-14 449.37321940814275 449.37321940814275 
gen 147 19310 449.3732194081427 5.684341886080802e-14 449.37321940814275 449.37321940814275 
gen 148 19438 449.3732194081427 5.684341886080802e-14 449.37321940814275 449.37321940814275 
gen 149 19576 449.3732194081427 5.684341886080802e-14 449.37321940814275 449.37321940814275 
gen 150 19704 449.3732194081427 5.684341886080802e-14 449.37321940814275 449.37321940814275 
gen 151 19832 449.3732194081427 5.684341886080802e-14 449.37321940814275 449.37321940814275 
gen 152 19960 449.3732194081427 5.684341886080802e-14 449.37321940814275 449.37321940814275 
gen 153 20098 449.3732194081427 5.684341886080802e-14 449.37321940814275 449.37321940814275 
gen 154 20226 449.3732194081427 5.684341886080802e-14 449.37321940814275 449.37321940814275 
gen 155 20354 449.3732194081427 5.684341886080802e-14 449.37321940814275 449.37321940814275 
gen 156 20482 449.3732194081427 5.684341886080802e-14 449.37321940814275 449.37321940814275 
gen 157 20610 449.3732194081427 5.684341886080802e-14 449.37321940814275 449.37321940814275 
gen 158 20738 449.3732194081427 5.684341886080802e-14 449.37321940814275 449.37321940814275 
gen 159 20876 449.3732194081427 5.684341886080802e-14 449.37321940814275 449.37321940814275 
gen 160 21004 449.3732194081427 5.684341886080802e-14 449.37321940814275 449.37321940814275 
gen 161 21132 449.3732194081427 5.684341886080802e-14 449.37321940814275 449.37321940814275 
gen 162 21270 449.3732194081427 5.684341886080802e-14 449.37321940814275 449.37321940814275 
gen 163 21398 449.3732194081427 5.684341886080802e-14 449.37321940814275 449.37321940814275 
gen 164 21526 449.3732194081427 5.684341886080802e-14 449.37321940814275 449.37321940814275 
gen 165 21654 449.3732194081427 5.684341886080802e-14 449.37321940814275 449.37321940814275 
gen 166 21782 449.3732194081427 5.684341886080802e-14 449.37321940814275 449.37321940814275 
gen 167 21910 449.3732194081427 5.684341886080802e-14 449.37321940814275 449.37321940814275 
gen 168 22038 449.3732194081427 5.684341886080802e-14 449.37321940814275 449.37321940814275 
gen 169 22166 449.3732194081427 5.684341886080802e-14 449.37321940814275 449.37321940814275 
gen 170 22294 449.3732194081427 5.684341886080802e-14 449.37321940814275 449.37321940814275 
gen 171 22432 449.3732194081427 5.684341886080802e-14 449.37321940814275 449.37321940814275 
gen 172 22560 449.3732194081427 5.684341886080802e-14 449.37321940814275 449.37321940814275 
gen 173 22688 449.3732194081427 5.684341886080802e-14 449.37321940814275 449.37321940814275 
gen 174 22816 449.3732194081427 5.684341886080802e-14 449.37321940814275 449.37321940814275 
gen 175 22944 449.3732194081427 5.684341886080802e-14 449.37321940814275 449.37321940814275 
gen 176 23082 449.3732194081427 5.684341886080802e-14 449.37321940814275 449.37321940814275 
gen 177 23210 449.3732194081427 5.684341886080802e-14 449.37321940814275 449.37321940814275 
gen 178 23338 449.3732194081427 5.684341886080802e-14 449.37321940814275 449.37321940814275 
gen 179 23466 449.3732194081427 5.684341886080802e-14 449.37321940814275 449.37321940814275 
gen 180 23594 449.3732194081427 5.684341886080802e-14 449.37321940814275 449.37321940814275 
gen 181 23722 449.3732194081427 5.684341886080802e-14 449.37321940814275 449.37321940814275 
gen 182 23850 449.3732194081427 5.684341886080802e-14 449.37321940814275 449.37321940814275 
gen 183 23978 449.3732194081427 5.684341886080802e-14 449.37321940814275 449.37321940814275 
gen 184 24106 449.3732194081427 5.684341886080802e-14 449.37321940814275 449.37321940814275 
gen 185 24234 449.3732194081427 5.684341886080802e-14 449.37321940814275 449.37321940814275 
gen 186 24372 449.3732194081427 5.684341886080802e-14 449.37321940814275 449.37321940814275 
gen 187 24500 449.3732194081427 5.684341886080802e-14 449.37321940814275 449.37321940814275 
gen 188 24638 449.3732194081427 5.684341886080802e-14 449.37321940814275 449.37321940814275 
gen 189 24776 449.3732194081427 5.684341886080802e-14 449.37321940814275 449.37321940814275 
gen 190 24904 449.3732194081427 5.684341886080802e-14 449.37321940814275 449.37321940814275 
gen 191 25032 449.3732194081427 5.684341886080802e-14 449.37321940814275 449.37321940814275 
gen 192 25160 449.3732194081427 5.684341886080802e-14 449.37321940814275 449.37321940814275 
gen 193 25288 449.3732194081427 5.684341886080802e-14 449.37321940814275 449.37321940814275 
gen 194 25416 449.3732194081427 5.684341886080802e-14 449.37321940814275 449.37321940814275 
gen 195 25554 449.3732194081427 5.684341886080802e-14 449.37321940814275 449.37321940814275 
gen 196 25682 449.3732194081427 5.684341886080802e-14 449.37321940814275 449.37321940814275 
gen 197 25820 449.3732194081427 5.684341886080802e-14 449.37321940814275 449.37321940814275 
gen 198 25958 449.3732194081427 5.684341886080802e-14 449.37321940814275 449.37321940814275 
gen 199 26096 449.3732194081427 5.684341886080802e-14 449.37321940814275 449.37321940814275 
gen 200 26224 449.3732194081427 5.684341886080802e-14 449.37321940814275 449.37321940814275 
gen 201 26362 449.3732194081427 5.684341886080802e-14 449.37321940814275 449.37321940814275 
gen 202 26490 449.3732194081427 5.684341886080802e-14 449.37321940814275 449.37321940814275 
gen 203 26618 449.3732194081427 5.684341886080802e-14 449.37321940814275 449.37321940814275 
gen 204 26746 449.3732194081427 5.684341886080802e-14 449.37321940814275 449.37321940814275 
gen 205 26874 449.3732194081427 5.684341886080802e-14 449.37321940814275 449.37321940814275 
gen 206 27012 449.3732194081427 5.684341886080802e-14 449.37321940814275 449.37321940814275 
gen 207 27140 449.3732194081427 5.684341886080802e-14 449.37321940814275 449.37321940814275 
gen 208 27268 449.3732194081427 5.684341886080802e-14 449.37321940814275 449.37321940814275 
gen 209 27406 449.3732194081427 5.684341886080802e-14 449.37321940814275 449.37321940814275 
gen 210 27534 449.3732194081427 5.684341886080802e-14 449.37321940814275 449.37321940814275 
gen 211 27662 449.3732194081427 5.684341886080802e-14 449.37321940814275 449.37321940814275 
gen 212 27800 449.3732194081427 5.684341886080802e-14 449.37321940814275 449.37321940814275 
gen 213 27928 449.3732194081427 5.684341886080802e-14 449.37321940814275 449.37321940814275 
gen 214 28056 449.3732194081427 5.684341886080802e-14 449.37321940814275 449.37321940814275 
gen 215 28184 449.3732194081427 5.684341886080802e-14 449.37321940814275 449.37321940814275 
gen 216 28322 449.3732194081427 5.684341886080802e-14 449.37321940814275 449.37321940814275 
gen 217 28450 449.3732194081427 5.684341886080802e-14 449.37321940814275 449.37321940814275 
gen 218 28578 449.3732194081427 5.684341886080802e-14 449.37321940814275 449.37321940814275 
gen 219 28706 449.3732194081427 5.684341886080802e-14 449.37321940814275 449.37321940814275 
gen 220 28834 449.3732194081427 5.684341886080802e-14 449.37321940814275 449.37321940814275 
gen 221 28962 449.3732194081427 5.684341886080802e-14 449.37321940814275 449.37321940814275 
gen 222 29090 449.3732194081427 5.684341886080802e-14 449.37321940814275 449.37321940814275 
gen 223 29218 449.3732194081427 5.684341886080802e-14 449.37321940814275 449.37321940814275 
gen 224 29346 449.3732194081427 5.684341886080802e-14 449.37321940814275 449.37321940814275 
gen 225 29474 449.3732194081427 5.684341886080802e-14 449.37321940814275 449.37321940814275 
gen 226 29602 449.3732194081427 5.684341886080802e-14 449.37321940814275 449.37321940814275 
gen 227 29730 449.3732194081427 5.684341886080802e-14 449.37321940814275 449.37321940814275 
gen 228 29858 449.3732194081427 5.684341886080802e-14 449.37321940814275 449.37321940814275 
gen 229 29986 449.3732194081427 5.684341886080802e-14 449.37321940814275 449.37321940814275 
gen 230 30124 449.3732194081427 5.684341886080802e-14 449.37321940814275 449.37321940814275 
gen 231 30252 449.3732194081427 5.684341886080802e-14 449.37321940814275 449.37321940814275 
gen 232 30380 449.3732194081427 5.684341886080802e-14 449.37321940814275 449.37321940814275 
gen 233 30508 449.3732194081427 5.684341886080802e-14 449.37321940814275 449.37321940814275 
gen 234 30646 449.3732194081427 5.684341886080802e-14 449.37321940814275 449.37321940814275 
gen 235 30774 449.3732194081427 5.684341886080802e-14 449.37321940814275 449.37321940814275 
gen 236 30902 449.3732194081427 5.684341886080802e-14 449.37321940814275 449.37321940814275 
gen 237 31030 449.3732194081427 5.684341886080802e-14 449.37321940814275 449.37321940814275 
gen 238 31158 449.3732194081427 5.684341886080802e-14 449.37321940814275 449.37321940814275 
gen 239 31286 449.3732194081427 5.684341886080802e-14 449.37321940814275 449.37321940814275 
gen 240 31414 449.3732194081427 5.684341886080802e-14 449.37321940814275 449.37321940814275 
gen 241 31542 449.3732194081427 5.684341886080802e-14 449.37321940814275 449.37321940814275 
gen 242 31670 449.3732194081427 5.684341886080802e-14 449.37321940814275 449.37321940814275 
gen 243 31798 449.3732194081427 5.684341886080802e-14 449.37321940814275 449.37321940814275 
gen 244 31926 449.3732194081427 5.684341886080802e-14 449.37321940814275 449.37321940814275 
gen 245 32054 449.3732194081427 5.684341886080802e-14 449.37321940814275 449.37321940814275 
gen 246 32192 449.3732194081427 5.684341886080802e-14 449.37321940814275 449.37321940814275 
gen 247 32330 449.3732194081427 5.684341886080802e-14 449.37321940814275 449.37321940814275 
gen 248 32458 449.3732194081427 5.684341886080802e-14 449.37321940814275 449.37321940814275 
gen 249 32586 449.3732194081427 5.684341886080802e-14 449.37321940814275 449.37321940814275 
gen 250 32724 449.3732194081427 5.684341886080802e-14 449.37321940814275 449.37321940814275 
gen 251 32852 449.3732194081427 5.684341886080802e-14 449.37321940814275 449.37321940814275 
gen 252 32980 449.3732194081427 5.684341886080802e-14 449.37321940814275 449.37321940814275 
gen 253 33108 449.3732194081427 5.684341886080802e-14 449.37321940814275 449.37321940814275 
gen 254 33236 449.3732194081427 5.684341886080802e-14 449.37321940814275 449.37321940814275 
gen 255 33364 449.3732194081427 5.684341886080802e-14 449.37321940814275 449.37321940814275 
gen 256 33492 449.3732194081427 5.684341886080802e-14 449.37321940814275 449.37321940814275 
gen 257 33620 449.3732194081427 5.684341886080802e-14 449.37321940814275 449.37321940814275 
gen 258 33758 449.3732194081427 5.684341886080802e-14 449.37321940814275 449.37321940814275 
gen 259 33886 449.3732194081427 5.684341886080802e-14 449.37321940814275 449.37321940814275 
gen 260 34024 449.3732194081427 5.684341886080802e-14 449.37321940814275 449.37321940814275 
gen 261 34162 449.3732194081427 5.684341886080802e-14 449.37321940814275 449.37321940814275 
gen 262 34290 449.3732194081427 5.684341886080802e-14 449.37321940814275 449.37321940814275 
gen 263 34428 449.3732194081427 5.684341886080802e-14 449.37321940814275 449.37321940814275 
gen 264 34556 449.3732194081427 5.684341886080802e-14 449.37321940814275 449.37321940814275 
gen 265 34684 449.3732194081427 5.684341886080802e-14 449.37321940814275 449.37321940814275 
gen 266 34822 449.3732194081427 5.684341886080802e-14 449.37321940814275 449.37321940814275 
gen 267 34960 449.3732194081427 5.684341886080802e-14 449.37321940814275 449.37321940814275 
gen 268 35088 449.3732194081427 5.684341886080802e-14 449.37321940814275 449.37321940814275 
gen 269 35216 449.3732194081427 5.684341886080802e-14 449.37321940814275 449.37321940814275 
gen 270 35344 449.3732194081427 5.684341886080802e-14 449.37321940814275 449.37321940814275 
gen 271 35472 449.3732194081427 5.684341886080802e-14 449.37321940814275 449.37321940814275 
gen 272 35610 449.3732194081427 5.684341886080802e-14 449.37321940814275 449.37321940814275 
gen 273 35738 449.3732194081427 5.684341886080802e-14 449.37321940814275 449.37321940814275 
gen 274 35866 449.3732194081427 5.684341886080802e-14 449.37321940814275 449.37321940814275 
gen 275 35994 449.3732194081427 5.684341886080802e-14 449.37321940814275 449.37321940814275 
gen 276 36122 449.3732194081427 5.684341886080802e-14 449.37321940814275 449.37321940814275 
gen 277 36250 449.3732194081427 5.684341886080802e-14 449.37321940814275 449.37321940814275 
gen 278 36378 449.3732194081427 5.684341886080802e-14 449.37321940814275 449.37321940814275 
gen 279 36516 449.3732194081427 5.684341886080802e-14 449.37321940814275 449.37321940814275 
gen 280 36644 449.3732194081427 5.684341886080802e-14 449.37321940814275 449.37321940814275 
gen 281 36782 449.3732194081427 5.684341886080802e-14 449.37321940814275 449.37321940814275 
gen 282 36910 449.3732194081427 5.684341886080802e-14 449.37321940814275 449.37321940814275 
gen 283 37038 449.3732194081427 5.684341886080802e-14 449.37321940814275 449.37321940814275 
gen 284 37166 449.3732194081427 5.684341886080802e-14 449.37321940814275 449.37321940814275 
gen 285 37304 449.3732194081427 5.684341886080802e-14 449.37321940814275 449.37321940814275 
gen 286 37432 449.3732194081427 5.684341886080802e-14 449.37321940814275 449.37321940814275 
gen 287 37560 449.3732194081427 5.684341886080802e-14 449.37321940814275 449.37321940814275 
gen 288 37688 449.3732194081427 5.684341886080802e-14 449.37321940814275 449.37321940814275 
gen 289 37816 449.3732194081427 5.684341886080802e-14 449.37321940814275 449.37321940814275 
gen 290 37944 449.3732194081427 5.684341886080802e-14 449.37321940814275 449.37321940814275 
gen 291 38072 449.3732194081427 5.684341886080802e-14 449.37321940814275 449.37321940814275 
gen 292 38200 449.3732194081427 5.684341886080802e-14 449.37321940814275 449.37321940814275 
gen 293 38328 449.3732194081427 5.684341886080802e-14 449.37321940814275 449.37321940814275 
gen 294 38456 449.3732194081427 5.684341886080802e-14 449.37321940814275 449.37321940814275 
gen 295 38594 449.3732194081427 5.684341886080802e-14 449.37321940814275 449.37321940814275 
gen 296 38722 449.3732194081427 5.684341886080802e-14 449.37321940814275 449.37321940814275 
gen 297 38850 449.3732194081427 5.684341886080802e-14 449.37321940814275 449.37321940814275 
gen 298 38988 449.3732194081427 5.684341886080802e-14 449.37321940814275 449.37321940814275 
gen 299 39116 449.3732194081427 5.684341886080802e-14 449.37321940814275 449.37321940814275 
gen 300 39244 449.3732194081427 5.684341886080802e-14 449.37321940814275 449.37321940814275 
gen 301 39382 449.3732194081427 5.684341886080802e-14 449.37321940814275 449.37321940814275 
gen 302 39510 449.3732194081427 5.684341886080802e-14 449.37321940814275 449.37321940814275 
gen 303 39638 449.3732194081427 5.684341886080802e-14 449.37321940814275 449.37321940814275 
gen 304 39766 449.3732194081427 5.684341886080802e-14 449.37321940814275 449.37321940814275 
gen 305 39894 449.3732194081427 5.684341886080802e-14 449.37321940814275 449.37321940814275 
gen 306 40022 449.3732194081427 5.684341886080802e-14 449.37321940814275 449.37321940814275 
gen 307 40150 449.3732194081427 5.684341886080802e-14 449.37321940814275 449.37321940814275 
gen 308 40278 449.3732194081427 5.684341886080802e-14 449.37321940814275 449.37321940814275 
gen 309 40406 449.3732194081427 5.684341886080802e-14 449.37321940814275 449.37321940814275 
gen 310 40544 449.3732194081427 5.684341886080802e-14 449.37321940814275 449.37321940814275 
gen 311 40672 449.3732194081427 5.684341886080802e-14 449.37321940814275 449.37321940814275 
gen 312 40800 449.3732194081427 5.684341886080802e-14 449.37321940814275 449.37321940814275 
gen 313 40938 449.3732194081427 5.684341886080802e-14 449.37321940814275 449.37321940814275 
gen 314 41066 449.3732194081427 5.684341886080802e-14 449.37321940814275 449.37321940814275 
gen 315 41194 449.3732194081427 5.684341886080802e-14 449.37321940814275 449.37321940814275 
gen 316 41332 449.3732194081427 5.684341886080802e-14 449.37321940814275 449.37321940814275 
gen 317 41460 449.3732194081427 5.684341886080802e-14 449.37321940814275 449.37321940814275 
gen 318 41588 449.3732194081427 5.684341886080802e-14 449.37321940814275 449.37321940814275 
gen 319 41716 449.3732194081427 5.684341886080802e-14 449.37321940814275 449.37321940814275 
gen 320 41844 449.3732194081427 5.684341886080802e-14 449.37321940814275 449.37321940814275 
gen 321 41982 449.3732194081427 5.684341886080802e-14 449.37321940814275 449.37321940814275 
gen 322 42110 449.3732194081427 5.684341886080802e-14 449.37321940814275 449.37321940814275 
gen 323 42238 449.3732194081427 5.684341886080802e-14 449.37321940814275 449.37321940814275 
gen 324 42366 449.3732194081427 5.684341886080802e-14 449.37321940814275 449.37321940814275 
gen 325 42504 449.3732194081427 5.684341886080802e-14 449.37321940814275 449.37321940814275 
gen 326 42632 449.3732194081427 5.684341886080802e-14 449.37321940814275 449.37321940814275 
gen 327 42760 449.3732194081427 5.684341886080802e-14 449.37321940814275 449.37321940814275 
gen 328 42888 449.3732194081427 5.684341886080802e-14 449.37321940814275 449.37321940814275 
gen 329 43016 449.3732194081427 5.684341886080802e-14 449.37321940814275 449.37321940814275 
gen 330 43144 449.3732194081427 5.684341886080802e-14 449.37321940814275 449.37321940814275 
gen 331 43272 449.3732194081427 5.684341886080802e-14 449.37321940814275 449.37321940814275 
gen 332 43400 449.3732194081427 5.684341886080802e-14 449.37321940814275 449.37321940814275 
gen 333 43538 449.3732194081427 5.684341886080802e-14 449.37321940814275 449.37321940814275 
gen 334 43676 449.3732194081427 5.684341886080802e-14 449.37321940814275 449.37321940814275 
gen 335 43804 449.3732194081427 5.684341886080802e-14 449.37321940814275 449.37321940814275 
gen 336 43942 449.3732194081427 5.684341886080802e-14 449.37321940814275 449.37321940814275 
gen 337 44070 449.3732194081427 5.684341886080802e-14 449.37321940814275 449.37321940814275 
gen 338 44198 449.3732194081427 5.684341886080802e-14 449.37321940814275 449.37321940814275 
gen 339 44336 449.3732194081427 5.684341886080802e-14 449.37321940814275 449.37321940814275 
gen 340 44474 449.3732194081427 5.684341886080802e-14 449.37321940814275 449.37321940814275 
gen 341 44602 449.3732194081427 5.684341886080802e-14 449.37321940814275 449.37321940814275 
gen 342 44730 449.3732194081427 5.684341886080802e-14 449.37321940814275 449.37321940814275 
gen 343 44868 449.3732194081427 5.684341886080802e-14 449.37321940814275 449.37321940814275 
[6, 0, 5, 4, 1, 3, 2, 7, 7, 5, 4, 1, 0, 3, 6, 2, 3, 0, 4, 1, 7, 5, 6, 2, 6, 0, 5, 4, 3, 1, 2, 7, 6, 0, 3, 4, 1, 5, 7, 2, 3, 6, 0, 4, 7, 1, 2, 5, 3, 7, 5, 4, 0, 1, 2, 6, 7, 5, 4, 0, 3, 1, 6, 2]
min  449.37321940814275
NFE 44868
LSNFE 900
VLSNFE 16
runTime 106.13903260231018
