gen 0 64 625000000001659.8 2420614591379207.0 770.5732320635977 1e+16 
gen 1 192 1036.7998913354172 100.72281474412922 770.5732320635977 1193.9997289756798 
gen 2 320 933.6066537648617 83.57305294070217 673.5094055093587 1048.4201325702518 
gen 3 508 872.1031062393163 83.71537429849198 559.280317416201 985.5473218189254 
gen 4 636 815.7538809273199 69.16095173784926 559.280317416201 918.0594493043286 
gen 5 764 780.1286522367318 53.16104911636013 559.280317416201 852.7835540808939 
gen 6 892 758.8341881704399 45.82174484478902 559.280317416201 808.5670009723207 
gen 7 1020 731.9186337482346 42.5109585539551 559.280317416201 781.9551125855623 
gen 8 1148 713.1752850395703 37.1876023950578 559.280317416201 758.3508747809824 
gen 9 1276 696.3783414959466 34.13326269281073 559.280317416201 733.9016283492846 
gen 10 1404 680.1205387278716 30.26024840223498 559.280317416201 717.5569919724007 
gen 11 1542 663.97098582746 26.52804156780758 559.280317416201 696.3133034226396 
gen 12 1670 652.9966341607147 25.22495278729134 559.280317416201 683.0590896287188 
gen 13 1798 641.5870927757908 23.596767106659836 559.280317416201 667.9271380268445 
gen 14 1936 631.2591992050347 21.005483674753677 559.280317416201 656.692068772219 
gen 15 2074 623.2727548264635 19.477799247291415 559.280317416201 646.4518644383444 
gen 16 2202 616.1934760891457 18.04725190753482 559.280317416201 639.2006884816992 
gen 17 2330 610.9227187643592 16.237646393109017 559.280317416201 630.7760504949341 
gen 18 2458 603.7240349807973 15.490075053657838 559.280317416201 624.2204533262801 
gen 19 2586 596.8042916660382 13.813919742599602 555.0762577758246 614.9023841339854 
gen 20 2734 591.4113677915384 14.172198660833612 540.6443144329209 609.7721578008176 
gen 21 2862 585.8896383065988 13.495615466481409 540.6443144329209 602.5769561593498 
gen 22 2990 578.9994270216735 13.50874168495868 532.7091392803362 594.6000866339942 
gen 23 3118 574.7334352850545 13.448208067203149 532.7091392803362 590.3693478858705 
gen 24 3246 569.1122123117145 12.82177678222758 532.7091392803362 583.9520975215919 
gen 25 3394 563.7749346135411 13.092028525009335 522.7696633928467 579.8780576161995 
gen 26 3522 551.7945315035938 10.856996412538837 518.6004182783329 567.0714126708364 
gen 27 3650 542.547643114187 6.864253147066061 518.6004182783329 555.4405684334281 
gen 28 3778 536.0254851709017 6.617723569037591 509.6332809191975 540.6443144329209 
gen 29 3906 530.0039470912213 6.545551303626857 509.6332809191975 537.6987678573574 
gen 30 4034 526.3843768373774 5.533275019015214 509.6332809191975 530.7646252201919 
gen 31 4172 521.6201831723462 4.781481300965173 509.6332809191975 528.4220764286717 
gen 32 4300 517.1973416963115 2.2995995093569115 509.6332809191975 518.6004182783329 
gen 33 4428 514.7532413641288 2.159032754241971 509.6332809191975 518.4869296211917 
gen 34 4556 512.3166081689062 0.3957479331302131 509.6332809191975 512.6109410050357 
gen 35 4684 512.0903925499956 0.5073976788372266 509.6332809191975 512.3025917531761 
gen 36 4822 511.70220084508605 1.0657420870379912 504.6468663210903 512.0149592710679 
gen 37 4950 511.6577213969531 1.0825691770139938 504.6468663210903 511.97283109374433 
gen 38 5078 511.1771777366993 1.6503779590068322 503.7133689165795 511.97283109374433 
gen 39 5206 509.91730377244346 2.4669981364815676 502.01400960531606 511.97283109374433 
gen 40 5334 507.2084759890633 2.795904452628491 501.9507702884654 510.0275205314439 
gen 41 5462 503.74684894833325 0.9796510384447118 501.9507702884654 505.2766101813936 
gen 42 5590 502.5967681661307 0.7775809681639292 501.9507702884654 503.6537168002173 
gen 43 5728 501.9685563463296 0.02843297899361909 501.9507702884654 502.01400960531606 
gen 44 5856 501.9507702884653 5.684341886080802e-14 501.9507702884654 501.9507702884654 
gen 45 5984 501.9507702884653 5.684341886080802e-14 501.9507702884654 501.9507702884654 
gen 46 6112 501.9507702884653 5.684341886080802e-14 501.9507702884654 501.9507702884654 
gen 47 6240 501.9507702884653 5.684341886080802e-14 501.9507702884654 501.9507702884654 
gen 48 6378 501.9507702884653 5.684341886080802e-14 501.9507702884654 501.9507702884654 
gen 49 6506 501.9507702884653 5.684341886080802e-14 501.9507702884654 501.9507702884654 
gen 50 6634 501.9507702884653 5.684341886080802e-14 501.9507702884654 501.9507702884654 
gen 51 6762 501.9507702884653 5.684341886080802e-14 501.9507702884654 501.9507702884654 
gen 52 6890 501.9507702884653 5.684341886080802e-14 501.9507702884654 501.9507702884654 
gen 53 7028 501.9507702884653 5.684341886080802e-14 501.9507702884654 501.9507702884654 
gen 54 7166 501.9507702884653 5.684341886080802e-14 501.9507702884654 501.9507702884654 
gen 55 7294 501.9507702884653 5.684341886080802e-14 501.9507702884654 501.9507702884654 
gen 56 7422 501.9507702884653 5.684341886080802e-14 501.9507702884654 501.9507702884654 
gen 57 7550 501.9507702884653 5.684341886080802e-14 501.9507702884654 501.9507702884654 
gen 58 7688 501.9507702884653 5.684341886080802e-14 501.9507702884654 501.9507702884654 
gen 59 7816 501.9507702884653 5.684341886080802e-14 501.9507702884654 501.9507702884654 
gen 60 7944 501.9507702884653 5.684341886080802e-14 501.9507702884654 501.9507702884654 
gen 61 8072 501.9507702884653 5.684341886080802e-14 501.9507702884654 501.9507702884654 
gen 62 8200 501.9507702884653 5.684341886080802e-14 501.9507702884654 501.9507702884654 
gen 63 8328 501.9507702884653 5.684341886080802e-14 501.9507702884654 501.9507702884654 
gen 64 8456 501.9507702884653 5.684341886080802e-14 501.9507702884654 501.9507702884654 
gen 65 8594 501.9507702884653 5.684341886080802e-14 501.9507702884654 501.9507702884654 
gen 66 8742 501.92974714663586 0.16686601517398394 500.60528921137984 501.9507702884654 
gen 67 8870 501.9010255926031 0.22849374183948906 500.60528921137984 501.9507702884654 
gen 68 8998 501.82255934270813 0.34543811074391784 500.60528921137984 501.9507702884654 
gen 69 9126 501.62920687668213 0.46801160088604393 500.60528921137984 501.9507702884654 
gen 70 9254 501.065582350401 0.345905065450181 500.60528921137984 501.9507702884654 
gen 71 9392 500.8517967094639 0.21057710653750353 500.60528921137984 501.03168055941717 
gen 72 9530 500.60528921137984 0.0 500.60528921137984 500.60528921137984 
gen 73 9658 500.60528921137984 0.0 500.60528921137984 500.60528921137984 
gen 74 9786 500.60528921137984 0.0 500.60528921137984 500.60528921137984 
gen 75 9914 500.55704003317993 0.3829659794406322 497.51734180658536 500.60528921137984 
gen 76 10042 500.4605416767801 0.6527027846156059 497.51734180658536 500.60528921137984 
gen 77 10180 500.0745482511808 1.164995366442192 497.51734180658536 500.60528921137984 
gen 78 10308 499.20606304358233 1.537173687298066 497.51734180658536 500.60528921137984 
gen 79 10446 497.51734180658525 1.1368683772161603e-13 497.51734180658536 497.51734180658536 
gen 80 10574 497.51734180658525 1.1368683772161603e-13 497.51734180658536 497.51734180658536 
gen 81 10712 497.51734180658525 1.1368683772161603e-13 497.51734180658536 497.51734180658536 
gen 82 10850 497.51734180658525 1.1368683772161603e-13 497.51734180658536 497.51734180658536 
gen 83 10978 497.51734180658525 1.1368683772161603e-13 497.51734180658536 497.51734180658536 
gen 84 11106 497.51734180658525 1.1368683772161603e-13 497.51734180658536 497.51734180658536 
gen 85 11234 497.51734180658525 1.1368683772161603e-13 497.51734180658536 497.51734180658536 
gen 86 11362 497.51734180658525 1.1368683772161603e-13 497.51734180658536 497.51734180658536 
gen 87 11490 497.51734180658525 1.1368683772161603e-13 497.51734180658536 497.51734180658536 
gen 88 11618 497.51734180658525 1.1368683772161603e-13 497.51734180658536 497.51734180658536 
gen 89 11746 497.51734180658525 1.1368683772161603e-13 497.51734180658536 497.51734180658536 
gen 90 11874 497.51734180658525 1.1368683772161603e-13 497.51734180658536 497.51734180658536 
gen 91 12002 497.51734180658525 1.1368683772161603e-13 497.51734180658536 497.51734180658536 
gen 92 12130 497.51734180658525 1.1368683772161603e-13 497.51734180658536 497.51734180658536 
gen 93 12258 497.51734180658525 1.1368683772161603e-13 497.51734180658536 497.51734180658536 
gen 94 12386 497.51734180658525 1.1368683772161603e-13 497.51734180658536 497.51734180658536 
gen 95 12514 497.51734180658525 1.1368683772161603e-13 497.51734180658536 497.51734180658536 
gen 96 12642 497.51734180658525 1.1368683772161603e-13 497.51734180658536 497.51734180658536 
gen 97 12770 497.51734180658525 1.1368683772161603e-13 497.51734180658536 497.51734180658536 
gen 98 12898 497.51734180658525 1.1368683772161603e-13 497.51734180658536 497.51734180658536 
gen 99 13026 497.51734180658525 1.1368683772161603e-13 497.51734180658536 497.51734180658536 
gen 100 13154 497.51734180658525 1.1368683772161603e-13 497.51734180658536 497.51734180658536 
gen 101 13282 497.51734180658525 1.1368683772161603e-13 497.51734180658536 497.51734180658536 
gen 102 13410 497.51734180658525 1.1368683772161603e-13 497.51734180658536 497.51734180658536 
gen 103 13538 497.51734180658525 1.1368683772161603e-13 497.51734180658536 497.51734180658536 
gen 104 13666 497.51734180658525 1.1368683772161603e-13 497.51734180658536 497.51734180658536 
gen 105 13794 497.51734180658525 1.1368683772161603e-13 497.51734180658536 497.51734180658536 
gen 106 13932 497.51734180658525 1.1368683772161603e-13 497.51734180658536 497.51734180658536 
gen 107 14060 497.51734180658525 1.1368683772161603e-13 497.51734180658536 497.51734180658536 
gen 108 14198 497.51734180658525 1.1368683772161603e-13 497.51734180658536 497.51734180658536 
gen 109 14326 497.51734180658525 1.1368683772161603e-13 497.51734180658536 497.51734180658536 
gen 110 14464 497.51734180658525 1.1368683772161603e-13 497.51734180658536 497.51734180658536 
gen 111 14592 497.51734180658525 1.1368683772161603e-13 497.51734180658536 497.51734180658536 
gen 112 14720 497.51734180658525 1.1368683772161603e-13 497.51734180658536 497.51734180658536 
gen 113 14858 497.51734180658525 1.1368683772161603e-13 497.51734180658536 497.51734180658536 
gen 114 14986 497.51734180658525 1.1368683772161603e-13 497.51734180658536 497.51734180658536 
gen 115 15114 497.51734180658525 1.1368683772161603e-13 497.51734180658536 497.51734180658536 
gen 116 15242 497.51734180658525 1.1368683772161603e-13 497.51734180658536 497.51734180658536 
gen 117 15390 497.49993266315056 0.13818079220060284 496.4031566267646 497.51734180658536 
gen 118 15518 497.4651143762812 0.2355065271893306 496.4031566267646 497.51734180658536 
gen 119 15646 497.3780686591077 0.36848211253494084 496.4031566267646 497.51734180658536 
gen 120 15774 497.13434065102194 0.5291921448964109 496.4031566267646 497.51734180658536 
gen 121 15902 496.4553840570686 0.23550652718933054 496.4031566267646 497.51734180658536 
gen 122 16040 496.40315662676454 5.684341886080802e-14 496.4031566267646 496.4031566267646 
gen 123 16188 496.33570496699804 0.5353809517824055 492.08625040170614 496.4031566267646 
gen 124 16316 496.2008016474649 0.9124691403892724 492.08625040170614 496.4031566267646 
gen 125 16444 495.9984466681653 1.2582943968049685 492.08625040170614 496.4031566267646 
gen 126 16572 494.85176845213414 2.0713261452897735 492.08625040170614 496.4031566267646 
gen 127 16700 492.1537020614726 0.5353809517824053 492.08625040170614 496.4031566267646 
gen 128 16828 492.086250401706 1.1368683772161603e-13 492.08625040170614 492.08625040170614 
gen 129 16956 492.086250401706 1.1368683772161603e-13 492.08625040170614 492.08625040170614 
gen 130 17084 492.086250401706 1.1368683772161603e-13 492.08625040170614 492.08625040170614 
gen 131 17212 492.086250401706 1.1368683772161603e-13 492.08625040170614 492.08625040170614 
gen 132 17340 492.086250401706 1.1368683772161603e-13 492.08625040170614 492.08625040170614 
gen 133 17468 492.086250401706 1.1368683772161603e-13 492.08625040170614 492.08625040170614 
gen 134 17596 492.086250401706 1.1368683772161603e-13 492.08625040170614 492.08625040170614 
gen 135 17724 492.086250401706 1.1368683772161603e-13 492.08625040170614 492.08625040170614 
gen 136 17852 492.086250401706 1.1368683772161603e-13 492.08625040170614 492.08625040170614 
gen 137 17980 492.086250401706 1.1368683772161603e-13 492.08625040170614 492.08625040170614 
gen 138 18108 492.086250401706 1.1368683772161603e-13 492.08625040170614 492.08625040170614 
gen 139 18236 492.086250401706 1.1368683772161603e-13 492.08625040170614 492.08625040170614 
gen 140 18364 492.086250401706 1.1368683772161603e-13 492.08625040170614 492.08625040170614 
gen 141 18492 492.086250401706 1.1368683772161603e-13 492.08625040170614 492.08625040170614 
gen 142 18620 492.086250401706 1.1368683772161603e-13 492.08625040170614 492.08625040170614 
gen 143 18758 492.086250401706 1.1368683772161603e-13 492.08625040170614 492.08625040170614 
gen 144 18886 492.086250401706 1.1368683772161603e-13 492.08625040170614 492.08625040170614 
gen 145 19014 492.086250401706 1.1368683772161603e-13 492.08625040170614 492.08625040170614 
gen 146 19142 492.086250401706 1.1368683772161603e-13 492.08625040170614 492.08625040170614 
gen 147 19270 492.086250401706 1.1368683772161603e-13 492.08625040170614 492.08625040170614 
gen 148 19398 492.086250401706 1.1368683772161603e-13 492.08625040170614 492.08625040170614 
gen 149 19546 492.0857407688039 0.00404508575718346 492.05363389596766 492.08625040170614 
gen 150 19674 492.0852311359017 0.0056750318215849195 492.05363389596766 492.08625040170614 
gen 151 19802 492.0842118700974 0.007895198971036825 492.05363389596766 492.08625040170614 
gen 152 19930 492.079625173978 0.013122428729607212 492.05363389596766 492.08625040170614 
gen 153 20068 492.0648458198152 0.015491499028506071 492.05363389596766 492.08625040170614 
gen 154 20196 492.0536338959677 5.684341886080802e-14 492.05363389596766 492.05363389596766 
gen 155 20324 492.0536338959677 5.684341886080802e-14 492.05363389596766 492.05363389596766 
gen 156 20502 492.0095587199245 0.34983586440515957 489.23282262920236 492.05363389596766 
gen 157 20630 491.91250976130016 0.5570458900646682 489.23282262920236 492.05363389596766 
gen 158 20758 491.48406088169156 0.9131593307697745 489.23282262920236 492.05363389596766 
gen 159 20886 490.4222136169911 0.7645341968266958 489.23282262920236 492.05363389596766 
gen 160 21024 489.5915393408542 0.19265664835854354 489.23282262920236 489.898451380769 
gen 161 21162 489.41975188118124 0.19900138511612026 489.23282262920236 489.63160503342414 
gen 162 21300 489.2328226292024 5.684341886080802e-14 489.23282262920236 489.23282262920236 
gen 163 21428 489.2328226292024 5.684341886080802e-14 489.23282262920236 489.23282262920236 
gen 164 21556 489.2328226292024 5.684341886080802e-14 489.23282262920236 489.23282262920236 
gen 165 21684 489.2328226292024 5.684341886080802e-14 489.23282262920236 489.23282262920236 
gen 166 21812 489.2328226292024 5.684341886080802e-14 489.23282262920236 489.23282262920236 
gen 167 21950 489.2328226292024 5.684341886080802e-14 489.23282262920236 489.23282262920236 
gen 168 22078 489.2328226292024 5.684341886080802e-14 489.23282262920236 489.23282262920236 
gen 169 22206 489.2328226292024 5.684341886080802e-14 489.23282262920236 489.23282262920236 
gen 170 22334 489.2328226292024 5.684341886080802e-14 489.23282262920236 489.23282262920236 
gen 171 22462 489.2328226292024 5.684341886080802e-14 489.23282262920236 489.23282262920236 
gen 172 22600 489.2328226292024 5.684341886080802e-14 489.23282262920236 489.23282262920236 
gen 173 22738 489.2328226292024 5.684341886080802e-14 489.23282262920236 489.23282262920236 
gen 174 22866 489.2328226292024 5.684341886080802e-14 489.23282262920236 489.23282262920236 
gen 175 23004 489.2328226292024 5.684341886080802e-14 489.23282262920236 489.23282262920236 
gen 176 23142 489.2328226292024 5.684341886080802e-14 489.23282262920236 489.23282262920236 
gen 177 23280 489.2328226292024 5.684341886080802e-14 489.23282262920236 489.23282262920236 
gen 178 23408 489.2328226292024 5.684341886080802e-14 489.23282262920236 489.23282262920236 
gen 179 23536 489.2328226292024 5.684341886080802e-14 489.23282262920236 489.23282262920236 
gen 180 23674 489.2328226292024 5.684341886080802e-14 489.23282262920236 489.23282262920236 
gen 181 23812 489.2328226292024 5.684341886080802e-14 489.23282262920236 489.23282262920236 
gen 182 23940 489.2328226292024 5.684341886080802e-14 489.23282262920236 489.23282262920236 
gen 183 24078 489.2328226292024 5.684341886080802e-14 489.23282262920236 489.23282262920236 
gen 184 24216 489.2328226292024 5.684341886080802e-14 489.23282262920236 489.23282262920236 
gen 185 24344 489.2328226292024 5.684341886080802e-14 489.23282262920236 489.23282262920236 
gen 186 24482 489.2328226292024 5.684341886080802e-14 489.23282262920236 489.23282262920236 
gen 187 24610 489.2328226292024 5.684341886080802e-14 489.23282262920236 489.23282262920236 
gen 188 24738 489.2328226292024 5.684341886080802e-14 489.23282262920236 489.23282262920236 
gen 189 24866 489.2328226292024 5.684341886080802e-14 489.23282262920236 489.23282262920236 
gen 190 24994 489.2328226292024 5.684341886080802e-14 489.23282262920236 489.23282262920236 
gen 191 25122 489.2328226292024 5.684341886080802e-14 489.23282262920236 489.23282262920236 
gen 192 25250 489.2328226292024 5.684341886080802e-14 489.23282262920236 489.23282262920236 
gen 193 25378 489.2328226292024 5.684341886080802e-14 489.23282262920236 489.23282262920236 
gen 194 25506 489.2328226292024 5.684341886080802e-14 489.23282262920236 489.23282262920236 
gen 195 25634 489.2328226292024 5.684341886080802e-14 489.23282262920236 489.23282262920236 
gen 196 25762 489.2328226292024 5.684341886080802e-14 489.23282262920236 489.23282262920236 
gen 197 25890 489.2328226292024 5.684341886080802e-14 489.23282262920236 489.23282262920236 
gen 198 26018 489.2328226292024 5.684341886080802e-14 489.23282262920236 489.23282262920236 
gen 199 26146 489.2328226292024 5.684341886080802e-14 489.23282262920236 489.23282262920236 
gen 200 26274 489.2328226292024 5.684341886080802e-14 489.23282262920236 489.23282262920236 
gen 201 26402 489.2328226292024 5.684341886080802e-14 489.23282262920236 489.23282262920236 
gen 202 26530 489.2328226292024 5.684341886080802e-14 489.23282262920236 489.23282262920236 
gen 203 26658 489.2328226292024 5.684341886080802e-14 489.23282262920236 489.23282262920236 
gen 204 26786 489.2328226292024 5.684341886080802e-14 489.23282262920236 489.23282262920236 
gen 205 26924 489.2328226292024 5.684341886080802e-14 489.23282262920236 489.23282262920236 
gen 206 27052 489.2328226292024 5.684341886080802e-14 489.23282262920236 489.23282262920236 
gen 207 27180 489.2328226292024 5.684341886080802e-14 489.23282262920236 489.23282262920236 
gen 208 27318 489.2328226292024 5.684341886080802e-14 489.23282262920236 489.23282262920236 
gen 209 27446 489.2328226292024 5.684341886080802e-14 489.23282262920236 489.23282262920236 
gen 210 27574 489.2328226292024 5.684341886080802e-14 489.23282262920236 489.23282262920236 
gen 211 27702 489.2328226292024 5.684341886080802e-14 489.23282262920236 489.23282262920236 
gen 212 27830 489.2328226292024 5.684341886080802e-14 489.23282262920236 489.23282262920236 
gen 213 27958 489.2328226292024 5.684341886080802e-14 489.23282262920236 489.23282262920236 
gen 214 28086 489.2328226292024 5.684341886080802e-14 489.23282262920236 489.23282262920236 
gen 215 28224 489.2328226292024 5.684341886080802e-14 489.23282262920236 489.23282262920236 
gen 216 28352 489.2328226292024 5.684341886080802e-14 489.23282262920236 489.23282262920236 
gen 217 28480 489.2328226292024 5.684341886080802e-14 489.23282262920236 489.23282262920236 
gen 218 28608 489.2328226292024 5.684341886080802e-14 489.23282262920236 489.23282262920236 
gen 219 28736 489.2328226292024 5.684341886080802e-14 489.23282262920236 489.23282262920236 
gen 220 28864 489.2328226292024 5.684341886080802e-14 489.23282262920236 489.23282262920236 
gen 221 28992 489.2328226292024 5.684341886080802e-14 489.23282262920236 489.23282262920236 
gen 222 29120 489.2328226292024 5.684341886080802e-14 489.23282262920236 489.23282262920236 
gen 223 29258 489.2328226292024 5.684341886080802e-14 489.23282262920236 489.23282262920236 
gen 224 29386 489.2328226292024 5.684341886080802e-14 489.23282262920236 489.23282262920236 
gen 225 29514 489.2328226292024 5.684341886080802e-14 489.23282262920236 489.23282262920236 
gen 226 29642 489.2328226292024 5.684341886080802e-14 489.23282262920236 489.23282262920236 
gen 227 29770 489.2328226292024 5.684341886080802e-14 489.23282262920236 489.23282262920236 
gen 228 29898 489.2328226292024 5.684341886080802e-14 489.23282262920236 489.23282262920236 
gen 229 30026 489.2328226292024 5.684341886080802e-14 489.23282262920236 489.23282262920236 
gen 230 30154 489.2328226292024 5.684341886080802e-14 489.23282262920236 489.23282262920236 
gen 231 30282 489.2328226292024 5.684341886080802e-14 489.23282262920236 489.23282262920236 
gen 232 30410 489.2328226292024 5.684341886080802e-14 489.23282262920236 489.23282262920236 
gen 233 30538 489.2328226292024 5.684341886080802e-14 489.23282262920236 489.23282262920236 
gen 234 30666 489.2328226292024 5.684341886080802e-14 489.23282262920236 489.23282262920236 
gen 235 30794 489.2328226292024 5.684341886080802e-14 489.23282262920236 489.23282262920236 
gen 236 30922 489.2328226292024 5.684341886080802e-14 489.23282262920236 489.23282262920236 
gen 237 31050 489.2328226292024 5.684341886080802e-14 489.23282262920236 489.23282262920236 
gen 238 31178 489.2328226292024 5.684341886080802e-14 489.23282262920236 489.23282262920236 
gen 239 31306 489.2328226292024 5.684341886080802e-14 489.23282262920236 489.23282262920236 
gen 240 31444 489.2328226292024 5.684341886080802e-14 489.23282262920236 489.23282262920236 
gen 241 31572 489.2328226292024 5.684341886080802e-14 489.23282262920236 489.23282262920236 
gen 242 31700 489.2328226292024 5.684341886080802e-14 489.23282262920236 489.23282262920236 
gen 243 31838 489.2328226292024 5.684341886080802e-14 489.23282262920236 489.23282262920236 
gen 244 31966 489.2328226292024 5.684341886080802e-14 489.23282262920236 489.23282262920236 
gen 245 32094 489.2328226292024 5.684341886080802e-14 489.23282262920236 489.23282262920236 
gen 246 32222 489.2328226292024 5.684341886080802e-14 489.23282262920236 489.23282262920236 
gen 247 32350 489.2328226292024 5.684341886080802e-14 489.23282262920236 489.23282262920236 
gen 248 32478 489.2328226292024 5.684341886080802e-14 489.23282262920236 489.23282262920236 
gen 249 32616 489.2328226292024 5.684341886080802e-14 489.23282262920236 489.23282262920236 
gen 250 32754 489.2328226292024 5.684341886080802e-14 489.23282262920236 489.23282262920236 
gen 251 32882 489.2328226292024 5.684341886080802e-14 489.23282262920236 489.23282262920236 
gen 252 33020 489.2328226292024 5.684341886080802e-14 489.23282262920236 489.23282262920236 
gen 253 33148 489.2328226292024 5.684341886080802e-14 489.23282262920236 489.23282262920236 
gen 254 33276 489.2328226292024 5.684341886080802e-14 489.23282262920236 489.23282262920236 
gen 255 33404 489.2328226292024 5.684341886080802e-14 489.23282262920236 489.23282262920236 
gen 256 33532 489.2328226292024 5.684341886080802e-14 489.23282262920236 489.23282262920236 
gen 257 33660 489.2328226292024 5.684341886080802e-14 489.23282262920236 489.23282262920236 
gen 258 33788 489.2328226292024 5.684341886080802e-14 489.23282262920236 489.23282262920236 
gen 259 33916 489.2328226292024 5.684341886080802e-14 489.23282262920236 489.23282262920236 
gen 260 34044 489.2328226292024 5.684341886080802e-14 489.23282262920236 489.23282262920236 
gen 261 34172 489.2328226292024 5.684341886080802e-14 489.23282262920236 489.23282262920236 
gen 262 34300 489.2328226292024 5.684341886080802e-14 489.23282262920236 489.23282262920236 
gen 263 34428 489.2328226292024 5.684341886080802e-14 489.23282262920236 489.23282262920236 
gen 264 34556 489.2328226292024 5.684341886080802e-14 489.23282262920236 489.23282262920236 
gen 265 34684 489.2328226292024 5.684341886080802e-14 489.23282262920236 489.23282262920236 
gen 266 34812 489.2328226292024 5.684341886080802e-14 489.23282262920236 489.23282262920236 
gen 267 34950 489.2328226292024 5.684341886080802e-14 489.23282262920236 489.23282262920236 
gen 268 35088 489.2328226292024 5.684341886080802e-14 489.23282262920236 489.23282262920236 
gen 269 35216 489.2328226292024 5.684341886080802e-14 489.23282262920236 489.23282262920236 
gen 270 35344 489.2328226292024 5.684341886080802e-14 489.23282262920236 489.23282262920236 
gen 271 35472 489.2328226292024 5.684341886080802e-14 489.23282262920236 489.23282262920236 
gen 272 35600 489.2328226292024 5.684341886080802e-14 489.23282262920236 489.23282262920236 
gen 273 35728 489.2328226292024 5.684341886080802e-14 489.23282262920236 489.23282262920236 
gen 274 35856 489.2328226292024 5.684341886080802e-14 489.23282262920236 489.23282262920236 
gen 275 35984 489.2328226292024 5.684341886080802e-14 489.23282262920236 489.23282262920236 
gen 276 36112 489.2328226292024 5.684341886080802e-14 489.23282262920236 489.23282262920236 
gen 277 36240 489.2328226292024 5.684341886080802e-14 489.23282262920236 489.23282262920236 
gen 278 36368 489.2328226292024 5.684341886080802e-14 489.23282262920236 489.23282262920236 
gen 279 36506 489.2328226292024 5.684341886080802e-14 489.23282262920236 489.23282262920236 
gen 280 36634 489.2328226292024 5.684341886080802e-14 489.23282262920236 489.23282262920236 
gen 281 36762 489.2328226292024 5.684341886080802e-14 489.23282262920236 489.23282262920236 
gen 282 36890 489.2328226292024 5.684341886080802e-14 489.23282262920236 489.23282262920236 
gen 283 37018 489.2328226292024 5.684341886080802e-14 489.23282262920236 489.23282262920236 
gen 284 37156 489.2328226292024 5.684341886080802e-14 489.23282262920236 489.23282262920236 
gen 285 37284 489.2328226292024 5.684341886080802e-14 489.23282262920236 489.23282262920236 
gen 286 37412 489.2328226292024 5.684341886080802e-14 489.23282262920236 489.23282262920236 
gen 287 37560 489.2119058757571 0.16602158355346883 487.8941504087022 489.23282262920236 
gen 288 37688 489.1073221085305 0.390196975888904 487.8941504087022 489.23282262920236 
gen 289 37816 488.81448756029613 0.6204911810243847 487.8941504087022 489.23282262920236 
gen 290 37944 488.1869849569367 0.5534052785115626 487.8941504087022 489.23282262920236 
gen 291 38072 487.89415040870233 1.1368683772161603e-13 487.8941504087022 487.8941504087022 
gen 292 38210 487.89415040870233 1.1368683772161603e-13 487.8941504087022 487.8941504087022 
gen 293 38338 487.89415040870233 1.1368683772161603e-13 487.8941504087022 487.8941504087022 
gen 294 38466 487.89415040870233 1.1368683772161603e-13 487.8941504087022 487.8941504087022 
gen 295 38594 487.89415040870233 1.1368683772161603e-13 487.8941504087022 487.8941504087022 
gen 296 38722 487.89415040870233 1.1368683772161603e-13 487.8941504087022 487.8941504087022 
gen 297 38850 487.89415040870233 1.1368683772161603e-13 487.8941504087022 487.8941504087022 
gen 298 38978 487.89415040870233 1.1368683772161603e-13 487.8941504087022 487.8941504087022 
gen 299 39106 487.89415040870233 1.1368683772161603e-13 487.8941504087022 487.8941504087022 
gen 300 39234 487.89415040870233 1.1368683772161603e-13 487.8941504087022 487.8941504087022 
gen 301 39372 487.89415040870233 1.1368683772161603e-13 487.8941504087022 487.8941504087022 
gen 302 39500 487.89415040870233 1.1368683772161603e-13 487.8941504087022 487.8941504087022 
gen 303 39638 487.89415040870233 1.1368683772161603e-13 487.8941504087022 487.8941504087022 
gen 304 39766 487.89415040870233 1.1368683772161603e-13 487.8941504087022 487.8941504087022 
gen 305 39894 487.89415040870233 1.1368683772161603e-13 487.8941504087022 487.8941504087022 
gen 306 40022 487.89415040870233 1.1368683772161603e-13 487.8941504087022 487.8941504087022 
gen 307 40150 487.89415040870233 1.1368683772161603e-13 487.8941504087022 487.8941504087022 
gen 308 40278 487.89415040870233 1.1368683772161603e-13 487.8941504087022 487.8941504087022 
gen 309 40406 487.89415040870233 1.1368683772161603e-13 487.8941504087022 487.8941504087022 
gen 310 40544 487.89415040870233 1.1368683772161603e-13 487.8941504087022 487.8941504087022 
gen 311 40672 487.89415040870233 1.1368683772161603e-13 487.8941504087022 487.8941504087022 
gen 312 40810 487.89415040870233 1.1368683772161603e-13 487.8941504087022 487.8941504087022 
gen 313 40948 487.89415040870233 1.1368683772161603e-13 487.8941504087022 487.8941504087022 
gen 314 41076 487.89415040870233 1.1368683772161603e-13 487.8941504087022 487.8941504087022 
gen 315 41214 487.89415040870233 1.1368683772161603e-13 487.8941504087022 487.8941504087022 
gen 316 41342 487.89415040870233 1.1368683772161603e-13 487.8941504087022 487.8941504087022 
gen 317 41480 487.89415040870233 1.1368683772161603e-13 487.8941504087022 487.8941504087022 
gen 318 41608 487.89415040870233 1.1368683772161603e-13 487.8941504087022 487.8941504087022 
gen 319 41736 487.89415040870233 1.1368683772161603e-13 487.8941504087022 487.8941504087022 
gen 320 41864 487.89415040870233 1.1368683772161603e-13 487.8941504087022 487.8941504087022 
gen 321 41992 487.89415040870233 1.1368683772161603e-13 487.8941504087022 487.8941504087022 
gen 322 42130 487.89415040870233 1.1368683772161603e-13 487.8941504087022 487.8941504087022 
gen 323 42258 487.89415040870233 1.1368683772161603e-13 487.8941504087022 487.8941504087022 
gen 324 42386 487.89415040870233 1.1368683772161603e-13 487.8941504087022 487.8941504087022 
gen 325 42514 487.89415040870233 1.1368683772161603e-13 487.8941504087022 487.8941504087022 
gen 326 42642 487.89415040870233 1.1368683772161603e-13 487.8941504087022 487.8941504087022 
gen 327 42770 487.89415040870233 1.1368683772161603e-13 487.8941504087022 487.8941504087022 
gen 328 42898 487.89415040870233 1.1368683772161603e-13 487.8941504087022 487.8941504087022 
gen 329 43026 487.89415040870233 1.1368683772161603e-13 487.8941504087022 487.8941504087022 
gen 330 43164 487.89415040870233 1.1368683772161603e-13 487.8941504087022 487.8941504087022 
gen 331 43292 487.89415040870233 1.1368683772161603e-13 487.8941504087022 487.8941504087022 
gen 332 43420 487.89415040870233 1.1368683772161603e-13 487.8941504087022 487.8941504087022 
gen 333 43548 487.89415040870233 1.1368683772161603e-13 487.8941504087022 487.8941504087022 
gen 334 43676 487.89415040870233 1.1368683772161603e-13 487.8941504087022 487.8941504087022 
gen 335 43804 487.89415040870233 1.1368683772161603e-13 487.8941504087022 487.8941504087022 
gen 336 43932 487.89415040870233 1.1368683772161603e-13 487.8941504087022 487.8941504087022 
gen 337 44060 487.89415040870233 1.1368683772161603e-13 487.8941504087022 487.8941504087022 
gen 338 44188 487.89415040870233 1.1368683772161603e-13 487.8941504087022 487.8941504087022 
gen 339 44316 487.89415040870233 1.1368683772161603e-13 487.8941504087022 487.8941504087022 
gen 340 44444 487.89415040870233 1.1368683772161603e-13 487.8941504087022 487.8941504087022 
gen 341 44572 487.89415040870233 1.1368683772161603e-13 487.8941504087022 487.8941504087022 
gen 342 44700 487.89415040870233 1.1368683772161603e-13 487.8941504087022 487.8941504087022 
gen 343 44838 487.89415040870233 1.1368683772161603e-13 487.8941504087022 487.8941504087022 
[7, 4, 6, 2, 1, 5, 3, 0, 5, 7, 6, 4, 2, 0, 1, 3, 5, 7, 3, 4, 2, 6, 0, 1, 0, 4, 2, 6, 7, 1, 5, 3, 5, 7, 3, 6, 4, 0, 2, 1, 6, 0, 3, 4, 2, 1, 7, 5, 3, 6, 5, 0, 4, 2, 7, 1, 3, 5, 7, 4, 6, 0, 2, 1]
min  487.8941504087022
NFE 44838
LSNFE 870
VLSNFE 27
runTime 116.47794675827026
