gen 0 64 781250000001527.1 2683681880830441.0 795.1573375251858 1e+16 
gen 1 192 1073.4103125570693 105.80953357834942 795.1573375251858 1231.9840066291235 
gen 2 320 1001.5292350861876 78.6902662198039 795.1573375251858 1124.4403338393688 
gen 3 498 935.3048655029482 69.47636412756574 709.948863299707 1038.2841352322048 
gen 4 626 891.9679034841578 58.34657459203296 709.948863299707 972.4045269825683 
gen 5 754 848.7327379283643 52.75540482321145 676.4980769591432 921.3509716245437 
gen 6 882 810.9148583511553 49.31626876596619 675.5004932391537 878.9263760957454 
gen 7 1010 774.0081955916553 46.72119525044972 661.2190227600723 832.2126787007408 
gen 8 1138 754.4956757141543 38.74635951005677 661.2190227600723 806.6190240323806 
gen 9 1266 727.8534931963657 35.52370964945263 648.0785940304435 775.8263332813347 
gen 10 1434 713.3550101402543 31.79208950790441 610.5527578255826 755.2786724497539 
gen 11 1562 701.0189580914789 27.473597099853542 610.5527578255826 740.3290092958853 
gen 12 1690 687.986227727333 24.63237898870102 591.6014604231194 718.3319963121104 
gen 13 1818 681.1868020691818 22.214996934327328 591.6014604231194 707.3348525423156 
gen 14 1946 674.5737579496434 24.334555429605874 580.41766042716 702.9284713087973 
gen 15 2104 669.086446571606 25.45860415699912 546.6835538323983 694.1747973365423 
gen 16 2232 658.6653338308473 28.40845830665102 546.6835538323983 686.7214790994616 
gen 17 2360 650.2707293408356 30.303990817093972 546.6835538323983 679.5076919468943 
gen 18 2488 641.9031345488725 29.860406937665502 546.6835538323983 673.0730441259391 
gen 19 2616 635.0576516135787 27.604846792671157 546.6835538323983 667.4362609470637 
gen 20 2744 624.3467215763417 22.7600145501427 546.6835538323983 653.9672095628518 
gen 21 2872 616.7895820270384 20.652527341149987 546.6835538323983 641.6514862548453 
gen 22 3000 609.2387315769178 18.694580258067596 546.6835538323983 631.7015823932929 
gen 23 3128 602.8722917823135 16.11449314763981 546.6835538323983 622.8563935435776 
gen 24 3256 596.2451646467728 15.432183159374143 546.6835538323983 616.0290145976053 
gen 25 3384 590.9799325271516 14.256380104654355 546.6835538323983 608.3908861768832 
gen 26 3512 585.947145211855 12.949236648478731 546.6835538323983 599.8998254820373 
gen 27 3640 581.6787097040963 13.008778742157897 546.6835538323983 595.2384205252599 
gen 28 3768 575.1129255676257 12.00601330285035 546.6835538323983 589.887811003106 
gen 29 3946 568.5189162718627 9.78731991427542 527.2893864422808 581.7867698255159 
gen 30 4074 561.5071624797488 7.3821937046787935 527.2893864422808 567.679123583203 
gen 31 4202 555.6391661346369 8.945130738460788 527.2893864422808 564.2748064268229 
gen 32 4330 545.6158254254708 8.671607848840436 527.2893864422808 556.1200649628524 
gen 33 4478 535.9385296967055 3.4291370457314394 525.3647542311115 543.9928579174692 
gen 34 4616 532.575394932573 2.7969701386953374 521.9274434053526 535.4429457465619 
gen 35 4744 529.9482441621169 2.77425775717707 521.9274434053526 533.3818052635263 
gen 36 4872 527.614092007796 2.3942115942709576 517.5569187801649 529.4902096373623 
gen 37 5000 525.4423290042778 3.0001064662666557 517.4674221322141 527.9307783571037 
gen 38 5128 522.0476323465153 3.5481399676170073 515.4619763483747 527.025710191996 
gen 39 5266 518.1106800084833 1.055425791652945 515.4619763483747 519.3820098068974 
gen 40 5394 516.8496745090238 0.6778699511970302 515.4619763483747 517.5569187801649 
gen 41 5522 516.0790810977363 0.6406352385850768 515.4619763483747 516.8446565986329 
gen 42 5650 515.4619763483747 0.0 515.4619763483747 515.4619763483747 
gen 43 5778 515.4619763483747 0.0 515.4619763483747 515.4619763483747 
gen 44 5906 515.4619763483747 0.0 515.4619763483747 515.4619763483747 
gen 45 6044 515.4619763483747 0.0 515.4619763483747 515.4619763483747 
gen 46 6172 515.4619763483747 0.0 515.4619763483747 515.4619763483747 
gen 47 6300 515.4619763483747 0.0 515.4619763483747 515.4619763483747 
gen 48 6428 515.4619763483747 0.0 515.4619763483747 515.4619763483747 
gen 49 6556 515.4619763483747 0.0 515.4619763483747 515.4619763483747 
gen 50 6684 515.4619763483747 0.0 515.4619763483747 515.4619763483747 
gen 51 6812 515.4619763483747 0.0 515.4619763483747 515.4619763483747 
gen 52 6940 515.4619763483747 0.0 515.4619763483747 515.4619763483747 
gen 53 7078 515.4619763483747 0.0 515.4619763483747 515.4619763483747 
gen 54 7206 515.4619763483747 0.0 515.4619763483747 515.4619763483747 
gen 55 7344 515.4619763483747 0.0 515.4619763483747 515.4619763483747 
gen 56 7472 515.4619763483747 0.0 515.4619763483747 515.4619763483747 
gen 57 7600 515.4619763483747 0.0 515.4619763483747 515.4619763483747 
gen 58 7728 515.4619763483747 0.0 515.4619763483747 515.4619763483747 
gen 59 7856 515.4619763483747 0.0 515.4619763483747 515.4619763483747 
gen 60 7984 515.4619763483747 0.0 515.4619763483747 515.4619763483747 
gen 61 8112 515.4619763483747 0.0 515.4619763483747 515.4619763483747 
gen 62 8240 515.4619763483747 0.0 515.4619763483747 515.4619763483747 
gen 63 8368 515.4619763483747 0.0 515.4619763483747 515.4619763483747 
gen 64 8496 515.4619763483747 0.0 515.4619763483747 515.4619763483747 
gen 65 8624 515.4619763483747 0.0 515.4619763483747 515.4619763483747 
gen 66 8752 515.4619763483747 0.0 515.4619763483747 515.4619763483747 
gen 67 8890 515.4619763483747 0.0 515.4619763483747 515.4619763483747 
gen 68 9018 515.4619763483747 0.0 515.4619763483747 515.4619763483747 
gen 69 9156 515.4619763483747 0.0 515.4619763483747 515.4619763483747 
gen 70 9284 515.4619763483747 0.0 515.4619763483747 515.4619763483747 
gen 71 9412 515.4619763483747 0.0 515.4619763483747 515.4619763483747 
gen 72 9540 515.4619763483747 0.0 515.4619763483747 515.4619763483747 
gen 73 9668 515.4619763483747 0.0 515.4619763483747 515.4619763483747 
gen 74 9796 515.4619763483747 0.0 515.4619763483747 515.4619763483747 
gen 75 9924 515.4619763483747 0.0 515.4619763483747 515.4619763483747 
gen 76 10052 515.4619763483747 0.0 515.4619763483747 515.4619763483747 
gen 77 10180 515.4619763483747 0.0 515.4619763483747 515.4619763483747 
gen 78 10308 515.4619763483747 0.0 515.4619763483747 515.4619763483747 
gen 79 10446 515.4619763483747 0.0 515.4619763483747 515.4619763483747 
gen 80 10574 515.4619763483747 0.0 515.4619763483747 515.4619763483747 
gen 81 10712 515.4619763483747 0.0 515.4619763483747 515.4619763483747 
gen 82 10840 515.4619763483747 0.0 515.4619763483747 515.4619763483747 
gen 83 10998 515.3466796423262 0.9151392335676543 508.08298716127143 515.4619763483747 
gen 84 11126 515.2313829362777 1.2838897821769297 508.08298716127143 515.4619763483747 
gen 85 11254 514.8969761455397 1.8345883437363855 508.08298716127143 515.4619763483747 
gen 86 11382 514.2622531579229 2.4849951997925075 508.08298716127143 515.4619763483747 
gen 87 11510 511.99396657129773 2.906516964499163 508.08298716127143 515.4619763483747 
gen 88 11638 508.9261047047073 0.7202265819402043 508.08298716127143 509.5413526418091 
gen 89 11766 508.08298716127143 0.0 508.08298716127143 508.08298716127143 
gen 90 11894 508.08298716127143 0.0 508.08298716127143 508.08298716127143 
gen 91 12022 508.08298716127143 0.0 508.08298716127143 508.08298716127143 
gen 92 12150 508.08298716127143 0.0 508.08298716127143 508.08298716127143 
gen 93 12278 508.08298716127143 0.0 508.08298716127143 508.08298716127143 
gen 94 12416 508.08298716127143 0.0 508.08298716127143 508.08298716127143 
gen 95 12544 508.08298716127143 0.0 508.08298716127143 508.08298716127143 
gen 96 12672 508.08298716127143 0.0 508.08298716127143 508.08298716127143 
gen 97 12800 508.08298716127143 0.0 508.08298716127143 508.08298716127143 
gen 98 12928 508.08298716127143 0.0 508.08298716127143 508.08298716127143 
gen 99 13056 508.08298716127143 0.0 508.08298716127143 508.08298716127143 
gen 100 13184 508.08298716127143 0.0 508.08298716127143 508.08298716127143 
gen 101 13312 508.08298716127143 0.0 508.08298716127143 508.08298716127143 
gen 102 13440 508.08298716127143 0.0 508.08298716127143 508.08298716127143 
gen 103 13568 508.08298716127143 0.0 508.08298716127143 508.08298716127143 
gen 104 13696 508.08298716127143 0.0 508.08298716127143 508.08298716127143 
gen 105 13824 508.08298716127143 0.0 508.08298716127143 508.08298716127143 
gen 106 13952 508.08298716127143 0.0 508.08298716127143 508.08298716127143 
gen 107 14080 508.08298716127143 0.0 508.08298716127143 508.08298716127143 
gen 108 14208 508.08298716127143 0.0 508.08298716127143 508.08298716127143 
gen 109 14336 508.08298716127143 0.0 508.08298716127143 508.08298716127143 
gen 110 14464 508.08298716127143 0.0 508.08298716127143 508.08298716127143 
gen 111 14602 508.08298716127143 0.0 508.08298716127143 508.08298716127143 
gen 112 14740 508.08298716127143 0.0 508.08298716127143 508.08298716127143 
gen 113 14868 508.08298716127143 0.0 508.08298716127143 508.08298716127143 
gen 114 15006 508.08298716127143 0.0 508.08298716127143 508.08298716127143 
gen 115 15134 508.08298716127143 0.0 508.08298716127143 508.08298716127143 
gen 116 15262 508.08298716127143 0.0 508.08298716127143 508.08298716127143 
gen 117 15390 508.08298716127143 0.0 508.08298716127143 508.08298716127143 
gen 118 15518 508.08298716127143 0.0 508.08298716127143 508.08298716127143 
gen 119 15646 508.08298716127143 0.0 508.08298716127143 508.08298716127143 
gen 120 15774 508.08298716127143 0.0 508.08298716127143 508.08298716127143 
gen 121 15902 508.08298716127143 0.0 508.08298716127143 508.08298716127143 
gen 122 16040 508.08298716127143 0.0 508.08298716127143 508.08298716127143 
gen 123 16168 508.08298716127143 0.0 508.08298716127143 508.08298716127143 
gen 124 16296 508.08298716127143 0.0 508.08298716127143 508.08298716127143 
gen 125 16434 508.08298716127143 0.0 508.08298716127143 508.08298716127143 
gen 126 16562 508.08298716127143 0.0 508.08298716127143 508.08298716127143 
gen 127 16690 508.08298716127143 0.0 508.08298716127143 508.08298716127143 
gen 128 16838 507.92942404075154 1.2188694823399226 498.25494744799914 508.08298716127143 
gen 129 16966 507.4687346791919 2.3789896334605434 498.25494744799914 508.08298716127143 
gen 130 17094 506.70091907659247 3.416563746219659 498.25494744799914 508.08298716127143 
gen 131 17222 504.2439091482744 4.795006901372298 498.25494744799914 508.08298716127143 
gen 132 17350 498.2549474479992 5.684341886080802e-14 498.25494744799914 498.25494744799914 
gen 133 17488 498.2549474479992 5.684341886080802e-14 498.25494744799914 498.25494744799914 
gen 134 17616 498.2549474479992 5.684341886080802e-14 498.25494744799914 498.25494744799914 
gen 135 17754 498.2549474479992 5.684341886080802e-14 498.25494744799914 498.25494744799914 
gen 136 17882 498.2549474479992 5.684341886080802e-14 498.25494744799914 498.25494744799914 
gen 137 18010 498.2549474479992 5.684341886080802e-14 498.25494744799914 498.25494744799914 
gen 138 18138 498.2549474479992 5.684341886080802e-14 498.25494744799914 498.25494744799914 
gen 139 18276 498.2549474479992 5.684341886080802e-14 498.25494744799914 498.25494744799914 
gen 140 18404 498.2549474479992 5.684341886080802e-14 498.25494744799914 498.25494744799914 
gen 141 18532 498.2549474479992 5.684341886080802e-14 498.25494744799914 498.25494744799914 
gen 142 18660 498.2549474479992 5.684341886080802e-14 498.25494744799914 498.25494744799914 
gen 143 18788 498.2549474479992 5.684341886080802e-14 498.25494744799914 498.25494744799914 
gen 144 18916 498.2549474479992 5.684341886080802e-14 498.25494744799914 498.25494744799914 
gen 145 19044 498.2549474479992 5.684341886080802e-14 498.25494744799914 498.25494744799914 
gen 146 19172 498.2549474479992 5.684341886080802e-14 498.25494744799914 498.25494744799914 
gen 147 19300 498.2549474479992 5.684341886080802e-14 498.25494744799914 498.25494744799914 
gen 148 19428 498.2549474479992 5.684341886080802e-14 498.25494744799914 498.25494744799914 
gen 149 19556 498.2549474479992 5.684341886080802e-14 498.25494744799914 498.25494744799914 
gen 150 19694 498.2549474479992 5.684341886080802e-14 498.25494744799914 498.25494744799914 
gen 151 19822 498.2549474479992 5.684341886080802e-14 498.25494744799914 498.25494744799914 
gen 152 19950 498.2549474479992 5.684341886080802e-14 498.25494744799914 498.25494744799914 
gen 153 20088 498.2549474479992 5.684341886080802e-14 498.25494744799914 498.25494744799914 
gen 154 20216 498.2549474479992 5.684341886080802e-14 498.25494744799914 498.25494744799914 
gen 155 20354 498.2549474479992 5.684341886080802e-14 498.25494744799914 498.25494744799914 
gen 156 20482 498.2549474479992 5.684341886080802e-14 498.25494744799914 498.25494744799914 
gen 157 20610 498.2549474479992 5.684341886080802e-14 498.25494744799914 498.25494744799914 
gen 158 20738 498.2549474479992 5.684341886080802e-14 498.25494744799914 498.25494744799914 
gen 159 20866 498.2549474479992 5.684341886080802e-14 498.25494744799914 498.25494744799914 
gen 160 20994 498.2549474479992 5.684341886080802e-14 498.25494744799914 498.25494744799914 
gen 161 21122 498.2549474479992 5.684341886080802e-14 498.25494744799914 498.25494744799914 
gen 162 21250 498.2549474479992 5.684341886080802e-14 498.25494744799914 498.25494744799914 
gen 163 21378 498.2549474479992 5.684341886080802e-14 498.25494744799914 498.25494744799914 
gen 164 21516 498.2549474479992 5.684341886080802e-14 498.25494744799914 498.25494744799914 
gen 165 21654 498.2549474479992 5.684341886080802e-14 498.25494744799914 498.25494744799914 
gen 166 21782 498.2549474479992 5.684341886080802e-14 498.25494744799914 498.25494744799914 
gen 167 21910 498.2549474479992 5.684341886080802e-14 498.25494744799914 498.25494744799914 
gen 168 22038 498.2549474479992 5.684341886080802e-14 498.25494744799914 498.25494744799914 
gen 169 22166 498.2549474479992 5.684341886080802e-14 498.25494744799914 498.25494744799914 
gen 170 22294 498.2549474479992 5.684341886080802e-14 498.25494744799914 498.25494744799914 
gen 171 22422 498.2549474479992 5.684341886080802e-14 498.25494744799914 498.25494744799914 
gen 172 22550 498.2549474479992 5.684341886080802e-14 498.25494744799914 498.25494744799914 
gen 173 22678 498.2549474479992 5.684341886080802e-14 498.25494744799914 498.25494744799914 
gen 174 22806 498.2549474479992 5.684341886080802e-14 498.25494744799914 498.25494744799914 
gen 175 22934 498.2549474479992 5.684341886080802e-14 498.25494744799914 498.25494744799914 
gen 176 23062 498.2549474479992 5.684341886080802e-14 498.25494744799914 498.25494744799914 
gen 177 23190 498.2549474479992 5.684341886080802e-14 498.25494744799914 498.25494744799914 
gen 178 23328 498.2549474479992 5.684341886080802e-14 498.25494744799914 498.25494744799914 
gen 179 23456 498.2549474479992 5.684341886080802e-14 498.25494744799914 498.25494744799914 
gen 180 23594 498.2549474479992 5.684341886080802e-14 498.25494744799914 498.25494744799914 
gen 181 23722 498.2549474479992 5.684341886080802e-14 498.25494744799914 498.25494744799914 
gen 182 23860 498.2549474479992 5.684341886080802e-14 498.25494744799914 498.25494744799914 
gen 183 23998 498.2549474479992 5.684341886080802e-14 498.25494744799914 498.25494744799914 
gen 184 24126 498.2549474479992 5.684341886080802e-14 498.25494744799914 498.25494744799914 
gen 185 24254 498.2549474479992 5.684341886080802e-14 498.25494744799914 498.25494744799914 
gen 186 24382 498.2549474479992 5.684341886080802e-14 498.25494744799914 498.25494744799914 
gen 187 24510 498.2549474479992 5.684341886080802e-14 498.25494744799914 498.25494744799914 
gen 188 24638 498.2549474479992 5.684341886080802e-14 498.25494744799914 498.25494744799914 
gen 189 24766 498.2549474479992 5.684341886080802e-14 498.25494744799914 498.25494744799914 
gen 190 24894 498.2549474479992 5.684341886080802e-14 498.25494744799914 498.25494744799914 
gen 191 25022 498.2549474479992 5.684341886080802e-14 498.25494744799914 498.25494744799914 
gen 192 25150 498.2549474479992 5.684341886080802e-14 498.25494744799914 498.25494744799914 
gen 193 25288 498.2549474479992 5.684341886080802e-14 498.25494744799914 498.25494744799914 
gen 194 25416 498.2549474479992 5.684341886080802e-14 498.25494744799914 498.25494744799914 
gen 195 25554 498.2549474479992 5.684341886080802e-14 498.25494744799914 498.25494744799914 
gen 196 25682 498.2549474479992 5.684341886080802e-14 498.25494744799914 498.25494744799914 
gen 197 25810 498.2549474479992 5.684341886080802e-14 498.25494744799914 498.25494744799914 
gen 198 25938 498.2549474479992 5.684341886080802e-14 498.25494744799914 498.25494744799914 
gen 199 26066 498.2549474479992 5.684341886080802e-14 498.25494744799914 498.25494744799914 
gen 200 26194 498.2549474479992 5.684341886080802e-14 498.25494744799914 498.25494744799914 
gen 201 26322 498.2549474479992 5.684341886080802e-14 498.25494744799914 498.25494744799914 
gen 202 26460 498.2549474479992 5.684341886080802e-14 498.25494744799914 498.25494744799914 
gen 203 26588 498.2549474479992 5.684341886080802e-14 498.25494744799914 498.25494744799914 
gen 204 26716 498.2549474479992 5.684341886080802e-14 498.25494744799914 498.25494744799914 
gen 205 26844 498.2549474479992 5.684341886080802e-14 498.25494744799914 498.25494744799914 
gen 206 26982 498.2549474479992 5.684341886080802e-14 498.25494744799914 498.25494744799914 
gen 207 27110 498.2549474479992 5.684341886080802e-14 498.25494744799914 498.25494744799914 
gen 208 27238 498.2549474479992 5.684341886080802e-14 498.25494744799914 498.25494744799914 
gen 209 27376 498.2549474479992 5.684341886080802e-14 498.25494744799914 498.25494744799914 
gen 210 27504 498.2549474479992 5.684341886080802e-14 498.25494744799914 498.25494744799914 
gen 211 27632 498.2549474479992 5.684341886080802e-14 498.25494744799914 498.25494744799914 
gen 212 27760 498.2549474479992 5.684341886080802e-14 498.25494744799914 498.25494744799914 
gen 213 27888 498.2549474479992 5.684341886080802e-14 498.25494744799914 498.25494744799914 
gen 214 28016 498.2549474479992 5.684341886080802e-14 498.25494744799914 498.25494744799914 
gen 215 28144 498.2549474479992 5.684341886080802e-14 498.25494744799914 498.25494744799914 
gen 216 28272 498.2549474479992 5.684341886080802e-14 498.25494744799914 498.25494744799914 
gen 217 28400 498.2549474479992 5.684341886080802e-14 498.25494744799914 498.25494744799914 
gen 218 28528 498.2549474479992 5.684341886080802e-14 498.25494744799914 498.25494744799914 
gen 219 28656 498.2549474479992 5.684341886080802e-14 498.25494744799914 498.25494744799914 
gen 220 28784 498.2549474479992 5.684341886080802e-14 498.25494744799914 498.25494744799914 
gen 221 28922 498.2549474479992 5.684341886080802e-14 498.25494744799914 498.25494744799914 
gen 222 29050 498.2549474479992 5.684341886080802e-14 498.25494744799914 498.25494744799914 
gen 223 29178 498.2549474479992 5.684341886080802e-14 498.25494744799914 498.25494744799914 
gen 224 29306 498.2549474479992 5.684341886080802e-14 498.25494744799914 498.25494744799914 
gen 225 29434 498.2549474479992 5.684341886080802e-14 498.25494744799914 498.25494744799914 
gen 226 29562 498.2549474479992 5.684341886080802e-14 498.25494744799914 498.25494744799914 
gen 227 29690 498.2549474479992 5.684341886080802e-14 498.25494744799914 498.25494744799914 
gen 228 29818 498.2549474479992 5.684341886080802e-14 498.25494744799914 498.25494744799914 
gen 229 29946 498.2549474479992 5.684341886080802e-14 498.25494744799914 498.25494744799914 
gen 230 30074 498.2549474479992 5.684341886080802e-14 498.25494744799914 498.25494744799914 
gen 231 30202 498.2549474479992 5.684341886080802e-14 498.25494744799914 498.25494744799914 
gen 232 30330 498.2549474479992 5.684341886080802e-14 498.25494744799914 498.25494744799914 
gen 233 30458 498.2549474479992 5.684341886080802e-14 498.25494744799914 498.25494744799914 
gen 234 30596 498.2549474479992 5.684341886080802e-14 498.25494744799914 498.25494744799914 
gen 235 30734 498.2549474479992 5.684341886080802e-14 498.25494744799914 498.25494744799914 
gen 236 30862 498.2549474479992 5.684341886080802e-14 498.25494744799914 498.25494744799914 
gen 237 30990 498.2549474479992 5.684341886080802e-14 498.25494744799914 498.25494744799914 
gen 238 31118 498.2549474479992 5.684341886080802e-14 498.25494744799914 498.25494744799914 
gen 239 31246 498.2549474479992 5.684341886080802e-14 498.25494744799914 498.25494744799914 
gen 240 31374 498.2549474479992 5.684341886080802e-14 498.25494744799914 498.25494744799914 
gen 241 31502 498.2549474479992 5.684341886080802e-14 498.25494744799914 498.25494744799914 
gen 242 31630 498.2549474479992 5.684341886080802e-14 498.25494744799914 498.25494744799914 
gen 243 31758 498.2549474479992 5.684341886080802e-14 498.25494744799914 498.25494744799914 
gen 244 31886 498.2549474479992 5.684341886080802e-14 498.25494744799914 498.25494744799914 
gen 245 32014 498.2549474479992 5.684341886080802e-14 498.25494744799914 498.25494744799914 
gen 246 32152 498.2549474479992 5.684341886080802e-14 498.25494744799914 498.25494744799914 
gen 247 32290 498.2549474479992 5.684341886080802e-14 498.25494744799914 498.25494744799914 
gen 248 32428 498.2549474479992 5.684341886080802e-14 498.25494744799914 498.25494744799914 
gen 249 32566 498.2549474479992 5.684341886080802e-14 498.25494744799914 498.25494744799914 
gen 250 32694 498.2549474479992 5.684341886080802e-14 498.25494744799914 498.25494744799914 
gen 251 32822 498.2549474479992 5.684341886080802e-14 498.25494744799914 498.25494744799914 
gen 252 32950 498.2549474479992 5.684341886080802e-14 498.25494744799914 498.25494744799914 
gen 253 33078 498.2549474479992 5.684341886080802e-14 498.25494744799914 498.25494744799914 
gen 254 33206 498.2549474479992 5.684341886080802e-14 498.25494744799914 498.25494744799914 
gen 255 33344 498.2549474479992 5.684341886080802e-14 498.25494744799914 498.25494744799914 
gen 256 33482 498.2549474479992 5.684341886080802e-14 498.25494744799914 498.25494744799914 
gen 257 33610 498.2549474479992 5.684341886080802e-14 498.25494744799914 498.25494744799914 
gen 258 33738 498.2549474479992 5.684341886080802e-14 498.25494744799914 498.25494744799914 
gen 259 33876 498.2549474479992 5.684341886080802e-14 498.25494744799914 498.25494744799914 
gen 260 34004 498.2549474479992 5.684341886080802e-14 498.25494744799914 498.25494744799914 
gen 261 34132 498.2549474479992 5.684341886080802e-14 498.25494744799914 498.25494744799914 
gen 262 34270 498.2549474479992 5.684341886080802e-14 498.25494744799914 498.25494744799914 
gen 263 34398 498.2549474479992 5.684341886080802e-14 498.25494744799914 498.25494744799914 
gen 264 34526 498.2549474479992 5.684341886080802e-14 498.25494744799914 498.25494744799914 
gen 265 34654 498.2549474479992 5.684341886080802e-14 498.25494744799914 498.25494744799914 
gen 266 34782 498.2549474479992 5.684341886080802e-14 498.25494744799914 498.25494744799914 
gen 267 34910 498.2549474479992 5.684341886080802e-14 498.25494744799914 498.25494744799914 
gen 268 35038 498.2549474479992 5.684341886080802e-14 498.25494744799914 498.25494744799914 
gen 269 35166 498.2549474479992 5.684341886080802e-14 498.25494744799914 498.25494744799914 
gen 270 35294 498.2549474479992 5.684341886080802e-14 498.25494744799914 498.25494744799914 
gen 271 35432 498.2549474479992 5.684341886080802e-14 498.25494744799914 498.25494744799914 
gen 272 35560 498.2549474479992 5.684341886080802e-14 498.25494744799914 498.25494744799914 
gen 273 35688 498.2549474479992 5.684341886080802e-14 498.25494744799914 498.25494744799914 
gen 274 35816 498.2549474479992 5.684341886080802e-14 498.25494744799914 498.25494744799914 
gen 275 35944 498.2549474479992 5.684341886080802e-14 498.25494744799914 498.25494744799914 
gen 276 36072 498.2549474479992 5.684341886080802e-14 498.25494744799914 498.25494744799914 
gen 277 36210 498.2549474479992 5.684341886080802e-14 498.25494744799914 498.25494744799914 
gen 278 36348 498.2549474479992 5.684341886080802e-14 498.25494744799914 498.25494744799914 
gen 279 36476 498.2549474479992 5.684341886080802e-14 498.25494744799914 498.25494744799914 
gen 280 36604 498.2549474479992 5.684341886080802e-14 498.25494744799914 498.25494744799914 
gen 281 36732 498.2549474479992 5.684341886080802e-14 498.25494744799914 498.25494744799914 
gen 282 36860 498.2549474479992 5.684341886080802e-14 498.25494744799914 498.25494744799914 
gen 283 36998 498.2549474479992 5.684341886080802e-14 498.25494744799914 498.25494744799914 
gen 284 37126 498.2549474479992 5.684341886080802e-14 498.25494744799914 498.25494744799914 
gen 285 37254 498.2549474479992 5.684341886080802e-14 498.25494744799914 498.25494744799914 
gen 286 37382 498.2549474479992 5.684341886080802e-14 498.25494744799914 498.25494744799914 
gen 287 37510 498.2549474479992 5.684341886080802e-14 498.25494744799914 498.25494744799914 
gen 288 37638 498.2549474479992 5.684341886080802e-14 498.25494744799914 498.25494744799914 
gen 289 37766 498.2549474479992 5.684341886080802e-14 498.25494744799914 498.25494744799914 
gen 290 37904 498.2549474479992 5.684341886080802e-14 498.25494744799914 498.25494744799914 
gen 291 38032 498.2549474479992 5.684341886080802e-14 498.25494744799914 498.25494744799914 
gen 292 38160 498.2549474479992 5.684341886080802e-14 498.25494744799914 498.25494744799914 
gen 293 38288 498.2549474479992 5.684341886080802e-14 498.25494744799914 498.25494744799914 
gen 294 38416 498.2549474479992 5.684341886080802e-14 498.25494744799914 498.25494744799914 
gen 295 38544 498.2549474479992 5.684341886080802e-14 498.25494744799914 498.25494744799914 
gen 296 38672 498.2549474479992 5.684341886080802e-14 498.25494744799914 498.25494744799914 
gen 297 38810 498.2549474479992 5.684341886080802e-14 498.25494744799914 498.25494744799914 
gen 298 38948 498.2549474479992 5.684341886080802e-14 498.25494744799914 498.25494744799914 
gen 299 39076 498.2549474479992 5.684341886080802e-14 498.25494744799914 498.25494744799914 
gen 300 39204 498.2549474479992 5.684341886080802e-14 498.25494744799914 498.25494744799914 
gen 301 39332 498.2549474479992 5.684341886080802e-14 498.25494744799914 498.25494744799914 
gen 302 39460 498.2549474479992 5.684341886080802e-14 498.25494744799914 498.25494744799914 
gen 303 39588 498.2549474479992 5.684341886080802e-14 498.25494744799914 498.25494744799914 
gen 304 39716 498.2549474479992 5.684341886080802e-14 498.25494744799914 498.25494744799914 
gen 305 39854 498.2549474479992 5.684341886080802e-14 498.25494744799914 498.25494744799914 
gen 306 39982 498.2549474479992 5.684341886080802e-14 498.25494744799914 498.25494744799914 
gen 307 40110 498.2549474479992 5.684341886080802e-14 498.25494744799914 498.25494744799914 
gen 308 40238 498.2549474479992 5.684341886080802e-14 498.25494744799914 498.25494744799914 
gen 309 40366 498.2549474479992 5.684341886080802e-14 498.25494744799914 498.25494744799914 
gen 310 40494 498.2549474479992 5.684341886080802e-14 498.25494744799914 498.25494744799914 
gen 311 40622 498.2549474479992 5.684341886080802e-14 498.25494744799914 498.25494744799914 
gen 312 40750 498.2549474479992 5.684341886080802e-14 498.25494744799914 498.25494744799914 
gen 313 40878 498.2549474479992 5.684341886080802e-14 498.25494744799914 498.25494744799914 
gen 314 41006 498.2549474479992 5.684341886080802e-14 498.25494744799914 498.25494744799914 
gen 315 41134 498.2549474479992 5.684341886080802e-14 498.25494744799914 498.25494744799914 
gen 316 41272 498.2549474479992 5.684341886080802e-14 498.25494744799914 498.25494744799914 
gen 317 41400 498.2549474479992 5.684341886080802e-14 498.25494744799914 498.25494744799914 
gen 318 41528 498.2549474479992 5.684341886080802e-14 498.25494744799914 498.25494744799914 
gen 319 41656 498.2549474479992 5.684341886080802e-14 498.25494744799914 498.25494744799914 
gen 320 41794 498.2549474479992 5.684341886080802e-14 498.25494744799914 498.25494744799914 
gen 321 41922 498.2549474479992 5.684341886080802e-14 498.25494744799914 498.25494744799914 
gen 322 42050 498.2549474479992 5.684341886080802e-14 498.25494744799914 498.25494744799914 
gen 323 42178 498.2549474479992 5.684341886080802e-14 498.25494744799914 498.25494744799914 
gen 324 42306 498.2549474479992 5.684341886080802e-14 498.25494744799914 498.25494744799914 
gen 325 42434 498.2549474479992 5.684341886080802e-14 498.25494744799914 498.25494744799914 
gen 326 42562 498.2549474479992 5.684341886080802e-14 498.25494744799914 498.25494744799914 
gen 327 42700 498.2549474479992 5.684341886080802e-14 498.25494744799914 498.25494744799914 
gen 328 42838 498.2549474479992 5.684341886080802e-14 498.25494744799914 498.25494744799914 
gen 329 42966 498.2549474479992 5.684341886080802e-14 498.25494744799914 498.25494744799914 
gen 330 43094 498.2549474479992 5.684341886080802e-14 498.25494744799914 498.25494744799914 
gen 331 43222 498.2549474479992 5.684341886080802e-14 498.25494744799914 498.25494744799914 
gen 332 43350 498.2549474479992 5.684341886080802e-14 498.25494744799914 498.25494744799914 
gen 333 43478 498.2549474479992 5.684341886080802e-14 498.25494744799914 498.25494744799914 
gen 334 43606 498.2549474479992 5.684341886080802e-14 498.25494744799914 498.25494744799914 
gen 335 43734 498.2549474479992 5.684341886080802e-14 498.25494744799914 498.25494744799914 
gen 336 43862 498.2549474479992 5.684341886080802e-14 498.25494744799914 498.25494744799914 
gen 337 43990 498.2549474479992 5.684341886080802e-14 498.25494744799914 498.25494744799914 
gen 338 44128 498.2549474479992 5.684341886080802e-14 498.25494744799914 498.25494744799914 
gen 339 44256 498.2549474479992 5.684341886080802e-14 498.25494744799914 498.25494744799914 
gen 340 44384 498.2549474479992 5.684341886080802e-14 498.25494744799914 498.25494744799914 
gen 341 44512 498.2549474479992 5.684341886080802e-14 498.25494744799914 498.25494744799914 
gen 342 44640 498.2549474479992 5.684341886080802e-14 498.25494744799914 498.25494744799914 
gen 343 44768 498.2549474479992 5.684341886080802e-14 498.25494744799914 498.25494744799914 
gen 344 44906 498.2549474479992 5.684341886080802e-14 498.25494744799914 498.25494744799914 
[4, 7, 5, 1, 6, 2, 0, 3, 4, 7, 5, 1, 2, 0, 3, 6, 6, 7, 5, 4, 1, 2, 3, 0, 6, 0, 1, 7, 4, 3, 2, 5, 4, 0, 7, 1, 5, 2, 3, 6, 3, 6, 0, 1, 7, 4, 5, 2, 3, 4, 7, 5, 6, 1, 0, 2, 3, 4, 7, 5, 0, 1, 6, 2]
min  498.25494744799914
NFE 44906
LSNFE 810
VLSNFE 23
runTime 119.23583340644836
