gen 0 25 800000000003504.4 2712931993249074.0 1685.6763438600574 1e+16 
gen 1 235 2056.320034952365 268.8437920953853 1562.0029486302212 2480.2300306692323 
gen 2 375 1763.0541015140584 136.9241230100132 1476.3530975954727 1977.0134870183117 
gen 3 555 1670.4165134767056 108.39640916087059 1476.3530975954727 1814.010519881214 
gen 4 755 1589.6301985291016 78.27717799650644 1416.6152382155465 1696.7431199202183 
gen 5 895 1560.2751820694868 75.60624787282131 1399.434311496964 1665.3690058451834 
gen 6 1165 1512.1552785282793 79.83928806532099 1312.3441628835285 1628.8287862985153 
gen 7 1415 1470.3116257731517 72.4755114655072 1242.2986184596107 1562.0029486302212 
gen 8 1575 1448.8784899118057 64.66764464939503 1242.2986184596107 1511.67325949121 
gen 9 1755 1423.021636847759 70.15765286545779 1242.2986184596107 1503.846124210534 
gen 10 1985 1382.6983176248652 62.057761676988356 1242.2986184596107 1476.3530975954727 
gen 11 2175 1342.2169798755158 42.538309845088065 1242.2986184596107 1399.3535194256 
gen 12 2405 1323.958711333571 33.30979403039965 1242.2986184596107 1381.0576475777614 
gen 13 2605 1310.9884352338104 28.452516812523992 1242.2986184596107 1352.52499284459 
gen 14 2815 1293.849963083063 23.893696744760273 1242.2986184596107 1336.785153529615 
gen 15 3025 1280.5442501766433 20.924928656699063 1242.2986184596107 1308.232628406771 
gen 16 3155 1266.411941451902 16.896537405793463 1240.8408278437819 1291.5940103058074 
gen 17 3325 1248.0887243619366 10.093889467008951 1217.7939588238921 1264.5130791068323 
gen 18 3565 1238.4048654877276 8.120936790137783 1217.7939588238921 1242.2986184596107 
gen 19 3765 1236.3848851832204 9.858351986994977 1216.3037704826481 1242.2986184596107 
gen 20 3915 1232.797774567519 11.075238760930617 1216.3037704826481 1242.2986184596107 
gen 21 4055 1225.676013350788 10.050129058204197 1216.3037704826481 1240.8408278437819 
gen 22 4195 1216.6940422655982 1.8853469052686118 1208.178304961475 1217.7939588238921 
gen 23 4405 1215.6537332409544 2.204383537244104 1208.178304961475 1216.3037704826481 
gen 24 4575 1215.3287146201076 2.64046375798221 1208.178304961475 1216.3037704826481 
gen 25 4795 1214.6786773784136 3.250186208469222 1208.178304961475 1216.3037704826481 
gen 26 4995 1213.378602895026 3.9002234501630664 1208.178304961475 1216.3037704826481 
gen 27 5225 1208.0570605493153 0.5939738879102967 1205.1471946574807 1208.178304961475 
gen 28 5405 1208.012242273646 0.6246161353659425 1205.1471946574807 1208.178304961475 
gen 29 5605 1207.5120200741235 2.0709260816830177 1197.9136637568824 1208.178304961475 
gen 30 5775 1207.2431104201078 2.0394566020879825 1197.9136637568824 1208.178304961475 
gen 31 5935 1206.2111145907695 2.6201193153178735 1196.9443488205436 1207.0578480697422 
gen 32 6075 1205.4020346508335 3.608724719033084 1196.9443488205436 1207.0578480697422 
gen 33 6285 1203.8226473684151 4.573475365152777 1196.9443488205436 1207.0578480697422 
gen 34 6495 1199.1316318616364 4.410841349060677 1193.4462433882286 1207.0578480697422 
gen 35 6705 1196.5245761686658 1.1367497150237145 1193.4462433882286 1196.9443488205436 
gen 36 6885 1196.3846519513731 1.2824266346015822 1193.4462433882286 1196.9443488205436 
gen 37 7105 1195.9648792994954 1.5706454436642632 1193.4462433882286 1196.9443488205436 
gen 38 7275 1195.2652582130324 1.7476529138395065 1193.4462433882286 1196.9443488205436 
gen 39 7455 1194.4257129092769 1.5706454436642632 1193.4462433882286 1196.9443488205436 
gen 40 7625 1193.4462433882286 0.0 1193.4462433882286 1193.4462433882286 
gen 41 7815 1193.4462433882286 0.0 1193.4462433882286 1193.4462433882286 
gen 42 8035 1193.4462433882286 0.0 1193.4462433882286 1193.4462433882286 
gen 43 8195 1193.4462433882286 0.0 1193.4462433882286 1193.4462433882286 
gen 44 8405 1193.4462433882286 0.0 1193.4462433882286 1193.4462433882286 
gen 45 8585 1193.4462433882286 0.0 1193.4462433882286 1193.4462433882286 
gen 46 8795 1193.4462433882286 0.0 1193.4462433882286 1193.4462433882286 
gen 47 9005 1193.4462433882286 0.0 1193.4462433882286 1193.4462433882286 
gen 48 9185 1193.4462433882286 0.0 1193.4462433882286 1193.4462433882286 
gen 49 9365 1193.4462433882286 0.0 1193.4462433882286 1193.4462433882286 
gen 50 9565 1193.4462433882286 0.0 1193.4462433882286 1193.4462433882286 
gen 51 9745 1193.4462433882286 0.0 1193.4462433882286 1193.4462433882286 
gen 52 9975 1193.4462433882286 0.0 1193.4462433882286 1193.4462433882286 
gen 53 10175 1193.4462433882286 0.0 1193.4462433882286 1193.4462433882286 
gen 54 10385 1193.4462433882286 0.0 1193.4462433882286 1193.4462433882286 
gen 55 10575 1193.4462433882286 0.0 1193.4462433882286 1193.4462433882286 
gen 56 10755 1193.4462433882286 0.0 1193.4462433882286 1193.4462433882286 
gen 57 10965 1193.4462433882286 0.0 1193.4462433882286 1193.4462433882286 
gen 58 11165 1193.4462433882286 0.0 1193.4462433882286 1193.4462433882286 
gen 59 11365 1193.4462433882286 0.0 1193.4462433882286 1193.4462433882286 
gen 60 11595 1193.4462433882286 0.0 1193.4462433882286 1193.4462433882286 
gen 61 11765 1193.4462433882286 0.0 1193.4462433882286 1193.4462433882286 
gen 62 11965 1193.4462433882286 0.0 1193.4462433882286 1193.4462433882286 
gen 63 12145 1193.4462433882286 0.0 1193.4462433882286 1193.4462433882286 
gen 64 12395 1193.4462433882286 0.0 1193.4462433882286 1193.4462433882286 
gen 65 12625 1193.4462433882286 0.0 1193.4462433882286 1193.4462433882286 
gen 66 12815 1193.4462433882286 0.0 1193.4462433882286 1193.4462433882286 
gen 67 12985 1193.4462433882286 0.0 1193.4462433882286 1193.4462433882286 
gen 68 13205 1193.4462433882286 0.0 1193.4462433882286 1193.4462433882286 
gen 69 13425 1193.4462433882286 0.0 1193.4462433882286 1193.4462433882286 
gen 70 13595 1193.4462433882286 0.0 1193.4462433882286 1193.4462433882286 
gen 71 13735 1193.4462433882286 0.0 1193.4462433882286 1193.4462433882286 
gen 72 13995 1193.4462433882286 0.0 1193.4462433882286 1193.4462433882286 
gen 73 14195 1193.4462433882286 0.0 1193.4462433882286 1193.4462433882286 
gen 74 14335 1193.4462433882286 0.0 1193.4462433882286 1193.4462433882286 
gen 75 14515 1193.4462433882286 0.0 1193.4462433882286 1193.4462433882286 
gen 76 14665 1193.4462433882286 0.0 1193.4462433882286 1193.4462433882286 
gen 77 14825 1193.4462433882286 0.0 1193.4462433882286 1193.4462433882286 
gen 78 14995 1193.4462433882286 0.0 1193.4462433882286 1193.4462433882286 
gen 79 15235 1193.4462433882286 0.0 1193.4462433882286 1193.4462433882286 
gen 80 15415 1193.4462433882286 0.0 1193.4462433882286 1193.4462433882286 
gen 81 15615 1193.4462433882286 0.0 1193.4462433882286 1193.4462433882286 
gen 82 15775 1193.4462433882286 0.0 1193.4462433882286 1193.4462433882286 
gen 83 15995 1193.4462433882286 0.0 1193.4462433882286 1193.4462433882286 
gen 84 16165 1193.4462433882286 0.0 1193.4462433882286 1193.4462433882286 
gen 85 16355 1193.4462433882286 0.0 1193.4462433882286 1193.4462433882286 
gen 86 16555 1193.4462433882286 0.0 1193.4462433882286 1193.4462433882286 
gen 87 16715 1193.4462433882286 0.0 1193.4462433882286 1193.4462433882286 
gen 88 16895 1193.4462433882286 0.0 1193.4462433882286 1193.4462433882286 
gen 89 17115 1193.4462433882286 0.0 1193.4462433882286 1193.4462433882286 
gen 90 17325 1193.4462433882286 0.0 1193.4462433882286 1193.4462433882286 
gen 91 17525 1193.4462433882286 0.0 1193.4462433882286 1193.4462433882286 
[0, 1, 2, 4, 3, 0, 1, 2, 4, 3, 0, 1, 2, 4, 3, 0, 1, 2, 4, 3, 1, 2, 4, 3, 0]
min  1193.4462433882286
NFE 17525
LSNFE 12950
VLSNFE 667
runTime 13.841222286224365
