gen 0 25 2800000000002798.0 4489988864126984.5 1694.2211812307573 1e+16 
gen 1 225 2016.1990767548104 243.21702237407519 1526.0556344704762 2432.8408032069715 
gen 2 445 1729.0680666970793 125.9546590344853 1526.0556344704762 1946.1833868757012 
gen 3 675 1652.3404746701333 104.74347205620823 1290.6371345286377 1811.836697177373 
gen 4 895 1616.8720933323054 86.88841304343495 1290.6371345286377 1717.1226408392604 
gen 5 1075 1553.7674317743886 80.98815053059735 1290.6371345286377 1636.1124021623364 
gen 6 1295 1525.070164760627 83.04463028764023 1290.6371345286377 1612.9298191885719 
gen 7 1515 1499.162750886429 87.92534831588232 1290.6371345286377 1586.2630745188899 
gen 8 1705 1469.011329325037 82.50373828163008 1290.6371345286377 1567.9442350980435 
gen 9 1885 1447.5470651172532 69.25217560237182 1290.6371345286377 1535.7993124154302 
gen 10 2055 1427.7949278975577 67.87912776443964 1290.6371345286377 1526.0556344704762 
gen 11 2235 1382.9582298345465 60.62452024921868 1290.6371345286377 1470.8379849188964 
gen 12 2395 1322.7519217218316 20.40663663929322 1290.6371345286377 1364.6004261048188 
gen 13 2635 1306.1606199915832 10.729363993794498 1281.419960217094 1322.1590266731755 
gen 14 2825 1295.428889689513 10.796134520798136 1270.9542374978494 1303.0100031106304 
gen 15 3035 1289.0461505673186 12.965719393299668 1263.2170463068787 1303.0100031106304 
gen 16 3245 1275.7396093673012 10.417332673886046 1251.134491767023 1290.6371345286377 
gen 17 3435 1268.2368559244755 9.716312735448268 1251.134491767023 1281.419960217094 
gen 18 3705 1261.7883886149634 9.093646298050361 1251.134491767023 1270.9542374978494 
gen 19 3895 1249.4392155320932 9.258391559680947 1226.4260543338385 1263.2170463068787 
gen 20 4055 1244.1439414220506 11.05461033121759 1226.4260543338385 1251.134491767023 
gen 21 4255 1235.5519261852478 11.53891080448328 1226.4260543338385 1251.134491767023 
gen 22 4445 1226.4260543338385 0.0 1226.4260543338385 1226.4260543338385 
gen 23 4685 1226.4260543338385 0.0 1226.4260543338385 1226.4260543338385 
gen 24 4835 1226.4260543338385 0.0 1226.4260543338385 1226.4260543338385 
gen 25 4995 1226.4260543338385 0.0 1226.4260543338385 1226.4260543338385 
gen 26 5245 1226.4260543338385 0.0 1226.4260543338385 1226.4260543338385 
gen 27 5435 1226.4260543338385 0.0 1226.4260543338385 1226.4260543338385 
gen 28 5645 1226.4260543338385 0.0 1226.4260543338385 1226.4260543338385 
gen 29 5885 1226.4260543338385 0.0 1226.4260543338385 1226.4260543338385 
gen 30 6085 1226.4260543338385 0.0 1226.4260543338385 1226.4260543338385 
gen 31 6295 1226.4260543338385 0.0 1226.4260543338385 1226.4260543338385 
gen 32 6505 1226.4260543338385 0.0 1226.4260543338385 1226.4260543338385 
gen 33 6715 1226.4260543338385 0.0 1226.4260543338385 1226.4260543338385 
gen 34 6895 1226.4260543338385 0.0 1226.4260543338385 1226.4260543338385 
gen 35 7095 1226.4260543338385 0.0 1226.4260543338385 1226.4260543338385 
gen 36 7285 1226.4260543338385 0.0 1226.4260543338385 1226.4260543338385 
gen 37 7455 1226.4260543338385 0.0 1226.4260543338385 1226.4260543338385 
gen 38 7625 1226.4260543338385 0.0 1226.4260543338385 1226.4260543338385 
gen 39 7805 1226.4260543338385 0.0 1226.4260543338385 1226.4260543338385 
gen 40 8015 1226.4260543338385 0.0 1226.4260543338385 1226.4260543338385 
gen 41 8185 1226.4260543338385 0.0 1226.4260543338385 1226.4260543338385 
gen 42 8365 1226.4260543338385 0.0 1226.4260543338385 1226.4260543338385 
gen 43 8525 1226.4260543338385 0.0 1226.4260543338385 1226.4260543338385 
gen 44 8725 1226.4260543338385 0.0 1226.4260543338385 1226.4260543338385 
gen 45 8975 1226.4260543338385 0.0 1226.4260543338385 1226.4260543338385 
gen 46 9195 1226.4260543338385 0.0 1226.4260543338385 1226.4260543338385 
gen 47 9365 1226.4260543338385 0.0 1226.4260543338385 1226.4260543338385 
gen 48 9535 1226.4260543338385 0.0 1226.4260543338385 1226.4260543338385 
gen 49 9675 1226.4260543338385 0.0 1226.4260543338385 1226.4260543338385 
gen 50 9915 1226.4260543338385 0.0 1226.4260543338385 1226.4260543338385 
gen 51 10125 1226.4260543338385 0.0 1226.4260543338385 1226.4260543338385 
gen 52 10265 1226.4260543338385 0.0 1226.4260543338385 1226.4260543338385 
gen 53 10495 1226.4260543338385 0.0 1226.4260543338385 1226.4260543338385 
gen 54 10715 1226.4260543338385 0.0 1226.4260543338385 1226.4260543338385 
gen 55 10915 1226.4260543338385 0.0 1226.4260543338385 1226.4260543338385 
gen 56 11165 1226.4260543338385 0.0 1226.4260543338385 1226.4260543338385 
gen 57 11345 1226.4260543338385 0.0 1226.4260543338385 1226.4260543338385 
gen 58 11585 1226.4260543338385 0.0 1226.4260543338385 1226.4260543338385 
gen 59 11755 1226.4260543338385 0.0 1226.4260543338385 1226.4260543338385 
gen 60 11915 1226.4260543338385 0.0 1226.4260543338385 1226.4260543338385 
gen 61 12055 1226.4260543338385 0.0 1226.4260543338385 1226.4260543338385 
gen 62 12185 1226.4260543338385 0.0 1226.4260543338385 1226.4260543338385 
gen 63 12415 1226.4260543338385 0.0 1226.4260543338385 1226.4260543338385 
gen 64 12595 1226.4260543338385 0.0 1226.4260543338385 1226.4260543338385 
gen 65 12735 1226.4260543338385 0.0 1226.4260543338385 1226.4260543338385 
gen 66 12945 1226.4260543338385 0.0 1226.4260543338385 1226.4260543338385 
gen 67 13175 1226.4260543338385 0.0 1226.4260543338385 1226.4260543338385 
gen 68 13315 1226.4260543338385 0.0 1226.4260543338385 1226.4260543338385 
gen 69 13485 1226.4260543338385 0.0 1226.4260543338385 1226.4260543338385 
gen 70 13745 1226.4260543338385 0.0 1226.4260543338385 1226.4260543338385 
gen 71 13965 1226.4260543338385 0.0 1226.4260543338385 1226.4260543338385 
gen 72 14105 1226.4260543338385 0.0 1226.4260543338385 1226.4260543338385 
gen 73 14345 1226.4260543338385 0.0 1226.4260543338385 1226.4260543338385 
gen 74 14535 1226.4260543338385 0.0 1226.4260543338385 1226.4260543338385 
gen 75 14755 1226.4260543338385 0.0 1226.4260543338385 1226.4260543338385 
gen 76 14975 1226.4260543338385 0.0 1226.4260543338385 1226.4260543338385 
gen 77 15205 1226.4260543338385 0.0 1226.4260543338385 1226.4260543338385 
gen 78 15395 1226.4260543338385 0.0 1226.4260543338385 1226.4260543338385 
gen 79 15545 1226.4260543338385 0.0 1226.4260543338385 1226.4260543338385 
gen 80 15755 1226.4260543338385 0.0 1226.4260543338385 1226.4260543338385 
gen 81 15945 1226.4260543338385 0.0 1226.4260543338385 1226.4260543338385 
gen 82 16135 1226.4260543338385 0.0 1226.4260543338385 1226.4260543338385 
gen 83 16335 1226.4260543338385 0.0 1226.4260543338385 1226.4260543338385 
gen 84 16575 1226.4260543338385 0.0 1226.4260543338385 1226.4260543338385 
gen 85 16675 1226.4260543338385 0.0 1226.4260543338385 1226.4260543338385 
gen 86 16855 1226.4260543338385 0.0 1226.4260543338385 1226.4260543338385 
gen 87 17115 1226.4260543338385 0.0 1226.4260543338385 1226.4260543338385 
gen 88 17295 1226.4260543338385 0.0 1226.4260543338385 1226.4260543338385 
gen 89 17565 1226.4260543338385 0.0 1226.4260543338385 1226.4260543338385 
[1, 2, 0, 4, 3, 1, 2, 0, 4, 3, 1, 2, 0, 4, 3, 1, 2, 0, 4, 3, 1, 2, 0, 4, 3]
min  1226.4260543338385
NFE 17565
LSNFE 13090
VLSNFE 516
runTime 14.499846458435059
