gen 0 25 2400000000003190.5 4270831300810732.5 1703.271758867315 1e+16 
gen 1 285 1871.2122638086344 147.44070690995753 1516.099973475805 2046.8587465686956 
gen 2 475 1745.2990395628956 125.36929247340146 1484.55405342698 1902.556152711019 
gen 3 735 1680.2815177273835 100.12555868599982 1484.55405342698 1821.0284834077042 
gen 4 935 1634.4533905601286 87.07476186597631 1408.3883907810862 1794.1188612752298 
gen 5 1095 1570.0057364729603 88.07615293753342 1285.5755090573505 1656.8119428105124 
gen 6 1335 1525.049784003963 95.78619646927024 1285.5755090573505 1622.772551993358 
gen 7 1475 1465.989359582153 89.50211587346126 1285.5755090573505 1571.8261924069122 
gen 8 1675 1418.955778419478 72.64679748120832 1266.0649287478254 1516.099973475805 
gen 9 1865 1334.8910753376397 40.69771003536359 1266.0649287478254 1402.8175015028162 
gen 10 2075 1306.3872811289389 23.773927077176506 1266.0649287478254 1342.512722250954 
gen 11 2295 1279.6359632673602 18.86997998390504 1241.862205244555 1307.2156853536603 
gen 12 2445 1260.7375237018764 17.028058381239894 1241.862205244555 1285.5755090573505 
gen 13 2605 1242.1071200520498 2.8895276851174523 1236.147111248084 1254.597720343127 
gen 14 2765 1240.7446102090462 2.05526170976315 1236.147111248084 1241.862205244555 
gen 15 2965 1238.4755918243836 1.9026658701384112 1236.147111248084 1241.862205244555 
gen 16 3215 1236.9091938190163 1.0161100945762154 1236.147111248084 1238.2640072784511 
gen 17 3425 1236.147111248084 0.0 1236.147111248084 1236.147111248084 
gen 18 3605 1236.147111248084 0.0 1236.147111248084 1236.147111248084 
gen 19 3805 1234.5725666137353 5.886830336231453 1207.7016873814568 1236.147111248084 
gen 20 3995 1234.1358389340514 6.152806070971688 1207.7016873814568 1236.147111248084 
gen 21 4225 1231.6878389403353 8.287800967491476 1207.7016873814568 1236.147111248084 
gen 22 4395 1230.8143835809676 8.34693496619432 1207.7016873814568 1236.147111248084 
gen 23 4645 1225.0906771435345 7.866480974163358 1207.7016873814568 1236.147111248084 
gen 24 4885 1220.8490221373606 6.85831052898167 1207.7016873814568 1225.2289192559908 
gen 25 5125 1213.9738830391136 6.026130665789173 1207.7016873814568 1219.7636021077199 
gen 26 5305 1207.7016873814568 0.0 1207.7016873814568 1207.7016873814568 
gen 27 5495 1207.7016873814568 0.0 1207.7016873814568 1207.7016873814568 
gen 28 5705 1207.7016873814568 0.0 1207.7016873814568 1207.7016873814568 
gen 29 5875 1207.7016873814568 0.0 1207.7016873814568 1207.7016873814568 
gen 30 6125 1207.7016873814568 0.0 1207.7016873814568 1207.7016873814568 
gen 31 6385 1207.7016873814568 0.0 1207.7016873814568 1207.7016873814568 
gen 32 6545 1207.7016873814568 0.0 1207.7016873814568 1207.7016873814568 
gen 33 6745 1207.7016873814568 0.0 1207.7016873814568 1207.7016873814568 
gen 34 6945 1207.7016873814568 0.0 1207.7016873814568 1207.7016873814568 
gen 35 7115 1207.7016873814568 0.0 1207.7016873814568 1207.7016873814568 
gen 36 7375 1207.7016873814568 0.0 1207.7016873814568 1207.7016873814568 
gen 37 7595 1207.7016873814568 0.0 1207.7016873814568 1207.7016873814568 
gen 38 7795 1207.7016873814568 0.0 1207.7016873814568 1207.7016873814568 
gen 39 8015 1207.7016873814568 0.0 1207.7016873814568 1207.7016873814568 
gen 40 8195 1207.7016873814568 0.0 1207.7016873814568 1207.7016873814568 
gen 41 8395 1207.7016873814568 0.0 1207.7016873814568 1207.7016873814568 
gen 42 8635 1207.7016873814568 0.0 1207.7016873814568 1207.7016873814568 
gen 43 8835 1207.7016873814568 0.0 1207.7016873814568 1207.7016873814568 
gen 44 8975 1207.7016873814568 0.0 1207.7016873814568 1207.7016873814568 
gen 45 9115 1207.7016873814568 0.0 1207.7016873814568 1207.7016873814568 
gen 46 9305 1207.7016873814568 0.0 1207.7016873814568 1207.7016873814568 
gen 47 9495 1207.7016873814568 0.0 1207.7016873814568 1207.7016873814568 
gen 48 9705 1207.7016873814568 0.0 1207.7016873814568 1207.7016873814568 
gen 49 9945 1207.7016873814568 0.0 1207.7016873814568 1207.7016873814568 
gen 50 10175 1207.7016873814568 0.0 1207.7016873814568 1207.7016873814568 
gen 51 10395 1207.7016873814568 0.0 1207.7016873814568 1207.7016873814568 
gen 52 10595 1207.7016873814568 0.0 1207.7016873814568 1207.7016873814568 
gen 53 10735 1207.7016873814568 0.0 1207.7016873814568 1207.7016873814568 
gen 54 10935 1207.7016873814568 0.0 1207.7016873814568 1207.7016873814568 
gen 55 11145 1207.7016873814568 0.0 1207.7016873814568 1207.7016873814568 
gen 56 11385 1207.7016873814568 0.0 1207.7016873814568 1207.7016873814568 
gen 57 11555 1207.7016873814568 0.0 1207.7016873814568 1207.7016873814568 
gen 58 11765 1207.7016873814568 0.0 1207.7016873814568 1207.7016873814568 
gen 59 11965 1207.7016873814568 0.0 1207.7016873814568 1207.7016873814568 
gen 60 12155 1207.7016873814568 0.0 1207.7016873814568 1207.7016873814568 
gen 61 12355 1207.7016873814568 0.0 1207.7016873814568 1207.7016873814568 
gen 62 12485 1207.7016873814568 0.0 1207.7016873814568 1207.7016873814568 
gen 63 12685 1207.7016873814568 0.0 1207.7016873814568 1207.7016873814568 
gen 64 12915 1207.7016873814568 0.0 1207.7016873814568 1207.7016873814568 
gen 65 13095 1207.7016873814568 0.0 1207.7016873814568 1207.7016873814568 
gen 66 13255 1207.7016873814568 0.0 1207.7016873814568 1207.7016873814568 
gen 67 13445 1207.7016873814568 0.0 1207.7016873814568 1207.7016873814568 
gen 68 13645 1207.7016873814568 0.0 1207.7016873814568 1207.7016873814568 
gen 69 13835 1207.7016873814568 0.0 1207.7016873814568 1207.7016873814568 
gen 70 14025 1207.7016873814568 0.0 1207.7016873814568 1207.7016873814568 
gen 71 14245 1207.7016873814568 0.0 1207.7016873814568 1207.7016873814568 
gen 72 14425 1207.7016873814568 0.0 1207.7016873814568 1207.7016873814568 
gen 73 14605 1207.2541198802655 2.1926240067427174 1196.5124998516726 1207.7016873814568 
gen 74 14825 1206.8065523790742 3.035550482802683 1196.5124998516726 1207.7016873814568 
gen 75 15055 1206.8065523790742 3.035550482802683 1196.5124998516726 1207.7016873814568 
gen 76 15265 1206.8065523790742 3.035550482802683 1196.5124998516726 1207.7016873814568 
gen 77 15435 1205.9114173766914 4.102023905623382 1196.5124998516726 1207.7016873814568 
gen 78 15665 1205.0162823743087 4.778713233286374 1196.5124998516726 1207.7016873814568 
gen 79 15825 1205.0162823743087 4.778713233286374 1196.5124998516726 1207.7016873814568 
gen 80 16085 1202.3308773671604 5.590116298176556 1196.5124998516726 1207.7016873814568 
gen 81 16285 1196.5124998516726 0.0 1196.5124998516726 1196.5124998516726 
gen 82 16475 1196.5124998516726 0.0 1196.5124998516726 1196.5124998516726 
gen 83 16675 1196.5124998516726 0.0 1196.5124998516726 1196.5124998516726 
gen 84 16905 1196.5124998516726 0.0 1196.5124998516726 1196.5124998516726 
gen 85 17135 1196.5124998516726 0.0 1196.5124998516726 1196.5124998516726 
gen 86 17335 1196.5124998516726 0.0 1196.5124998516726 1196.5124998516726 
gen 87 17485 1196.5124998516726 0.0 1196.5124998516726 1196.5124998516726 
gen 88 17645 1196.5124998516726 0.0 1196.5124998516726 1196.5124998516726 
[1, 2, 3, 4, 0, 0, 1, 2, 3, 4, 0, 1, 2, 3, 4, 0, 1, 2, 3, 4, 0, 1, 2, 3, 4]
min  1196.5124998516726
NFE 17645
LSNFE 13220
VLSNFE 461
runTime 13.70177435874939
