gen 0 121 773.228306975632 156.956900740073 516.2689880100286 1644.7924812072274 
gen 1 377 627.4775042319018 44.45363581809097 516.2689880100286 689.4026433651054 
gen 2 631 581.4332819168792 32.64069963643344 470.1675695892115 623.9205550914048 
gen 3 894 550.586688838349 28.813643827782876 425.52463322857193 586.9495854884992 
gen 4 1148 531.5614909136872 26.613015102471465 425.52463322857193 562.0957516006558 
gen 5 1396 516.0625600177509 24.766190508688737 425.52463322857193 543.3915646666843 
gen 6 1645 501.15478969233584 25.786273021056665 422.9267951822136 528.480222558848 
gen 7 1899 488.9879984286249 24.890256179492066 408.4246517569947 516.2689880100286 
gen 8 2149 476.96667993427457 22.711845399750878 408.4246517569947 506.55258524921067 
gen 9 2412 466.64450964639775 19.679482543180466 408.4246517569947 490.51522531755074 
gen 10 2670 457.711087973535 17.622443330556422 408.4246517569947 480.2676599202976 
gen 11 2931 447.8752592612694 15.985571130845413 387.63101825910655 470.1675695892115 
gen 12 3193 441.0693622101609 13.596860999162857 387.63101825910655 456.6264718945554 
gen 13 3446 434.39809255937973 15.524657460626809 381.5039396702137 452.31773540047925 
gen 14 3698 428.84997844560917 14.825639395820636 381.5039396702137 446.7495183499555 
gen 15 3952 423.59464906311354 13.325874746342718 381.5039396702137 438.8627041986606 
gen 16 4208 418.7246696595703 11.436993058654364 381.5039396702137 431.7088562583491 
gen 17 4462 415.9200310747461 10.28567596209923 381.5039396702137 428.9350306568014 
gen 18 4723 411.27043755212287 9.3001861655884 381.5039396702137 422.8019700915808 
gen 19 4979 409.2529737348235 8.529095208703582 381.5039396702137 419.37550023827123 
gen 20 5232 406.7680423154683 8.686690802195482 362.74043483953767 416.05780409741124 
gen 21 5489 404.44798256424025 8.743676214218715 362.74043483953767 413.3942739551611 
gen 22 5739 402.00566220560427 8.386295747374186 362.74043483953767 411.9195062169082 
gen 23 5996 398.2752490972628 7.845702570100303 362.74043483953767 407.81657413539006 
gen 24 6247 395.2284921993657 8.12026957923555 362.74043483953767 404.64373391623593 
gen 25 6503 391.90953022802177 7.3746256560888614 362.74043483953767 400.40178221036314 
gen 26 6762 388.74562482139174 6.7935979450484725 362.74043483953767 396.6463330344083 
gen 27 7025 385.4834141146946 6.78456861222118 355.4963713511096 393.39647875931854 
gen 28 7279 383.33626939629664 6.732828294408989 355.4963713511096 390.92769024078075 
gen 29 7531 379.95295917091 6.488255653191732 355.4963713511096 387.63101825910655 
gen 30 7791 377.22962499915496 6.308501299215051 352.7463117044672 384.29939320660895 
gen 31 8052 373.8733548191827 6.701242217635983 339.5530572252114 381.0361890001173 
gen 32 8302 371.8068912558662 6.2966361374460815 339.5530572252114 378.3531491451805 
gen 33 8554 369.80749691676164 5.775357719363675 339.5530572252114 376.5697256413083 
gen 34 8803 367.7142115675135 5.930931333965153 339.5530572252114 373.1298995403356 
gen 35 9054 365.74837301454096 6.450788596454715 339.5530572252114 371.2839869668435 
gen 36 9303 362.66474482582873 6.513396168694709 339.5530572252114 369.296070862586 
gen 37 9557 360.6591404393171 6.237094054983321 339.5530572252114 367.5595313586173 
gen 38 9808 357.51650824290425 5.683321016460381 339.5530572252114 364.57148588935377 
gen 39 10063 353.62567641840434 5.197335402839049 339.25619483045307 360.5544214946003 
gen 40 10316 350.09537322552404 4.5250804404595995 337.7276760659268 356.0687075845492 
gen 41 10572 346.6644392663826 3.472607669347421 337.7276760659268 351.4092516474985 
gen 42 10823 344.6461300867776 2.9692754491039586 335.65894877543894 348.63446664238023 
gen 43 11081 342.70594661995113 2.4057473766763016 335.65894877543894 345.9029055978972 
gen 44 11337 341.45799503926474 2.146367653918195 334.27206699344845 343.3673779166829 
gen 45 11588 340.11066105014436 1.9879929253383612 331.80900729754984 343.2931257337016 
gen 46 11844 338.4232319221331 1.8249260126401063 329.634954305872 340.2727970519079 
gen 47 12095 337.6196114288507 1.646644774228338 329.634954305872 339.40585319833235 
gen 48 12353 336.5061654425374 1.7400822171419221 329.634954305872 338.2137149538609 
gen 49 12603 335.5697236820243 1.8495701283809505 326.5812403262907 337.3666558857445 
gen 50 12854 334.5575658463396 2.1206732599014066 326.5812403262907 336.6495986610938 
gen 51 13109 333.2068081803737 2.027709329346797 326.4790953065851 335.64121204552936 
gen 52 13365 331.20974180763017 2.21381543487566 323.04413850149575 333.703131740579 
gen 53 13615 329.5708199817937 2.104561704731092 323.04413850149575 331.67321711433334 
gen 54 13873 327.647634913812 2.156630546408152 319.5629302835097 330.43162214094406 
gen 55 14129 325.6580300393962 1.6683261953602095 319.5629302835097 327.7950400068496 
gen 56 14387 324.30701578844867 1.3740397321346867 319.5629302835097 326.10207342235714 
gen 57 14644 323.5673228307058 1.1945536890094184 319.5629302835097 325.0864115745652 
gen 58 14892 322.8404104333552 1.0821905252673372 319.335994089038 324.1126974470153 
gen 59 15153 322.20078390679464 1.042913547504262 319.00923651338894 323.3520792268633 
gen 60 15408 321.6330440948418 1.0217715564989105 319.00923651338894 322.70978314474047 
gen 61 15659 321.16859294802555 0.9374773895310187 319.00923651338894 322.2845601197776 
gen 62 15912 320.65194674583773 0.8511332115529459 319.00923651338894 321.74615114024465 
gen 63 16166 320.06820328239587 0.6304045659878041 319.00923651338894 321.1232182753445 
gen 64 16420 319.57589423125546 0.3118596598743582 319.00923651338894 320.42963690625106 
gen 65 16674 319.3948372452898 0.23865652505864635 319.00923651338894 319.5629302835097 
gen 66 16930 319.1723914911582 0.2201357032833312 319.00923651338894 319.5629302835097 
gen 67 17186 319.0092365133888 1.1368683772161603e-13 319.00923651338894 319.00923651338894 
gen 68 17437 319.0081532174097 0.0118669128851069 318.8781576999073 319.00923651338894 
gen 69 17695 319.004401618961 0.03349803733583838 318.6863719145867 319.00923651338894 
gen 70 17945 318.997981718043 0.05370123141383819 318.6863719145867 319.00923651338894 
gen 71 18200 318.9860777172809 0.07553705878421206 318.6863719145867 319.00923651338894 
gen 72 18455 318.9651663047424 0.1119516093619338 318.2947292453648 319.00923651338894 
gen 73 18706 318.93782181962285 0.12861480358006191 318.2947292453648 319.00923651338894 
gen 74 18959 318.85047974791337 0.19614141166126692 317.64078431168673 319.00923651338894 
gen 75 19212 318.72318586544054 0.18792780947773072 317.64078431168673 318.8781576999073 
gen 76 19458 318.61540392883694 0.24036768181100154 317.64078431168673 318.6863719145867 
gen 77 19706 318.5356386961448 0.3391796820309559 317.64078431168673 318.6863719145867 
gen 78 19956 318.42737822423885 0.4165831769343472 317.64078431168673 318.6863719145867 
gen 79 20217 318.07263878888585 0.45343362633831724 317.64078431168673 318.6863719145867 
gen 80 20470 317.6407843116868 5.684341886080802e-14 317.64078431168673 317.64078431168673 
gen 81 20727 317.6314175363645 0.10260788270210962 316.50740449768864 317.64078431168673 
gen 82 20981 317.6299453379517 0.1037346724537533 316.50740449768864 317.64078431168673 
gen 83 21234 317.6266350654606 0.10767337582125444 316.50740449768864 317.64078431168673 
gen 84 21488 317.621218797205 0.11241528463064951 316.50740449768864 317.64078431168673 
gen 85 21739 317.6004670597627 0.13497918398202421 316.50740449768864 317.64078431168673 
gen 86 21996 317.53934699679064 0.19331088085893555 316.50740449768864 317.64078431168673 
gen 87 22255 317.3875819090514 0.3147777425855431 315.4951138176212 317.5640948321315 
gen 88 22508 317.19192389919516 0.4313173853386855 315.1611125590899 317.5640948321315 
gen 89 22764 316.8621368086938 0.49917702734967917 315.1611125590899 317.31693081982695 
gen 90 23021 316.45029351421533 0.4759090062602983 315.1611125590899 316.9513236389234 
gen 91 23274 316.16448834535413 0.5168869666084961 315.1611125590899 316.60926321042814 
gen 92 23526 315.9506199612658 0.5432039877107053 315.1611125590899 316.50740449768864 
gen 93 23780 315.5299519375457 0.4087665225910217 315.13144440162085 316.45256014509283 
gen 94 24037 315.24258721352146 0.061774408209185956 315.13144440162085 315.31059781579967 
gen 95 24292 315.1792798257735 0.16737974264060115 313.3776298638382 315.23108641107046 
gen 96 24545 315.1401388726622 0.23096631170067233 313.3776298638382 315.21567038996983 
gen 97 24799 315.04394009335584 0.41425866207234124 313.3776298638382 315.1611125590899 
gen 98 25048 314.880157109624 0.6160949420416933 313.3776298638382 315.1611125590899 
gen 99 25297 314.47148405925947 0.8078755481986697 313.3776298638382 315.13144440162085 
gen 100 25550 313.4589864320934 0.11784148335129885 313.3776298638382 314.05413831258767 
gen 101 25804 313.37762986383825 5.684341886080802e-14 313.3776298638382 313.3776298638382 
gen 102 26055 313.37762986383825 5.684341886080802e-14 313.3776298638382 313.3776298638382 
gen 103 26310 313.37762986383825 5.684341886080802e-14 313.3776298638382 313.3776298638382 
gen 104 26561 313.37762986383825 5.684341886080802e-14 313.3776298638382 313.3776298638382 
gen 105 26815 313.37762986383825 5.684341886080802e-14 313.3776298638382 313.3776298638382 
gen 106 27072 313.37762986383825 5.684341886080802e-14 313.3776298638382 313.3776298638382 
gen 107 27324 313.37762986383825 5.684341886080802e-14 313.3776298638382 313.3776298638382 
gen 108 27572 313.37762986383825 5.684341886080802e-14 313.3776298638382 313.3776298638382 
gen 109 27826 313.37762986383825 5.684341886080802e-14 313.3776298638382 313.3776298638382 
gen 110 28082 313.37762986383825 5.684341886080802e-14 313.3776298638382 313.3776298638382 
gen 111 28332 313.37762986383825 5.684341886080802e-14 313.3776298638382 313.3776298638382 
gen 112 28584 313.37762986383825 5.684341886080802e-14 313.3776298638382 313.3776298638382 
gen 113 28837 313.37762986383825 5.684341886080802e-14 313.3776298638382 313.3776298638382 
gen 114 29095 313.37762986383825 5.684341886080802e-14 313.3776298638382 313.3776298638382 
gen 115 29346 313.37762986383825 5.684341886080802e-14 313.3776298638382 313.3776298638382 
gen 116 29603 313.37762986383825 5.684341886080802e-14 313.3776298638382 313.3776298638382 
gen 117 29859 313.37762986383825 5.684341886080802e-14 313.3776298638382 313.3776298638382 
gen 118 30119 313.37762986383825 5.684341886080802e-14 313.3776298638382 313.3776298638382 
gen 119 30372 313.37762986383825 5.684341886080802e-14 313.3776298638382 313.3776298638382 
gen 120 30625 313.37762986383825 5.684341886080802e-14 313.3776298638382 313.3776298638382 
gen 121 30884 313.37762986383825 5.684341886080802e-14 313.3776298638382 313.3776298638382 
gen 122 31135 313.37762986383825 5.684341886080802e-14 313.3776298638382 313.3776298638382 
gen 123 31385 313.37762986383825 5.684341886080802e-14 313.3776298638382 313.3776298638382 
gen 124 31641 313.37762986383825 5.684341886080802e-14 313.3776298638382 313.3776298638382 
gen 125 31894 313.37762986383825 5.684341886080802e-14 313.3776298638382 313.3776298638382 
gen 126 32150 313.37762986383825 5.684341886080802e-14 313.3776298638382 313.3776298638382 
gen 127 32403 313.37762986383825 5.684341886080802e-14 313.3776298638382 313.3776298638382 
gen 128 32657 313.37762986383825 5.684341886080802e-14 313.3776298638382 313.3776298638382 
gen 129 32909 313.35011742238044 0.3013836959699576 310.04862444743986 313.3776298638382 
gen 130 33160 313.2497233579318 0.6314000415367048 309.65732484042724 313.3776298638382 
gen 131 33411 313.2371689643189 0.6437141998505947 309.65732484042724 313.3776298638382 
gen 132 33665 313.18074599363007 0.7014447176489139 309.65732484042724 313.3776298638382 
gen 133 33917 313.0574208444813 0.8892220566810869 309.65732484042724 313.3776298638382 
gen 134 34171 312.7738910054749 1.1128958609254889 309.65732484042724 313.3776298638382 
gen 135 34423 312.27709810416485 1.2441471109549624 309.65732484042724 313.3776298638382 
gen 136 34678 311.1102126850706 0.8778524429311344 309.63850053057763 312.495994998971 
gen 137 34932 310.23940492201945 0.6466358159154141 308.3148492103494 311.4545471836538 
gen 138 35190 309.7538014770696 0.2068493038509455 308.3148492103494 310.04862444743986 
gen 139 35441 309.6399430652451 0.12174261910890145 308.3148492103494 309.65732484042724 
gen 140 35698 309.63454780679785 0.12154244269655456 308.3148492103494 309.65732484042724 
gen 141 35945 309.6223507016264 0.12017356862237845 308.3148492103494 309.65732484042724 
gen 142 36196 309.61111787240077 0.1190438063619433 308.3148492103494 309.62563345328107 
gen 143 36453 309.6087398716584 0.11925523244615006 308.3148492103494 309.62563345328107 
gen 144 36715 309.5882771698724 0.18395969563204703 308.0574261934995 309.62563345328107 
gen 145 36972 309.5570687280489 0.22790464738848754 308.0574261934995 309.62563345328107 
gen 146 37223 309.5077500992027 0.28450525305154045 307.99989077989636 309.59877246714836 
gen 147 37477 309.42699677825703 0.39331471113334104 307.99989077989636 309.56712942389055 
gen 148 37731 309.337070615148 0.46821465961177755 307.99989077989636 309.56712942389055 
gen 149 37986 309.1648582773154 0.5544202130819695 307.99989077989636 309.54527404926944 
gen 150 38237 308.8472856060501 0.6259311976794893 307.7600824046556 309.4829904703557 
gen 151 38490 308.3635069712123 0.4729168207127322 307.67928560946876 309.3311663665175 
gen 152 38743 308.0042734371188 0.07864948298873446 307.67928560946876 308.0574261934995 
gen 153 38998 307.916410742154 0.09364512444809416 307.67928560946876 308.00161650668997 
gen 154 39251 307.80745414161925 0.05965198344602685 307.6449317192828 307.9235791503104 
gen 155 39511 307.7461759639879 0.040716355384924484 307.609020998252 307.7809982406167 
gen 156 39763 307.70340384792155 0.03388210687916688 307.609020998252 307.7600824046556 
gen 157 40017 307.666712205436 0.025333153870558935 307.58194204315015 307.7004387695178 
gen 158 40271 307.6297808860934 0.04898025006664421 307.1700880904449 307.66217448557336 
gen 159 40525 307.60294454275373 0.0616284395588185 307.1700880904449 307.6449317192828 
gen 160 40781 307.56668843191216 0.081605858912064 307.1700880904449 307.609020998252 
gen 161 41037 307.5451416101921 0.11647626089089243 307.15434513771424 307.58194204315015 
gen 162 41289 307.49006317039334 0.17161116671935392 307.1535977445984 307.58194204315015 
gen 163 41542 307.3226156953405 0.2000772796986127 307.1535977445984 307.58194204315015 
gen 164 41791 307.15556709233147 0.005048284772963008 307.1535977445984 307.1700880904449 
gen 165 42042 307.15359774459836 5.684341886080802e-14 307.1535977445984 307.1535977445984 
gen 166 42296 307.15359774459836 5.684341886080802e-14 307.1535977445984 307.1535977445984 
gen 167 42556 307.15359774459836 5.684341886080802e-14 307.1535977445984 307.1535977445984 
gen 168 42816 307.15359774459836 5.684341886080802e-14 307.1535977445984 307.1535977445984 
gen 169 43071 307.15359774459836 5.684341886080802e-14 307.1535977445984 307.1535977445984 
gen 170 43327 307.15359774459836 5.684341886080802e-14 307.1535977445984 307.1535977445984 
gen 171 43576 307.15359774459836 5.684341886080802e-14 307.1535977445984 307.1535977445984 
gen 172 43832 307.15359774459836 5.684341886080802e-14 307.1535977445984 307.1535977445984 
gen 173 44084 307.15359774459836 5.684341886080802e-14 307.1535977445984 307.1535977445984 
gen 174 44336 307.15359774459836 5.684341886080802e-14 307.1535977445984 307.1535977445984 
gen 175 44593 307.15359774459836 5.684341886080802e-14 307.1535977445984 307.1535977445984 
gen 176 44851 307.15359774459836 5.684341886080802e-14 307.1535977445984 307.1535977445984 
gen 177 45103 307.15359774459836 5.684341886080802e-14 307.1535977445984 307.1535977445984 
gen 178 45352 307.15359774459836 5.684341886080802e-14 307.1535977445984 307.1535977445984 
gen 179 45604 307.15359774459836 5.684341886080802e-14 307.1535977445984 307.1535977445984 
gen 180 45858 307.15359774459836 5.684341886080802e-14 307.1535977445984 307.1535977445984 
gen 181 46111 307.15359774459836 5.684341886080802e-14 307.1535977445984 307.1535977445984 
gen 182 46369 307.15359774459836 5.684341886080802e-14 307.1535977445984 307.1535977445984 
gen 183 46621 307.15359774459836 5.684341886080802e-14 307.1535977445984 307.1535977445984 
gen 184 46878 307.15359774459836 5.684341886080802e-14 307.1535977445984 307.1535977445984 
gen 185 47135 307.15359774459836 5.684341886080802e-14 307.1535977445984 307.1535977445984 
gen 186 47389 307.15359774459836 5.684341886080802e-14 307.1535977445984 307.1535977445984 
gen 187 47646 307.15359774459836 5.684341886080802e-14 307.1535977445984 307.1535977445984 
gen 188 47903 307.15359774459836 5.684341886080802e-14 307.1535977445984 307.1535977445984 
gen 189 48154 307.15359774459836 5.684341886080802e-14 307.1535977445984 307.1535977445984 
gen 190 48406 307.15359774459836 5.684341886080802e-14 307.1535977445984 307.1535977445984 
gen 191 48661 307.15359774459836 5.684341886080802e-14 307.1535977445984 307.1535977445984 
gen 192 48917 307.15359774459836 5.684341886080802e-14 307.1535977445984 307.1535977445984 
gen 193 49168 307.15359774459836 5.684341886080802e-14 307.1535977445984 307.1535977445984 
gen 194 49424 307.15359774459836 5.684341886080802e-14 307.1535977445984 307.1535977445984 
gen 195 49682 307.15359774459836 5.684341886080802e-14 307.1535977445984 307.1535977445984 
gen 196 49941 307.15359774459836 5.684341886080802e-14 307.1535977445984 307.1535977445984 
gen 197 50191 307.15359774459836 5.684341886080802e-14 307.1535977445984 307.1535977445984 
gen 198 50449 307.15359774459836 5.684341886080802e-14 307.1535977445984 307.1535977445984 
gen 199 50705 307.15359774459836 5.684341886080802e-14 307.1535977445984 307.1535977445984 
gen 200 50960 307.15359774459836 5.684341886080802e-14 307.1535977445984 307.1535977445984 
gen 201 51217 307.15359774459836 5.684341886080802e-14 307.1535977445984 307.1535977445984 
gen 202 51471 307.15359774459836 5.684341886080802e-14 307.1535977445984 307.1535977445984 
gen 203 51725 307.15359774459836 5.684341886080802e-14 307.1535977445984 307.1535977445984 
gen 204 51983 307.15356308537264 0.0003796727952270735 307.14940397828434 307.1535977445984 
gen 205 52239 307.15356308537264 0.0003796727952270735 307.14940397828434 307.1535977445984 
gen 206 52487 307.1534591076954 0.0007497936933574482 307.14940397828434 307.1535977445984 
gen 207 52743 307.1531818338895 0.0012534953540589528 307.14940397828434 307.1535977445984 
gen 208 52995 307.15224603479464 0.0019600090937944956 307.14940397828434 307.1535977445984 
gen 209 53251 307.1494732967358 0.0005346964924270773 307.14940397828434 307.1535977445984 
gen 210 53501 307.14940397828434 0.0 307.14940397828434 307.14940397828434 
gen 211 53748 307.14940397828434 0.0 307.14940397828434 307.14940397828434 
gen 212 54004 307.1384245115098 0.12027403243511313 305.8208884985735 307.14940397828434 
gen 213 54258 307.12744504473534 0.16938296365072228 305.8208884985735 307.14940397828434 
gen 214 54515 307.0825126305019 0.29302581143410894 305.6981282951735 307.14940397828434 
gen 215 54768 307.01359218844846 0.4097228004570657 305.6981282951735 307.14940397828434 
gen 216 55024 306.75986935378376 0.6239581366104308 305.6981282951735 307.14940397828434 
gen 217 55282 306.15994627463346 0.6333960714438545 305.6981282951735 307.14940397828434 
gen 218 55538 305.6996997382708 0.011867587480302194 305.6981282951735 305.8208884985735 
gen 219 55791 305.6981282951735 0.0 305.6981282951735 305.6981282951735 
gen 220 56052 305.6981282951735 0.0 305.6981282951735 305.6981282951735 
gen 221 56306 305.6981282951735 0.0 305.6981282951735 305.6981282951735 
gen 222 56561 305.6981282951735 0.0 305.6981282951735 305.6981282951735 
gen 223 56812 305.69754860960137 0.0063501372820288825 305.62798634094895 305.6981282951735 
gen 224 57068 305.6963892384572 0.010906718953324545 305.62798634094895 305.6981282951735 
gen 225 57317 305.69175175388034 0.020164394080437503 305.62798634094895 305.6981282951735 
gen 226 57576 305.6801580424382 0.030619253116123794 305.62798634094895 305.6981282951735 
gen 227 57829 305.64363785139585 0.029203728358515618 305.62798634094895 305.6981282951735 
gen 228 58084 305.627986340949 5.684341886080802e-14 305.62798634094895 305.62798634094895 
gen 229 58337 305.627986340949 5.684341886080802e-14 305.62798634094895 305.62798634094895 
gen 230 58590 305.627986340949 5.684341886080802e-14 305.62798634094895 305.62798634094895 
gen 231 58841 305.627986340949 5.684341886080802e-14 305.62798634094895 305.62798634094895 
gen 232 59094 305.627986340949 5.684341886080802e-14 305.62798634094895 305.62798634094895 
gen 233 59348 305.627986340949 5.684341886080802e-14 305.62798634094895 305.62798634094895 
gen 234 59602 305.627986340949 5.684341886080802e-14 305.62798634094895 305.62798634094895 
gen 235 59865 305.627986340949 5.684341886080802e-14 305.62798634094895 305.62798634094895 
gen 236 60116 305.627986340949 5.684341886080802e-14 305.62798634094895 305.62798634094895 
gen 237 60373 305.627986340949 5.684341886080802e-14 305.62798634094895 305.62798634094895 
gen 238 60621 305.627986340949 5.684341886080802e-14 305.62798634094895 305.62798634094895 
gen 239 60877 305.627986340949 5.684341886080802e-14 305.62798634094895 305.62798634094895 
gen 240 61132 305.627986340949 5.684341886080802e-14 305.62798634094895 305.62798634094895 
gen 241 61381 305.627986340949 5.684341886080802e-14 305.62798634094895 305.62798634094895 
gen 242 61639 305.6226517588792 0.0584374186902353 304.9825019104988 305.62798634094895 
gen 243 61888 305.6226517588792 0.0584374186902353 304.9825019104988 305.62798634094895 
gen 244 62142 305.61731717680937 0.08229792387804262 304.9825019104988 305.62798634094895 
gen 245 62398 305.6013134305999 0.12847374906451905 304.9825019104988 305.62798634094895 
gen 246 62651 305.5586367740412 0.199886726090506 304.9825019104988 305.62798634094895 
gen 247 62907 305.49995637127296 0.25739012980619624 304.9825019104988 305.62798634094895 
gen 248 63164 305.3005720214609 0.32380945263423927 304.81992261120484 305.62798634094895 
gen 249 63421 304.97878151581176 0.023498996831966254 304.81992261120484 304.9825019104988 
gen 250 63679 304.97475062409376 0.034077871102083976 304.81992261120484 304.9825019104988 
gen 251 63939 304.9689639623234 0.04315616059299359 304.81992261120484 304.9825019104988 
gen 252 64193 304.9558381536276 0.05856572474827214 304.81992261120484 304.9825019104988 
gen 253 64450 304.9284517602458 0.07348630580981523 304.81992261120484 304.9825019104988 
gen 254 64700 304.8588990371828 0.06171230797393966 304.81992261120484 304.9825019104988 
gen 255 64959 304.8199226112048 5.684341886080802e-14 304.81992261120484 304.81992261120484 
gen 256 65211 304.8199226112048 5.684341886080802e-14 304.81992261120484 304.81992261120484 
gen 257 65462 304.8199226112048 5.684341886080802e-14 304.81992261120484 304.81992261120484 
gen 258 65717 304.8199226112048 5.684341886080802e-14 304.81992261120484 304.81992261120484 
gen 259 65967 304.8199226112048 5.684341886080802e-14 304.81992261120484 304.81992261120484 
gen 260 66223 304.8199226112048 5.684341886080802e-14 304.81992261120484 304.81992261120484 
gen 261 66479 304.8199226112048 5.684341886080802e-14 304.81992261120484 304.81992261120484 
gen 262 66735 304.8199226112048 5.684341886080802e-14 304.81992261120484 304.81992261120484 
gen 263 66995 304.8199226112048 5.684341886080802e-14 304.81992261120484 304.81992261120484 
gen 264 67250 304.8199226112048 5.684341886080802e-14 304.81992261120484 304.81992261120484 
gen 265 67511 304.8199226112048 5.684341886080802e-14 304.81992261120484 304.81992261120484 
gen 266 67763 304.8199226112048 5.684341886080802e-14 304.81992261120484 304.81992261120484 
gen 267 68014 304.8199226112048 5.684341886080802e-14 304.81992261120484 304.81992261120484 
gen 268 68267 304.8199226112048 5.684341886080802e-14 304.81992261120484 304.81992261120484 
gen 269 68521 304.8199226112048 5.684341886080802e-14 304.81992261120484 304.81992261120484 
gen 270 68770 304.8199226112048 5.684341886080802e-14 304.81992261120484 304.81992261120484 
gen 271 69028 304.8199226112048 5.684341886080802e-14 304.81992261120484 304.81992261120484 
gen 272 69285 304.8199226112048 5.684341886080802e-14 304.81992261120484 304.81992261120484 
gen 273 69548 304.8199226112048 5.684341886080802e-14 304.81992261120484 304.81992261120484 
gen 274 69799 304.8199226112048 5.684341886080802e-14 304.81992261120484 304.81992261120484 
gen 275 70054 304.8199226112048 5.684341886080802e-14 304.81992261120484 304.81992261120484 
gen 276 70311 304.8199226112048 5.684341886080802e-14 304.81992261120484 304.81992261120484 
gen 277 70566 304.8199226112048 5.684341886080802e-14 304.81992261120484 304.81992261120484 
gen 278 70824 304.8199226112048 5.684341886080802e-14 304.81992261120484 304.81992261120484 
gen 279 71081 304.8199226112048 5.684341886080802e-14 304.81992261120484 304.81992261120484 
gen 280 71341 304.8199226112048 5.684341886080802e-14 304.81992261120484 304.81992261120484 
gen 281 71589 304.8199226112048 5.684341886080802e-14 304.81992261120484 304.81992261120484 
gen 282 71846 304.8199226112048 5.684341886080802e-14 304.81992261120484 304.81992261120484 
gen 283 72097 304.8199226112048 5.684341886080802e-14 304.81992261120484 304.81992261120484 
gen 284 72352 304.8199226112048 5.684341886080802e-14 304.81992261120484 304.81992261120484 
gen 285 72600 304.8199226112048 5.684341886080802e-14 304.81992261120484 304.81992261120484 
gen 286 72854 304.8199226112048 5.684341886080802e-14 304.81992261120484 304.81992261120484 
gen 287 73109 304.8199226112048 5.684341886080802e-14 304.81992261120484 304.81992261120484 
gen 288 73359 304.8199226112048 5.684341886080802e-14 304.81992261120484 304.81992261120484 
gen 289 73616 304.8199226112048 5.684341886080802e-14 304.81992261120484 304.81992261120484 
gen 290 73868 304.8199226112048 5.684341886080802e-14 304.81992261120484 304.81992261120484 
gen 291 74124 304.8199226112048 5.684341886080802e-14 304.81992261120484 304.81992261120484 
gen 292 74378 304.8199226112048 5.684341886080802e-14 304.81992261120484 304.81992261120484 
gen 293 74627 304.8199226112048 5.684341886080802e-14 304.81992261120484 304.81992261120484 
gen 294 74878 304.8199226112048 5.684341886080802e-14 304.81992261120484 304.81992261120484 
gen 295 75128 304.8199226112048 5.684341886080802e-14 304.81992261120484 304.81992261120484 
gen 296 75384 304.8199226112048 5.684341886080802e-14 304.81992261120484 304.81992261120484 
gen 297 75635 304.8199226112048 5.684341886080802e-14 304.81992261120484 304.81992261120484 
gen 298 75888 304.8199226112048 5.684341886080802e-14 304.81992261120484 304.81992261120484 
gen 299 76145 304.8199226112048 5.684341886080802e-14 304.81992261120484 304.81992261120484 
gen 300 76396 304.8199226112048 5.684341886080802e-14 304.81992261120484 304.81992261120484 
gen 301 76658 304.8199226112048 5.684341886080802e-14 304.81992261120484 304.81992261120484 
gen 302 76912 304.8199226112048 5.684341886080802e-14 304.81992261120484 304.81992261120484 
gen 303 77166 304.8091384997768 0.11813402183601371 303.51504512840893 304.81992261120484 
gen 304 77424 304.7660020540645 0.25971579541856926 303.51504512840893 304.81992261120484 
gen 305 77676 304.64737682835573 0.44201703543203447 303.51504512840893 304.81992261120484 
gen 306 77933 304.3454217083699 0.627705692888356 303.51504512840893 304.81992261120484 
gen 307 78180 303.51504512840893 0.0 303.51504512840893 303.51504512840893 
gen 308 78437 303.51504512840893 0.0 303.51504512840893 303.51504512840893 
gen 309 78693 303.51504512840893 0.0 303.51504512840893 303.51504512840893 
gen 310 78948 303.51504512840893 0.0 303.51504512840893 303.51504512840893 
gen 311 79202 303.51504512840893 0.0 303.51504512840893 303.51504512840893 
gen 312 79454 303.51504512840893 0.0 303.51504512840893 303.51504512840893 
gen 313 79708 303.51504512840893 0.0 303.51504512840893 303.51504512840893 
gen 314 79964 303.51504512840893 0.0 303.51504512840893 303.51504512840893 
gen 315 80221 303.51504512840893 0.0 303.51504512840893 303.51504512840893 
gen 316 80469 303.51504512840893 0.0 303.51504512840893 303.51504512840893 
gen 317 80723 303.51504512840893 0.0 303.51504512840893 303.51504512840893 
gen 318 80975 303.51504512840893 0.0 303.51504512840893 303.51504512840893 
gen 319 81229 303.51504512840893 0.0 303.51504512840893 303.51504512840893 
gen 320 81483 303.51504512840893 0.0 303.51504512840893 303.51504512840893 
gen 321 81744 303.51504512840893 0.0 303.51504512840893 303.51504512840893 
gen 322 81993 303.51504512840893 0.0 303.51504512840893 303.51504512840893 
gen 323 82246 303.51504512840893 0.0 303.51504512840893 303.51504512840893 
gen 324 82501 303.51504512840893 0.0 303.51504512840893 303.51504512840893 
gen 325 82764 303.51504512840893 0.0 303.51504512840893 303.51504512840893 
gen 326 83020 303.51504512840893 0.0 303.51504512840893 303.51504512840893 
gen 327 83280 303.51504512840893 0.0 303.51504512840893 303.51504512840893 
gen 328 83532 303.51504512840893 0.0 303.51504512840893 303.51504512840893 
gen 329 83791 303.51504512840893 0.0 303.51504512840893 303.51504512840893 
gen 330 84046 303.51504512840893 0.0 303.51504512840893 303.51504512840893 
gen 331 84299 303.51504512840893 0.0 303.51504512840893 303.51504512840893 
gen 332 84555 303.51504512840893 0.0 303.51504512840893 303.51504512840893 
gen 333 84810 303.51504512840893 0.0 303.51504512840893 303.51504512840893 
[9, 5, 2, 10, 8, 0, 4, 6, 1, 3, 7, 8, 3, 5, 9, 10, 2, 7, 6, 1, 0, 4, 4, 0, 3, 9, 1, 8, 5, 7, 10, 2, 6, 0, 5, 6, 10, 4, 1, 7, 2, 3, 8, 9, 8, 3, 1, 7, 0, 10, 9, 5, 4, 6, 2, 4, 0, 9, 10, 8, 2, 6, 7, 1, 5, 3, 4, 0, 10, 9, 2, 3, 7, 5, 8, 6, 1, 4, 0, 5, 9, 7, 3, 8, 6, 10, 1, 2, 3, 5, 2, 0, 7, 9, 8, 6, 10, 4, 1, 3, 7, 8, 5, 4, 2, 10, 6, 0, 1, 9, 7, 9, 0, 8, 10, 4, 1, 5, 2, 3, 6]
min  303.51504512840893
NFE 84810
LSNFE 0
VLSNFE 0
runTime 169.2031307220459
