gen 0 121 747.9783909315508 126.94088853634558 512.413541479872 1291.0451536588987 
gen 1 374 618.0987435967946 49.396867075942396 489.9079816391226 686.0152694695979 
gen 2 633 571.7963571502065 31.148363520271594 477.4864561351845 617.2070116237447 
gen 3 885 545.985058766257 27.025808893587676 466.24799709726005 577.6857044709816 
gen 4 1135 527.2775490857358 25.026546025659535 427.9154688365609 558.5370084828289 
gen 5 1392 509.65747188834536 24.45986297433301 412.64372225063323 541.3531224361441 
gen 6 1649 498.7704009270311 23.446102453315948 401.2499327486558 522.6487956080771 
gen 7 1900 490.7340215689739 21.30105500453416 401.2499327486558 513.2893277318988 
gen 8 2153 482.6050450191098 19.6277398109728 401.2499327486558 506.2350992488771 
gen 9 2409 473.6450397511935 18.632524425969514 401.2499327486558 495.4251419724254 
gen 10 2660 467.10370397985093 16.15933380695812 401.2499327486558 485.89058252715665 
gen 11 2916 459.01062439418797 16.58119657715137 401.2499327486558 477.54792094132716 
gen 12 3176 452.32915912698587 16.7918010696978 399.7473383986186 471.7203068260745 
gen 13 3429 444.07354502863114 16.21958157931649 399.7473383986186 463.5562220217516 
gen 14 3682 438.1031216721875 14.269348491870572 399.7473383986186 456.3978925030993 
gen 15 3937 432.1435473086385 13.019390591803807 398.783071507537 449.285334648324 
gen 16 4191 426.61418089591956 12.80136957087278 368.4361054207196 442.19737637140156 
gen 17 4449 420.7473689938911 12.048025904739806 368.4361054207196 435.0351527053759 
gen 18 4703 415.325684167256 12.76365392716478 368.4361054207196 429.93350879743053 
gen 19 4958 408.81259632635596 12.781247245131283 368.4361054207196 424.43460284287545 
gen 20 5210 404.61360654833345 12.118025312000777 368.4361054207196 420.282262484483 
gen 21 5464 399.47139018573193 11.53811503462829 368.4361054207196 414.03116470712826 
gen 22 5719 396.0870119533366 9.797593305456555 368.4361054207196 407.8277807079096 
gen 23 5972 391.52848599847323 9.734144568666103 356.6530832315264 403.2552647792806 
gen 24 6226 388.06118219238505 8.484306118528192 356.6530832315264 399.1615241037868 
gen 25 6484 384.23861818027234 7.919053664495117 356.6530832315264 394.45272584700564 
gen 26 6735 382.51809955724656 7.260884454382382 356.6530832315264 391.31632257279404 
gen 27 6992 380.3821704976402 6.732406478790448 356.6530832315264 388.9160069099601 
gen 28 7246 377.7846147555302 7.7967302735026625 329.6998969622056 386.1056528268683 
gen 29 7498 374.45982120342353 8.026746742289955 329.6998969622056 382.7617607613608 
gen 30 7748 372.63819767845786 7.736428238664444 329.6998969622056 380.20684262764144 
gen 31 8005 369.6593917491038 7.852826978754853 329.6998969622056 377.994516148808 
gen 32 8259 367.3235050002313 7.619908239993687 329.6998969622056 374.89404062699026 
gen 33 8514 364.9553781973803 7.9072370022237815 329.6998969622056 372.8930264829993 
gen 34 8763 362.5726948506959 7.579092627153689 329.6998969622056 370.8498553755977 
gen 35 9014 359.3141771538032 8.594897400694508 329.6998969622056 367.7473817878347 
gen 36 9263 358.0615013995634 8.490298632501803 329.6998969622056 366.0369432310935 
gen 37 9511 356.0615240282871 8.618731749729863 329.6998969622056 364.8037273405275 
gen 38 9766 354.8437246895772 8.205357001676559 329.6998969622056 362.9415367407396 
gen 39 10017 353.8676430752433 7.813046901363316 329.6998969622056 362.00012560488784 
gen 40 10270 351.56526455335353 7.3838938478107154 329.6998969622056 359.5615182205974 
gen 41 10523 350.2285949302981 7.214529908355565 329.6998969622056 358.4533631211093 
gen 42 10771 349.3292981429053 7.0207857778282925 329.6998969622056 357.1521500594958 
gen 43 11029 347.9193370791989 6.578063214521184 329.6998969622056 356.5185992094676 
gen 44 11286 346.03399377577045 5.978299079331395 329.6998969622056 353.9855375700778 
gen 45 11540 344.22294923747745 5.607314753729225 320.3741763897292 351.7257102169487 
gen 46 11789 343.2072810614342 5.502298076427021 320.3741763897292 347.9355545688673 
gen 47 12043 342.3386500347285 6.10516424334767 320.3741763897292 347.9355545688673 
gen 48 12290 341.15679111550605 6.397986368364871 319.0766124823863 347.9355545688673 
gen 49 12551 339.8254046914748 6.194280588052855 319.0766124823863 347.0421760136355 
gen 50 12805 338.93387321845586 6.075154361815932 319.0766124823863 346.27858158659285 
gen 51 13057 338.1225312533906 5.857897984291111 319.0766124823863 345.25369255299194 
gen 52 13314 336.8661428985362 5.522729308910233 319.0766124823863 343.46371135766566 
gen 53 13564 336.0718964002425 5.0466006170940565 319.0766124823863 341.93469392705254 
gen 54 13815 335.3726278463506 4.655070295007176 319.0766124823863 339.7172193999572 
gen 55 14062 334.91983707061377 4.665646992904997 319.0766124823863 338.7930014141418 
gen 56 14313 334.757046808459 4.5790232042142405 319.0766124823863 338.5890030243411 
gen 57 14565 334.2767991923594 4.618102717567975 319.0766124823863 338.5890030243411 
gen 58 14816 333.40059011392833 4.508095859120201 319.0766124823863 337.5412481566346 
gen 59 15070 332.6693297956136 4.60351251594805 318.01915868754656 336.9617733618245 
gen 60 15327 332.2863065458868 4.463670120775573 318.01915868754656 336.6976836018222 
gen 61 15579 331.60130493689275 4.561354944361299 318.01915868754656 335.9505521957424 
gen 62 15831 330.9087993102363 4.674475492831344 318.01915868754656 335.3310954629719 
gen 63 16087 330.3928480633036 4.680686834301507 318.01915868754656 335.32922971516285 
gen 64 16344 329.5785626176595 4.700360411956266 318.01915868754656 334.5169001646739 
gen 65 16598 328.6713621674423 4.5211695411148565 318.01915868754656 333.50413804318197 
gen 66 16854 328.01361425971805 4.443416367372693 318.01915868754656 332.5561124732678 
gen 67 17105 326.45935232518525 5.09386779345071 304.7735567953682 332.3538869534016 
gen 68 17363 324.83412698313947 4.845688232958377 304.7735567953682 330.3465678236634 
gen 69 17617 321.7998734380559 4.290643082297114 304.7735567953682 327.16689453510224 
gen 70 17871 318.75288828715725 1.9270108244198922 304.7735567953682 319.0766124823863 
gen 71 18119 318.75288828715725 1.9270108244198922 304.7735567953682 319.0766124823863 
gen 72 18369 318.75085284542513 1.9267978712681542 304.7735567953682 319.0766124823863 
gen 73 18617 318.7427110784968 1.925924311449137 304.7735567953682 319.0766124823863 
gen 74 18869 318.7298162792132 1.9244404728974145 304.7735567953682 319.0766124823863 
gen 75 19124 318.5580055734945 2.293163360916923 304.7735567953682 319.0766124823863 
gen 76 19378 318.29206309626517 2.3993649811861535 304.7735567953682 319.0766124823863 
gen 77 19629 318.10259296096086 2.7136181519493348 304.7735567953682 318.83032403280527 
gen 78 19878 318.05903758906703 2.705420666708088 304.7735567953682 318.83032403280527 
gen 79 20132 317.8302630952898 2.772390881271804 304.7735567953682 318.83032403280527 
gen 80 20387 317.4883954472327 2.9371127533482144 304.7735567953682 318.35121494197233 
gen 81 20643 317.3760788129281 3.1533754177624918 304.7735567953682 318.35121494197233 
gen 82 20892 317.36909513027825 3.1519841589352806 304.7735567953682 318.35121494197233 
gen 83 21148 317.25344832546966 3.3350433546168814 304.7735567953682 318.35121494197233 
gen 84 21397 316.67408595661584 3.956659075319951 304.7735567953682 318.35121494197233 
gen 85 21649 316.0750115204399 4.382152560770853 304.7735567953682 318.33856033771724 
gen 86 21900 315.5994528425013 4.593604150233008 304.7735567953682 318.33856033771724 
gen 87 22150 314.6106909131901 4.767984205016668 304.7735567953682 318.33856033771724 
gen 88 22405 312.63425481251704 5.102381829427883 304.7735567953682 317.6620309984117 
gen 89 22666 309.3150741476892 4.209009602000313 304.7735567953682 317.58211696688494 
gen 90 22924 306.74047643128756 2.48864765324446 304.7735567953682 312.121499338892 
gen 91 23176 304.8030351361974 0.1380794248817803 304.7735567953682 305.8034325481839 
gen 92 23433 304.76672669710587 0.0748199777657698 303.9471149056189 304.7735567953682 
gen 93 23689 304.75989659884345 0.10536962399663732 303.9471149056189 304.7735567953682 
gen 94 23946 304.7462364023187 0.14775761700905343 303.9471149056189 304.7735567953682 
gen 95 24204 304.70525581274427 0.22755607863568514 303.9471149056189 304.7735567953682 
gen 96 24452 304.6096344370709 0.32954781749191336 303.9471149056189 304.7735567953682 
gen 97 24705 304.3296004083128 0.4120763058913546 303.9471149056189 304.7735567953682 
gen 98 24955 303.9471149056189 0.0 303.9471149056189 303.9471149056189 
gen 99 25209 303.9471149056189 0.0 303.9471149056189 303.9471149056189 
gen 100 25467 303.9471149056189 0.0 303.9471149056189 303.9471149056189 
gen 101 25715 303.9399882070914 0.07806907088085396 303.08478438379314 303.9471149056189 
gen 102 25969 303.91860811150895 0.15417406179373772 303.08478438379314 303.9471149056189 
gen 103 26217 303.85265801778445 0.34293432929545575 301.1411366959049 303.9471149056189 
gen 104 26471 303.6726807476201 0.5014826463419418 301.1411366959049 303.9471149056189 
gen 105 26724 303.1335329999136 0.768432874848897 300.11277121162414 303.9471149056189 
gen 106 26977 302.5518490416218 0.8952106663707269 300.11277121162414 303.08478438379314 
gen 107 27235 301.65103938560253 0.9592172765984098 299.89124714297265 303.08478438379314 
gen 108 27486 300.90838601481244 0.35429722126978397 299.89124714297265 301.1111697721788 
gen 109 27736 300.5626809658446 0.4008262214979028 299.89124714297265 301.1111697721788 
gen 110 27988 300.11291918998626 0.1769768203053982 299.89124714297265 300.45042334066625 
gen 111 28241 299.95982055750704 0.08033775791204163 299.89124714297265 300.0539409303973 
gen 112 28497 299.8784047244988 0.14068164582136578 298.33731450763247 299.89124714297265 
gen 113 28753 299.86556230602486 0.19812318268567064 298.33731450763247 299.89124714297265 
gen 114 29015 299.78328266468884 0.40931190932641454 297.70507371802154 299.89124714297265 
gen 115 29271 299.6315658004909 0.6085737732708076 297.70507371802154 299.89124714297265 
gen 116 29523 299.12848265675575 0.8321464343325826 297.70507371802154 299.89124714297265 
gen 117 29779 298.18578572334553 0.26989202611206264 297.70507371802154 298.33731450763247 
gen 118 30033 297.90885380723495 0.295485633747995 297.70507371802154 298.33731450763247 
gen 119 30285 297.7050737180215 5.684341886080802e-14 297.70507371802154 297.70507371802154 
gen 120 30537 297.7050737180215 5.684341886080802e-14 297.70507371802154 297.70507371802154 
gen 121 30788 297.7050737180215 5.684341886080802e-14 297.70507371802154 297.70507371802154 
gen 122 31045 297.7050737180215 5.684341886080802e-14 297.70507371802154 297.70507371802154 
gen 123 31298 297.7050737180215 5.684341886080802e-14 297.70507371802154 297.70507371802154 
gen 124 31550 297.7050737180215 5.684341886080802e-14 297.70507371802154 297.70507371802154 
gen 125 31811 297.7016425926606 0.03758609515654059 297.2899075493451 297.70507371802154 
gen 126 32064 297.69478034193867 0.06455623842738785 297.2899075493451 297.70507371802154 
gen 127 32319 297.66390021369006 0.1240910495780019 297.2899075493451 297.70507371802154 
gen 128 32574 297.55410420213923 0.19971389728823727 297.2899075493451 297.70507371802154 
gen 129 32828 297.2899075493451 0.0 297.2899075493451 297.2899075493451 
gen 130 33082 297.2899075493451 0.0 297.2899075493451 297.2899075493451 
gen 131 33341 297.2899075493451 0.0 297.2899075493451 297.2899075493451 
gen 132 33591 297.2899075493451 0.0 297.2899075493451 297.2899075493451 
gen 133 33844 297.2899075493451 0.0 297.2899075493451 297.2899075493451 
gen 134 34101 297.2899075493451 0.0 297.2899075493451 297.2899075493451 
gen 135 34354 297.2899075493451 0.0 297.2899075493451 297.2899075493451 
gen 136 34607 297.2899075493451 0.0 297.2899075493451 297.2899075493451 
gen 137 34859 297.2899075493451 0.0 297.2899075493451 297.2899075493451 
gen 138 35109 297.2899075493451 0.0 297.2899075493451 297.2899075493451 
gen 139 35362 297.2899075493451 0.0 297.2899075493451 297.2899075493451 
gen 140 35613 297.2899075493451 0.0 297.2899075493451 297.2899075493451 
gen 141 35867 297.2899075493451 0.0 297.2899075493451 297.2899075493451 
gen 142 36123 297.2899075493451 0.0 297.2899075493451 297.2899075493451 
gen 143 36371 297.2899075493451 0.0 297.2899075493451 297.2899075493451 
gen 144 36621 297.2899075493451 0.0 297.2899075493451 297.2899075493451 
gen 145 36877 297.2899075493451 0.0 297.2899075493451 297.2899075493451 
gen 146 37129 297.2899075493451 0.0 297.2899075493451 297.2899075493451 
gen 147 37381 297.2899075493451 0.0 297.2899075493451 297.2899075493451 
gen 148 37640 297.2899075493451 0.0 297.2899075493451 297.2899075493451 
gen 149 37892 297.2899075493451 0.0 297.2899075493451 297.2899075493451 
gen 150 38146 297.2899075493451 0.0 297.2899075493451 297.2899075493451 
gen 151 38398 297.2899075493451 0.0 297.2899075493451 297.2899075493451 
gen 152 38655 297.2899075493451 0.0 297.2899075493451 297.2899075493451 
gen 153 38909 297.2899075493451 0.0 297.2899075493451 297.2899075493451 
gen 154 39161 297.2899075493451 0.0 297.2899075493451 297.2899075493451 
gen 155 39415 297.2899075493451 0.0 297.2899075493451 297.2899075493451 
gen 156 39669 297.2899075493451 0.0 297.2899075493451 297.2899075493451 
gen 157 39925 297.2899075493451 0.0 297.2899075493451 297.2899075493451 
gen 158 40180 297.2899075493451 0.0 297.2899075493451 297.2899075493451 
gen 159 40434 297.2899075493451 0.0 297.2899075493451 297.2899075493451 
gen 160 40684 297.2899075493451 0.0 297.2899075493451 297.2899075493451 
gen 161 40938 297.2899075493451 0.0 297.2899075493451 297.2899075493451 
gen 162 41191 297.2899075493451 0.0 297.2899075493451 297.2899075493451 
gen 163 41438 297.2899075493451 0.0 297.2899075493451 297.2899075493451 
gen 164 41689 297.2899075493451 0.0 297.2899075493451 297.2899075493451 
gen 165 41938 297.2899075493451 0.0 297.2899075493451 297.2899075493451 
gen 166 42195 297.2899075493451 0.0 297.2899075493451 297.2899075493451 
gen 167 42451 297.2899075493451 0.0 297.2899075493451 297.2899075493451 
gen 168 42713 297.2899075493451 0.0 297.2899075493451 297.2899075493451 
gen 169 42964 297.2899075493451 0.0 297.2899075493451 297.2899075493451 
gen 170 43223 297.2899075493451 0.0 297.2899075493451 297.2899075493451 
gen 171 43475 297.2899075493451 0.0 297.2899075493451 297.2899075493451 
gen 172 43730 297.2899075493451 0.0 297.2899075493451 297.2899075493451 
gen 173 43981 297.2899075493451 0.0 297.2899075493451 297.2899075493451 
gen 174 44240 297.2899075493451 0.0 297.2899075493451 297.2899075493451 
gen 175 44488 297.2899075493451 0.0 297.2899075493451 297.2899075493451 
gen 176 44739 297.2899075493451 0.0 297.2899075493451 297.2899075493451 
gen 177 44995 297.2899075493451 0.0 297.2899075493451 297.2899075493451 
gen 178 45247 297.2899075493451 0.0 297.2899075493451 297.2899075493451 
gen 179 45508 297.2899075493451 0.0 297.2899075493451 297.2899075493451 
gen 180 45771 297.2899075493451 0.0 297.2899075493451 297.2899075493451 
gen 181 46023 297.2899075493451 0.0 297.2899075493451 297.2899075493451 
gen 182 46274 297.2899075493451 0.0 297.2899075493451 297.2899075493451 
gen 183 46531 297.2899075493451 0.0 297.2899075493451 297.2899075493451 
gen 184 46787 297.2899075493451 0.0 297.2899075493451 297.2899075493451 
gen 185 47041 297.2899075493451 0.0 297.2899075493451 297.2899075493451 
gen 186 47291 297.2899075493451 0.0 297.2899075493451 297.2899075493451 
gen 187 47543 297.2899075493451 0.0 297.2899075493451 297.2899075493451 
gen 188 47805 297.2899075493451 0.0 297.2899075493451 297.2899075493451 
gen 189 48058 297.2899075493451 0.0 297.2899075493451 297.2899075493451 
gen 190 48308 297.2899075493451 0.0 297.2899075493451 297.2899075493451 
gen 191 48565 297.2899075493451 0.0 297.2899075493451 297.2899075493451 
gen 192 48818 297.2899075493451 0.0 297.2899075493451 297.2899075493451 
gen 193 49070 297.2899075493451 0.0 297.2899075493451 297.2899075493451 
gen 194 49317 297.2899075493451 0.0 297.2899075493451 297.2899075493451 
gen 195 49574 297.2899075493451 0.0 297.2899075493451 297.2899075493451 
gen 196 49826 297.2899075493451 0.0 297.2899075493451 297.2899075493451 
gen 197 50080 297.2899075493451 0.0 297.2899075493451 297.2899075493451 
gen 198 50335 297.2899075493451 0.0 297.2899075493451 297.2899075493451 
gen 199 50586 297.2899075493451 0.0 297.2899075493451 297.2899075493451 
gen 200 50840 297.2899075493451 0.0 297.2899075493451 297.2899075493451 
gen 201 51096 297.2899075493451 0.0 297.2899075493451 297.2899075493451 
gen 202 51350 297.2899075493451 0.0 297.2899075493451 297.2899075493451 
gen 203 51602 297.2899075493451 0.0 297.2899075493451 297.2899075493451 
gen 204 51856 297.2899075493451 0.0 297.2899075493451 297.2899075493451 
gen 205 52113 297.2899075493451 0.0 297.2899075493451 297.2899075493451 
gen 206 52368 297.2899075493451 0.0 297.2899075493451 297.2899075493451 
gen 207 52618 297.2899075493451 0.0 297.2899075493451 297.2899075493451 
gen 208 52866 297.2899075493451 0.0 297.2899075493451 297.2899075493451 
gen 209 53119 297.2899075493451 0.0 297.2899075493451 297.2899075493451 
gen 210 53370 297.2899075493451 0.0 297.2899075493451 297.2899075493451 
gen 211 53622 297.2899075493451 0.0 297.2899075493451 297.2899075493451 
gen 212 53875 297.2899075493451 0.0 297.2899075493451 297.2899075493451 
gen 213 54136 297.2899075493451 0.0 297.2899075493451 297.2899075493451 
gen 214 54393 297.2899075493451 0.0 297.2899075493451 297.2899075493451 
gen 215 54648 297.2899075493451 0.0 297.2899075493451 297.2899075493451 
gen 216 54898 297.2899075493451 0.0 297.2899075493451 297.2899075493451 
gen 217 55151 297.2899075493451 0.0 297.2899075493451 297.2899075493451 
gen 218 55408 297.2899075493451 0.0 297.2899075493451 297.2899075493451 
gen 219 55664 297.2899075493451 0.0 297.2899075493451 297.2899075493451 
gen 220 55917 297.2899075493451 0.0 297.2899075493451 297.2899075493451 
gen 221 56166 297.2899075493451 0.0 297.2899075493451 297.2899075493451 
gen 222 56425 297.2899075493451 0.0 297.2899075493451 297.2899075493451 
gen 223 56674 297.2899075493451 0.0 297.2899075493451 297.2899075493451 
gen 224 56927 297.2899075493451 0.0 297.2899075493451 297.2899075493451 
gen 225 57178 297.2899075493451 0.0 297.2899075493451 297.2899075493451 
gen 226 57429 297.2899075493451 0.0 297.2899075493451 297.2899075493451 
gen 227 57682 297.2899075493451 0.0 297.2899075493451 297.2899075493451 
gen 228 57936 297.2899075493451 0.0 297.2899075493451 297.2899075493451 
gen 229 58190 297.2899075493451 0.0 297.2899075493451 297.2899075493451 
gen 230 58442 297.2899075493451 0.0 297.2899075493451 297.2899075493451 
gen 231 58696 297.2899075493451 0.0 297.2899075493451 297.2899075493451 
gen 232 58953 297.2899075493451 0.0 297.2899075493451 297.2899075493451 
gen 233 59208 297.2899075493451 0.0 297.2899075493451 297.2899075493451 
gen 234 59459 297.2899075493451 0.0 297.2899075493451 297.2899075493451 
gen 235 59707 297.2899075493451 0.0 297.2899075493451 297.2899075493451 
gen 236 59968 297.2899075493451 0.0 297.2899075493451 297.2899075493451 
gen 237 60215 297.2899075493451 0.0 297.2899075493451 297.2899075493451 
gen 238 60467 297.2899075493451 0.0 297.2899075493451 297.2899075493451 
gen 239 60725 297.2899075493451 0.0 297.2899075493451 297.2899075493451 
gen 240 60982 297.2899075493451 0.0 297.2899075493451 297.2899075493451 
gen 241 61235 297.2899075493451 0.0 297.2899075493451 297.2899075493451 
gen 242 61487 297.2899075493451 0.0 297.2899075493451 297.2899075493451 
gen 243 61741 297.2899075493451 0.0 297.2899075493451 297.2899075493451 
gen 244 61993 297.2899075493451 0.0 297.2899075493451 297.2899075493451 
gen 245 62244 297.2899075493451 0.0 297.2899075493451 297.2899075493451 
gen 246 62502 297.2899075493451 0.0 297.2899075493451 297.2899075493451 
gen 247 62754 297.2899075493451 0.0 297.2899075493451 297.2899075493451 
gen 248 63009 297.2899075493451 0.0 297.2899075493451 297.2899075493451 
gen 249 63263 297.2899075493451 0.0 297.2899075493451 297.2899075493451 
gen 250 63511 297.2899075493451 0.0 297.2899075493451 297.2899075493451 
gen 251 63766 297.2899075493451 0.0 297.2899075493451 297.2899075493451 
gen 252 64022 297.2899075493451 0.0 297.2899075493451 297.2899075493451 
gen 253 64283 297.2899075493451 0.0 297.2899075493451 297.2899075493451 
gen 254 64542 297.2899075493451 0.0 297.2899075493451 297.2899075493451 
gen 255 64795 297.2899075493451 0.0 297.2899075493451 297.2899075493451 
gen 256 65052 297.2899075493451 0.0 297.2899075493451 297.2899075493451 
gen 257 65303 297.2899075493451 0.0 297.2899075493451 297.2899075493451 
gen 258 65564 297.2899075493451 0.0 297.2899075493451 297.2899075493451 
gen 259 65814 297.2899075493451 0.0 297.2899075493451 297.2899075493451 
gen 260 66065 297.2899075493451 0.0 297.2899075493451 297.2899075493451 
gen 261 66326 297.2899075493451 0.0 297.2899075493451 297.2899075493451 
gen 262 66578 297.2899075493451 0.0 297.2899075493451 297.2899075493451 
gen 263 66828 297.2899075493451 0.0 297.2899075493451 297.2899075493451 
gen 264 67080 297.2899075493451 0.0 297.2899075493451 297.2899075493451 
gen 265 67328 297.2899075493451 0.0 297.2899075493451 297.2899075493451 
gen 266 67582 297.2899075493451 0.0 297.2899075493451 297.2899075493451 
gen 267 67831 297.2899075493451 0.0 297.2899075493451 297.2899075493451 
gen 268 68089 297.2899075493451 0.0 297.2899075493451 297.2899075493451 
gen 269 68345 297.2899075493451 0.0 297.2899075493451 297.2899075493451 
gen 270 68596 297.2899075493451 0.0 297.2899075493451 297.2899075493451 
gen 271 68847 297.2899075493451 0.0 297.2899075493451 297.2899075493451 
gen 272 69103 297.2899075493451 0.0 297.2899075493451 297.2899075493451 
gen 273 69352 297.2899075493451 0.0 297.2899075493451 297.2899075493451 
gen 274 69605 297.2899075493451 0.0 297.2899075493451 297.2899075493451 
gen 275 69855 297.2899075493451 0.0 297.2899075493451 297.2899075493451 
gen 276 70108 297.2899075493451 0.0 297.2899075493451 297.2899075493451 
gen 277 70364 297.2899075493451 0.0 297.2899075493451 297.2899075493451 
gen 278 70618 297.2899075493451 0.0 297.2899075493451 297.2899075493451 
gen 279 70873 297.2899075493451 0.0 297.2899075493451 297.2899075493451 
gen 280 71127 297.2899075493451 0.0 297.2899075493451 297.2899075493451 
gen 281 71377 297.2899075493451 0.0 297.2899075493451 297.2899075493451 
gen 282 71629 297.2899075493451 0.0 297.2899075493451 297.2899075493451 
gen 283 71882 297.2899075493451 0.0 297.2899075493451 297.2899075493451 
gen 284 72133 297.2899075493451 0.0 297.2899075493451 297.2899075493451 
gen 285 72388 297.2899075493451 0.0 297.2899075493451 297.2899075493451 
gen 286 72639 297.2899075493451 0.0 297.2899075493451 297.2899075493451 
gen 287 72892 297.2899075493451 0.0 297.2899075493451 297.2899075493451 
gen 288 73143 297.2899075493451 0.0 297.2899075493451 297.2899075493451 
gen 289 73394 297.2899075493451 0.0 297.2899075493451 297.2899075493451 
gen 290 73648 297.2899075493451 0.0 297.2899075493451 297.2899075493451 
gen 291 73902 297.2899075493451 0.0 297.2899075493451 297.2899075493451 
gen 292 74156 297.2899075493451 0.0 297.2899075493451 297.2899075493451 
gen 293 74411 297.2899075493451 0.0 297.2899075493451 297.2899075493451 
gen 294 74661 297.2899075493451 0.0 297.2899075493451 297.2899075493451 
gen 295 74914 297.2899075493451 0.0 297.2899075493451 297.2899075493451 
gen 296 75170 297.2899075493451 0.0 297.2899075493451 297.2899075493451 
gen 297 75422 297.2899075493451 0.0 297.2899075493451 297.2899075493451 
gen 298 75674 297.2899075493451 0.0 297.2899075493451 297.2899075493451 
gen 299 75927 297.2899075493451 0.0 297.2899075493451 297.2899075493451 
gen 300 76179 297.2899075493451 0.0 297.2899075493451 297.2899075493451 
gen 301 76434 297.2899075493451 0.0 297.2899075493451 297.2899075493451 
gen 302 76686 297.2899075493451 0.0 297.2899075493451 297.2899075493451 
gen 303 76939 297.2899075493451 0.0 297.2899075493451 297.2899075493451 
gen 304 77194 297.2899075493451 0.0 297.2899075493451 297.2899075493451 
gen 305 77445 297.2899075493451 0.0 297.2899075493451 297.2899075493451 
gen 306 77694 297.2899075493451 0.0 297.2899075493451 297.2899075493451 
gen 307 77946 297.2899075493451 0.0 297.2899075493451 297.2899075493451 
gen 308 78197 297.2899075493451 0.0 297.2899075493451 297.2899075493451 
gen 309 78450 297.2899075493451 0.0 297.2899075493451 297.2899075493451 
gen 310 78702 297.2899075493451 0.0 297.2899075493451 297.2899075493451 
gen 311 78958 297.2899075493451 0.0 297.2899075493451 297.2899075493451 
gen 312 79208 297.2899075493451 0.0 297.2899075493451 297.2899075493451 
gen 313 79457 297.2899075493451 0.0 297.2899075493451 297.2899075493451 
gen 314 79706 297.2899075493451 0.0 297.2899075493451 297.2899075493451 
gen 315 79954 297.2899075493451 0.0 297.2899075493451 297.2899075493451 
gen 316 80209 297.2899075493451 0.0 297.2899075493451 297.2899075493451 
gen 317 80464 297.2899075493451 0.0 297.2899075493451 297.2899075493451 
gen 318 80718 297.2899075493451 0.0 297.2899075493451 297.2899075493451 
gen 319 80974 297.2899075493451 0.0 297.2899075493451 297.2899075493451 
gen 320 81228 297.2899075493451 0.0 297.2899075493451 297.2899075493451 
gen 321 81484 297.2899075493451 0.0 297.2899075493451 297.2899075493451 
gen 322 81737 297.2899075493451 0.0 297.2899075493451 297.2899075493451 
gen 323 81986 297.2899075493451 0.0 297.2899075493451 297.2899075493451 
gen 324 82239 297.2899075493451 0.0 297.2899075493451 297.2899075493451 
gen 325 82492 297.2899075493451 0.0 297.2899075493451 297.2899075493451 
gen 326 82743 297.2899075493451 0.0 297.2899075493451 297.2899075493451 
gen 327 82998 297.2899075493451 0.0 297.2899075493451 297.2899075493451 
gen 328 83244 297.2899075493451 0.0 297.2899075493451 297.2899075493451 
gen 329 83498 297.2899075493451 0.0 297.2899075493451 297.2899075493451 
gen 330 83752 297.2899075493451 0.0 297.2899075493451 297.2899075493451 
gen 331 84005 297.2899075493451 0.0 297.2899075493451 297.2899075493451 
gen 332 84257 297.2899075493451 0.0 297.2899075493451 297.2899075493451 
gen 333 84511 297.2899075493451 0.0 297.2899075493451 297.2899075493451 
gen 334 84763 297.2899075493451 0.0 297.2899075493451 297.2899075493451 
[2, 7, 6, 5, 0, 10, 4, 1, 8, 9, 3, 3, 4, 0, 8, 7, 1, 5, 6, 2, 9, 10, 2, 10, 1, 5, 4, 0, 3, 8, 9, 7, 6, 1, 10, 4, 2, 8, 9, 5, 3, 7, 0, 6, 6, 7, 2, 5, 8, 10, 4, 0, 9, 3, 1, 9, 4, 7, 10, 3, 6, 2, 0, 1, 8, 5, 3, 4, 0, 7, 1, 2, 10, 9, 6, 8, 5, 9, 0, 10, 5, 3, 6, 7, 1, 8, 4, 2, 8, 3, 9, 6, 0, 7, 2, 5, 4, 1, 10, 3, 9, 8, 6, 5, 2, 1, 7, 10, 4, 0, 7, 9, 0, 8, 4, 10, 6, 1, 5, 3, 2]
min  297.2899075493451
NFE 84763
LSNFE 0
VLSNFE 0
runTime 134.29594588279724
