gen 0 400 525000000000466.25 2230330692968984.8 363.4623455941259 1e+16 
gen 1 2071 427.95771395261255 22.208780168442335 335.364678951026 454.15171542662813 
gen 2 3756 402.1966753254447 17.651735567572047 335.364678951026 422.0596445192044 
gen 3 5439 387.3985104951828 14.798337126071422 317.67069617184563 405.73859666927325 
gen 4 7111 377.178708611659 13.350234948484298 317.67069617184563 393.2204339493304 
gen 5 8782 367.3932390135339 13.082253587395027 317.67069617184563 382.6610198205568 
gen 6 10453 360.25688726348335 12.297537986800977 317.67069617184563 375.2467447595154 
gen 7 12159 353.66250130866393 11.609461705321852 317.5741116325387 367.7659227247143 
gen 8 13851 347.26654993947164 11.611440047734225 300.11490516741736 361.3169665099067 
gen 9 15534 342.3082577342711 10.743294209513074 292.7576765692608 354.91198086022064 
gen 10 17223 337.48863288501803 10.825303847887806 292.7576765692608 349.91278181175267 
gen 11 18899 333.45697482510644 10.364223100952442 292.7576765692608 346.39867445778145 
gen 12 20566 329.6918941919653 9.871023402536325 288.62574115392164 341.8336151888875 
gen 13 22245 326.6726124774898 9.611745628771835 285.6310344708099 337.6853692830628 
gen 14 23916 323.93046557599786 9.92822791686614 271.1416309867048 334.1931673364928 
gen 15 25605 320.4562209352272 9.600052606084587 271.1416309867048 331.2660248852902 
gen 16 27274 317.95049179142507 9.245283876546319 271.1416309867048 328.3102953578641 
gen 17 28950 315.3509531920162 9.198179736079853 271.1416309867048 324.9650489986552 
gen 18 30629 312.88210427520215 9.51804341441554 271.1416309867048 322.76867057341633 
gen 19 32316 311.1584207185663 9.126835877749494 271.1416309867048 320.64241602410755 
gen 20 33996 309.23795077072697 8.762446105069186 271.1416309867048 318.94545903992645 
gen 21 35672 306.7219758589601 8.762039634597933 271.1416309867048 317.12017156116514 
gen 22 37356 304.2425144607357 8.3709679144367 271.1416309867048 313.9470170890044 
gen 23 39028 301.7599065775328 8.401244920779261 264.21625397914283 311.6297706555717 
gen 24 40704 299.8935846751548 7.826891499614429 264.21625397914283 309.26797241260795 
gen 25 42386 297.3317864948929 7.591762025898595 264.21625397914283 307.2656695364917 
gen 26 44066 294.4628529790534 7.029474755084124 260.70004878286943 303.24939151912577 
gen 27 45742 292.11662543280045 6.479291062061447 260.70004878286943 298.99203684759806 
gen 28 47422 289.6416385837036 5.837396754048856 260.70004878286943 296.5054665966778 
gen 29 49094 287.2735066124775 5.400876263460652 260.02562804989464 292.7576765692608 
gen 30 50757 284.91178679890555 4.925189000501157 260.02562804989464 289.3429654576674 
gen 31 52427 282.1950325234826 4.736525299275539 260.02562804989464 287.26337149347336 
gen 32 54100 277.8628452353848 4.327349396780999 253.6696012374486 282.5645939394272 
gen 33 55788 273.3921631123349 4.120206119958746 253.6696012374486 277.8115270984504 
gen 34 57454 268.49654021577555 4.290620045028434 248.51369614474365 272.9718503078505 
gen 35 59135 263.40297764587444 4.178251922052288 248.51369614474365 267.9744730746368 
gen 36 60823 258.56579493889234 3.9928661871357214 243.59050448536402 262.5311421913781 
gen 37 62509 254.1216961277855 3.050655943911977 238.364804146927 257.9044817782244 
gen 38 64189 250.74349855745714 2.929003120321621 237.38167395965007 253.24734713862145 
gen 39 65887 247.58124188556943 2.5849542426580587 237.3326789724519 250.24856224773606 
gen 40 67567 244.28826039064268 2.4664678227677643 237.3326789724519 247.57225854103163 
gen 41 69263 241.3433078996285 1.930365268725779 237.3326789724519 244.02552572942872 
gen 42 70954 239.13573426288298 1.2396593695933802 232.77935749608 240.87687522341886 
gen 43 72643 237.62939630243855 0.9015252977491934 224.56580285541395 238.75544105408798 
gen 44 74325 237.18727725478698 0.8558613819154217 224.56580285541395 237.3326789724519 
gen 45 75996 236.9089770609999 1.163661570618824 224.56580285541395 237.3326789724519 
gen 46 77660 235.91267242503315 1.7026207212281683 224.56580285541395 236.90336739423927 
gen 47 79346 233.79181205380075 1.5489611956326803 224.56580285541395 236.0561538837662 
gen 48 81030 232.07644302307978 1.5006076285702346 224.56580285541395 233.48650526021623 
gen 49 82728 230.53071946338096 1.5944938755270424 223.75413162862898 232.46445980849478 
gen 50 84398 228.83326689566175 1.3608359484982386 220.57449033691253 229.24537499551792 
gen 51 86070 228.01323150839693 2.185959983899609 219.18712721807836 229.24537499551792 
gen 52 87742 225.40043019415745 2.8798418180870984 216.77408845679344 228.32375893193338 
gen 53 89439 221.91066550684272 1.2518833834807592 215.50754468265814 222.64602671420658 
gen 54 91122 220.5057750871433 1.4119846600682782 215.50754468265814 222.256947462555 
gen 55 92795 218.9557883250557 1.4149754508496692 215.50754468265814 220.57449033691253 
gen 56 94470 217.06642658256632 0.7879307295356007 211.44718263578946 219.18712721807836 
gen 57 96147 216.7034678438035 0.44619176890298373 211.3046744155411 216.77408845679344 
gen 58 97825 216.62276900846442 0.6485031017377075 211.3046744155411 216.77408845679344 
gen 59 99499 216.27748973255854 1.0906258728670981 211.3046744155411 216.77408845679344 
gen 60 101177 215.54319560874757 1.5517962078616898 211.3046744155411 216.42104452692928 
gen 61 102864 213.4553539916903 1.0728439505072982 211.3046744155411 215.50754468265814 
gen 62 104556 212.12396835801013 1.073373981373416 211.3046744155411 213.84025664220854 
gen 63 106222 211.30467441554117 8.526512829121202e-14 211.3046744155411 211.3046744155411 
gen 64 107892 211.30467441554117 8.526512829121202e-14 211.3046744155411 211.3046744155411 
gen 65 109570 211.30467441554117 8.526512829121202e-14 211.3046744155411 211.3046744155411 
gen 66 111257 211.30467441554117 8.526512829121202e-14 211.3046744155411 211.3046744155411 
gen 67 112945 211.30467441554117 8.526512829121202e-14 211.3046744155411 211.3046744155411 
gen 68 114643 211.30467441554117 8.526512829121202e-14 211.3046744155411 211.3046744155411 
gen 69 116331 211.30467441554117 8.526512829121202e-14 211.3046744155411 211.3046744155411 
gen 70 117997 211.30467441554117 8.526512829121202e-14 211.3046744155411 211.3046744155411 
gen 71 119688 211.30467441554117 8.526512829121202e-14 211.3046744155411 211.3046744155411 
gen 72 121361 211.30467441554117 8.526512829121202e-14 211.3046744155411 211.3046744155411 
gen 73 123034 211.30467441554117 8.526512829121202e-14 211.3046744155411 211.3046744155411 
gen 74 124716 211.30467441554117 8.526512829121202e-14 211.3046744155411 211.3046744155411 
gen 75 126409 211.30467441554117 8.526512829121202e-14 211.3046744155411 211.3046744155411 
gen 76 128102 211.30467441554117 8.526512829121202e-14 211.3046744155411 211.3046744155411 
gen 77 129777 211.30467441554117 8.526512829121202e-14 211.3046744155411 211.3046744155411 
gen 78 131466 211.30467441554117 8.526512829121202e-14 211.3046744155411 211.3046744155411 
gen 79 133155 211.30467441554117 8.526512829121202e-14 211.3046744155411 211.3046744155411 
gen 80 134840 211.30467441554117 8.526512829121202e-14 211.3046744155411 211.3046744155411 
gen 81 136528 211.303092107571 0.03160657694921459 210.67175122748142 211.3046744155411 
gen 82 138199 211.29834518366056 0.0629750620772836 210.67175122748142 211.3046744155411 
gen 83 139883 211.2841044119292 0.1122323804250453 210.67175122748142 211.3046744155411 
gen 84 141570 211.22397670906355 0.21110028380408216 210.67175122748142 211.3046744155411 
gen 85 143243 210.99770666933216 0.31631915425635515 210.67175122748142 211.3046744155411 
gen 86 144921 210.67175122748137 5.684341886080802e-14 210.67175122748142 210.67175122748142 
gen 87 146591 210.66868211885762 0.061305396744242575 209.4441077779875 210.67175122748142 
gen 88 148253 210.65333657573893 0.14922307860208964 209.4441077779875 210.67175122748142 
gen 89 149942 210.6072999463829 0.2738050865428725 209.4441077779875 210.67175122748142 
gen 90 151610 210.4564473758242 0.466295727773938 209.4441077779875 210.67175122748142 
gen 91 153277 209.91748837468782 0.595322479861898 209.4441077779875 210.67175122748142 
gen 92 154964 209.4441077779875 0.0 209.4441077779875 209.4441077779875 
gen 93 156651 209.4441077779875 0.0 209.4441077779875 209.4441077779875 
gen 94 158330 209.4441077779875 0.0 209.4441077779875 209.4441077779875 
gen 95 160006 209.4441077779875 0.0 209.4441077779875 209.4441077779875 
gen 96 161681 209.4441077779875 0.0 209.4441077779875 209.4441077779875 
gen 97 163339 209.4441077779875 0.0 209.4441077779875 209.4441077779875 
gen 98 165028 209.4441077779875 0.0 209.4441077779875 209.4441077779875 
gen 99 166708 209.4441077779875 0.0 209.4441077779875 209.4441077779875 
gen 100 168381 209.4441077779875 0.0 209.4441077779875 209.4441077779875 
gen 101 170044 209.4441077779875 0.0 209.4441077779875 209.4441077779875 
gen 102 171726 209.4441077779875 0.0 209.4441077779875 209.4441077779875 
gen 103 173409 209.4441077779875 0.0 209.4441077779875 209.4441077779875 
gen 104 175099 209.4441077779875 0.0 209.4441077779875 209.4441077779875 
gen 105 176785 209.4441077779875 0.0 209.4441077779875 209.4441077779875 
gen 106 178471 209.4441077779875 0.0 209.4441077779875 209.4441077779875 
gen 107 180140 209.4441077779875 0.0 209.4441077779875 209.4441077779875 
gen 108 181830 209.4441077779875 0.0 209.4441077779875 209.4441077779875 
gen 109 183506 209.4441077779875 0.0 209.4441077779875 209.4441077779875 
gen 110 185177 209.4441077779875 0.0 209.4441077779875 209.4441077779875 
gen 111 186850 209.4441077779875 0.0 209.4441077779875 209.4441077779875 
gen 112 188532 209.4441077779875 0.0 209.4441077779875 209.4441077779875 
gen 113 190218 209.4441077779875 0.0 209.4441077779875 209.4441077779875 
gen 114 191890 209.4441077779875 0.0 209.4441077779875 209.4441077779875 
gen 115 193568 209.4441077779875 0.0 209.4441077779875 209.4441077779875 
gen 116 195242 209.4441077779875 0.0 209.4441077779875 209.4441077779875 
gen 117 196923 209.4441077779875 0.0 209.4441077779875 209.4441077779875 
gen 118 198599 209.4441077779875 0.0 209.4441077779875 209.4441077779875 
gen 119 200286 209.4441077779875 0.0 209.4441077779875 209.4441077779875 
gen 120 201973 209.4441077779875 0.0 209.4441077779875 209.4441077779875 
gen 121 203653 209.4441077779875 0.0 209.4441077779875 209.4441077779875 
gen 122 205332 209.4441077779875 0.0 209.4441077779875 209.4441077779875 
gen 123 207012 209.4441077779875 0.0 209.4441077779875 209.4441077779875 
gen 124 208703 209.4441077779875 0.0 209.4441077779875 209.4441077779875 
gen 125 210384 209.4441077779875 0.0 209.4441077779875 209.4441077779875 
gen 126 212060 209.4441077779875 0.0 209.4441077779875 209.4441077779875 
gen 127 213733 209.44368461201867 0.008452733607524363 209.27484139044768 209.4441077779875 
gen 128 215425 209.442838280081 0.014603824831055764 209.27484139044768 209.4441077779875 
gen 129 217113 209.43902978636132 0.028874682674756163 209.27484139044768 209.4441077779875 
gen 130 218808 209.42591164132696 0.05242990492400968 209.27484139044768 209.4441077779875 
gen 131 220480 209.37005373343882 0.08396939376612865 209.27484139044768 209.4441077779875 
gen 132 222153 209.2748413904477 2.842170943040401e-14 209.27484139044768 209.27484139044768 
gen 133 223830 209.2748413904477 2.842170943040401e-14 209.27484139044768 209.27484139044768 
gen 134 225520 209.2748413904477 2.842170943040401e-14 209.27484139044768 209.27484139044768 
gen 135 227200 209.2748413904477 2.842170943040401e-14 209.27484139044768 209.27484139044768 
gen 136 228884 209.2748413904477 2.842170943040401e-14 209.27484139044768 209.27484139044768 
gen 137 230552 209.2748413904477 2.842170943040401e-14 209.27484139044768 209.27484139044768 
gen 138 232230 209.2748413904477 2.842170943040401e-14 209.27484139044768 209.27484139044768 
gen 139 233911 209.2748413904477 2.842170943040401e-14 209.27484139044768 209.27484139044768 
gen 140 235593 209.2748413904477 2.842170943040401e-14 209.27484139044768 209.27484139044768 
gen 141 237275 209.2748413904477 2.842170943040401e-14 209.27484139044768 209.27484139044768 
gen 142 238941 209.2748413904477 2.842170943040401e-14 209.27484139044768 209.27484139044768 
gen 143 240626 209.2748413904477 2.842170943040401e-14 209.27484139044768 209.27484139044768 
gen 144 242302 209.2748413904477 2.842170943040401e-14 209.27484139044768 209.27484139044768 
gen 145 243988 209.2748413904477 2.842170943040401e-14 209.27484139044768 209.27484139044768 
gen 146 245659 209.2748413904477 2.842170943040401e-14 209.27484139044768 209.27484139044768 
gen 147 247357 209.2748413904477 2.842170943040401e-14 209.27484139044768 209.27484139044768 
gen 148 249035 209.2748413904477 2.842170943040401e-14 209.27484139044768 209.27484139044768 
gen 149 250700 209.2748413904477 2.842170943040401e-14 209.27484139044768 209.27484139044768 
gen 150 252384 209.2748413904477 2.842170943040401e-14 209.27484139044768 209.27484139044768 
gen 151 254054 209.2748413904477 2.842170943040401e-14 209.27484139044768 209.27484139044768 
gen 152 255722 209.2748413904477 2.842170943040401e-14 209.27484139044768 209.27484139044768 
gen 153 257389 209.2748413904477 2.842170943040401e-14 209.27484139044768 209.27484139044768 
gen 154 259068 209.2748413904477 2.842170943040401e-14 209.27484139044768 209.27484139044768 
gen 155 260756 209.2748413904477 2.842170943040401e-14 209.27484139044768 209.27484139044768 
gen 156 262434 209.2748413904477 2.842170943040401e-14 209.27484139044768 209.27484139044768 
gen 157 264114 209.2748413904477 2.842170943040401e-14 209.27484139044768 209.27484139044768 
gen 158 265798 209.2748413904477 2.842170943040401e-14 209.27484139044768 209.27484139044768 
gen 159 267472 209.2748413904477 2.842170943040401e-14 209.27484139044768 209.27484139044768 
gen 160 269149 209.2748413904477 2.842170943040401e-14 209.27484139044768 209.27484139044768 
gen 161 270834 209.2748413904477 2.842170943040401e-14 209.27484139044768 209.27484139044768 
gen 162 272524 209.2748413904477 2.842170943040401e-14 209.27484139044768 209.27484139044768 
gen 163 274207 209.2748413904477 2.842170943040401e-14 209.27484139044768 209.27484139044768 
gen 164 275878 209.2748413904477 2.842170943040401e-14 209.27484139044768 209.27484139044768 
gen 165 277557 209.2748413904477 2.842170943040401e-14 209.27484139044768 209.27484139044768 
gen 166 279233 209.2748413904477 2.842170943040401e-14 209.27484139044768 209.27484139044768 
gen 167 280911 209.2748413904477 2.842170943040401e-14 209.27484139044768 209.27484139044768 
[19, 9, 11, 1, 7, 16, 15, 3, 5, 14, 8, 4, 10, 17, 0, 6, 2, 18, 13, 12, 14, 7, 2, 8, 10, 17, 6, 18, 1, 15, 4, 9, 13, 16, 0, 19, 11, 12, 3, 5, 13, 12, 6, 15, 9, 11, 5, 4, 0, 2, 8, 17, 3, 10, 1, 19, 14, 7, 16, 18, 10, 2, 8, 3, 17, 6, 12, 19, 0, 16, 14, 7, 18, 11, 4, 9, 5, 13, 1, 15, 8, 11, 15, 5, 7, 13, 19, 0, 12, 17, 16, 10, 18, 6, 3, 14, 9, 1, 2, 4, 2, 0, 8, 9, 3, 12, 18, 17, 16, 7, 10, 4, 6, 5, 1, 14, 19, 13, 15, 11, 11, 5, 3, 18, 19, 8, 1, 2, 10, 17, 0, 15, 14, 7, 13, 6, 16, 9, 4, 12, 13, 4, 9, 15, 7, 17, 19, 14, 12, 6, 16, 2, 0, 3, 11, 1, 5, 10, 18, 8, 19, 2, 18, 6, 7, 4, 14, 9, 12, 17, 15, 0, 8, 3, 10, 5, 16, 11, 1, 13, 8, 3, 13, 16, 4, 10, 17, 12, 7, 14, 0, 11, 5, 18, 6, 9, 1, 2, 15, 19, 6, 3, 19, 7, 15, 0, 12, 1, 13, 9, 17, 5, 11, 16, 14, 10, 2, 18, 4, 8, 12, 13, 10, 14, 18, 3, 1, 16, 5, 17, 7, 2, 0, 9, 4, 6, 8, 15, 11, 19, 7, 11, 19, 8, 10, 5, 12, 1, 18, 6, 16, 17, 3, 14, 4, 2, 13, 15, 0, 9, 7, 5, 6, 8, 17, 12, 3, 1, 10, 14, 2, 0, 13, 16, 4, 11, 18, 15, 19, 9, 10, 4, 13, 0, 14, 6, 5, 11, 15, 8, 1, 16, 19, 18, 2, 12, 7, 17, 9, 3, 16, 0, 14, 4, 15, 1, 5, 2, 10, 6, 7, 9, 19, 12, 11, 17, 18, 3, 13, 8, 17, 14, 19, 9, 0, 16, 6, 7, 3, 12, 4, 15, 18, 1, 13, 5, 10, 8, 11, 2, 10, 3, 2, 17, 8, 12, 14, 6, 19, 1, 4, 16, 15, 5, 18, 7, 9, 13, 11, 0, 15, 12, 18, 9, 2, 7, 8, 17, 0, 11, 6, 4, 5, 13, 3, 10, 1, 16, 14, 19, 11, 16, 0, 18, 19, 7, 5, 1, 3, 9, 14, 17, 10, 2, 15, 8, 13, 6, 4, 12]
min  209.27484139044768
NFE 280911
LSNFE 0
VLSNFE 0
runTime 1023.8455588817596
