gen 0 400 500000000000470.3 2179449471770228.8 351.2124143042048 1e+16 
gen 1 2076 429.45104323053164 20.573527086822214 351.2124143042048 454.40425847485255 
gen 2 3752 401.8181713306798 17.858514935002102 327.4660143419202 423.36399735686285 
gen 3 5431 386.9207803655156 15.084202854338438 327.4660143419202 404.9729585118619 
gen 4 7110 375.6957637694286 14.320375189706642 301.46273130601185 391.87824321275593 
gen 5 8778 366.9258589683936 13.194054867684589 301.46273130601185 382.7569913112959 
gen 6 10447 359.82232494314337 13.060945584307387 299.3519952766833 375.2038540889264 
gen 7 12139 352.7646590878419 12.61701304331655 291.5589345753267 367.15148435636365 
gen 8 13819 347.7004400326035 12.041051713188262 291.5589345753267 360.9726755106496 
gen 9 15485 342.1410424371645 12.732755004407329 291.5589345753267 356.15487733100633 
gen 10 17158 337.3214211911903 11.927700073804154 291.5589345753267 351.50778104001273 
gen 11 18839 332.5154479211599 11.799165005583852 289.2201857077377 345.62839559465016 
gen 12 20520 327.71436342119387 11.865369598510359 275.998207481503 341.2129805203307 
gen 13 22191 323.9671334076649 11.392156416491312 275.998207481503 337.1702550671692 
gen 14 23863 319.94077340297366 10.530139376175985 275.998207481503 332.4413982843919 
gen 15 25542 316.1252493286323 10.025930229113541 275.998207481503 328.2445229967378 
gen 16 27222 312.1358528381235 9.530385351240394 275.998207481503 323.0108551016106 
gen 17 28903 309.5263546303465 9.28019127324117 271.6244795427264 320.26051581238164 
gen 18 30583 305.8819950467668 9.221180225092843 264.67212185067723 316.6899663058427 
gen 19 32270 302.946666215108 8.587196245656717 264.67212185067723 313.53667866881364 
gen 20 33946 299.65539539257486 8.165359899919727 264.67212185067723 310.1450388495557 
gen 21 35617 297.35847548795226 7.5737095432593495 264.67212185067723 306.85005972773985 
gen 22 37308 294.63100437316155 7.113557066346915 264.67212185067723 304.1413504135313 
gen 23 38986 291.54116758459804 7.355464926292249 249.0557082058424 299.80334694953115 
gen 24 40655 289.0702065969588 7.3359462616797115 247.4767226931531 296.90932668722127 
gen 25 42327 285.1723711973113 8.390812637564153 240.86558682971864 292.88592706115503 
gen 26 44010 280.7078386300123 9.734974425538773 235.91888339576602 289.57703368485693 
gen 27 45694 275.74843628579566 10.541463469355854 224.83806577310958 285.58326112322897 
gen 28 47353 267.91553949934246 10.913456793655408 224.83806577310958 279.9374581403694 
gen 29 49026 256.73636609554495 9.417517241148637 224.83806577310958 268.5747551952047 
gen 30 50723 245.27579765470398 6.2275708246078265 224.83806577310958 253.66887360161442 
gen 31 52402 237.0831920245925 3.702152018601895 224.1601822564329 240.9791310853823 
gen 32 54078 230.71801141451263 4.028441047032203 219.52570743433964 235.6957671314761 
gen 33 55753 225.28384418909081 2.543924904859738 219.47592004271212 228.91996856512102 
gen 34 57423 222.35467927458893 1.8940611383448906 217.01179418055318 224.83806577310958 
gen 35 59109 220.26729283725396 0.5463575714658738 217.01179418055318 220.62835956261307 
gen 36 60779 219.53479452095348 0.46495882114469245 214.8082534672291 220.62835956261307 
gen 37 62465 219.25183533258635 0.7242026407292401 214.8082534672291 219.5230842371256 
gen 38 64145 218.72597871965004 1.1159644442010603 214.8082534672291 219.5230842371256 
gen 39 65835 217.86584071758946 1.4765480506951174 210.33853036557758 218.98377200471765 
gen 40 67512 216.05733080290597 1.1225760272500276 210.33853036557758 217.0475096315563 
gen 41 69186 214.75138957523396 0.39716725957792315 210.33853036557758 214.8082534672291 
gen 42 70861 214.63084611982202 0.8282302161466398 205.9548997788985 214.8082534672291 
gen 43 72542 214.20945465282747 1.4866807069613128 204.14882083259192 214.8082534672291 
gen 44 74226 212.8485218307399 2.5620990271708197 204.14882083259192 214.5285531171313 
gen 45 75903 208.8256183447056 1.7834616948679132 204.14882083259192 210.33853036557758 
gen 46 77585 206.4224089709371 0.7382813742219965 202.73832525124328 207.15232357463555 
gen 47 79265 205.71663681939282 0.8009174795895236 202.73832525124328 205.9548997788985 
gen 48 80938 205.3281571851193 1.2202421013158182 202.73832525124328 205.9548997788985 
gen 49 82620 203.87057769751846 1.4219888059282029 202.73832525124328 205.9548997788985 
gen 50 84291 202.73174894698525 0.0654334011928685 202.08069482544468 202.73832525124328 
gen 51 85965 202.7085654102112 0.15696516594682833 201.57082481898527 202.73832525124328 
gen 52 87648 202.60954971698177 0.3209346966339551 201.57082481898527 202.73832525124328 
gen 53 89329 202.31222108290683 0.4774093942021729 201.57082481898527 202.73832525124328 
gen 54 91011 201.71847783874506 0.21623161588984094 201.57082481898527 202.08069482544468 
gen 55 92688 201.57082481898527 0.0 201.57082481898527 201.57082481898527 
gen 56 94373 201.57082481898527 0.0 201.57082481898527 201.57082481898527 
gen 57 96037 201.56896866153562 0.0370767160182184 200.82836183912067 201.57082481898527 
gen 58 97701 201.56896866153562 0.0370767160182184 200.82836183912067 201.57082481898527 
gen 59 99371 201.56896866153562 0.0370767160182184 200.82836183912067 201.57082481898527 
gen 60 101060 201.56711250408597 0.05236864615812934 200.82836183912067 201.57082481898527 
gen 61 102737 201.55783171683768 0.09735541399838055 200.82836183912067 201.57082481898527 
gen 62 104427 201.54483861469 0.13644966787337592 200.82836183912067 201.57082481898527 
gen 63 106098 201.5169962529451 0.19253104430738036 200.82836183912067 201.57082481898527 
gen 64 107775 201.45574305710628 0.26870082980069504 200.82836183912067 201.57082481898527 
gen 65 109455 201.28563796998657 0.3631352133559413 200.35045815891957 201.57082481898527 
gen 66 111146 200.82477216603843 0.041294338455027536 200.34829996663893 200.82836183912067 
gen 67 112822 200.8199769427943 0.06282696064848874 200.34829996663893 200.82836183912067 
gen 68 114504 200.78374010694245 0.14482594815055072 199.7602525819048 200.82836183912067 
gen 69 116178 200.64250156677124 0.26114781745352317 198.8628882444923 200.82836183912067 
gen 70 117842 200.29507512634274 0.22883213021555118 198.8628882444923 200.34829996663893 
gen 71 119527 200.15777819020434 0.4005419518933521 198.8628882444923 200.34829996663893 
gen 72 121188 199.74092804021208 0.5718130563706109 195.9659322802077 200.34829996663893 
gen 73 122884 199.2498924836343 0.5636211288093357 195.9659322802077 199.75809438962418 
gen 74 124556 198.75669698574387 0.5046700393806236 195.9659322802077 198.8628882444923 
gen 75 126253 198.55008312480615 0.8513572956397039 194.53910843548172 198.8628882444923 
gen 76 127950 198.09388454174209 1.221052788248106 194.53910843548172 198.8628882444923 
gen 77 129615 196.83728002046414 1.182238760844921 194.35507393102853 198.8628882444923 
gen 78 131313 195.83558454358302 0.4314266139888032 192.76608343041661 195.9659322802077 
gen 79 133004 195.5780615992988 0.6801591863779546 192.73533543729985 195.9659322802077 
gen 80 134669 194.6154213166009 0.4783936680464121 192.73533543729985 195.9659322802077 
gen 81 136369 194.43032425411354 0.3871069618320985 192.73533543729985 194.53910843548172 
gen 82 138047 194.28731780096712 0.5679290472767748 192.73533543729985 194.53910843548172 
gen 83 139727 194.04270717135202 0.7358102434101027 192.73533543729985 194.50640565913713 
gen 84 141399 193.52924389037463 0.8135063116222967 192.73533543729985 194.50640565913713 
gen 85 143065 192.75522839965882 0.014681372031089022 192.73533543729985 192.76608343041661 
gen 86 144753 192.73329906182414 0.040676568269632986 191.92078524700528 192.73533543729985 
gen 87 146433 192.7251535599212 0.09049850567499416 191.92078524700528 192.73533543729985 
gen 88 148103 192.67773317600458 0.20799693519007414 191.92078524700528 192.73533543729985 
gen 89 149780 192.4880516403382 0.3722631473954053 191.92078524700528 192.73533543729985 
gen 90 151463 191.92078524700534 5.684341886080802e-14 191.92078524700528 191.92078524700528 
gen 91 153150 191.92078524700534 5.684341886080802e-14 191.92078524700528 191.92078524700528 
gen 92 154829 191.92078524700534 5.684341886080802e-14 191.92078524700528 191.92078524700528 
gen 93 156492 191.92078524700534 5.684341886080802e-14 191.92078524700528 191.92078524700528 
gen 94 158189 191.92078524700534 5.684341886080802e-14 191.92078524700528 191.92078524700528 
gen 95 159862 191.92078524700534 5.684341886080802e-14 191.92078524700528 191.92078524700528 
gen 96 161544 191.92078524700534 5.684341886080802e-14 191.92078524700528 191.92078524700528 
gen 97 163235 191.92078524700534 5.684341886080802e-14 191.92078524700528 191.92078524700528 
gen 98 164912 191.92078524700534 5.684341886080802e-14 191.92078524700528 191.92078524700528 
gen 99 166592 191.92078524700534 5.684341886080802e-14 191.92078524700528 191.92078524700528 
gen 100 168258 191.92078524700534 5.684341886080802e-14 191.92078524700528 191.92078524700528 
gen 101 169941 191.92078524700534 5.684341886080802e-14 191.92078524700528 191.92078524700528 
gen 102 171625 191.92078524700534 5.684341886080802e-14 191.92078524700528 191.92078524700528 
gen 103 173303 191.92078524700534 5.684341886080802e-14 191.92078524700528 191.92078524700528 
gen 104 174978 191.92078524700534 5.684341886080802e-14 191.92078524700528 191.92078524700528 
gen 105 176647 191.92078524700534 5.684341886080802e-14 191.92078524700528 191.92078524700528 
gen 106 178343 191.92078524700534 5.684341886080802e-14 191.92078524700528 191.92078524700528 
gen 107 180022 191.92078524700534 5.684341886080802e-14 191.92078524700528 191.92078524700528 
gen 108 181694 191.92078524700534 5.684341886080802e-14 191.92078524700528 191.92078524700528 
gen 109 183376 191.92078524700534 5.684341886080802e-14 191.92078524700528 191.92078524700528 
gen 110 185037 191.92078524700534 5.684341886080802e-14 191.92078524700528 191.92078524700528 
gen 111 186738 191.92078524700534 5.684341886080802e-14 191.92078524700528 191.92078524700528 
gen 112 188418 191.92078524700534 5.684341886080802e-14 191.92078524700528 191.92078524700528 
gen 113 190105 191.92078524700534 5.684341886080802e-14 191.92078524700528 191.92078524700528 
gen 114 191770 191.92078524700534 5.684341886080802e-14 191.92078524700528 191.92078524700528 
gen 115 193445 191.92078524700534 5.684341886080802e-14 191.92078524700528 191.92078524700528 
gen 116 195111 191.92078524700534 5.684341886080802e-14 191.92078524700528 191.92078524700528 
gen 117 196795 191.92078524700534 5.684341886080802e-14 191.92078524700528 191.92078524700528 
gen 118 198477 191.9157935165593 0.09970973756618497 189.92409306858985 191.92078524700528 
gen 119 200166 191.8908348643291 0.24270284177925805 189.92409306858985 191.92078524700528 
gen 120 201849 191.7860085249623 0.5009419746149689 189.92409306858985 191.92078524700528 
gen 121 203519 191.443049525718 0.8481691967994371 189.92409306858985 191.92078524700528 
gen 122 205189 190.2806932872273 0.7473755291291014 189.92409306858985 191.92078524700528 
gen 123 206867 189.92409306858985 0.0 189.92409306858985 189.92409306858985 
gen 124 208556 189.92409306858985 0.0 189.92409306858985 189.92409306858985 
gen 125 210222 189.92409306858985 0.0 189.92409306858985 189.92409306858985 
gen 126 211901 189.92409306858985 0.0 189.92409306858985 189.92409306858985 
gen 127 213579 189.92409306858985 0.0 189.92409306858985 189.92409306858985 
gen 128 215250 189.92409306858985 0.0 189.92409306858985 189.92409306858985 
gen 129 216921 189.92409306858985 0.0 189.92409306858985 189.92409306858985 
gen 130 218576 189.92409306858985 0.0 189.92409306858985 189.92409306858985 
gen 131 220260 189.92409306858985 0.0 189.92409306858985 189.92409306858985 
gen 132 221955 189.92409306858985 0.0 189.92409306858985 189.92409306858985 
gen 133 223642 189.92409306858985 0.0 189.92409306858985 189.92409306858985 
gen 134 225330 189.92409306858985 0.0 189.92409306858985 189.92409306858985 
gen 135 227005 189.92409306858985 0.0 189.92409306858985 189.92409306858985 
gen 136 228679 189.92396591449722 0.0025399010115894445 189.87323143152634 189.92409306858985 
gen 137 230363 189.92371160631188 0.0043881980887762965 189.87323143152634 189.92409306858985 
gen 138 232034 189.9215499867367 0.011085036803146223 189.87323143152634 189.92409306858985 
gen 139 233711 189.9126492002506 0.0212389207708094 189.87323143152634 189.92409306858985 
gen 140 235392 189.87323143152636 2.842170943040401e-14 189.87323143152634 189.87323143152634 
gen 141 237075 189.87323143152636 2.842170943040401e-14 189.87323143152634 189.87323143152634 
gen 142 238744 189.87323143152636 2.842170943040401e-14 189.87323143152634 189.87323143152634 
gen 143 240420 189.87323143152636 2.842170943040401e-14 189.87323143152634 189.87323143152634 
gen 144 242101 189.87323143152636 2.842170943040401e-14 189.87323143152634 189.87323143152634 
gen 145 243790 189.87323143152636 2.842170943040401e-14 189.87323143152634 189.87323143152634 
gen 146 245469 189.87323143152636 2.842170943040401e-14 189.87323143152634 189.87323143152634 
gen 147 247138 189.87323143152636 2.842170943040401e-14 189.87323143152634 189.87323143152634 
gen 148 248811 189.87323143152636 2.842170943040401e-14 189.87323143152634 189.87323143152634 
gen 149 250478 189.87323143152636 2.842170943040401e-14 189.87323143152634 189.87323143152634 
gen 150 252146 189.87323143152636 2.842170943040401e-14 189.87323143152634 189.87323143152634 
gen 151 253821 189.87323143152636 2.842170943040401e-14 189.87323143152634 189.87323143152634 
gen 152 255498 189.87323143152636 2.842170943040401e-14 189.87323143152634 189.87323143152634 
gen 153 257172 189.87323143152636 2.842170943040401e-14 189.87323143152634 189.87323143152634 
gen 154 258848 189.87323143152636 2.842170943040401e-14 189.87323143152634 189.87323143152634 
gen 155 260533 189.87323143152636 2.842170943040401e-14 189.87323143152634 189.87323143152634 
gen 156 262221 189.87323143152636 2.842170943040401e-14 189.87323143152634 189.87323143152634 
gen 157 263896 189.87323143152636 2.842170943040401e-14 189.87323143152634 189.87323143152634 
gen 158 265581 189.8714231474488 0.036120446159597204 189.14991780049937 189.87323143152634 
gen 159 267267 189.8659982952161 0.07196879759598064 189.14991780049937 189.87323143152634 
gen 160 268957 189.84068231813012 0.14994589895840507 189.14991780049937 189.87323143152634 
gen 161 270642 189.74122669386395 0.2793842789887146 189.14991780049937 189.87323143152634 
gen 162 272345 189.37956987835045 0.33670521445625046 189.14991780049937 189.87323143152634 
gen 163 274022 189.1499178004994 2.842170943040401e-14 189.14991780049937 189.14991780049937 
gen 164 275715 189.1499178004994 2.842170943040401e-14 189.14991780049937 189.14991780049937 
gen 165 277387 189.1499178004994 2.842170943040401e-14 189.14991780049937 189.14991780049937 
gen 166 279065 189.1499178004994 2.842170943040401e-14 189.14991780049937 189.14991780049937 
gen 167 280745 189.1499178004994 2.842170943040401e-14 189.14991780049937 189.14991780049937 
[9, 11, 7, 4, 1, 15, 8, 2, 16, 19, 3, 18, 14, 0, 10, 12, 5, 17, 6, 13, 13, 19, 12, 4, 10, 11, 14, 7, 6, 15, 16, 17, 0, 9, 1, 18, 2, 3, 5, 8, 10, 3, 12, 1, 7, 16, 8, 15, 6, 4, 19, 9, 18, 5, 14, 13, 17, 11, 0, 2, 8, 13, 0, 9, 5, 4, 16, 3, 19, 6, 1, 15, 10, 17, 14, 18, 11, 12, 7, 2, 3, 15, 14, 17, 12, 0, 9, 1, 18, 5, 19, 11, 4, 2, 10, 6, 8, 13, 7, 16, 2, 5, 6, 12, 10, 18, 3, 19, 17, 9, 0, 16, 4, 13, 15, 8, 1, 11, 7, 14, 10, 8, 3, 19, 12, 4, 15, 14, 11, 9, 16, 17, 13, 18, 5, 7, 0, 6, 2, 1, 13, 6, 5, 3, 19, 0, 10, 18, 8, 1, 12, 2, 11, 4, 14, 9, 15, 16, 17, 7, 19, 10, 17, 16, 18, 13, 2, 14, 3, 8, 7, 15, 12, 9, 1, 4, 11, 5, 0, 6, 15, 8, 3, 1, 0, 6, 18, 12, 4, 10, 19, 9, 5, 16, 2, 17, 7, 13, 14, 11, 3, 12, 10, 6, 4, 14, 9, 17, 15, 7, 13, 5, 0, 18, 11, 1, 2, 16, 8, 19, 0, 19, 2, 11, 1, 15, 7, 9, 17, 6, 3, 10, 8, 12, 14, 13, 18, 16, 4, 5, 14, 3, 1, 9, 13, 8, 7, 18, 4, 10, 17, 5, 16, 11, 2, 15, 19, 12, 0, 6, 15, 5, 11, 9, 8, 6, 7, 16, 12, 19, 1, 14, 4, 3, 17, 2, 10, 13, 0, 18, 10, 4, 17, 16, 3, 14, 1, 8, 11, 6, 18, 5, 0, 7, 15, 13, 19, 2, 9, 12, 8, 13, 10, 3, 18, 17, 11, 6, 14, 15, 5, 7, 0, 12, 19, 4, 16, 1, 2, 9, 2, 19, 16, 1, 4, 13, 17, 15, 5, 12, 9, 11, 3, 18, 8, 6, 14, 7, 0, 10, 7, 6, 0, 9, 3, 19, 18, 10, 16, 14, 8, 1, 4, 13, 2, 17, 15, 12, 11, 5, 13, 4, 2, 1, 7, 14, 5, 0, 17, 3, 11, 12, 16, 6, 18, 10, 9, 8, 15, 19, 5, 9, 18, 14, 16, 2, 19, 3, 12, 6, 17, 7, 13, 10, 4, 8, 15, 11, 1, 0]
min  189.14991780049937
NFE 280745
LSNFE 0
VLSNFE 0
runTime 1023.3150038719177
