gen 0 400 400000000000471.75 1959591794226446.2 372.6889121821304 1e+16 
gen 1 2082 428.1427971989947 21.182305443475762 336.0252405170909 451.82952939904345 
gen 2 3769 405.0248513274484 16.382095924526215 335.17041136170525 424.24988550091155 
gen 3 5446 389.1136151238464 15.11419116949947 332.96096140992273 407.84136255756675 
gen 4 7122 376.9565787475879 13.345452678463813 329.3617117227788 393.2986194013042 
gen 5 8804 366.5979205021877 13.13403731467936 308.2631226450439 382.2487499761113 
gen 6 10472 359.11083802557033 12.400522106666099 308.2631226450439 373.99424297786936 
gen 7 12170 352.15847022501197 11.131383925974768 308.2631226450439 366.56697553867286 
gen 8 13858 346.55422641888043 10.27817561809672 306.0789323073132 359.5093445677623 
gen 9 15553 341.6972055352242 9.863716025000222 306.0789323073132 353.2691304007317 
gen 10 17252 336.92117523798896 10.098336105930848 289.35379318252456 348.3862483946525 
gen 11 18939 333.23863763208703 9.696701209928206 289.35379318252456 344.6054984013327 
gen 12 20624 328.87224306877965 9.686942720149984 289.35379318252456 340.12218047191476 
gen 13 22303 324.7275714391486 10.033836133865954 282.67319552189025 335.91680130046046 
gen 14 23985 320.535711612694 9.980321798494812 271.4175290370736 331.66586218445013 
gen 15 25662 317.09795553612616 9.467054804692864 270.3626386525289 327.4920371097693 
gen 16 27339 313.7873445914154 9.222161792824727 270.3626386525289 324.6711077779973 
gen 17 29020 311.6003800326521 8.527840878035487 270.3626386525289 321.60053224283587 
gen 18 30713 307.5023384678385 8.234742902578956 270.3626386525289 316.90369379919923 
gen 19 32392 304.3086569594977 8.437966456519831 266.6398095096054 313.209457260469 
gen 20 34076 301.00718321523215 8.670688775859682 266.6398095096054 310.4578388047325 
gen 21 35758 297.6843226748205 8.43903310434856 266.6398095096054 307.0374822844362 
gen 22 37440 294.3125032573898 7.72563744986502 266.6398095096054 303.13323081694256 
gen 23 39110 290.17466608625864 7.11313254925693 264.8165615151245 298.9062201577808 
gen 24 40785 284.95433719364735 6.784417616986927 260.6958046467661 292.7672274277072 
gen 25 42466 279.8463695743534 6.558915405349773 248.77787662230065 287.064298054864 
gen 26 44157 275.6716855949772 6.433597178550857 247.02765765322818 282.9515252466302 
gen 27 45848 271.82662855297525 5.938285568544181 247.02765765322818 278.38609769928524 
gen 28 47544 268.24729263797394 5.813499027824756 246.8064231525902 274.55318963883246 
gen 29 49227 265.17710752770114 5.654034105561924 246.8064231525902 271.20925892563514 
gen 30 50914 262.1364093020742 5.873291919639213 234.61307045678083 268.62444597259935 
gen 31 52583 259.9382713907514 5.436103375299696 234.61307045678083 266.03135443707635 
gen 32 54270 257.3236924622485 5.201609596707613 234.61307045678083 263.37553108002885 
gen 33 55955 255.19236275459778 4.587007859576505 234.61307045678083 260.6563047357813 
gen 34 57631 253.60888910502428 4.433225854491355 234.61307045678083 258.52075071881626 
gen 35 59311 252.0299501277028 4.565578801052447 234.61307045678083 256.2117658298344 
gen 36 60990 250.87622519153766 4.705539698586688 234.61307045678083 255.57867888466131 
gen 37 62687 249.0829474269249 4.45572205654299 234.61307045678083 254.65438481767205 
gen 38 64373 248.0644949844136 4.044614064344112 234.61307045678083 253.20089500608574 
gen 39 66057 246.88974746054845 3.894214235536108 229.04465948778451 251.70071771630924 
gen 40 67738 245.96679648815265 3.9725452687800065 229.04465948778451 249.92325543543663 
gen 41 69417 245.07612957038 4.029147103723307 228.87833107879092 248.77787662230065 
gen 42 71096 244.3344352410463 4.0225205735083085 228.6732166527653 248.77787662230065 
gen 43 72781 243.2841093339467 4.080653285817613 228.6732166527653 247.733859136205 
gen 44 74454 242.21636084396312 3.954920981313097 228.6732166527653 246.89111778258237 
gen 45 76133 241.0114990218999 3.8463778442058305 228.37044164779826 245.7203147921354 
gen 46 77821 239.9906869793102 3.67317726195177 228.37044164779826 244.25929253210143 
gen 47 79501 238.44568876103338 3.533961263375245 228.37044164779826 242.6361843879341 
gen 48 81166 236.64826647602357 3.455668490535863 223.5208413676661 241.1034109913829 
gen 49 82837 234.6046209882651 3.2304406631795834 220.21945931973573 238.3680349307953 
gen 50 84521 232.21624205588327 2.4835712966396994 220.21945931973573 235.5068414705725 
gen 51 86199 229.93229552172906 1.806201313376776 220.21945931973573 231.60976837319282 
gen 52 87877 229.06947274182014 2.0928915660412892 220.21945931973573 230.8661504583844 
gen 53 89559 227.75437939191121 2.2635155114120526 217.70570190870606 230.08192788884406 
gen 54 91231 226.65482304300053 2.3596900619277488 214.97644786532967 229.33568107616637 
gen 55 92905 225.16814348008072 2.475164510633165 212.8139354592684 227.8380014806364 
gen 56 94575 223.72666390670784 2.5193061990689642 211.46622076456674 226.53609668374042 
gen 57 96256 222.6291929975644 2.369306502513457 211.46622076456674 225.50505290771895 
gen 58 97940 221.45651285345187 2.2158318050143544 211.46622076456674 224.22303679198546 
gen 59 99620 220.36822420773603 1.897745044276872 210.81069778835987 223.02523729189005 
gen 60 101310 219.27645972920578 1.5301087486836578 210.81069778835987 221.33066493543768 
gen 61 102989 218.6029150673411 1.6869855022531435 210.81069778835987 219.61901152678192 
gen 62 104672 218.04903377863542 1.9011959845227921 210.81069778835987 219.61901152678192 
gen 63 106351 216.90686164573134 1.757701707377212 210.81069778835987 219.45216117024026 
gen 64 108027 215.72285542710299 1.340064739529074 210.66394948625407 217.47731842195518 
gen 65 109718 214.84793019049866 1.3697396724831756 210.66394948625407 216.1345954250116 
gen 66 111403 214.04553676983605 1.328258402510368 210.66394948625407 215.46250581157295 
gen 67 113093 213.16101440148407 0.9981736225276042 210.66394948625407 214.6097423284404 
gen 68 114789 212.40580708607732 0.5347385729068859 210.66394948625407 213.09991054603879 
gen 69 116472 212.06509921979756 0.3454317099679366 210.66394948625407 212.3780741350363 
gen 70 118166 211.91101164628154 0.34219407970442045 209.94508714426203 212.18347688975516 
gen 71 119843 211.77142988213282 0.33265107020370976 209.94508714426203 212.1355001456389 
gen 72 121525 211.6563746313063 0.36670915924742653 208.06033493366488 211.84090011352757 
gen 73 123204 211.54904433112932 0.47368095840656393 206.8862438422351 211.81012737219228 
gen 74 124871 211.40875302587213 0.6832008397496873 205.36192691582568 211.72626841331225 
gen 75 126547 211.2238143172747 0.7884976432062886 205.36192691582568 211.72626841331225 
gen 76 128237 210.79805422101552 0.7830892815644092 205.36192691582568 211.72626841331225 
gen 77 129914 210.40842710912918 0.9409867013289513 205.36192691582568 211.01291340596936 
gen 78 131589 209.73472690022118 1.0795130072556762 205.36192691582568 210.55802693921828 
gen 79 133273 209.02489259229048 1.1390073627301731 205.36192691582568 209.94508714426203 
gen 80 134973 207.97709794097213 0.9560183524066881 203.67508206755255 209.4440732464869 
gen 81 136657 207.1224494598213 0.45473018125788356 203.67508206755255 207.75110745874122 
gen 82 138334 206.82977164123554 0.4035438376730643 203.67508206755255 207.22602045416062 
gen 83 140018 206.65466151670773 0.49987928513410335 203.67508206755255 206.8862438422351 
gen 84 141703 206.42410063108764 0.6294378961502519 203.67508206755255 206.8862438422351 
gen 85 143390 206.03476878345 0.6413656352645036 203.67508206755255 206.70502047131038 
gen 86 145074 205.84839346485555 0.7540509295739687 202.7759997104455 206.1857702906482 
gen 87 146751 205.52815544334524 0.9507810005732377 202.7759997104455 206.17895979468648 
gen 88 148419 204.81829801015138 1.1155094670988257 200.84236581862416 206.07568254606485 
gen 89 150111 203.68507169875807 0.3709522771643843 200.84236581862416 204.92856297355536 
gen 90 151783 203.46777411212597 0.48395530839994755 200.84236581862416 203.7299285427628 
gen 91 153455 203.14837383256773 0.5916389812058818 200.84236581862416 203.67508206755255 
gen 92 155124 202.64508090610593 0.4188022505752662 200.84236581862416 202.7759997104455 
gen 93 156793 202.51585123080665 0.5788260847307874 200.84236581862416 202.7759997104455 
gen 94 158472 202.2656216795432 0.7368598732479689 200.84236581862416 202.7759997104455 
gen 95 160157 201.80521419553833 0.7593635423344498 200.84236581862416 202.77382552915432 
gen 96 161830 201.1070338053443 0.5004622127020587 200.84236581862416 202.19366713583233 
gen 97 163505 200.84236581862416 0.0 200.84236581862416 200.84236581862416 
gen 98 165183 200.84236581862416 0.0 200.84236581862416 200.84236581862416 
gen 99 166868 200.84236581862416 0.0 200.84236581862416 200.84236581862416 
gen 100 168564 200.84236581862416 0.0 200.84236581862416 200.84236581862416 
gen 101 170248 200.84236581862416 0.0 200.84236581862416 200.84236581862416 
gen 102 171930 200.84236581862416 0.0 200.84236581862416 200.84236581862416 
gen 103 173599 200.84236581862416 0.0 200.84236581862416 200.84236581862416 
gen 104 175281 200.84236581862416 0.0 200.84236581862416 200.84236581862416 
gen 105 176978 200.84236581862416 0.0 200.84236581862416 200.84236581862416 
gen 106 178648 200.84236581862416 0.0 200.84236581862416 200.84236581862416 
gen 107 180323 200.84236581862416 0.0 200.84236581862416 200.84236581862416 
gen 108 181989 200.84236581862416 0.0 200.84236581862416 200.84236581862416 
gen 109 183671 200.84236581862416 0.0 200.84236581862416 200.84236581862416 
gen 110 185343 200.84236581862416 0.0 200.84236581862416 200.84236581862416 
gen 111 187021 200.84236581862416 0.0 200.84236581862416 200.84236581862416 
gen 112 188703 200.84236581862416 0.0 200.84236581862416 200.84236581862416 
gen 113 190397 200.84236581862416 0.0 200.84236581862416 200.84236581862416 
gen 114 192086 200.84236581862416 0.0 200.84236581862416 200.84236581862416 
gen 115 193772 200.84236581862416 0.0 200.84236581862416 200.84236581862416 
gen 116 195455 200.84236581862416 0.0 200.84236581862416 200.84236581862416 
gen 117 197136 200.84236581862416 0.0 200.84236581862416 200.84236581862416 
gen 118 198834 200.84236581862416 0.0 200.84236581862416 200.84236581862416 
gen 119 200500 200.84236581862416 0.0 200.84236581862416 200.84236581862416 
gen 120 202181 200.84236581862416 0.0 200.84236581862416 200.84236581862416 
gen 121 203868 200.84236581862416 0.0 200.84236581862416 200.84236581862416 
gen 122 205542 200.84236581862416 0.0 200.84236581862416 200.84236581862416 
gen 123 207234 200.84236581862416 0.0 200.84236581862416 200.84236581862416 
gen 124 208913 200.84236581862416 0.0 200.84236581862416 200.84236581862416 
gen 125 210584 200.84236581862416 0.0 200.84236581862416 200.84236581862416 
gen 126 212269 200.84236581862416 0.0 200.84236581862416 200.84236581862416 
gen 127 213960 200.84236581862416 0.0 200.84236581862416 200.84236581862416 
gen 128 215628 200.84236581862416 0.0 200.84236581862416 200.84236581862416 
gen 129 217311 200.84236581862416 0.0 200.84236581862416 200.84236581862416 
gen 130 218993 200.84236581862416 0.0 200.84236581862416 200.84236581862416 
gen 131 220666 200.84236581862416 0.0 200.84236581862416 200.84236581862416 
gen 132 222353 200.84236581862416 0.0 200.84236581862416 200.84236581862416 
gen 133 224039 200.84236581862416 0.0 200.84236581862416 200.84236581862416 
gen 134 225735 200.84236581862416 0.0 200.84236581862416 200.84236581862416 
gen 135 227410 200.84236581862416 0.0 200.84236581862416 200.84236581862416 
gen 136 229078 200.84236581862416 0.0 200.84236581862416 200.84236581862416 
gen 137 230756 200.84236581862416 0.0 200.84236581862416 200.84236581862416 
gen 138 232444 200.84236581862416 0.0 200.84236581862416 200.84236581862416 
gen 139 234136 200.84236581862416 0.0 200.84236581862416 200.84236581862416 
gen 140 235837 200.84236581862416 0.0 200.84236581862416 200.84236581862416 
gen 141 237512 200.84236581862416 0.0 200.84236581862416 200.84236581862416 
gen 142 239197 200.84236581862416 0.0 200.84236581862416 200.84236581862416 
gen 143 240894 200.84236581862416 0.0 200.84236581862416 200.84236581862416 
gen 144 242567 200.84236581862416 0.0 200.84236581862416 200.84236581862416 
gen 145 244239 200.84236581862416 0.0 200.84236581862416 200.84236581862416 
gen 146 245926 200.84236581862416 0.0 200.84236581862416 200.84236581862416 
gen 147 247615 200.83643729873242 0.11842209208851717 198.47095786192602 200.84236581862416 
gen 148 249286 200.83050877884068 0.16726412972609778 198.47095786192602 200.84236581862416 
gen 149 250967 200.81231957040865 0.2635471345117416 198.47095786192602 200.84236581862416 
gen 150 252652 200.8063910505169 0.28831341356852513 198.47095786192602 200.84236581862416 
gen 151 254336 200.79413036197664 0.33207710026273307 198.47095786192602 200.84236581862416 
gen 152 256006 200.75543427086407 0.4549065392755145 196.50937536875227 200.84236581862416 
gen 153 257684 200.72581644381003 0.49370386405795763 196.50937536875227 200.84236581862416 
gen 154 259375 200.65326733345813 0.6050969665507013 196.50937536875227 200.84236581862416 
gen 155 261056 200.56047658315597 0.7099123494667128 196.50937536875227 200.84236581862416 
gen 156 262729 200.37378399228476 0.8614406509709904 196.50937536875227 200.84236581862416 
gen 157 264402 200.07863214376815 0.9677504385415681 196.50937536875227 200.84236581862416 
gen 158 266078 199.39893084338098 0.8829021723411313 196.50937536875227 200.68090631591593 
gen 159 267762 198.53143241848633 0.2513882461779824 196.50937536875227 199.05405734961371 
gen 160 269444 198.43645519444703 0.18413334514917515 196.50937536875227 198.47095786192602 
gen 161 271124 198.40110110982053 0.2568868947119861 196.50937536875227 198.47095786192602 
gen 162 272793 198.34004626298173 0.3456435868489008 196.50937536875227 198.47095786192602 
gen 163 274461 198.17620223828104 0.5095180048293527 196.50937536875227 198.47095786192602 
gen 164 276136 197.8591700591574 0.5820787468625535 196.50937536875227 198.47095786192602 
gen 165 277815 197.37495326402959 0.5321006013426245 196.29238598745758 197.9140089865998 
gen 166 279513 196.79997781084145 0.3148573336905517 193.81789283947123 197.2894692636242 
gen 167 281200 196.50722058569133 0.14322241456591522 193.81789283947123 196.6455449476816 
[9, 10, 5, 17, 3, 12, 2, 15, 14, 8, 11, 6, 18, 13, 4, 7, 0, 1, 19, 16, 6, 8, 2, 15, 12, 3, 17, 13, 18, 19, 4, 10, 14, 0, 11, 5, 1, 7, 9, 16, 10, 14, 13, 0, 16, 7, 5, 15, 9, 19, 3, 12, 1, 11, 18, 17, 4, 8, 2, 6, 16, 17, 8, 18, 1, 12, 2, 7, 13, 14, 15, 0, 9, 5, 3, 4, 6, 10, 19, 11, 7, 0, 5, 4, 6, 10, 8, 1, 16, 18, 17, 11, 13, 9, 15, 3, 14, 19, 2, 12, 2, 5, 11, 3, 9, 7, 18, 15, 6, 13, 12, 0, 10, 4, 17, 14, 8, 16, 1, 19, 2, 19, 12, 16, 9, 10, 7, 4, 18, 17, 6, 1, 15, 8, 3, 14, 11, 5, 13, 0, 14, 13, 18, 1, 0, 19, 5, 7, 2, 10, 8, 3, 12, 11, 4, 6, 16, 15, 17, 9, 19, 11, 5, 15, 9, 3, 0, 13, 4, 14, 18, 16, 6, 1, 12, 17, 2, 7, 10, 8, 1, 4, 3, 8, 17, 15, 19, 10, 16, 9, 7, 2, 11, 5, 13, 18, 12, 14, 6, 0, 1, 0, 8, 9, 6, 3, 5, 7, 16, 4, 12, 2, 13, 14, 10, 17, 11, 18, 15, 19, 14, 4, 3, 15, 5, 19, 17, 12, 1, 11, 16, 0, 2, 10, 18, 7, 8, 13, 6, 9, 10, 17, 8, 13, 4, 15, 5, 12, 1, 18, 19, 3, 16, 11, 0, 9, 2, 14, 7, 6, 15, 3, 14, 9, 1, 8, 19, 12, 0, 16, 2, 10, 11, 18, 5, 7, 13, 4, 17, 6, 4, 16, 13, 7, 10, 1, 2, 15, 0, 8, 14, 12, 9, 6, 19, 18, 5, 11, 17, 3, 6, 7, 4, 17, 12, 1, 10, 0, 19, 2, 13, 8, 16, 18, 15, 11, 9, 14, 5, 3, 11, 16, 12, 9, 14, 0, 13, 6, 4, 5, 2, 19, 18, 7, 1, 10, 15, 8, 3, 17, 12, 10, 13, 18, 16, 17, 0, 4, 1, 11, 2, 8, 5, 7, 9, 3, 14, 15, 19, 6, 18, 3, 5, 10, 1, 14, 0, 13, 2, 17, 16, 15, 19, 8, 11, 4, 12, 6, 9, 7, 9, 8, 0, 15, 5, 16, 4, 12, 14, 11, 17, 2, 10, 7, 1, 18, 6, 3, 19, 13]
min  193.81789283947123
NFE 281200
LSNFE 0
VLSNFE 0
runTime 1070.2947299480438
