gen 0 400 325000000000475.5 1773238562630446.2 363.29698083169814 1e+16 
gen 1 2067 428.15918959322516 19.229291599221565 355.31912126130834 452.07010605384147 
gen 2 3748 405.07469827529945 17.546695890554535 325.6657827180415 424.76521948915376 
gen 3 5434 385.59530213174594 16.31490738748327 324.88653934114024 404.800556911742 
gen 4 7107 375.6750380906835 14.717353202379693 308.91345387836515 392.4927199117849 
gen 5 8800 366.9396316296063 13.433978447311771 308.91345387836515 382.8444190281059 
gen 6 10485 359.8785496296516 12.924977026289737 308.77241795859396 374.99233845757544 
gen 7 12163 353.26831005636706 11.984870941177897 308.77241795859396 368.4770760664766 
gen 8 13848 346.7178790103854 10.915629026053232 296.02533766893663 360.1605118562194 
gen 9 15538 341.8481497666381 10.643780102902095 296.02533766893663 354.3289169095889 
gen 10 17213 337.13983127749526 10.920522988962881 283.1396047746515 349.5500441175837 
gen 11 18890 332.9286804953411 10.621236918483655 283.1396047746515 345.91885706229226 
gen 12 20571 328.58383431432054 10.294560255048237 283.1396047746515 340.29227964422296 
gen 13 22256 324.67974366493786 10.260260605504751 278.4817435020145 335.4761678273526 
gen 14 23955 321.54495506714653 9.92000465982712 278.4817435020145 332.36732123854875 
gen 15 25636 318.3225412492761 10.211118669932608 278.4817435020145 329.0153835821705 
gen 16 27310 315.5651307921557 9.781367038388249 278.4817435020145 326.29161976527223 
gen 17 28996 312.18111596570014 9.788097918419094 278.4817435020145 322.9485905176445 
gen 18 30675 308.454831790181 9.345253082961268 271.7183614038623 319.4908599489382 
gen 19 32350 305.31354671099376 9.366495231537908 271.7183614038623 316.78178929760077 
gen 20 34024 302.2226729439379 8.966277477606951 268.1614302923224 312.6549759322261 
gen 21 35690 299.11730736352087 8.8480345058357 268.1614302923224 309.1119598632262 
gen 22 37375 295.56027315281455 8.269929222209182 267.7271561694443 305.1000770619375 
gen 23 39067 291.5517735243035 7.828339550682493 261.6941445948893 300.55973270565954 
gen 24 40748 288.568829850102 7.211958079692533 261.6941445948893 297.23549811921976 
gen 25 42436 285.7884867990284 6.348544265503046 261.6941445948893 293.5531344184153 
gen 26 44107 282.73338861978954 5.538482995734134 261.6941445948893 289.49774400543515 
gen 27 45783 280.1922133457845 5.066227708031807 261.6941445948893 286.5350752323272 
gen 28 47475 278.0784425995656 4.591887574406589 259.5159794826102 283.1396047746515 
gen 29 49154 275.84997002001717 4.7314156110814025 238.4495329850913 281.3485521524944 
gen 30 50826 274.31772215801647 4.811768375565273 238.4495329850913 279.68971050384283 
gen 31 52513 272.53919469647974 4.89197051961545 238.4495329850913 277.60279105743933 
gen 32 54194 270.3563238128772 5.14176277324237 238.4495329850913 275.78120150136056 
gen 33 55878 268.17008501801166 5.349596651645297 238.4495329850913 273.21104963587095 
gen 34 57554 265.6528189411732 5.787819174718202 236.26972476810334 271.594482580461 
gen 35 59241 262.7958227744142 5.736421323208458 236.26972476810334 268.51118226119854 
gen 36 60938 260.0241254466064 5.787237732431679 233.4383679528783 265.9940155418562 
gen 37 62611 256.7887561606119 5.693276650658254 233.4383679528783 263.1430476305407 
gen 38 64295 253.54789568228577 5.3285485852668115 233.4383679528783 259.4540879022393 
gen 39 65976 250.4839356893918 4.85971347654793 233.4383679528783 256.1368716303349 
gen 40 67650 247.6360793973964 4.650067334203002 229.6932856896405 253.20516942574096 
gen 41 69325 245.36902367183043 4.141258477745258 229.6932856896405 250.72413676583912 
gen 42 71018 243.3997789647931 4.03228360175227 228.92575175370962 248.31895320121598 
gen 43 72687 241.86937158697575 3.7274888867513454 227.2090277232553 246.5871541851573 
gen 44 74356 240.44154041990768 3.53451861976203 220.25642922525205 244.75433457463888 
gen 45 76033 239.31511565232265 3.6352819704784887 220.25642922525205 243.4249539538571 
gen 46 77731 238.20977525293088 3.7408330953882736 218.2808558621982 242.2590849796671 
gen 47 79406 237.15592850625754 3.689501158223079 218.2808558621982 241.14453419066484 
gen 48 81101 236.10601430465206 3.8014260161046005 218.2808558621982 240.0149102076063 
gen 49 82782 235.23020260277656 3.825147731944424 217.867931114314 239.19489322736288 
gen 50 84472 234.1614442583041 3.6505731853679593 217.867931114314 238.10498894172466 
gen 51 86161 233.1960067900326 3.5655911759765093 217.867931114314 237.1938314542208 
gen 52 87845 232.12376270990967 3.6166049313591877 217.867931114314 236.26972476810334 
gen 53 89505 231.29982943758338 3.4876413679935583 217.867931114314 235.5204767791841 
gen 54 91177 229.98355503856 3.3942152464205804 217.36678568812988 234.01311600515416 
gen 55 92869 228.53642189362083 2.99321437628999 216.70224088211634 232.3168600001 
gen 56 94545 227.1033729535364 2.9080847076911858 216.70224088211634 229.6932856896405 
gen 57 96220 224.75221773081364 1.814664681067814 216.70224088211634 227.73263126548147 
gen 58 97890 223.729219992139 2.038799085695496 213.64555651497835 224.99152109981253 
gen 59 99582 222.11334202763274 2.23878502106958 213.64555651497835 224.99152109981253 
gen 60 101257 219.992974111716 1.5882641074691033 213.64555651497835 221.9957710954486 
gen 61 102930 218.839336087279 1.8583736846173102 213.64555651497835 220.3050365583666 
gen 62 104596 217.22957166225598 1.8465272349498518 212.11473038839637 219.22861002540307 
gen 63 106275 215.4483828485388 1.352428372582348 210.5935130753333 217.87665628598123 
gen 64 107951 214.09192193578622 0.7560593038692636 209.34247012304627 215.17106671890292 
gen 65 109628 213.55689907242396 0.6850364511971163 207.95810988048146 213.92530542997537 
gen 66 111312 213.38188038083084 0.8159606818062567 207.95810988048146 213.64555651497835 
gen 67 112997 213.14314202287548 1.082527200014484 207.95810988048146 213.64555651497835 
gen 68 114674 212.72616795879767 1.333716792490802 207.95810988048146 213.64555651497835 
gen 69 116360 211.9789373447916 1.3398700066837759 207.95810988048146 213.64555651497835 
gen 70 118046 211.165826736029 1.0335427120576688 207.95810988048146 212.26404944465574 
gen 71 119740 210.64004097279422 1.0078362764473092 207.95810988048146 211.47396988993643 
gen 72 121420 209.85718346649352 1.0183287458869885 206.5445110752781 211.1875824063917 
gen 73 123105 208.995005073669 0.596875488114231 206.5445110752781 209.34247012304627 
gen 74 124780 208.37335757202214 0.6146195317644563 206.5445110752781 209.2753793906219 
gen 75 126454 207.93976057827643 0.15230338853657774 206.5445110752781 207.95810988048146 
gen 76 128134 207.93976057827643 0.15230338853657774 206.5445110752781 207.95810988048146 
gen 77 129820 207.93622658126344 0.16748072791115318 206.5445110752781 207.95810988048146 
gen 78 131506 207.92494527308438 0.20241169176529197 206.5445110752781 207.95810988048146 
gen 79 133179 207.9207053310001 0.21877414695629324 206.26213304676367 207.95810988048146 
gen 80 134857 207.91010333996107 0.248884635184986 206.26213304676367 207.95810988048146 
gen 81 136542 207.88697838577798 0.3088417898468561 206.05850026177868 207.95810988048146 
gen 82 138233 207.86810143741653 0.3420395812516503 206.05850026177868 207.95810988048146 
gen 83 139914 207.83135339608378 0.394190933041326 206.05850026177868 207.95810988048146 
gen 84 141595 207.77980556676098 0.4419847608744501 206.05850026177868 207.95810988048146 
gen 85 143265 207.69607410330468 0.4948694717067799 206.05850026177868 207.95810988048146 
gen 86 144943 207.5118411378701 0.538769382380052 206.03071464623844 207.95810988048146 
gen 87 146620 207.1947966550282 0.5353661501340501 206.03071464623844 207.5688313829159 
gen 88 148292 206.9304858399964 0.5816353875367737 204.94394779471648 207.5688313829159 
gen 89 149975 206.41349271260142 0.18243343776358203 204.94394779471648 206.5445110752781 
gen 90 151658 206.25515252963544 0.16363020706823284 204.94394779471648 206.5445110752781 
gen 91 153344 206.17453071014697 0.14358274735294524 204.94394779471648 206.26213304676367 
gen 92 155017 206.04857907330216 0.09154771155719635 204.94394779471648 206.05850026177868 
gen 93 156692 206.04544537194022 0.10688405790119508 204.94394779471648 206.05850026177868 
gen 94 158362 206.04118516307844 0.11946494323251305 204.94394779471648 206.05850026177868 
gen 95 160043 206.0283584288774 0.17904345970684826 203.94422092100143 206.05850026177868 
gen 96 161736 206.00204921289537 0.2771908599878371 203.94422092100143 206.05850026177868 
gen 97 163407 205.93639079863743 0.46551611075481086 202.1151567532139 206.05850026177868 
gen 98 165078 205.84551620879597 0.6293736410138562 202.1151567532139 206.05850026177868 
gen 99 166766 205.62030498416058 0.8659729880134693 202.1151567532139 206.05850026177868 
gen 100 168435 205.33572982883183 0.966087911585732 202.1151567532139 206.03071464623844 
gen 101 170118 204.68291265418054 0.9748313524090186 198.63391207045484 206.03071464623844 
gen 102 171783 204.02722884668975 0.7703836281687999 198.63391207045484 205.2427193899733 
gen 103 173480 203.65276130743482 0.5924947596833803 198.63391207045484 203.94422092100143 
gen 104 175160 203.5286326938932 0.619093468279296 198.63391207045484 203.94422092100143 
gen 105 176849 203.32431429665886 0.6077148280077826 198.63391207045484 203.94422092100143 
gen 106 178519 203.0205361014328 0.5480717256948856 198.63391207045484 203.76377583704127 
gen 107 180219 202.85118301796615 0.4538685797476862 198.63391207045484 202.98095449027693 
gen 108 181911 202.7862194444185 0.4935339021333996 198.63391207045484 202.98095449027693 
gen 109 183587 202.6940904055853 0.5352561121503209 198.63391207045484 202.98095449027693 
gen 110 185260 202.5857030336507 0.5897560024687033 198.63391207045484 202.98095449027693 
gen 111 186935 202.44351994072093 0.5818696928389324 198.63391207045484 202.98095449027693 
gen 112 188613 202.20517526807868 0.5416943607106377 198.63391207045484 202.98095449027693 
gen 113 190297 202.0697030654484 0.48346558669518036 198.63391207045484 202.3528666230377 
gen 114 191970 201.98560815624865 0.4831073746954953 198.63391207045484 202.2946348099329 
gen 115 193656 201.9367815194151 0.5038122252489272 198.63391207045484 202.1151567532139 
gen 116 195325 201.86430563152223 0.5426554525458394 198.63391207045484 202.1151567532139 
gen 117 196999 201.73309537019867 0.5916699966349402 198.63391207045484 202.1151567532139 
gen 118 198694 201.5026666423276 0.6387543681455116 198.63391207045484 202.11418972597272 
gen 119 200375 201.1676251158329 0.4927487164630557 198.63391207045484 202.11418972597272 
gen 120 202051 200.9694562653379 0.3936132674955147 198.63391207045484 201.2155686467295 
gen 121 203745 200.89797085948064 0.3840147136750282 198.63391207045484 201.1207378899388 
gen 122 205417 200.8627046204799 0.40664524948140746 198.63391207045484 201.00834634029113 
gen 123 207091 200.80506317680144 0.4312892645486019 198.63391207045484 201.00834634029113 
gen 124 208768 200.7188476996649 0.47111348565417954 198.63391207045484 201.00834634029113 
gen 125 210451 200.58456277023885 0.4974852770798866 198.63391207045484 200.9698924087885 
gen 126 212135 200.40765416296898 0.5539645050862704 198.59316679930492 200.87141401887718 
gen 127 213802 200.1686634162587 0.48699938981804 198.53194212446215 200.87141401887718 
gen 128 215472 199.97748249211637 0.47160335483381927 198.53194212446215 200.25950416392652 
gen 129 217164 199.8065424826794 0.5234372869664438 198.41743282317117 200.23879905449675 
gen 130 218840 199.5456806626936 0.5219743427509154 198.41743282317117 200.0249060413932 
gen 131 220504 199.22961414113723 0.4560988644459938 198.41743282317117 199.98531433740223 
gen 132 222190 198.92491523040843 0.33657803045633583 198.41743282317117 199.2867866972289 
gen 133 223859 198.65786160501324 0.17854074867236916 198.41743282317117 199.2867866972289 
gen 134 225534 198.58253492337803 0.06752319540272085 197.91894903853313 198.63391207045484 
gen 135 227218 198.54997397325977 0.07980262785883048 197.91894903853313 198.59316679930492 
gen 136 228914 198.5083489466228 0.08561701125594989 197.91894903853313 198.59316679930492 
gen 137 230603 198.46738459353102 0.08371940333488578 197.91894903853313 198.53194212446215 
gen 138 232283 198.40870935694 0.06536365656071674 197.91894903853313 198.41743282317117 
gen 139 233965 198.4074631474784 0.0697877298493256 197.91894903853313 198.41743282317117 
gen 140 235647 198.402478309632 0.0850349635809857 197.91894903853313 198.41743282317117 
gen 141 237322 198.39873968124724 0.09470371997987638 197.91894903853313 198.41743282317117 
gen 142 238991 198.3925086339392 0.1086420221115455 197.91894903853313 198.41743282317117 
gen 143 240665 198.38503137716964 0.12288914405907796 197.91894903853313 198.41743282317117 
gen 144 242344 198.37007686363052 0.1461628921202602 197.91894903853313 198.41743282317117 
gen 145 244035 198.34390646493702 0.17676417048718082 197.91894903853313 198.41743282317117 
gen 146 245728 198.30776639055074 0.20649506516301105 197.91894903853313 198.41743282317117 
gen 147 247400 198.25417938370222 0.23393910930671394 197.91894903853313 198.41743282317117 
gen 148 249089 198.13830956193524 0.24741694267576736 197.91894903853313 198.41743282317117 
gen 149 250763 197.91894903853313 0.0 197.91894903853313 197.91894903853313 
gen 150 252443 197.91894903853313 0.0 197.91894903853313 197.91894903853313 
gen 151 254116 197.91894903853313 0.0 197.91894903853313 197.91894903853313 
gen 152 255797 197.91873651953895 0.004245063584097643 197.83394144085875 197.91894903853313 
gen 153 257470 197.91873651953895 0.004245063584097643 197.83394144085875 197.91894903853313 
gen 154 259153 197.91873651953895 0.004245063584097643 197.83394144085875 197.91894903853313 
gen 155 260832 197.91873651953895 0.004245063584097643 197.83394144085875 197.91894903853313 
gen 156 262520 197.91873651953895 0.004245063584097643 197.83394144085875 197.91894903853313 
gen 157 264203 197.91735433796921 0.0241004689724748 197.45108400830753 197.91894903853313 
gen 158 265865 197.91735433796921 0.0241004689724748 197.45108400830753 197.91894903853313 
gen 159 267556 197.91692929998084 0.024807817096109103 197.45108400830753 197.91894903853313 
gen 160 269236 197.91650426199246 0.02548846128881984 197.45108400830753 197.91894903853313 
gen 161 270907 197.91607922400405 0.026144487259960048 197.45108400830753 197.91894903853313 
gen 162 272590 197.91448452344014 0.03542899700928173 197.45108400830753 197.91894903853313 
gen 163 274275 197.91320940947503 0.03675046608289637 197.45108400830753 197.91894903853313 
gen 164 275954 197.90885196198667 0.04582378528513946 197.45108400830753 197.91894903853313 
gen 165 277622 197.89673353067283 0.07365652897411386 197.45108400830753 197.91894903853313 
gen 166 279292 197.88323615021943 0.08446433908718354 197.45108400830753 197.91894903853313 
gen 167 280975 197.84422840938822 0.1093800668600488 197.45108400830753 197.91894903853313 
[9, 19, 10, 13, 14, 17, 0, 16, 2, 4, 15, 6, 18, 5, 12, 11, 8, 7, 1, 3, 4, 13, 2, 15, 0, 14, 8, 7, 5, 19, 10, 16, 3, 18, 9, 6, 17, 11, 12, 1, 2, 1, 10, 17, 11, 7, 14, 0, 5, 12, 6, 3, 18, 9, 19, 15, 13, 4, 8, 16, 2, 19, 4, 9, 12, 15, 0, 10, 5, 13, 1, 14, 11, 7, 16, 17, 8, 6, 3, 18, 8, 5, 2, 0, 11, 7, 4, 1, 9, 14, 17, 16, 15, 19, 10, 3, 13, 18, 12, 6, 10, 19, 4, 14, 15, 3, 11, 2, 9, 0, 1, 7, 16, 8, 5, 13, 12, 17, 18, 6, 11, 6, 17, 12, 3, 15, 10, 7, 9, 8, 19, 4, 16, 14, 0, 2, 18, 1, 13, 5, 18, 11, 12, 13, 16, 1, 9, 6, 2, 14, 3, 5, 10, 17, 4, 19, 0, 7, 8, 15, 16, 13, 11, 14, 4, 1, 0, 17, 5, 12, 18, 7, 19, 9, 15, 3, 10, 2, 8, 6, 7, 6, 4, 10, 15, 19, 17, 12, 18, 3, 2, 11, 5, 0, 14, 8, 1, 9, 16, 13, 17, 6, 0, 5, 1, 16, 11, 3, 8, 9, 13, 18, 12, 10, 19, 2, 14, 7, 4, 15, 14, 12, 15, 19, 3, 1, 7, 18, 13, 6, 10, 0, 8, 9, 17, 16, 4, 2, 5, 11, 12, 6, 9, 11, 19, 15, 4, 17, 8, 2, 18, 3, 14, 5, 10, 16, 7, 1, 0, 13, 7, 18, 12, 4, 16, 8, 1, 0, 2, 3, 17, 6, 14, 9, 11, 5, 13, 19, 10, 15, 14, 6, 3, 9, 7, 12, 2, 4, 10, 5, 11, 17, 0, 1, 19, 13, 16, 8, 18, 15, 4, 15, 3, 11, 1, 12, 7, 10, 5, 18, 19, 14, 16, 17, 9, 2, 0, 8, 13, 6, 19, 16, 17, 18, 9, 5, 3, 15, 4, 8, 12, 6, 10, 14, 1, 0, 13, 2, 11, 7, 8, 5, 3, 14, 1, 10, 16, 0, 19, 11, 12, 9, 7, 13, 18, 15, 6, 2, 4, 17, 14, 19, 12, 1, 7, 18, 15, 8, 17, 4, 13, 10, 2, 11, 16, 6, 0, 9, 5, 3, 19, 2, 5, 8, 11, 12, 18, 16, 9, 0, 6, 14, 15, 10, 17, 1, 7, 4, 13, 3]
min  197.45108400830753
NFE 280975
LSNFE 0
VLSNFE 0
runTime 1115.0298519134521
