gen 0 64 2187502152.1958923 4133985284.174411 1030.7153610879675 9999999999.0 
gen 1 320 1555.0824071795148 177.09830866300248 1030.7153610879675 1774.841241866872 
gen 2 576 1352.1883518193752 145.42353695070344 1000.9807786979025 1539.7975040013227 
gen 3 832 1252.0517632393446 119.41668988096406 1000.9807786979025 1423.3156143635129 
gen 4 1088 1146.9712375775762 85.08052829453192 966.123401318573 1272.0321445803777 
gen 5 1344 1085.596861227933 66.10897984621744 842.9757776973831 1173.4573568134847 
gen 6 1600 1020.1798155286556 51.88543264132584 842.9757776973831 1083.1229192141423 
gen 7 1856 977.3516407094633 53.46751908129182 841.8370108195991 1037.5182420835015 
gen 8 2112 945.2730378168642 41.347661981101936 841.8370108195991 995.0619017325563 
gen 9 2388 923.6982436858425 38.55677491898606 782.0713001078357 968.9083994417873 
gen 10 2644 907.375818540467 37.61577405872104 782.0713001078357 954.9238972438716 
gen 11 2900 884.448796826753 29.125628198355713 782.0713001078357 920.8288250267462 
gen 12 3156 873.2811763713867 26.113762925473196 782.0713001078357 901.7041286304482 
gen 13 3442 864.0308323308079 25.705454572224056 772.9298917288814 893.548321743681 
gen 14 3708 853.2727464288841 24.719660061782307 768.4495089260504 884.61849894646 
gen 15 3964 843.7071135800785 22.427065262930963 768.4495089260504 871.2187013703101 
gen 16 4220 834.2317528682979 23.189521035702995 768.4495089260504 860.625589365679 
gen 17 4476 830.5073513575799 21.583756183418323 768.4495089260504 852.3129018562962 
gen 18 4732 823.372778590068 21.163718800134465 766.5608357883773 846.5285499283012 
gen 19 4988 817.1715720215313 20.307497119376407 766.5608357883773 841.2569117475317 
gen 20 5244 810.8608584523585 17.89961725829269 766.5608357883773 834.4088047762258 
gen 21 5500 804.8984034350536 19.189713283268777 743.5071918160024 828.2275630375216 
gen 22 5756 794.8461084762873 18.085174246586682 731.0971691175071 816.3101237564201 
gen 23 6012 786.5797745227769 16.539422176570902 731.0971691175071 808.7529434584485 
gen 24 6268 776.9040732376598 15.549065428048033 721.3608639594668 798.4853582692176 
gen 25 6524 767.5494660837428 13.477732449417067 721.3608639594668 783.3304254481066 
gen 26 6780 759.5571516180852 11.042808086071718 721.3608639594668 773.2718100271203 
gen 27 7046 749.2728179103705 13.152963147179268 680.767216851403 762.1649598180103 
gen 28 7302 738.8415711476681 12.074733045975742 680.767216851403 751.8096784860911 
gen 29 7558 730.8251853671703 10.2533177721051 680.767216851403 741.7444784872681 
gen 30 7814 724.0244062919339 8.668490632531862 680.767216851403 733.0142244915944 
gen 31 8070 716.884282176681 7.79260334951626 680.767216851403 725.3224333070725 
gen 32 8326 709.3314026992662 6.888317944023664 680.767216851403 716.7308496944391 
gen 33 8582 701.020080991843 4.490158753688844 680.767216851403 705.878721647608 
gen 34 8848 696.5879250918581 3.4434856392674305 680.767216851403 700.0203352893315 
gen 35 9104 692.3893506072287 2.796122777913917 680.767216851403 694.7243813401083 
gen 36 9360 687.1379328299583 3.2662034194229985 680.767216851403 691.8239358995353 
gen 37 9626 683.0796925920729 0.29134455822298644 680.767216851403 683.1163985562106 
gen 38 9882 683.0796925920729 0.29134455822298644 680.767216851403 683.1163985562106 
gen 39 10138 683.0796925920729 0.29134455822298644 680.767216851403 683.1163985562106 
gen 40 10394 683.0796925920729 0.29134455822298644 680.767216851403 683.1163985562106 
gen 41 10650 683.0796925920729 0.29134455822298644 680.767216851403 683.1163985562106 
gen 42 10906 683.0796925920729 0.29134455822298644 680.767216851403 683.1163985562106 
gen 43 11172 683.0796925920729 0.29134455822298644 680.767216851403 683.1163985562106 
gen 44 11448 682.8603693192647 2.032169067962073 666.7305273916679 683.1163985562106 
gen 45 11704 682.8603693192647 2.032169067962073 666.7305273916679 683.1163985562106 
gen 46 11970 682.8603693192647 2.032169067962073 666.7305273916679 683.1163985562106 
gen 47 12226 682.8603693192647 2.032169067962073 666.7305273916679 683.1163985562106 
gen 48 12482 682.8603693192647 2.032169067962073 666.7305273916679 683.1163985562106 
gen 49 12748 682.7983122515961 2.0833992155170993 666.7305273916679 683.1163985562106 
gen 50 13004 682.7983122515961 2.0833992155170993 666.7305273916679 683.1163985562106 
gen 51 13260 682.4285920730401 2.958102702214048 666.7305273916679 683.1163985562106 
gen 52 13516 682.4285920730401 2.958102702214048 666.7305273916679 683.1163985562106 
gen 53 13772 682.2268631967967 3.1355527000001677 666.7305273916679 683.1163985562106 
gen 54 14038 681.8207773630139 3.860475764747374 665.4501691107592 683.1163985562106 
gen 55 14294 681.32795528311 4.18553941924424 665.4501691107592 683.1163985562106 
gen 56 14550 679.2392796576423 4.845081280902241 665.4501691107592 683.1163985562106 
gen 57 14806 672.8565022701605 2.126855653157799 665.4501691107592 674.8966322076667 
gen 58 15062 672.151680653195 2.190332765024144 665.4501691107592 672.913195006699 
gen 59 15318 671.8018513143228 2.5986847336122163 665.4501691107592 672.913195006699 
gen 60 15574 669.8702562193714 3.7300258132993265 661.2364973689022 672.913195006699 
gen 61 15830 664.528428417228 1.7419261774084627 661.2364973689022 665.4501691107592 
gen 62 16086 661.9607221995338 1.589699373554779 661.2364973689022 665.4501691107592 
gen 63 16342 661.2364973689022 0.0 661.2364973689022 661.2364973689022 
gen 64 16598 661.2364973689022 0.0 661.2364973689022 661.2364973689022 
gen 65 16854 661.2364973689022 0.0 661.2364973689022 661.2364973689022 
gen 66 17110 661.2364973689022 0.0 661.2364973689022 661.2364973689022 
gen 67 17366 661.2364973689022 0.0 661.2364973689022 661.2364973689022 
gen 68 17622 661.2364973689022 0.0 661.2364973689022 661.2364973689022 
gen 69 17888 661.2364973689022 0.0 661.2364973689022 661.2364973689022 
gen 70 18144 661.2364973689022 0.0 661.2364973689022 661.2364973689022 
gen 71 18400 661.2364973689022 0.0 661.2364973689022 661.2364973689022 
gen 72 18666 661.2364973689022 0.0 661.2364973689022 661.2364973689022 
gen 73 18932 661.2364973689022 0.0 661.2364973689022 661.2364973689022 
gen 74 19188 661.2364973689022 0.0 661.2364973689022 661.2364973689022 
gen 75 19444 661.2364973689022 0.0 661.2364973689022 661.2364973689022 
gen 76 19700 661.2364973689022 0.0 661.2364973689022 661.2364973689022 
gen 77 19966 661.2364973689022 0.0 661.2364973689022 661.2364973689022 
gen 78 20222 661.2364973689022 0.0 661.2364973689022 661.2364973689022 
gen 79 20488 661.2364973689022 0.0 661.2364973689022 661.2364973689022 
gen 80 20744 661.2364973689022 0.0 661.2364973689022 661.2364973689022 
gen 81 21010 661.2364973689022 0.0 661.2364973689022 661.2364973689022 
gen 82 21266 661.2364973689022 0.0 661.2364973689022 661.2364973689022 
gen 83 21522 661.2364973689022 0.0 661.2364973689022 661.2364973689022 
gen 84 21778 661.2364973689022 0.0 661.2364973689022 661.2364973689022 
gen 85 22034 661.2364973689022 0.0 661.2364973689022 661.2364973689022 
gen 86 22290 661.2364973689022 0.0 661.2364973689022 661.2364973689022 
gen 87 22546 661.2364973689022 0.0 661.2364973689022 661.2364973689022 
gen 88 22802 661.2364973689022 0.0 661.2364973689022 661.2364973689022 
gen 89 23068 661.2364973689022 0.0 661.2364973689022 661.2364973689022 
gen 90 23324 661.2364973689022 0.0 661.2364973689022 661.2364973689022 
gen 91 23580 661.2364973689022 0.0 661.2364973689022 661.2364973689022 
gen 92 23836 661.2364973689022 0.0 661.2364973689022 661.2364973689022 
gen 93 24092 661.2364973689022 0.0 661.2364973689022 661.2364973689022 
gen 94 24348 661.2364973689022 0.0 661.2364973689022 661.2364973689022 
gen 95 24614 661.2364973689022 0.0 661.2364973689022 661.2364973689022 
gen 96 24880 661.2364973689022 0.0 661.2364973689022 661.2364973689022 
gen 97 25146 661.2364973689022 0.0 661.2364973689022 661.2364973689022 
gen 98 25412 661.2364973689022 0.0 661.2364973689022 661.2364973689022 
gen 99 25678 661.2364973689022 0.0 661.2364973689022 661.2364973689022 
gen 100 25934 661.2364973689022 0.0 661.2364973689022 661.2364973689022 
gen 101 26190 661.2364973689022 0.0 661.2364973689022 661.2364973689022 
gen 102 26446 661.2364973689022 0.0 661.2364973689022 661.2364973689022 
gen 103 26722 661.1977345441989 0.3076703828381206 658.7556765878898 661.2364973689022 
gen 104 26978 661.0426832453855 0.6657733779591772 658.7556765878898 661.2364973689022 
gen 105 27234 660.5387665242424 1.1153998598689383 658.7556765878898 661.2364973689022 
gen 106 27490 658.7556765878898 0.0 658.7556765878898 658.7556765878898 
gen 107 27756 658.7556765878898 0.0 658.7556765878898 658.7556765878898 
gen 108 28022 658.7556765878898 0.0 658.7556765878898 658.7556765878898 
gen 109 28278 658.7556765878898 0.0 658.7556765878898 658.7556765878898 
gen 110 28544 658.7556765878898 0.0 658.7556765878898 658.7556765878898 
gen 111 28800 658.7556765878898 0.0 658.7556765878898 658.7556765878898 
gen 112 29066 658.7556765878898 0.0 658.7556765878898 658.7556765878898 
gen 113 29332 658.7556765878898 0.0 658.7556765878898 658.7556765878898 
gen 114 29588 658.7556765878898 0.0 658.7556765878898 658.7556765878898 
gen 115 29844 658.7556765878898 0.0 658.7556765878898 658.7556765878898 
gen 116 30100 658.7556765878898 0.0 658.7556765878898 658.7556765878898 
gen 117 30356 658.7556765878898 0.0 658.7556765878898 658.7556765878898 
gen 118 30612 658.7556765878898 0.0 658.7556765878898 658.7556765878898 
gen 119 30868 658.7556765878898 0.0 658.7556765878898 658.7556765878898 
gen 120 31124 658.7556765878898 0.0 658.7556765878898 658.7556765878898 
gen 121 31390 658.7556765878898 0.0 658.7556765878898 658.7556765878898 
gen 122 31646 658.7556765878898 0.0 658.7556765878898 658.7556765878898 
gen 123 31902 658.7556765878898 0.0 658.7556765878898 658.7556765878898 
gen 124 32158 658.7556765878898 0.0 658.7556765878898 658.7556765878898 
gen 125 32414 658.7556765878898 0.0 658.7556765878898 658.7556765878898 
gen 126 32670 658.7556765878898 0.0 658.7556765878898 658.7556765878898 
gen 127 32926 658.7556765878898 0.0 658.7556765878898 658.7556765878898 
gen 128 33182 658.7556765878898 0.0 658.7556765878898 658.7556765878898 
gen 129 33438 658.7556765878898 0.0 658.7556765878898 658.7556765878898 
gen 130 33694 658.7556765878898 0.0 658.7556765878898 658.7556765878898 
gen 131 33950 658.7556765878898 0.0 658.7556765878898 658.7556765878898 
gen 132 34206 658.7556765878898 0.0 658.7556765878898 658.7556765878898 
gen 133 34462 658.7556765878898 0.0 658.7556765878898 658.7556765878898 
gen 134 34718 658.7556765878898 0.0 658.7556765878898 658.7556765878898 
gen 135 34974 658.7556765878898 0.0 658.7556765878898 658.7556765878898 
gen 136 35230 658.7556765878898 0.0 658.7556765878898 658.7556765878898 
gen 137 35486 658.7556765878898 0.0 658.7556765878898 658.7556765878898 
gen 138 35742 658.7556765878898 0.0 658.7556765878898 658.7556765878898 
gen 139 35998 658.7556765878898 0.0 658.7556765878898 658.7556765878898 
gen 140 36254 658.7556765878898 0.0 658.7556765878898 658.7556765878898 
gen 141 36520 658.7556765878898 0.0 658.7556765878898 658.7556765878898 
gen 142 36776 658.7556765878898 0.0 658.7556765878898 658.7556765878898 
gen 143 37032 658.7556765878898 0.0 658.7556765878898 658.7556765878898 
gen 144 37298 658.7556765878898 0.0 658.7556765878898 658.7556765878898 
gen 145 37554 658.7556765878898 0.0 658.7556765878898 658.7556765878898 
gen 146 37810 658.7556765878898 0.0 658.7556765878898 658.7556765878898 
gen 147 38066 658.7556765878898 0.0 658.7556765878898 658.7556765878898 
gen 148 38322 658.7556765878898 0.0 658.7556765878898 658.7556765878898 
gen 149 38578 658.7556765878898 0.0 658.7556765878898 658.7556765878898 
gen 150 38834 658.7556765878898 0.0 658.7556765878898 658.7556765878898 
gen 151 39100 658.7556765878898 0.0 658.7556765878898 658.7556765878898 
gen 152 39366 658.7556765878898 0.0 658.7556765878898 658.7556765878898 
gen 153 39622 658.7556765878898 0.0 658.7556765878898 658.7556765878898 
gen 154 39878 658.7556765878898 0.0 658.7556765878898 658.7556765878898 
gen 155 40144 658.7556765878898 0.0 658.7556765878898 658.7556765878898 
gen 156 40400 658.7556765878898 0.0 658.7556765878898 658.7556765878898 
gen 157 40656 658.7556765878898 0.0 658.7556765878898 658.7556765878898 
gen 158 40912 658.7556765878898 0.0 658.7556765878898 658.7556765878898 
gen 159 41168 658.7556765878898 0.0 658.7556765878898 658.7556765878898 
gen 160 41424 658.7556765878898 0.0 658.7556765878898 658.7556765878898 
gen 161 41680 658.7556765878898 0.0 658.7556765878898 658.7556765878898 
gen 162 41936 658.7556765878898 0.0 658.7556765878898 658.7556765878898 
gen 163 42192 658.7556765878898 0.0 658.7556765878898 658.7556765878898 
gen 164 42448 658.7556765878898 0.0 658.7556765878898 658.7556765878898 
gen 165 42724 658.6859843364471 0.553165096876653 654.2953724955573 658.7556765878898 
gen 166 42980 658.3375230792336 1.3000920925383672 654.2953724955573 658.7556765878898 
gen 167 43236 656.9436780503797 2.190599413908868 654.2953724955573 658.7556765878898 
gen 168 43492 654.2953724955573 0.0 654.2953724955573 654.2953724955573 
gen 169 43748 654.2953724955573 0.0 654.2953724955573 654.2953724955573 
gen 170 44004 654.2953724955573 0.0 654.2953724955573 654.2953724955573 
gen 171 44260 654.2953724955573 0.0 654.2953724955573 654.2953724955573 
gen 172 44516 654.2953724955573 0.0 654.2953724955573 654.2953724955573 
gen 173 44772 654.2953724955573 0.0 654.2953724955573 654.2953724955573 
gen 174 45028 654.2953724955573 0.0 654.2953724955573 654.2953724955573 
[6, 3, 2, 1, 5, 7, 0, 4, 6, 2, 1, 5, 7, 4, 0, 3, 1, 0, 6, 2, 3, 5, 7, 4, 6, 3, 2, 5, 7, 4, 1, 0, 6, 3, 5, 7, 0, 2, 4, 1, 6, 3, 2, 5, 7, 4, 0, 1, 1, 0, 7, 6, 2, 5, 4, 3, 1, 3, 2, 5, 0, 7, 4, 6]
min  654.2953724955573
NFE 45028
LSNFE 420
VLSNFE 13
runTime 79.89260458946228
