gen 0 64 1093752117.1223156 3121090563.266137 999.3285208063755 9999999999.0 
gen 1 320 1440.6174322450174 174.4454188031211 999.3285208063755 1707.8943581549427 
gen 2 576 1276.4850258097067 123.27533225507997 999.3285208063755 1460.1142516614207 
gen 3 852 1154.7419929884418 96.69613026749649 856.4858337319099 1279.4748064402345 
gen 4 1108 1061.6018487558115 68.14233273867238 856.4858337319099 1149.6818552060708 
gen 5 1364 999.4208265513842 62.38515004484447 794.5528940235766 1077.5392216702671 
gen 6 1620 951.8192709017555 50.92940572630818 783.1804576145798 1017.4267795810979 
gen 7 1886 928.3570202758743 47.40401388510907 783.1804576145798 982.9744718041028 
gen 8 2142 906.4719224063007 46.337938689951066 770.5079921891313 962.8863599527245 
gen 9 2398 882.0801471971819 40.76166078838259 770.5079921891313 934.9464658322611 
gen 10 2654 862.9281583388074 34.10716570609354 770.5079921891313 907.4404633681268 
gen 11 2910 844.2062954298648 30.745382543606958 770.5079921891313 884.4276684625188 
gen 12 3176 827.3539704543323 27.370540890097327 765.2853112525423 867.3943676972606 
gen 13 3432 814.3172792982114 24.270286715441596 739.7237011822976 849.2919534310963 
gen 14 3688 802.9868174377089 21.262832378228513 739.7237011822976 834.0066719040414 
gen 15 3944 792.5021754203099 18.94402936518626 739.7237011822976 819.6618475163399 
gen 16 4200 784.4606645407919 15.789722749459433 739.7237011822976 804.5313356271239 
gen 17 4456 770.785916361149 11.184621874197177 739.7237011822976 784.1825521754778 
gen 18 4712 758.3694338166111 10.3628989985579 732.6630897514191 771.9585333219352 
gen 19 4968 745.2092285389057 9.52459350707203 720.5451653705774 757.3161505050383 
gen 20 5224 734.4059355707861 7.10334703492771 713.9051554681108 742.3018266539185 
gen 21 5480 724.5118905199465 4.365371756089078 713.9051554681108 730.926330250911 
gen 22 5736 719.407378585822 3.221109967771178 709.3581296485058 722.4274413102439 
gen 23 5992 715.0611517809905 3.082204446118303 705.7080854006257 718.9746268252654 
gen 24 6258 711.0131748234508 4.103285053434669 698.3254310254639 714.4974770324799 
gen 25 6524 705.4696964022735 2.4248899836637854 698.3254310254639 709.3581296485058 
gen 26 6780 702.5905174713082 2.5640479375493688 698.3254310254639 705.5830590106298 
gen 27 7036 698.7748541597291 1.0135549940269972 698.3254310254639 701.524280812127 
gen 28 7292 698.325431025464 1.1368683772161603e-13 698.3254310254639 698.3254310254639 
gen 29 7548 698.325431025464 1.1368683772161603e-13 698.3254310254639 698.3254310254639 
gen 30 7804 698.325431025464 1.1368683772161603e-13 698.3254310254639 698.3254310254639 
gen 31 8060 698.325431025464 1.1368683772161603e-13 698.3254310254639 698.3254310254639 
gen 32 8316 698.325431025464 1.1368683772161603e-13 698.3254310254639 698.3254310254639 
gen 33 8592 698.2639449968844 0.488030222179905 694.3903251963694 698.3254310254639 
gen 34 8858 698.1409729397252 0.8317675775238855 694.3903251963694 698.3254310254639 
gen 35 9124 697.7105707396679 1.4288061882793743 694.3903251963694 698.3254310254639 
gen 36 9380 695.1281575393248 1.535920501636307 694.3903251963694 698.3254310254639 
gen 37 9636 694.3903251963694 0.0 694.3903251963694 694.3903251963694 
gen 38 9892 694.3903251963694 0.0 694.3903251963694 694.3903251963694 
gen 39 10148 694.3903251963694 0.0 694.3903251963694 694.3903251963694 
gen 40 10404 694.3903251963694 0.0 694.3903251963694 694.3903251963694 
gen 41 10660 694.3903251963694 0.0 694.3903251963694 694.3903251963694 
gen 42 10916 694.3903251963694 0.0 694.3903251963694 694.3903251963694 
gen 43 11172 694.3903251963694 0.0 694.3903251963694 694.3903251963694 
gen 44 11438 694.3903251963694 0.0 694.3903251963694 694.3903251963694 
gen 45 11694 694.3903251963694 0.0 694.3903251963694 694.3903251963694 
gen 46 11960 694.3903251963694 0.0 694.3903251963694 694.3903251963694 
gen 47 12216 694.3903251963694 0.0 694.3903251963694 694.3903251963694 
gen 48 12472 694.3903251963694 0.0 694.3903251963694 694.3903251963694 
gen 49 12728 694.3903251963694 0.0 694.3903251963694 694.3903251963694 
gen 50 12984 694.3903251963694 0.0 694.3903251963694 694.3903251963694 
gen 51 13240 694.3903251963694 0.0 694.3903251963694 694.3903251963694 
gen 52 13506 694.3903251963694 0.0 694.3903251963694 694.3903251963694 
gen 53 13762 694.3903251963694 0.0 694.3903251963694 694.3903251963694 
gen 54 14018 694.3903251963694 0.0 694.3903251963694 694.3903251963694 
gen 55 14274 694.3903251963694 0.0 694.3903251963694 694.3903251963694 
gen 56 14530 694.3903251963694 0.0 694.3903251963694 694.3903251963694 
gen 57 14786 694.3903251963694 0.0 694.3903251963694 694.3903251963694 
gen 58 15042 694.3903251963694 0.0 694.3903251963694 694.3903251963694 
gen 59 15298 694.3903251963694 0.0 694.3903251963694 694.3903251963694 
gen 60 15564 694.3903251963694 0.0 694.3903251963694 694.3903251963694 
gen 61 15820 694.3903251963694 0.0 694.3903251963694 694.3903251963694 
gen 62 16076 694.3903251963694 0.0 694.3903251963694 694.3903251963694 
gen 63 16332 694.3903251963694 0.0 694.3903251963694 694.3903251963694 
gen 64 16588 694.3903251963694 0.0 694.3903251963694 694.3903251963694 
gen 65 16844 694.3903251963694 0.0 694.3903251963694 694.3903251963694 
gen 66 17100 694.3903251963694 0.0 694.3903251963694 694.3903251963694 
gen 67 17366 694.3903251963694 0.0 694.3903251963694 694.3903251963694 
gen 68 17632 694.3903251963694 0.0 694.3903251963694 694.3903251963694 
gen 69 17888 694.3903251963694 0.0 694.3903251963694 694.3903251963694 
gen 70 18144 694.3903251963694 0.0 694.3903251963694 694.3903251963694 
gen 71 18400 694.3903251963694 0.0 694.3903251963694 694.3903251963694 
gen 72 18656 694.3903251963694 0.0 694.3903251963694 694.3903251963694 
gen 73 18922 694.3903251963694 0.0 694.3903251963694 694.3903251963694 
gen 74 19178 694.3903251963694 0.0 694.3903251963694 694.3903251963694 
gen 75 19434 694.3903251963694 0.0 694.3903251963694 694.3903251963694 
gen 76 19690 694.3903251963694 0.0 694.3903251963694 694.3903251963694 
gen 77 19946 694.3903251963694 0.0 694.3903251963694 694.3903251963694 
gen 78 20212 694.3903251963694 0.0 694.3903251963694 694.3903251963694 
gen 79 20488 694.3536538965132 0.2910694190201254 692.0433620055632 694.3903251963694 
gen 80 20764 694.2447941513276 0.696037413987311 689.7702646953121 694.3903251963694 
gen 81 21020 693.4871997581835 1.5085142641205977 689.7702646953121 694.3903251963694 
gen 82 21276 691.2619848051643 1.079627752151146 689.7702646953121 692.0433620055632 
gen 83 21532 689.7702646953121 0.0 689.7702646953121 689.7702646953121 
gen 84 21798 689.7702646953121 0.0 689.7702646953121 689.7702646953121 
gen 85 22054 689.7702646953121 0.0 689.7702646953121 689.7702646953121 
gen 86 22310 689.7702646953121 0.0 689.7702646953121 689.7702646953121 
gen 87 22566 689.7702646953121 0.0 689.7702646953121 689.7702646953121 
gen 88 22822 689.7702646953121 0.0 689.7702646953121 689.7702646953121 
gen 89 23078 689.7702646953121 0.0 689.7702646953121 689.7702646953121 
gen 90 23334 689.7702646953121 0.0 689.7702646953121 689.7702646953121 
gen 91 23590 689.7702646953121 0.0 689.7702646953121 689.7702646953121 
gen 92 23856 689.7702646953121 0.0 689.7702646953121 689.7702646953121 
gen 93 24122 689.7702646953121 0.0 689.7702646953121 689.7702646953121 
gen 94 24378 689.7702646953121 0.0 689.7702646953121 689.7702646953121 
gen 95 24634 689.7702646953121 0.0 689.7702646953121 689.7702646953121 
gen 96 24890 689.7702646953121 0.0 689.7702646953121 689.7702646953121 
gen 97 25146 689.7702646953121 0.0 689.7702646953121 689.7702646953121 
gen 98 25402 689.7702646953121 0.0 689.7702646953121 689.7702646953121 
gen 99 25658 689.7702646953121 0.0 689.7702646953121 689.7702646953121 
gen 100 25924 689.7702646953121 0.0 689.7702646953121 689.7702646953121 
gen 101 26180 689.7702646953121 0.0 689.7702646953121 689.7702646953121 
gen 102 26436 689.7702646953121 0.0 689.7702646953121 689.7702646953121 
gen 103 26692 689.7702646953121 0.0 689.7702646953121 689.7702646953121 
gen 104 26948 689.7702646953121 0.0 689.7702646953121 689.7702646953121 
gen 105 27204 689.7702646953121 0.0 689.7702646953121 689.7702646953121 
gen 106 27460 689.7702646953121 0.0 689.7702646953121 689.7702646953121 
gen 107 27716 689.7702646953121 0.0 689.7702646953121 689.7702646953121 
gen 108 27972 689.7702646953121 0.0 689.7702646953121 689.7702646953121 
gen 109 28238 689.7702646953121 0.0 689.7702646953121 689.7702646953121 
gen 110 28494 689.7702646953121 0.0 689.7702646953121 689.7702646953121 
gen 111 28750 689.7702646953121 0.0 689.7702646953121 689.7702646953121 
gen 112 29006 689.7702646953121 0.0 689.7702646953121 689.7702646953121 
gen 113 29262 689.7702646953121 0.0 689.7702646953121 689.7702646953121 
gen 114 29518 689.7702646953121 0.0 689.7702646953121 689.7702646953121 
gen 115 29774 689.7702646953121 0.0 689.7702646953121 689.7702646953121 
gen 116 30040 689.7702646953121 0.0 689.7702646953121 689.7702646953121 
gen 117 30296 689.7702646953121 0.0 689.7702646953121 689.7702646953121 
gen 118 30552 689.7702646953121 0.0 689.7702646953121 689.7702646953121 
gen 119 30818 689.7702646953121 0.0 689.7702646953121 689.7702646953121 
gen 120 31074 689.7702646953121 0.0 689.7702646953121 689.7702646953121 
gen 121 31330 689.7702646953121 0.0 689.7702646953121 689.7702646953121 
gen 122 31586 689.7702646953121 0.0 689.7702646953121 689.7702646953121 
gen 123 31842 689.7702646953121 0.0 689.7702646953121 689.7702646953121 
gen 124 32098 689.7702646953121 0.0 689.7702646953121 689.7702646953121 
gen 125 32354 689.7702646953121 0.0 689.7702646953121 689.7702646953121 
gen 126 32610 689.7702646953121 0.0 689.7702646953121 689.7702646953121 
gen 127 32866 689.7702646953121 0.0 689.7702646953121 689.7702646953121 
gen 128 33152 689.7550573986061 0.1207041755932143 688.7969977061259 689.7702646953121 
gen 129 33408 689.6823688707243 0.4513845902678129 686.2872308934487 689.7702646953121 
gen 130 33664 689.4125637409179 0.8381999725894265 686.2872308934487 689.7702646953121 
gen 131 33920 688.273086112165 1.356321028087893 686.2872308934487 689.3805873677899 
gen 132 34176 686.2872308934486 1.1368683772161603e-13 686.2872308934487 686.2872308934487 
gen 133 34432 686.2872308934486 1.1368683772161603e-13 686.2872308934487 686.2872308934487 
gen 134 34688 686.2872308934486 1.1368683772161603e-13 686.2872308934487 686.2872308934487 
gen 135 34944 686.2872308934486 1.1368683772161603e-13 686.2872308934487 686.2872308934487 
gen 136 35200 686.2872308934486 1.1368683772161603e-13 686.2872308934487 686.2872308934487 
gen 137 35456 686.2872308934486 1.1368683772161603e-13 686.2872308934487 686.2872308934487 
gen 138 35712 686.2872308934486 1.1368683772161603e-13 686.2872308934487 686.2872308934487 
gen 139 35968 686.2872308934486 1.1368683772161603e-13 686.2872308934487 686.2872308934487 
gen 140 36224 686.2872308934486 1.1368683772161603e-13 686.2872308934487 686.2872308934487 
gen 141 36480 686.2872308934486 1.1368683772161603e-13 686.2872308934487 686.2872308934487 
gen 142 36736 686.2872308934486 1.1368683772161603e-13 686.2872308934487 686.2872308934487 
gen 143 37002 686.2872308934486 1.1368683772161603e-13 686.2872308934487 686.2872308934487 
gen 144 37258 686.2872308934486 1.1368683772161603e-13 686.2872308934487 686.2872308934487 
gen 145 37514 686.2872308934486 1.1368683772161603e-13 686.2872308934487 686.2872308934487 
gen 146 37770 686.2872308934486 1.1368683772161603e-13 686.2872308934487 686.2872308934487 
gen 147 38026 686.2872308934486 1.1368683772161603e-13 686.2872308934487 686.2872308934487 
gen 148 38292 686.2872308934486 1.1368683772161603e-13 686.2872308934487 686.2872308934487 
gen 149 38548 686.2872308934486 1.1368683772161603e-13 686.2872308934487 686.2872308934487 
gen 150 38804 686.2872308934486 1.1368683772161603e-13 686.2872308934487 686.2872308934487 
gen 151 39070 686.2872308934486 1.1368683772161603e-13 686.2872308934487 686.2872308934487 
gen 152 39326 686.2872308934486 1.1368683772161603e-13 686.2872308934487 686.2872308934487 
gen 153 39582 686.2872308934486 1.1368683772161603e-13 686.2872308934487 686.2872308934487 
gen 154 39838 686.2872308934486 1.1368683772161603e-13 686.2872308934487 686.2872308934487 
gen 155 40094 686.2872308934486 1.1368683772161603e-13 686.2872308934487 686.2872308934487 
gen 156 40360 686.2872308934486 1.1368683772161603e-13 686.2872308934487 686.2872308934487 
gen 157 40626 686.2872308934486 1.1368683772161603e-13 686.2872308934487 686.2872308934487 
gen 158 40882 686.2872308934486 1.1368683772161603e-13 686.2872308934487 686.2872308934487 
gen 159 41138 686.2872308934486 1.1368683772161603e-13 686.2872308934487 686.2872308934487 
gen 160 41394 686.2872308934486 1.1368683772161603e-13 686.2872308934487 686.2872308934487 
gen 161 41650 686.2872308934486 1.1368683772161603e-13 686.2872308934487 686.2872308934487 
gen 162 41906 686.2872308934486 1.1368683772161603e-13 686.2872308934487 686.2872308934487 
gen 163 42172 686.2872308934486 1.1368683772161603e-13 686.2872308934487 686.2872308934487 
gen 164 42428 686.2872308934486 1.1368683772161603e-13 686.2872308934487 686.2872308934487 
gen 165 42694 686.2872308934486 1.1368683772161603e-13 686.2872308934487 686.2872308934487 
gen 166 42950 686.2872308934486 1.1368683772161603e-13 686.2872308934487 686.2872308934487 
gen 167 43216 686.2872308934486 1.1368683772161603e-13 686.2872308934487 686.2872308934487 
gen 168 43472 686.2872308934486 1.1368683772161603e-13 686.2872308934487 686.2872308934487 
gen 169 43728 686.2872308934486 1.1368683772161603e-13 686.2872308934487 686.2872308934487 
gen 170 43994 686.2872308934486 1.1368683772161603e-13 686.2872308934487 686.2872308934487 
gen 171 44250 686.2872308934486 1.1368683772161603e-13 686.2872308934487 686.2872308934487 
gen 172 44516 686.2872308934486 1.1368683772161603e-13 686.2872308934487 686.2872308934487 
gen 173 44772 686.2872308934486 1.1368683772161603e-13 686.2872308934487 686.2872308934487 
gen 174 45028 686.2872308934486 1.1368683772161603e-13 686.2872308934487 686.2872308934487 
[6, 7, 1, 5, 2, 0, 3, 4, 6, 7, 4, 5, 2, 3, 1, 0, 1, 7, 5, 4, 0, 2, 3, 6, 1, 0, 4, 7, 5, 2, 3, 6, 1, 7, 4, 6, 5, 2, 0, 3, 1, 0, 4, 7, 5, 2, 3, 6, 6, 7, 0, 1, 4, 5, 2, 3, 0, 4, 5, 6, 1, 2, 7, 3]
min  686.2872308934487
NFE 45028
LSNFE 420
VLSNFE 7
runTime 63.06012558937073
