gen 0 121 740.3757508990047 113.93810402078606 542.8959040786829 1156.9575095290506 
gen 1 628 588.2306615583944 34.7548033692436 473.2426163812278 635.3768994339242 
gen 2 1139 545.1282559960349 26.609197149464592 440.12325824966 577.4648576203654 
gen 3 1646 519.6792327502108 20.625080213895206 440.12325824966 542.6868339082146 
gen 4 2152 503.10031347375724 20.37765981295386 437.2042506209749 526.3191031602239 
gen 5 2669 485.94320124861645 16.726792999341324 435.9934481471293 509.6508428548333 
gen 6 3169 476.75013482856303 14.435366780374192 432.3148578317051 493.82261315015126 
gen 7 3673 467.110672013357 13.224725164433803 415.959520963837 485.4125770645426 
gen 8 4171 457.7766822072447 14.914834880905275 389.072728862231 473.31030511509954 
gen 9 4680 447.6778394806618 14.821499023932487 387.0527393209151 465.84325650121633 
gen 10 5183 435.2608986741402 15.379304531766422 387.0527393209151 452.21388844012324 
gen 11 5696 423.9219578094507 15.891825741594833 362.48457217262103 441.5404409966276 
gen 12 6209 417.472381125035 14.26105087257743 362.48457217262103 434.17382935857825 
gen 13 6722 408.88344381526787 13.519465509457627 362.48457217262103 423.4497592349322 
gen 14 7232 401.8342507987826 11.524389532842445 362.48457217262103 416.0509344748628 
gen 15 7738 397.49433068821895 11.215776134802761 362.48457217262103 410.41047456481493 
gen 16 8236 393.7116665123729 10.3539285160468 362.48457217262103 405.7002113307067 
gen 17 8747 388.6231395098791 10.133538765471705 358.2729443985463 400.2839433206878 
gen 18 9253 382.4254743396114 10.600832509030516 353.7356602780858 393.8260865580176 
gen 19 9757 376.96997969288026 10.14290545395701 350.66479970613585 389.072728862231 
gen 20 10262 370.2849886731437 8.708164574139726 350.66479970613585 383.1985233642305 
gen 21 10768 361.50987281549675 4.096924383128308 349.78006237593 367.8595185980571 
gen 22 11279 356.11798670596517 2.6538478750324397 349.78006237593 359.5870470845508 
gen 23 11785 352.088570875909 1.9604430981768053 344.42915177927165 353.7356602780858 
gen 24 12288 349.22471852898195 1.757505583430347 342.7421481059949 350.9972982941972 
gen 25 12789 346.830370918235 1.9008905637114935 342.45464472963744 349.27839105375807 
gen 26 13298 344.0099216207646 1.0659104477250902 339.00034843971963 345.1260675915972 
gen 27 13807 342.94643263003286 0.9523434211077317 339.00034843971963 344.3246339437898 
gen 28 14309 342.34827797988834 0.7922808316845324 339.00034843971963 342.7421481059949 
gen 29 14814 341.93848994319836 1.050960879893475 335.18949570703035 342.45464472963744 
gen 30 15320 341.5756401868793 1.1793724144563726 335.18949570703035 342.45464472963744 
gen 31 15830 340.39034236165844 0.9207970294000254 335.18949570703035 342.01990823074203 
gen 32 16336 339.8863664226714 0.8793577581069213 335.18949570703035 340.265535895674 
gen 33 16846 339.5567898007436 1.1917181134167134 332.52196628618 340.265535895674 
gen 34 17352 338.93108531441493 1.2491887352017257 332.52196628618 339.7913297353875 
gen 35 17856 338.5703329161397 1.618811000713358 332.52196628618 339.2766298059716 
gen 36 18368 337.8557976842277 2.033046936338999 332.5087160382825 339.2766298059716 
gen 37 18872 336.23276524232705 2.0511682161116407 330.3361294219412 339.00034843971963 
gen 38 19376 333.7990520735497 1.165882677133477 330.3361294219412 335.18949570703035 
gen 39 19887 332.1618669554296 0.7109797737101539 329.47689506065313 332.89734180747087 
gen 40 20393 331.1812000881516 0.6740323392481438 329.47689506065313 331.96670735499225 
gen 41 20902 330.29661731007207 0.3788927223522795 328.48861356974487 330.5331698837597 
gen 42 21406 329.8398758222281 0.6712219751999269 328.48861356974487 330.3361294219412 
gen 43 21908 328.77454410265943 0.5572289204170076 328.0832312842815 329.7948904718242 
gen 44 22418 328.3349555332563 0.19626584060057128 328.0832312842815 328.48861356974487 
gen 45 22921 328.0832312842814 1.1368683772161603e-13 328.0832312842815 328.0832312842815 
gen 46 23431 328.0832312842814 1.1368683772161603e-13 328.0832312842815 328.0832312842815 
gen 47 23943 328.0832312842814 1.1368683772161603e-13 328.0832312842815 328.0832312842815 
gen 48 24447 328.0832312842814 1.1368683772161603e-13 328.0832312842815 328.0832312842815 
gen 49 24951 328.0832312842814 1.1368683772161603e-13 328.0832312842815 328.0832312842815 
gen 50 25462 328.0832312842814 1.1368683772161603e-13 328.0832312842815 328.0832312842815 
gen 51 25963 328.0832312842814 1.1368683772161603e-13 328.0832312842815 328.0832312842815 
gen 52 26473 328.0832312842814 1.1368683772161603e-13 328.0832312842815 328.0832312842815 
gen 53 26984 328.0832312842814 1.1368683772161603e-13 328.0832312842815 328.0832312842815 
gen 54 27494 328.0832312842814 1.1368683772161603e-13 328.0832312842815 328.0832312842815 
gen 55 28006 328.0832312842814 1.1368683772161603e-13 328.0832312842815 328.0832312842815 
gen 56 28520 328.0832312842814 1.1368683772161603e-13 328.0832312842815 328.0832312842815 
gen 57 29028 328.0832312842814 1.1368683772161603e-13 328.0832312842815 328.0832312842815 
gen 58 29534 328.0832312842814 1.1368683772161603e-13 328.0832312842815 328.0832312842815 
gen 59 30047 328.0832312842814 1.1368683772161603e-13 328.0832312842815 328.0832312842815 
gen 60 30553 328.0832312842814 1.1368683772161603e-13 328.0832312842815 328.0832312842815 
gen 61 31060 328.0832312842814 1.1368683772161603e-13 328.0832312842815 328.0832312842815 
gen 62 31566 328.0832312842814 1.1368683772161603e-13 328.0832312842815 328.0832312842815 
gen 63 32073 328.0832312842814 1.1368683772161603e-13 328.0832312842815 328.0832312842815 
gen 64 32584 328.0832312842814 1.1368683772161603e-13 328.0832312842815 328.0832312842815 
gen 65 33095 328.0832312842814 1.1368683772161603e-13 328.0832312842815 328.0832312842815 
gen 66 33605 328.0832312842814 1.1368683772161603e-13 328.0832312842815 328.0832312842815 
gen 67 34110 328.0832312842814 1.1368683772161603e-13 328.0832312842815 328.0832312842815 
gen 68 34624 328.0832312842814 1.1368683772161603e-13 328.0832312842815 328.0832312842815 
gen 69 35141 328.0832312842814 1.1368683772161603e-13 328.0832312842815 328.0832312842815 
gen 70 35654 328.0832312842814 1.1368683772161603e-13 328.0832312842815 328.0832312842815 
gen 71 36166 328.0832312842814 1.1368683772161603e-13 328.0832312842815 328.0832312842815 
gen 72 36675 328.0832312842814 1.1368683772161603e-13 328.0832312842815 328.0832312842815 
gen 73 37186 328.0832312842814 1.1368683772161603e-13 328.0832312842815 328.0832312842815 
gen 74 37698 328.0832312842814 1.1368683772161603e-13 328.0832312842815 328.0832312842815 
gen 75 38206 328.0832312842814 1.1368683772161603e-13 328.0832312842815 328.0832312842815 
gen 76 38710 328.0832312842814 1.1368683772161603e-13 328.0832312842815 328.0832312842815 
gen 77 39212 328.0832312842814 1.1368683772161603e-13 328.0832312842815 328.0832312842815 
gen 78 39724 328.0832312842814 1.1368683772161603e-13 328.0832312842815 328.0832312842815 
gen 79 40230 328.0832312842814 1.1368683772161603e-13 328.0832312842815 328.0832312842815 
gen 80 40746 328.0832312842814 1.1368683772161603e-13 328.0832312842815 328.0832312842815 
gen 81 41259 328.0832312842814 1.1368683772161603e-13 328.0832312842815 328.0832312842815 
gen 82 41773 328.0832312842814 1.1368683772161603e-13 328.0832312842815 328.0832312842815 
gen 83 42278 328.0832312842814 1.1368683772161603e-13 328.0832312842815 328.0832312842815 
gen 84 42793 328.0832312842814 1.1368683772161603e-13 328.0832312842815 328.0832312842815 
gen 85 43293 328.0832312842814 1.1368683772161603e-13 328.0832312842815 328.0832312842815 
gen 86 43801 328.0832312842814 1.1368683772161603e-13 328.0832312842815 328.0832312842815 
gen 87 44301 328.0832312842814 1.1368683772161603e-13 328.0832312842815 328.0832312842815 
gen 88 44804 328.0832312842814 1.1368683772161603e-13 328.0832312842815 328.0832312842815 
gen 89 45309 328.0832312842814 1.1368683772161603e-13 328.0832312842815 328.0832312842815 
gen 90 45815 328.0832312842814 1.1368683772161603e-13 328.0832312842815 328.0832312842815 
gen 91 46327 328.0832312842814 1.1368683772161603e-13 328.0832312842815 328.0832312842815 
gen 92 46829 328.0832312842814 1.1368683772161603e-13 328.0832312842815 328.0832312842815 
gen 93 47341 328.0832312842814 1.1368683772161603e-13 328.0832312842815 328.0832312842815 
gen 94 47848 328.0832312842814 1.1368683772161603e-13 328.0832312842815 328.0832312842815 
gen 95 48356 328.0832312842814 1.1368683772161603e-13 328.0832312842815 328.0832312842815 
gen 96 48867 328.0832312842814 1.1368683772161603e-13 328.0832312842815 328.0832312842815 
gen 97 49374 328.0832312842814 1.1368683772161603e-13 328.0832312842815 328.0832312842815 
gen 98 49878 328.0832312842814 1.1368683772161603e-13 328.0832312842815 328.0832312842815 
gen 99 50390 328.0832312842814 1.1368683772161603e-13 328.0832312842815 328.0832312842815 
gen 100 50893 328.0832312842814 1.1368683772161603e-13 328.0832312842815 328.0832312842815 
gen 101 51401 328.0832312842814 1.1368683772161603e-13 328.0832312842815 328.0832312842815 
gen 102 51906 328.0832312842814 1.1368683772161603e-13 328.0832312842815 328.0832312842815 
gen 103 52407 328.0832312842814 1.1368683772161603e-13 328.0832312842815 328.0832312842815 
gen 104 52915 328.0832312842814 1.1368683772161603e-13 328.0832312842815 328.0832312842815 
gen 105 53428 328.0832312842814 1.1368683772161603e-13 328.0832312842815 328.0832312842815 
gen 106 53939 328.0832312842814 1.1368683772161603e-13 328.0832312842815 328.0832312842815 
gen 107 54442 328.0832312842814 1.1368683772161603e-13 328.0832312842815 328.0832312842815 
gen 108 54947 328.0832312842814 1.1368683772161603e-13 328.0832312842815 328.0832312842815 
gen 109 55450 328.0832312842814 1.1368683772161603e-13 328.0832312842815 328.0832312842815 
gen 110 55962 328.0832312842814 1.1368683772161603e-13 328.0832312842815 328.0832312842815 
gen 111 56471 328.0832312842814 1.1368683772161603e-13 328.0832312842815 328.0832312842815 
gen 112 56973 328.0832312842814 1.1368683772161603e-13 328.0832312842815 328.0832312842815 
gen 113 57483 328.0832312842814 1.1368683772161603e-13 328.0832312842815 328.0832312842815 
gen 114 57992 328.0832312842814 1.1368683772161603e-13 328.0832312842815 328.0832312842815 
gen 115 58508 328.0832312842814 1.1368683772161603e-13 328.0832312842815 328.0832312842815 
gen 116 59014 328.0832312842814 1.1368683772161603e-13 328.0832312842815 328.0832312842815 
gen 117 59518 328.0832312842814 1.1368683772161603e-13 328.0832312842815 328.0832312842815 
gen 118 60024 328.0832312842814 1.1368683772161603e-13 328.0832312842815 328.0832312842815 
gen 119 60531 328.0832312842814 1.1368683772161603e-13 328.0832312842815 328.0832312842815 
gen 120 61041 328.0832312842814 1.1368683772161603e-13 328.0832312842815 328.0832312842815 
gen 121 61550 328.0832312842814 1.1368683772161603e-13 328.0832312842815 328.0832312842815 
gen 122 62057 328.0832312842814 1.1368683772161603e-13 328.0832312842815 328.0832312842815 
gen 123 62567 328.0832312842814 1.1368683772161603e-13 328.0832312842815 328.0832312842815 
gen 124 63079 328.0832312842814 1.1368683772161603e-13 328.0832312842815 328.0832312842815 
gen 125 63585 328.0832312842814 1.1368683772161603e-13 328.0832312842815 328.0832312842815 
gen 126 64101 328.0832312842814 1.1368683772161603e-13 328.0832312842815 328.0832312842815 
gen 127 64616 328.0832312842814 1.1368683772161603e-13 328.0832312842815 328.0832312842815 
gen 128 65120 328.0832312842814 1.1368683772161603e-13 328.0832312842815 328.0832312842815 
gen 129 65632 328.0832312842814 1.1368683772161603e-13 328.0832312842815 328.0832312842815 
gen 130 66139 328.0832312842814 1.1368683772161603e-13 328.0832312842815 328.0832312842815 
gen 131 66651 328.0832312842814 1.1368683772161603e-13 328.0832312842815 328.0832312842815 
gen 132 67157 328.0832312842814 1.1368683772161603e-13 328.0832312842815 328.0832312842815 
gen 133 67668 328.0832312842814 1.1368683772161603e-13 328.0832312842815 328.0832312842815 
gen 134 68169 328.0832312842814 1.1368683772161603e-13 328.0832312842815 328.0832312842815 
gen 135 68683 328.0832312842814 1.1368683772161603e-13 328.0832312842815 328.0832312842815 
gen 136 69191 328.0832312842814 1.1368683772161603e-13 328.0832312842815 328.0832312842815 
gen 137 69698 328.0832312842814 1.1368683772161603e-13 328.0832312842815 328.0832312842815 
gen 138 70198 328.0832312842814 1.1368683772161603e-13 328.0832312842815 328.0832312842815 
gen 139 70711 328.0832312842814 1.1368683772161603e-13 328.0832312842815 328.0832312842815 
gen 140 71216 328.0832312842814 1.1368683772161603e-13 328.0832312842815 328.0832312842815 
gen 141 71720 328.0832312842814 1.1368683772161603e-13 328.0832312842815 328.0832312842815 
gen 142 72228 328.0832312842814 1.1368683772161603e-13 328.0832312842815 328.0832312842815 
gen 143 72732 328.0832312842814 1.1368683772161603e-13 328.0832312842815 328.0832312842815 
gen 144 73242 328.0832312842814 1.1368683772161603e-13 328.0832312842815 328.0832312842815 
gen 145 73746 328.0832312842814 1.1368683772161603e-13 328.0832312842815 328.0832312842815 
gen 146 74250 328.0832312842814 1.1368683772161603e-13 328.0832312842815 328.0832312842815 
gen 147 74757 328.0832312842814 1.1368683772161603e-13 328.0832312842815 328.0832312842815 
gen 148 75267 328.0832312842814 1.1368683772161603e-13 328.0832312842815 328.0832312842815 
gen 149 75772 328.0832312842814 1.1368683772161603e-13 328.0832312842815 328.0832312842815 
gen 150 76282 328.0832312842814 1.1368683772161603e-13 328.0832312842815 328.0832312842815 
gen 151 76787 328.0832312842814 1.1368683772161603e-13 328.0832312842815 328.0832312842815 
gen 152 77292 328.0832312842814 1.1368683772161603e-13 328.0832312842815 328.0832312842815 
gen 153 77800 328.0832312842814 1.1368683772161603e-13 328.0832312842815 328.0832312842815 
gen 154 78315 328.0832312842814 1.1368683772161603e-13 328.0832312842815 328.0832312842815 
gen 155 78830 328.0832312842814 1.1368683772161603e-13 328.0832312842815 328.0832312842815 
gen 156 79338 328.0832312842814 1.1368683772161603e-13 328.0832312842815 328.0832312842815 
gen 157 79847 328.0832312842814 1.1368683772161603e-13 328.0832312842815 328.0832312842815 
gen 158 80357 328.0832312842814 1.1368683772161603e-13 328.0832312842815 328.0832312842815 
gen 159 80861 328.0832312842814 1.1368683772161603e-13 328.0832312842815 328.0832312842815 
gen 160 81378 328.0832312842814 1.1368683772161603e-13 328.0832312842815 328.0832312842815 
gen 161 81888 328.0832312842814 1.1368683772161603e-13 328.0832312842815 328.0832312842815 
gen 162 82391 328.0832312842814 1.1368683772161603e-13 328.0832312842815 328.0832312842815 
gen 163 82902 328.0832312842814 1.1368683772161603e-13 328.0832312842815 328.0832312842815 
gen 164 83410 328.0832312842814 1.1368683772161603e-13 328.0832312842815 328.0832312842815 
gen 165 83915 328.0832312842814 1.1368683772161603e-13 328.0832312842815 328.0832312842815 
gen 166 84425 328.0832312842814 1.1368683772161603e-13 328.0832312842815 328.0832312842815 
gen 167 84933 328.0832312842814 1.1368683772161603e-13 328.0832312842815 328.0832312842815 
[3, 4, 1, 8, 10, 7, 2, 6, 0, 5, 9, 9, 1, 3, 4, 5, 2, 0, 10, 8, 6, 7, 6, 3, 2, 7, 8, 4, 5, 9, 1, 0, 10, 3, 10, 6, 2, 7, 0, 4, 5, 1, 8, 9, 3, 0, 2, 6, 4, 8, 10, 7, 5, 9, 1, 0, 7, 4, 8, 5, 3, 1, 6, 9, 2, 10, 0, 9, 6, 5, 4, 3, 2, 1, 8, 7, 10, 10, 0, 9, 2, 3, 5, 6, 8, 4, 1, 7, 3, 9, 1, 5, 4, 8, 10, 6, 2, 0, 7, 8, 4, 10, 3, 7, 5, 6, 0, 1, 9, 2, 10, 7, 0, 9, 4, 6, 8, 2, 5, 1, 3]
min  328.0832312842815
NFE 84933
LSNFE 0
VLSNFE 0
runTime 155.89532685279846
