gen 0 121 742.9916958945754 142.7918598032386 529.6894672642956 1400.5338682550032 
gen 1 628 587.2298278026665 33.74882697909552 416.17774495072996 629.4317591679157 
gen 2 1135 543.0517343042012 27.26697328928274 416.17774495072996 573.7445034031238 
gen 3 1643 517.6165606638241 26.032669287473524 416.17774495072996 545.5959256321491 
gen 4 2153 499.2504839515488 22.281668544296917 416.17774495072996 522.9695522018607 
gen 5 2659 480.5000768022868 21.250103074349553 405.8498591412391 502.7981517723179 
gen 6 3165 463.4081529222677 20.229748534923107 404.6176785914236 486.8277065288677 
gen 7 3679 452.3429051866532 18.92562572701064 390.23611594142915 473.7836487638298 
gen 8 4188 443.0382409099136 18.314377135468263 386.66351525018416 462.827076786106 
gen 9 4702 433.11889476758176 15.694479678366552 386.66351525018416 453.0178019256308 
gen 10 5206 423.5420229857619 11.964624689608534 386.66351525018416 441.42394503624945 
gen 11 5713 417.448501760756 9.536591826291799 386.66351525018416 429.5204083878451 
gen 12 6212 413.0957752553372 7.3380419330298405 386.66351525018416 419.49120189164404 
gen 13 6718 410.2844064801313 6.715940110909279 386.66351525018416 416.17774495072996 
gen 14 7223 406.75538520539345 6.5050740189258 382.50728531974664 416.17002467495126 
gen 15 7731 403.1461598198489 7.1168891938534244 373.95918406158347 407.810531017808 
gen 16 8238 400.31761686865883 7.919146395389206 372.9331790634999 407.19889671300825 
gen 17 8747 395.85910695401674 7.755438655952528 372.9331790634999 404.6012506401506 
gen 18 9257 391.08624122506717 6.58808798743747 371.9320399916123 399.2934624474009 
gen 19 9761 386.0404430453369 6.73361391153947 356.01585524006464 393.4477311692516 
gen 20 10280 380.3767732989757 7.632753121597659 356.01585524006464 389.1731247946954 
gen 21 10791 374.93334535577776 8.024959348593402 353.0057201853836 383.8602881779426 
gen 22 11303 367.809729703718 7.469103139216015 344.3457636882074 376.8833518699316 
gen 23 11807 359.8815341365799 5.9573291178182295 343.93502151239846 367.7823703660166 
gen 24 12311 353.30113809443793 4.634283656365733 336.54717456354996 359.22952695589964 
gen 25 12823 348.51869211704263 3.569823221339723 336.54717456354996 353.0057201853836 
gen 26 13337 345.12017186590214 2.9245746670649573 336.54717456354996 348.7763763602935 
gen 27 13849 342.29589716469235 2.466936664906095 336.4653501424214 344.83900436795284 
gen 28 14348 340.56357855376143 2.1465646314018207 335.58016058634166 343.0597726192334 
gen 29 14849 338.7855324412027 1.6629070078707626 335.3008324368194 341.20534560476915 
gen 30 15364 337.13073998664316 0.9740653841291417 335.1096881960608 338.7433084375617 
gen 31 15868 336.36555089110374 0.3488154588065993 334.6777742392143 336.54717456354996 
gen 32 16361 336.05239178986255 0.49972676174746283 332.9082927515011 336.4744799408583 
gen 33 16875 335.55745632012975 0.5150158059151305 332.9082927515011 335.8399860256979 
gen 34 17378 335.0970897567232 0.5240875969711973 332.4624242341832 335.74263268224564 
gen 35 17886 334.6306196677365 0.7187610185096199 332.4624242341832 335.0636404602008 
gen 36 18397 333.59536830183777 0.8414771349112821 330.84975444720175 334.6777742392143 
gen 37 18904 332.461942431178 0.16243809916479474 330.84975444720175 332.9728365529662 
gen 38 19416 332.36981166381173 0.40593458582938463 329.5938760167256 332.4624242341832 
gen 39 19924 332.3009983883759 0.5019634341621358 329.5938760167256 332.4624242341832 
gen 40 20430 332.21157169203985 0.5393411788403875 329.5938760167256 332.4549518395529 
gen 41 20936 331.96744842390825 0.680046479077885 329.5938760167256 332.3666797270673 
gen 42 21443 331.4573126759963 0.7073159080119444 329.5938760167256 332.36083756490245 
gen 43 21958 330.5239768109517 0.36821582008182246 329.5938760167256 330.84975444720175 
gen 44 22469 330.0732374533907 0.28190055625430965 329.5938760167256 330.3096941536327 
gen 45 22977 329.6008371224682 0.056280306003152716 329.3176004793789 329.87351834977665 
gen 46 23487 329.5799259206662 0.07698163428411137 329.1233139881133 329.5938760167256 
gen 47 23988 329.54651498130255 0.13841016835744088 329.1233139881133 329.5938760167256 
gen 48 24498 329.3382073401835 0.23804089803484074 328.40414412305444 329.5938760167256 
gen 49 25005 329.11737043550954 0.06510835665631134 328.40414412305444 329.1233139881133 
gen 50 25511 329.0994841877513 0.20595296905328686 326.9590780093676 329.1233139881133 
gen 51 26017 329.08165352993996 0.23253421865191995 326.9590780093676 329.1233139881133 
gen 52 26536 328.95319644795325 0.46069167856442256 326.0370383135268 329.1233139881133 
gen 53 27040 328.55973075040765 0.7800195481548879 324.82754749960645 329.1233139881133 
gen 54 27552 327.47649318165094 1.0206149295187765 324.82754749960645 328.40414412305444 
gen 55 28059 326.1122476154798 0.7764820472658406 324.8250753889874 327.0355431429962 
gen 56 28569 324.839494252353 0.07663750131033836 324.8250753889874 325.3201123397376 
gen 57 29086 324.8263012289637 0.0012360130966922022 324.8250753889874 324.82754749960645 
gen 58 29599 324.82507538898733 5.684341886080802e-14 324.8250753889874 324.8250753889874 
gen 59 30097 324.8190780339062 0.04650943971778657 324.4249195876727 324.8250753889874 
gen 60 30602 324.81100718687725 0.06803262208755705 324.4249195876727 324.8250753889874 
gen 61 31114 324.75788702869914 0.17445894862182904 323.4296619776263 324.8250753889874 
gen 62 31617 324.4465459345432 0.37883346553136765 323.4296619776263 324.8250753889874 
gen 63 32124 323.6736567099663 0.46802876342493893 322.48855933645893 324.4249195876727 
gen 64 32633 323.16458502940003 0.38171899508270013 322.48855933645893 323.4296619776263 
gen 65 33148 322.4885593364589 5.684341886080802e-14 322.48855933645893 322.48855933645893 
gen 66 33652 322.4885593364589 5.684341886080802e-14 322.48855933645893 322.48855933645893 
gen 67 34158 322.4885593364589 5.684341886080802e-14 322.48855933645893 322.48855933645893 
gen 68 34671 322.4885593364589 5.684341886080802e-14 322.48855933645893 322.48855933645893 
gen 69 35178 322.4885593364589 5.684341886080802e-14 322.48855933645893 322.48855933645893 
gen 70 35681 322.4885593364589 5.684341886080802e-14 322.48855933645893 322.48855933645893 
gen 71 36196 322.4885593364589 5.684341886080802e-14 322.48855933645893 322.48855933645893 
gen 72 36705 322.4885593364589 5.684341886080802e-14 322.48855933645893 322.48855933645893 
gen 73 37209 322.4885593364589 5.684341886080802e-14 322.48855933645893 322.48855933645893 
gen 74 37709 322.4885593364589 5.684341886080802e-14 322.48855933645893 322.48855933645893 
gen 75 38212 322.4885593364589 5.684341886080802e-14 322.48855933645893 322.48855933645893 
gen 76 38727 322.4885593364589 5.684341886080802e-14 322.48855933645893 322.48855933645893 
gen 77 39236 322.4885593364589 5.684341886080802e-14 322.48855933645893 322.48855933645893 
gen 78 39749 322.4885593364589 5.684341886080802e-14 322.48855933645893 322.48855933645893 
gen 79 40257 322.4885593364589 5.684341886080802e-14 322.48855933645893 322.48855933645893 
gen 80 40763 322.4885593364589 5.684341886080802e-14 322.48855933645893 322.48855933645893 
gen 81 41274 322.4885593364589 5.684341886080802e-14 322.48855933645893 322.48855933645893 
gen 82 41778 322.4885593364589 5.684341886080802e-14 322.48855933645893 322.48855933645893 
gen 83 42291 322.4885593364589 5.684341886080802e-14 322.48855933645893 322.48855933645893 
gen 84 42797 322.4885593364589 5.684341886080802e-14 322.48855933645893 322.48855933645893 
gen 85 43302 322.4885593364589 5.684341886080802e-14 322.48855933645893 322.48855933645893 
gen 86 43813 322.4885593364589 5.684341886080802e-14 322.48855933645893 322.48855933645893 
gen 87 44315 322.4743825870597 0.15529850876017812 320.7731726591625 322.48855933645893 
gen 88 44823 322.4318523388623 0.306689981268099 320.7731726591625 322.48855933645893 
gen 89 45329 322.20904729620116 0.610568289384963 320.7731726591625 322.48855933645893 
gen 90 45837 321.17716765114767 0.5886173207819502 320.7731726591625 322.48855933645893 
gen 91 46347 320.77317265916247 5.684341886080802e-14 320.7731726591625 320.7731726591625 
gen 92 46855 320.7597983978124 0.14650769262790278 319.15488703580576 320.7731726591625 
gen 93 47367 320.7425895316738 0.19909162541459416 319.15488703580576 320.7731726591625 
gen 94 47872 320.58728900423756 0.5027034559597475 318.7940584565301 320.7731726591625 
gen 95 48385 319.78709154510034 0.7698177868700861 318.7940584565301 320.7731726591625 
gen 96 48891 319.0660177085404 0.15491147560796925 318.7940584565301 319.15488703580576 
gen 97 49404 318.8846841611018 0.15260547969999866 318.7940584565301 319.15488703580576 
gen 98 49910 318.7940584565301 0.0 318.7940584565301 318.7940584565301 
gen 99 50428 318.7940584565301 0.0 318.7940584565301 318.7940584565301 
gen 100 50933 318.7940584565301 0.0 318.7940584565301 318.7940584565301 
gen 101 51439 318.7940584565301 0.0 318.7940584565301 318.7940584565301 
gen 102 51941 318.7940584565301 0.0 318.7940584565301 318.7940584565301 
gen 103 52452 318.7940584565301 0.0 318.7940584565301 318.7940584565301 
gen 104 52962 318.7940584565301 0.0 318.7940584565301 318.7940584565301 
gen 105 53463 318.7940584565301 0.0 318.7940584565301 318.7940584565301 
gen 106 53970 318.7940584565301 0.0 318.7940584565301 318.7940584565301 
gen 107 54478 318.7940584565301 0.0 318.7940584565301 318.7940584565301 
gen 108 54985 318.7940584565301 0.0 318.7940584565301 318.7940584565301 
gen 109 55493 318.7940584565301 0.0 318.7940584565301 318.7940584565301 
gen 110 55992 318.7940584565301 0.0 318.7940584565301 318.7940584565301 
gen 111 56503 318.7940584565301 0.0 318.7940584565301 318.7940584565301 
gen 112 57007 318.7940584565301 0.0 318.7940584565301 318.7940584565301 
gen 113 57518 318.7940584565301 0.0 318.7940584565301 318.7940584565301 
gen 114 58023 318.7940584565301 0.0 318.7940584565301 318.7940584565301 
gen 115 58529 318.7940584565301 0.0 318.7940584565301 318.7940584565301 
gen 116 59032 318.7940584565301 0.0 318.7940584565301 318.7940584565301 
gen 117 59537 318.7940584565301 0.0 318.7940584565301 318.7940584565301 
gen 118 60040 318.7940584565301 0.0 318.7940584565301 318.7940584565301 
gen 119 60551 318.7940584565301 0.0 318.7940584565301 318.7940584565301 
gen 120 61062 318.7940584565301 0.0 318.7940584565301 318.7940584565301 
gen 121 61581 318.7940584565301 0.0 318.7940584565301 318.7940584565301 
gen 122 62085 318.7940584565301 0.0 318.7940584565301 318.7940584565301 
gen 123 62597 318.7940584565301 0.0 318.7940584565301 318.7940584565301 
gen 124 63112 318.7940584565301 0.0 318.7940584565301 318.7940584565301 
gen 125 63618 318.7940584565301 0.0 318.7940584565301 318.7940584565301 
gen 126 64124 318.7940584565301 0.0 318.7940584565301 318.7940584565301 
gen 127 64633 318.7940584565301 0.0 318.7940584565301 318.7940584565301 
gen 128 65144 318.7940584565301 0.0 318.7940584565301 318.7940584565301 
gen 129 65654 318.7940584565301 0.0 318.7940584565301 318.7940584565301 
gen 130 66159 318.7940584565301 0.0 318.7940584565301 318.7940584565301 
gen 131 66664 318.7940584565301 0.0 318.7940584565301 318.7940584565301 
gen 132 67170 318.7940584565301 0.0 318.7940584565301 318.7940584565301 
gen 133 67674 318.7940584565301 0.0 318.7940584565301 318.7940584565301 
gen 134 68181 318.7940584565301 0.0 318.7940584565301 318.7940584565301 
gen 135 68685 318.7940584565301 0.0 318.7940584565301 318.7940584565301 
gen 136 69190 318.7940584565301 0.0 318.7940584565301 318.7940584565301 
gen 137 69698 318.7940584565301 0.0 318.7940584565301 318.7940584565301 
gen 138 70203 318.7940584565301 0.0 318.7940584565301 318.7940584565301 
gen 139 70715 318.7940584565301 0.0 318.7940584565301 318.7940584565301 
gen 140 71218 318.7940584565301 0.0 318.7940584565301 318.7940584565301 
gen 141 71730 318.7940584565301 0.0 318.7940584565301 318.7940584565301 
gen 142 72234 318.7940584565301 0.0 318.7940584565301 318.7940584565301 
gen 143 72735 318.7940584565301 0.0 318.7940584565301 318.7940584565301 
gen 144 73240 318.7940584565301 0.0 318.7940584565301 318.7940584565301 
gen 145 73751 318.7940584565301 0.0 318.7940584565301 318.7940584565301 
gen 146 74267 318.7940584565301 0.0 318.7940584565301 318.7940584565301 
gen 147 74784 318.7940584565301 0.0 318.7940584565301 318.7940584565301 
gen 148 75287 318.7940584565301 0.0 318.7940584565301 318.7940584565301 
gen 149 75788 318.7940584565301 0.0 318.7940584565301 318.7940584565301 
gen 150 76296 318.79357785445745 0.0052647319267557875 318.73590560574746 318.7940584565301 
gen 151 76795 318.78708535536214 0.0712725902830078 318.0084660659883 318.7940584565301 
gen 152 77297 318.7587123486176 0.15627102214997016 318.0084660659883 318.7940584565301 
gen 153 77812 318.6281458347165 0.3089836681028252 318.0084660659883 318.7940584565301 
gen 154 78319 318.1467396975127 0.28542268603253834 318.0084660659883 318.73590560574746 
gen 155 78828 318.0084660659882 5.684341886080802e-14 318.0084660659883 318.0084660659883 
gen 156 79332 318.0084660659882 5.684341886080802e-14 318.0084660659883 318.0084660659883 
gen 157 79836 318.0084660659882 5.684341886080802e-14 318.0084660659883 318.0084660659883 
gen 158 80340 318.0084660659882 5.684341886080802e-14 318.0084660659883 318.0084660659883 
gen 159 80846 318.0084660659882 5.684341886080802e-14 318.0084660659883 318.0084660659883 
gen 160 81351 318.0084660659882 5.684341886080802e-14 318.0084660659883 318.0084660659883 
gen 161 81858 318.0084660659882 5.684341886080802e-14 318.0084660659883 318.0084660659883 
gen 162 82370 318.0084660659882 5.684341886080802e-14 318.0084660659883 318.0084660659883 
gen 163 82877 318.0084660659882 5.684341886080802e-14 318.0084660659883 318.0084660659883 
gen 164 83390 318.0084660659882 5.684341886080802e-14 318.0084660659883 318.0084660659883 
gen 165 83890 318.0084660659882 5.684341886080802e-14 318.0084660659883 318.0084660659883 
gen 166 84400 318.0084660659882 5.684341886080802e-14 318.0084660659883 318.0084660659883 
gen 167 84904 318.0084660659882 5.684341886080802e-14 318.0084660659883 318.0084660659883 
[3, 2, 6, 5, 10, 4, 7, 0, 8, 9, 1, 3, 10, 4, 1, 6, 7, 2, 9, 8, 5, 0, 2, 6, 9, 7, 5, 0, 1, 8, 3, 10, 4, 0, 9, 7, 6, 5, 3, 4, 2, 1, 10, 8, 8, 3, 10, 7, 4, 0, 2, 5, 9, 1, 6, 0, 9, 7, 6, 10, 4, 3, 5, 8, 1, 2, 0, 7, 4, 10, 9, 1, 6, 2, 8, 5, 3, 10, 7, 9, 6, 8, 2, 4, 5, 0, 3, 1, 3, 1, 0, 5, 7, 9, 6, 2, 10, 8, 4, 8, 3, 6, 7, 5, 4, 2, 1, 10, 9, 0, 10, 9, 4, 5, 3, 0, 6, 8, 7, 1, 2]
min  318.0084660659883
NFE 84904
LSNFE 0
VLSNFE 0
runTime 162.1081120967865
