gen 0 121 762.1736426475271 116.75738740820543 524.0424404544503 1128.3289618544766 
gen 1 634 604.5405892668521 38.358976187952486 482.6444302164595 655.3898929710292 
gen 2 1144 548.8738415725264 28.26879815766332 451.1454549094818 586.4522089826944 
gen 3 1646 517.7115350249715 21.745332858285597 437.88513128422807 545.2944137012265 
gen 4 2160 498.31143920433743 20.901482393784235 418.9791452801897 521.9443128714385 
gen 5 2663 483.1714331224818 19.04098146387554 418.9791452801897 504.85685066540304 
gen 6 3170 465.03797893019225 15.65883388133887 418.9791452801897 483.8936334027132 
gen 7 3681 453.90779160923967 15.66931492787208 403.8426690398338 473.24472884146763 
gen 8 4186 441.29250677450347 15.008172250661756 374.44268446378584 458.23808676061225 
gen 9 4690 429.77910285534495 14.274169113192052 374.44268446378584 446.27096110478345 
gen 10 5201 422.71781538071883 13.597837978223962 364.59880516827667 437.88513128422807 
gen 11 5710 412.30418426761264 13.516641769188539 360.25314255802346 429.15095105937075 
gen 12 6221 403.9739052684468 12.44829602649669 360.25314255802346 418.9791452801897 
gen 13 6730 397.87289666524504 11.968585183707505 360.25314255802346 411.77713554163654 
gen 14 7237 388.93054619330866 9.519330790568782 360.25314255802346 401.3695514773767 
gen 15 7751 381.77270448585335 8.357349653052927 352.6017238963355 392.90475250756646 
gen 16 8261 375.74930306421845 6.596689499498603 352.6017238963355 384.9395854823153 
gen 17 8767 369.5360125389397 5.262943149647941 348.91442733968904 376.21072792047426 
gen 18 9273 365.15613453546706 5.288440720681261 346.5309437373241 371.08943099795755 
gen 19 9777 361.1854173794534 5.326245294760302 345.85991951540564 366.9257596046156 
gen 20 10295 357.3912345870954 4.743376889091146 344.46204954372394 363.5596768175783 
gen 21 10806 353.30208821670294 3.623262792412821 339.5104742804866 358.5812768813308 
gen 22 11320 350.84561755183597 2.780884729974925 339.5104742804866 354.01798751303875 
gen 23 11823 348.9778491304304 2.5351957866089987 339.1674791985455 352.1279520421274 
gen 24 12331 346.94045005738974 2.834250702502681 333.9683361157107 349.83471918730226 
gen 25 12839 345.32000476355 2.754012764974106 333.49518754543425 348.30617227555507 
gen 26 13357 342.9090287755526 2.8185040963241286 333.49518754543425 345.7327929975124 
gen 27 13867 341.538447523977 2.5903778866448954 333.49518754543425 344.25980610945965 
gen 28 14366 340.2343181897125 2.4606104344690745 333.49518754543425 342.7601230246698 
gen 29 14876 338.5698610574735 2.340208806990693 327.1277491419425 341.5076497588049 
gen 30 15389 336.9655876602582 1.7121661323751773 327.1277491419425 338.9206926671561 
gen 31 15904 335.6993410895253 1.4074500036909776 327.1277491419425 337.0143853957267 
gen 32 16412 334.48046232544493 1.5131259982849088 326.078458163491 335.9948069634904 
gen 33 16914 333.8750333034849 1.4551514342464307 326.078458163491 334.6687585821883 
gen 34 17421 333.26564267812824 1.8187207291312713 326.078458163491 334.54467982841885 
gen 35 17920 332.3502626917084 1.8241980464530227 326.078458163491 334.54467982841885 
gen 36 18431 330.91788712920226 1.4289362731916704 326.078458163491 333.1915315225912 
gen 37 18942 329.72485755724523 1.2217847524550067 324.5950550418454 330.67758267507054 
gen 38 19443 329.099367439093 1.1042901733145578 324.5950550418454 330.1705644079225 
gen 39 19956 328.62914991380643 0.9953293294743497 324.5950550418454 329.356730885082 
gen 40 20462 328.24578946178127 1.071047672759869 323.58344407795573 328.945237160667 
gen 41 20968 327.77533554524103 1.3434894475497843 321.62014485960793 328.7096589816945 
gen 42 21477 327.2636382105744 1.4847519984554474 321.5401419535135 328.5130048839399 
gen 43 21983 326.6218185471539 1.3688115301387995 321.5401419535135 328.38980159822785 
gen 44 22494 325.6662927129506 1.0494966494661306 321.33430268628797 326.078458163491 
gen 45 22997 325.16218331363194 1.4526948751843325 321.33430268628797 326.078458163491 
gen 46 23501 323.40772832514506 1.4235845161314755 319.70221636562144 325.7590338085313 
gen 47 24004 321.7614915203661 1.1058247502114325 318.23290493587183 323.58344407795573 
gen 48 24514 320.2972223703109 1.3297641213650426 315.0012511251447 321.5371265267033 
gen 49 25027 318.96277072124934 1.1892370732424062 314.8553755756172 320.816649672777 
gen 50 25526 318.1310261014453 1.0015268592612543 314.8553755756172 318.89764156238516 
gen 51 26037 317.17347427554813 1.0943625121001026 314.08156056465737 318.23290493587183 
gen 52 26545 315.8258276080169 1.1218189985092089 313.56164329626563 317.30971984397223 
gen 53 27050 314.5238720656081 0.6046187526096747 310.3332081158128 315.3636509855081 
gen 54 27560 313.9638280449762 0.46005842769242916 310.3332081158128 314.1650942752277 
gen 55 28074 313.5883341723964 0.8989535811309565 310.24967440524244 314.08156056465737 
gen 56 28586 312.6011811374249 1.3096946303572994 309.2756814398058 313.6096356505532 
gen 57 29091 310.53703252379404 0.6841718126130999 308.2400307398452 312.6370392087963 
gen 58 29591 309.8673757586842 0.4717133354609118 308.2400307398452 310.24967440524244 
gen 59 30094 309.2198091550929 0.2528107592960439 307.7654904018005 309.2756814398058 
gen 60 30610 309.1632726639827 0.32915924038982974 307.7654904018005 309.2756814398058 
gen 61 31125 308.9797932028647 0.4551201722801241 307.7654904018005 309.2756814398058 
gen 62 31634 308.53584215256575 0.47070156253385537 307.7654904018005 309.2756814398058 
gen 63 32138 308.0475476156686 0.18773588734503713 307.7654904018005 308.2400307398452 
gen 64 32645 307.7935301813393 0.041440199983119534 307.7654904018005 307.8547749629634 
gen 65 33152 307.7654904018005 0.0 307.7654904018005 307.7654904018005 
gen 66 33660 307.7632809893611 0.024202900638407153 307.4981514966268 307.7654904018005 
gen 67 34163 307.75739064097786 0.044366549728125655 307.4981514966268 307.7654904018005 
gen 68 34674 307.72866827926504 0.09141516770464349 307.4981514966268 307.7654904018005 
gen 69 35176 307.60789273839663 0.1289885329414492 307.4981514966268 307.7654904018005 
gen 70 35684 307.49815149662675 5.684341886080802e-14 307.4981514966268 307.4981514966268 
gen 71 36181 307.49815149662675 5.684341886080802e-14 307.4981514966268 307.4981514966268 
gen 72 36690 307.49815149662675 5.684341886080802e-14 307.4981514966268 307.4981514966268 
gen 73 37199 307.49815149662675 5.684341886080802e-14 307.4981514966268 307.4981514966268 
gen 74 37707 307.49815149662675 5.684341886080802e-14 307.4981514966268 307.4981514966268 
gen 75 38209 307.49815149662675 5.684341886080802e-14 307.4981514966268 307.4981514966268 
gen 76 38718 307.49815149662675 5.684341886080802e-14 307.4981514966268 307.4981514966268 
gen 77 39221 307.49815149662675 5.684341886080802e-14 307.4981514966268 307.4981514966268 
gen 78 39731 307.49815149662675 5.684341886080802e-14 307.4981514966268 307.4981514966268 
gen 79 40238 307.49815149662675 5.684341886080802e-14 307.4981514966268 307.4981514966268 
gen 80 40747 307.49815149662675 5.684341886080802e-14 307.4981514966268 307.4981514966268 
gen 81 41251 307.4656911091293 0.3555857291543742 303.5704446094339 307.4981514966268 
gen 82 41757 307.2416311513138 0.9646356987024016 303.5704446094339 307.4981514966268 
gen 83 42270 306.32333455290023 1.7759022562562377 303.5704446094339 307.4981514966268 
gen 84 42779 303.5704446094338 5.684341886080802e-14 303.5704446094339 303.5704446094339 
gen 85 43290 303.5704446094338 5.684341886080802e-14 303.5704446094339 303.5704446094339 
gen 86 43799 303.5704446094338 5.684341886080802e-14 303.5704446094339 303.5704446094339 
gen 87 44302 303.5704446094338 5.684341886080802e-14 303.5704446094339 303.5704446094339 
gen 88 44808 303.531280838387 0.42901761678666855 298.8316283127637 303.5704446094339 
gen 89 45322 303.44497328553047 0.667739071357155 298.8316283127637 303.5704446094339 
gen 90 45834 303.1767659343473 1.118846168907546 298.8316283127637 303.5704446094339 
gen 91 46346 302.14379767689604 1.6360264525660126 298.8316283127637 303.5704446094339 
gen 92 46858 300.1410687742244 1.2883318322111212 296.59838876162377 301.54224813927704 
gen 93 47361 298.6092741256444 0.6706338353704864 296.35195927453884 298.8316283127637 
gen 94 47871 297.7359924567743 1.1244387508921712 296.35195927453884 298.8316283127637 
gen 95 48374 296.4089725574372 0.6065910312284649 293.88721464153474 296.59838876162377 
gen 96 48884 295.26224139956366 1.1976078249939257 293.88721464153474 296.35195927453884 
gen 97 49386 293.8872146415348 5.684341886080802e-14 293.88721464153474 293.88721464153474 
gen 98 49897 293.8872146415348 5.684341886080802e-14 293.88721464153474 293.88721464153474 
gen 99 50396 293.8872146415348 5.684341886080802e-14 293.88721464153474 293.88721464153474 
gen 100 50910 293.8872146415348 5.684341886080802e-14 293.88721464153474 293.88721464153474 
gen 101 51416 293.8872146415348 5.684341886080802e-14 293.88721464153474 293.88721464153474 
gen 102 51916 293.86675824073933 0.22408864322075756 291.41199014528456 293.88721464153474 
gen 103 52427 293.74706998831783 0.5664140340526286 291.41199014528456 293.88721464153474 
gen 104 52935 293.1977973191918 1.10377452694294 291.41199014528456 293.88721464153474 
gen 105 53449 291.41199014528456 0.0 291.41199014528456 291.41199014528456 
gen 106 53961 291.41199014528456 0.0 291.41199014528456 291.41199014528456 
gen 107 54466 291.41199014528456 0.0 291.41199014528456 291.41199014528456 
gen 108 54973 291.41199014528456 0.0 291.41199014528456 291.41199014528456 
gen 109 55478 291.41199014528456 0.0 291.41199014528456 291.41199014528456 
gen 110 55990 291.41199014528456 0.0 291.41199014528456 291.41199014528456 
gen 111 56504 291.41199014528456 0.0 291.41199014528456 291.41199014528456 
gen 112 57008 291.41199014528456 0.0 291.41199014528456 291.41199014528456 
gen 113 57516 291.41199014528456 0.0 291.41199014528456 291.41199014528456 
gen 114 58023 291.41199014528456 0.0 291.41199014528456 291.41199014528456 
gen 115 58531 291.41199014528456 0.0 291.41199014528456 291.41199014528456 
gen 116 59038 291.41199014528456 0.0 291.41199014528456 291.41199014528456 
gen 117 59548 291.41199014528456 0.0 291.41199014528456 291.41199014528456 
gen 118 60054 291.41199014528456 0.0 291.41199014528456 291.41199014528456 
gen 119 60574 291.41199014528456 0.0 291.41199014528456 291.41199014528456 
gen 120 61090 291.41199014528456 0.0 291.41199014528456 291.41199014528456 
gen 121 61593 291.41199014528456 0.0 291.41199014528456 291.41199014528456 
gen 122 62106 291.41199014528456 0.0 291.41199014528456 291.41199014528456 
gen 123 62613 291.41199014528456 0.0 291.41199014528456 291.41199014528456 
gen 124 63119 291.41199014528456 0.0 291.41199014528456 291.41199014528456 
gen 125 63628 291.41199014528456 0.0 291.41199014528456 291.41199014528456 
gen 126 64145 291.41199014528456 0.0 291.41199014528456 291.41199014528456 
gen 127 64654 291.41199014528456 0.0 291.41199014528456 291.41199014528456 
gen 128 65161 291.41199014528456 0.0 291.41199014528456 291.41199014528456 
gen 129 65672 291.41199014528456 0.0 291.41199014528456 291.41199014528456 
gen 130 66176 291.41199014528456 0.0 291.41199014528456 291.41199014528456 
gen 131 66678 291.41199014528456 0.0 291.41199014528456 291.41199014528456 
gen 132 67186 291.41199014528456 0.0 291.41199014528456 291.41199014528456 
gen 133 67694 291.41199014528456 0.0 291.41199014528456 291.41199014528456 
gen 134 68197 291.41199014528456 0.0 291.41199014528456 291.41199014528456 
gen 135 68713 291.41199014528456 0.0 291.41199014528456 291.41199014528456 
gen 136 69215 291.41199014528456 0.0 291.41199014528456 291.41199014528456 
gen 137 69723 291.41199014528456 0.0 291.41199014528456 291.41199014528456 
gen 138 70233 291.41199014528456 0.0 291.41199014528456 291.41199014528456 
gen 139 70740 291.41199014528456 0.0 291.41199014528456 291.41199014528456 
gen 140 71252 291.41199014528456 0.0 291.41199014528456 291.41199014528456 
gen 141 71758 291.41199014528456 0.0 291.41199014528456 291.41199014528456 
gen 142 72271 291.41199014528456 0.0 291.41199014528456 291.41199014528456 
gen 143 72780 291.41199014528456 0.0 291.41199014528456 291.41199014528456 
gen 144 73291 291.41199014528456 0.0 291.41199014528456 291.41199014528456 
gen 145 73798 291.41199014528456 0.0 291.41199014528456 291.41199014528456 
gen 146 74301 291.41199014528456 0.0 291.41199014528456 291.41199014528456 
gen 147 74813 291.4092517184382 0.029997963116258877 291.0806404968786 291.41199014528456 
gen 148 75319 291.4010364378992 0.05924123045131045 291.0806404968786 291.41199014528456 
gen 149 75827 291.366824848041 0.11268895071464212 291.0806404968786 291.41199014528456 
gen 150 76332 291.2464090496862 0.16221630689294975 291.0806404968786 291.41199014528456 
gen 151 76837 291.08064049687846 1.1368683772161603e-13 291.0806404968786 291.0806404968786 
gen 152 77344 291.08064049687846 1.1368683772161603e-13 291.0806404968786 291.0806404968786 
gen 153 77856 291.06310840030307 0.19205449549491208 288.95925681124635 291.0806404968786 
gen 154 78363 291.0105121105766 0.37927723901552535 288.95925681124635 291.0806404968786 
gen 155 78874 290.72999856536904 0.7879697385496814 288.95925681124635 291.0806404968786 
gen 156 79386 289.50275180508595 0.9260532408158128 288.95925681124635 291.0806404968786 
gen 157 79893 288.9592568112463 5.684341886080802e-14 288.95925681124635 288.95925681124635 
gen 158 80398 288.9592568112463 5.684341886080802e-14 288.95925681124635 288.95925681124635 
gen 159 80906 288.9592568112463 5.684341886080802e-14 288.95925681124635 288.95925681124635 
gen 160 81411 288.9592568112463 5.684341886080802e-14 288.95925681124635 288.95925681124635 
gen 161 81922 288.9592568112463 5.684341886080802e-14 288.95925681124635 288.95925681124635 
gen 162 82434 288.9592568112463 5.684341886080802e-14 288.95925681124635 288.95925681124635 
gen 163 82937 288.9592568112463 5.684341886080802e-14 288.95925681124635 288.95925681124635 
gen 164 83445 288.9592568112463 5.684341886080802e-14 288.95925681124635 288.95925681124635 
gen 165 83953 288.9592568112463 5.684341886080802e-14 288.95925681124635 288.95925681124635 
gen 166 84462 288.9592568112463 5.684341886080802e-14 288.95925681124635 288.95925681124635 
gen 167 84973 288.9592568112463 5.684341886080802e-14 288.95925681124635 288.95925681124635 
[2, 5, 10, 7, 0, 9, 3, 8, 6, 1, 4, 8, 7, 3, 9, 4, 1, 10, 2, 6, 5, 0, 3, 1, 10, 2, 5, 9, 8, 7, 0, 4, 6, 4, 8, 7, 0, 10, 2, 3, 6, 9, 1, 5, 3, 5, 4, 2, 9, 0, 6, 1, 8, 10, 7, 9, 0, 4, 5, 2, 6, 3, 10, 8, 1, 7, 9, 0, 4, 10, 6, 2, 1, 8, 7, 5, 3, 7, 0, 4, 10, 1, 8, 3, 5, 9, 2, 6, 8, 3, 5, 2, 7, 0, 10, 6, 4, 9, 1, 3, 7, 1, 9, 5, 6, 8, 4, 2, 0, 10, 7, 9, 0, 4, 10, 1, 2, 5, 3, 8, 6]
min  288.95925681124635
NFE 84973
LSNFE 0
VLSNFE 0
runTime 164.72000741958618
