gen 0 64 1875000000002074.5 3903123748998002.5 1479.2699709242645 1e+16 
gen 1 18914 1025.1284007500126 54.67467361257687 889.0959053114126 1108.0179754189649 
gen 2 37654 877.5144348228295 21.204793379817474 815.5514347566051 903.7573689344074 
gen 3 57424 830.0088377635684 20.712425342158618 767.826587562734 853.122628294898 
[6, 5, 7, 3, 1, 0, 4, 2, 3, 7, 5, 6, 4, 2, 1, 0, 6, 3, 2, 1, 5, 7, 0, 4, 1, 5, 3, 6, 0, 2, 4, 7, 6, 3, 5, 2, 1, 0, 4, 7, 6, 5, 2, 7, 3, 0, 1, 4, 1, 3, 5, 2, 0, 6, 4, 7, 1, 3, 2, 5, 4, 6, 0, 7]
min  767.826587562734
NFE 57424
LSNFE 38160
VLSNFE 12848
runTime 60.971174478530884
