gen 0 64 1250000000002181.2 3307189138829913.5 977.2503315792383 1e+16 
gen 1 20024 1063.225905760886 52.115302492231585 920.3420853445662 1125.790521844885 
gen 2 39264 890.2855956955871 28.949878108907548 807.4703268708199 926.1380310134173 
gen 3 58834 832.9308708842382 16.111120002788024 792.3580288827311 854.6123401628465 
[6, 5, 2, 7, 3, 0, 4, 1, 1, 0, 3, 7, 4, 2, 6, 5, 3, 2, 4, 6, 0, 5, 7, 1, 6, 3, 4, 1, 7, 5, 2, 0, 1, 3, 5, 2, 4, 0, 7, 6, 6, 3, 1, 5, 2, 4, 7, 0, 6, 3, 4, 1, 2, 7, 5, 0, 1, 6, 5, 0, 4, 3, 2, 7]
min  792.3580288827311
NFE 58834
LSNFE 39570
VLSNFE 13108
runTime 63.874921560287476
