gen 0 64 1093750000002417.2 3121091305536368.5 881.5815937648124 1e+16 
gen 1 19344 1067.9454715402744 66.19808522344378 881.5815937648124 1153.9056029597384 
gen 2 39134 880.4804360194557 29.425268115373417 805.464876283288 915.4604480678124 
gen 3 58494 809.3715099240056 18.754184623295718 754.756107285426 829.3945512841995 
[0, 7, 4, 1, 5, 6, 3, 2, 6, 0, 7, 4, 2, 3, 5, 1, 6, 7, 2, 4, 0, 5, 1, 3, 1, 0, 6, 4, 5, 2, 7, 3, 6, 0, 4, 3, 5, 2, 1, 7, 1, 7, 4, 5, 6, 3, 2, 0, 1, 2, 5, 4, 0, 6, 3, 7, 6, 7, 4, 0, 2, 1, 3, 5]
min  754.756107285426
NFE 58494
LSNFE 39230
VLSNFE 13097
runTime 62.46750521659851
