gen 0 25 2400000000003822.5 4270831300810376.5 1747.3328199476712 1e+16 
gen 1 182 1954.096323208816 124.5231283004334 1747.3328199476712 2185.747141955316 
gen 2 339 1795.3977757580599 77.70534533215807 1600.4561398528099 1910.3624414251992 
gen 3 492 1717.0549757979438 78.23645207969027 1545.3149308637644 1818.0919104985187 
gen 4 649 1634.2180150822633 68.86062451652582 1437.960785098603 1714.0143606311049 
gen 5 808 1593.3929856230627 53.158210129969845 1437.960785098603 1656.3395833110194 
gen 6 964 1562.5542460994154 49.37518617133824 1420.1049651012704 1621.9301024049187 
gen 7 1117 1531.4401687467841 42.77624553303263 1420.1049651012704 1579.238193600429 
gen 8 1269 1505.465267149851 43.98949392742043 1381.4128821526258 1545.3149308637644 
gen 9 1427 1464.3078812236563 35.11578187408999 1381.4128821526258 1524.3013795421764 
gen 10 1584 1424.7379679391668 19.875232716343433 1381.4128821526258 1459.9533099153628 
gen 11 1738 1413.7237861368774 18.122951021332277 1369.471560097792 1433.0594655340894 
gen 12 1894 1391.8858402229805 18.157877021896535 1338.4129758533197 1402.635626146266 
gen 13 2045 1388.1880973108193 20.520524208939936 1338.4129758533197 1402.635626146266 
gen 14 2196 1379.5633300762188 22.380987017696604 1338.4129758533197 1402.635626146266 
gen 15 2346 1355.0175705285756 13.048424130408726 1338.4129758533197 1369.471560097792 
gen 16 2498 1342.5652164247308 1.8121863544912686 1338.4129758533197 1343.356119390714 
gen 17 2650 1341.5765877172519 2.3727088979492326 1338.4129758533197 1343.356119390714 
gen 18 2800 1338.4129758533195 2.2737367544323206e-13 1338.4129758533197 1338.4129758533197 
gen 19 2952 1338.4129758533195 2.2737367544323206e-13 1338.4129758533197 1338.4129758533197 
gen 20 3106 1338.4129758533195 2.2737367544323206e-13 1338.4129758533197 1338.4129758533197 
gen 21 3256 1338.4129758533195 2.2737367544323206e-13 1338.4129758533197 1338.4129758533197 
gen 22 3408 1338.4129758533195 2.2737367544323206e-13 1338.4129758533197 1338.4129758533197 
gen 23 3560 1338.4129758533195 2.2737367544323206e-13 1338.4129758533197 1338.4129758533197 
gen 24 3715 1338.4129758533195 2.2737367544323206e-13 1338.4129758533197 1338.4129758533197 
gen 25 3866 1338.4129758533195 2.2737367544323206e-13 1338.4129758533197 1338.4129758533197 
gen 26 4019 1338.4129758533195 2.2737367544323206e-13 1338.4129758533197 1338.4129758533197 
gen 27 4172 1338.4129758533195 2.2737367544323206e-13 1338.4129758533197 1338.4129758533197 
gen 28 4324 1338.4129758533195 2.2737367544323206e-13 1338.4129758533197 1338.4129758533197 
gen 29 4477 1338.4129758533195 2.2737367544323206e-13 1338.4129758533197 1338.4129758533197 
gen 30 4630 1338.4129758533195 2.2737367544323206e-13 1338.4129758533197 1338.4129758533197 
gen 31 4781 1338.3541195072874 0.2883360318069121 1336.941567202516 1338.4129758533197 
gen 32 4933 1338.0009814310945 0.6606608456691846 1336.941567202516 1338.4129758533197 
gen 33 5085 1336.9415672025157 2.2737367544323206e-13 1336.941567202516 1336.941567202516 
gen 34 5237 1336.9415672025157 2.2737367544323206e-13 1336.941567202516 1336.941567202516 
gen 35 5391 1336.9415672025157 2.2737367544323206e-13 1336.941567202516 1336.941567202516 
gen 36 5545 1336.9415672025157 2.2737367544323206e-13 1336.941567202516 1336.941567202516 
gen 37 5697 1336.9415672025157 2.2737367544323206e-13 1336.941567202516 1336.941567202516 
gen 38 5848 1336.9415672025157 2.2737367544323206e-13 1336.941567202516 1336.941567202516 
gen 39 6000 1336.9415672025157 2.2737367544323206e-13 1336.941567202516 1336.941567202516 
gen 40 6152 1336.9415672025157 2.2737367544323206e-13 1336.941567202516 1336.941567202516 
gen 41 6303 1336.9415672025157 2.2737367544323206e-13 1336.941567202516 1336.941567202516 
gen 42 6456 1336.9415672025157 2.2737367544323206e-13 1336.941567202516 1336.941567202516 
gen 43 6606 1336.9415672025157 2.2737367544323206e-13 1336.941567202516 1336.941567202516 
gen 44 6756 1336.9415672025157 2.2737367544323206e-13 1336.941567202516 1336.941567202516 
gen 45 6907 1336.9415672025157 2.2737367544323206e-13 1336.941567202516 1336.941567202516 
gen 46 7059 1336.9415672025157 2.2737367544323206e-13 1336.941567202516 1336.941567202516 
gen 47 7210 1336.9415672025157 2.2737367544323206e-13 1336.941567202516 1336.941567202516 
gen 48 7362 1336.9415672025157 2.2737367544323206e-13 1336.941567202516 1336.941567202516 
gen 49 7513 1336.9415672025157 2.2737367544323206e-13 1336.941567202516 1336.941567202516 
gen 50 7665 1336.9415672025157 2.2737367544323206e-13 1336.941567202516 1336.941567202516 
gen 51 7817 1336.9415672025157 2.2737367544323206e-13 1336.941567202516 1336.941567202516 
gen 52 7967 1336.9415672025157 2.2737367544323206e-13 1336.941567202516 1336.941567202516 
gen 53 8120 1336.9415672025157 2.2737367544323206e-13 1336.941567202516 1336.941567202516 
gen 54 8274 1336.9415672025157 2.2737367544323206e-13 1336.941567202516 1336.941567202516 
gen 55 8426 1336.9415672025157 2.2737367544323206e-13 1336.941567202516 1336.941567202516 
gen 56 8578 1336.9415672025157 2.2737367544323206e-13 1336.941567202516 1336.941567202516 
gen 57 8731 1336.9415672025157 2.2737367544323206e-13 1336.941567202516 1336.941567202516 
gen 58 8882 1336.9415672025157 2.2737367544323206e-13 1336.941567202516 1336.941567202516 
gen 59 9033 1336.9415672025157 2.2737367544323206e-13 1336.941567202516 1336.941567202516 
gen 60 9184 1336.9415672025157 2.2737367544323206e-13 1336.941567202516 1336.941567202516 
gen 61 9337 1336.9415672025157 2.2737367544323206e-13 1336.941567202516 1336.941567202516 
gen 62 9492 1336.9415672025157 2.2737367544323206e-13 1336.941567202516 1336.941567202516 
gen 63 9642 1336.9415672025157 2.2737367544323206e-13 1336.941567202516 1336.941567202516 
gen 64 9793 1336.9415672025157 2.2737367544323206e-13 1336.941567202516 1336.941567202516 
gen 65 9945 1336.9415672025157 2.2737367544323206e-13 1336.941567202516 1336.941567202516 
gen 66 10097 1336.9415672025157 2.2737367544323206e-13 1336.941567202516 1336.941567202516 
gen 67 10248 1336.9415672025157 2.2737367544323206e-13 1336.941567202516 1336.941567202516 
gen 68 10399 1336.9415672025157 2.2737367544323206e-13 1336.941567202516 1336.941567202516 
gen 69 10551 1336.9415672025157 2.2737367544323206e-13 1336.941567202516 1336.941567202516 
gen 70 10702 1336.9415672025157 2.2737367544323206e-13 1336.941567202516 1336.941567202516 
gen 71 10854 1336.9415672025157 2.2737367544323206e-13 1336.941567202516 1336.941567202516 
gen 72 11004 1336.9415672025157 2.2737367544323206e-13 1336.941567202516 1336.941567202516 
gen 73 11156 1336.9415672025157 2.2737367544323206e-13 1336.941567202516 1336.941567202516 
gen 74 11309 1336.9415672025157 2.2737367544323206e-13 1336.941567202516 1336.941567202516 
gen 75 11463 1336.9415672025157 2.2737367544323206e-13 1336.941567202516 1336.941567202516 
gen 76 11615 1336.9415672025157 2.2737367544323206e-13 1336.941567202516 1336.941567202516 
gen 77 11768 1336.9415672025157 2.2737367544323206e-13 1336.941567202516 1336.941567202516 
gen 78 11918 1336.9415672025157 2.2737367544323206e-13 1336.941567202516 1336.941567202516 
gen 79 12069 1336.9415672025157 2.2737367544323206e-13 1336.941567202516 1336.941567202516 
gen 80 12222 1336.9415672025157 2.2737367544323206e-13 1336.941567202516 1336.941567202516 
gen 81 12375 1336.9415672025157 2.2737367544323206e-13 1336.941567202516 1336.941567202516 
gen 82 12525 1336.9415672025157 2.2737367544323206e-13 1336.941567202516 1336.941567202516 
gen 83 12678 1336.9415672025157 2.2737367544323206e-13 1336.941567202516 1336.941567202516 
gen 84 12829 1336.9415672025157 2.2737367544323206e-13 1336.941567202516 1336.941567202516 
gen 85 12979 1336.9415672025157 2.2737367544323206e-13 1336.941567202516 1336.941567202516 
gen 86 13134 1336.9415672025157 2.2737367544323206e-13 1336.941567202516 1336.941567202516 
gen 87 13284 1336.9415672025157 2.2737367544323206e-13 1336.941567202516 1336.941567202516 
gen 88 13436 1336.9415672025157 2.2737367544323206e-13 1336.941567202516 1336.941567202516 
gen 89 13587 1336.9415672025157 2.2737367544323206e-13 1336.941567202516 1336.941567202516 
gen 90 13739 1336.9415672025157 2.2737367544323206e-13 1336.941567202516 1336.941567202516 
gen 91 13893 1336.9415672025157 2.2737367544323206e-13 1336.941567202516 1336.941567202516 
gen 92 14045 1336.9415672025157 2.2737367544323206e-13 1336.941567202516 1336.941567202516 
gen 93 14197 1336.9415672025157 2.2737367544323206e-13 1336.941567202516 1336.941567202516 
gen 94 14347 1336.9415672025157 2.2737367544323206e-13 1336.941567202516 1336.941567202516 
gen 95 14497 1336.9415672025157 2.2737367544323206e-13 1336.941567202516 1336.941567202516 
gen 96 14648 1336.9415672025157 2.2737367544323206e-13 1336.941567202516 1336.941567202516 
gen 97 14801 1336.9415672025157 2.2737367544323206e-13 1336.941567202516 1336.941567202516 
gen 98 14954 1336.9415672025157 2.2737367544323206e-13 1336.941567202516 1336.941567202516 
gen 99 15106 1336.9415672025157 2.2737367544323206e-13 1336.941567202516 1336.941567202516 
gen 100 15258 1336.9415672025157 2.2737367544323206e-13 1336.941567202516 1336.941567202516 
gen 101 15408 1336.9415672025157 2.2737367544323206e-13 1336.941567202516 1336.941567202516 
gen 102 15562 1336.9415672025157 2.2737367544323206e-13 1336.941567202516 1336.941567202516 
gen 103 15713 1336.9415672025157 2.2737367544323206e-13 1336.941567202516 1336.941567202516 
gen 104 15865 1336.9415672025157 2.2737367544323206e-13 1336.941567202516 1336.941567202516 
gen 105 16016 1336.9415672025157 2.2737367544323206e-13 1336.941567202516 1336.941567202516 
gen 106 16167 1336.9415672025157 2.2737367544323206e-13 1336.941567202516 1336.941567202516 
gen 107 16318 1336.9415672025157 2.2737367544323206e-13 1336.941567202516 1336.941567202516 
gen 108 16469 1336.9415672025157 2.2737367544323206e-13 1336.941567202516 1336.941567202516 
gen 109 16620 1336.9415672025157 2.2737367544323206e-13 1336.941567202516 1336.941567202516 
gen 110 16773 1336.9415672025157 2.2737367544323206e-13 1336.941567202516 1336.941567202516 
gen 111 16925 1336.9415672025157 2.2737367544323206e-13 1336.941567202516 1336.941567202516 
gen 112 17077 1336.9415672025157 2.2737367544323206e-13 1336.941567202516 1336.941567202516 
gen 113 17227 1336.9415672025157 2.2737367544323206e-13 1336.941567202516 1336.941567202516 
gen 114 17378 1336.9415672025157 2.2737367544323206e-13 1336.941567202516 1336.941567202516 
gen 115 17532 1336.9415672025157 2.2737367544323206e-13 1336.941567202516 1336.941567202516 
[1, 0, 2, 4, 3, 0, 2, 4, 1, 3, 1, 0, 4, 3, 2, 1, 2, 4, 0, 3, 1, 2, 4, 3, 0]
min  1336.941567202516
NFE 17532
LSNFE 0
VLSNFE 0
runTime 13.801760196685791
