gen 0 25 1600000000004609.0 3666060555962660.5 1809.6656763065562 1e+16 
gen 1 179 1947.5466310858835 120.33612390025445 1732.402917570861 2124.514914209597 
gen 2 341 1813.7504969263082 75.56196586047228 1619.8672834650351 1914.91645923764 
gen 3 498 1719.8533011887248 73.98865525429274 1573.3331553058756 1821.9509927772108 
gen 4 657 1636.1210004738696 54.98980482210114 1555.0902850388024 1720.7649948952385 
gen 5 811 1562.5732218868286 37.4991425592439 1473.9500383268162 1619.8672834650351 
gen 6 966 1523.75225192083 21.379916390088432 1470.7211517823396 1555.0902850388024 
gen 7 1123 1502.6314559862162 19.949729951802187 1470.1502904572492 1527.9030420672993 
gen 8 1278 1476.329920108193 26.255832463679162 1380.1236097182268 1492.5091425726805 
gen 9 1435 1445.91990939305 37.08832395164113 1372.2833953472032 1490.5420278010404 
gen 10 1588 1388.1716494467858 32.13248825942975 1314.8044451573599 1428.9307718398923 
gen 11 1742 1327.2267583324228 25.365757719650972 1257.3911531607841 1353.455493198461 
gen 12 1898 1279.9661710642845 16.202323942269725 1241.7479303844593 1300.3440211464886 
gen 13 2054 1252.2340965634912 8.543023405428016 1239.2786678137609 1264.1857368282717 
gen 14 2204 1242.2131807992673 2.8413304651272737 1239.2786678137609 1246.1107853678918 
gen 15 2356 1239.2786678137609 0.0 1239.2786678137609 1239.2786678137609 
gen 16 2507 1239.2786678137609 0.0 1239.2786678137609 1239.2786678137609 
gen 17 2658 1239.2786678137609 0.0 1239.2786678137609 1239.2786678137609 
gen 18 2811 1239.2786678137609 0.0 1239.2786678137609 1239.2786678137609 
gen 19 2961 1239.2786678137609 0.0 1239.2786678137609 1239.2786678137609 
gen 20 3112 1239.2786678137609 0.0 1239.2786678137609 1239.2786678137609 
gen 21 3266 1239.2786678137609 0.0 1239.2786678137609 1239.2786678137609 
gen 22 3419 1239.2786678137609 0.0 1239.2786678137609 1239.2786678137609 
gen 23 3571 1239.2786678137609 0.0 1239.2786678137609 1239.2786678137609 
gen 24 3727 1239.2786678137609 0.0 1239.2786678137609 1239.2786678137609 
gen 25 3878 1239.2786678137609 0.0 1239.2786678137609 1239.2786678137609 
gen 26 4029 1239.2786678137609 0.0 1239.2786678137609 1239.2786678137609 
gen 27 4181 1239.2786678137609 0.0 1239.2786678137609 1239.2786678137609 
gen 28 4332 1239.2786678137609 0.0 1239.2786678137609 1239.2786678137609 
gen 29 4482 1239.2786678137609 0.0 1239.2786678137609 1239.2786678137609 
gen 30 4632 1239.2786678137609 0.0 1239.2786678137609 1239.2786678137609 
gen 31 4782 1239.2786678137609 0.0 1239.2786678137609 1239.2786678137609 
gen 32 4932 1239.2786678137609 0.0 1239.2786678137609 1239.2786678137609 
gen 33 5082 1239.2786678137609 0.0 1239.2786678137609 1239.2786678137609 
gen 34 5233 1239.2786678137609 0.0 1239.2786678137609 1239.2786678137609 
gen 35 5384 1239.2786678137609 0.0 1239.2786678137609 1239.2786678137609 
gen 36 5535 1239.2786678137609 0.0 1239.2786678137609 1239.2786678137609 
gen 37 5686 1239.2786678137609 0.0 1239.2786678137609 1239.2786678137609 
gen 38 5836 1239.2786678137609 0.0 1239.2786678137609 1239.2786678137609 
gen 39 5987 1239.2786678137609 0.0 1239.2786678137609 1239.2786678137609 
gen 40 6138 1239.2786678137609 0.0 1239.2786678137609 1239.2786678137609 
gen 41 6289 1239.2786678137609 0.0 1239.2786678137609 1239.2786678137609 
gen 42 6441 1239.2786678137609 0.0 1239.2786678137609 1239.2786678137609 
gen 43 6594 1239.2786678137609 0.0 1239.2786678137609 1239.2786678137609 
gen 44 6746 1239.2786678137609 0.0 1239.2786678137609 1239.2786678137609 
gen 45 6899 1239.2786678137609 0.0 1239.2786678137609 1239.2786678137609 
gen 46 7052 1239.2786678137609 0.0 1239.2786678137609 1239.2786678137609 
gen 47 7203 1239.2786678137609 0.0 1239.2786678137609 1239.2786678137609 
gen 48 7355 1239.2786678137609 0.0 1239.2786678137609 1239.2786678137609 
gen 49 7509 1239.2786678137609 0.0 1239.2786678137609 1239.2786678137609 
gen 50 7661 1239.2786678137609 0.0 1239.2786678137609 1239.2786678137609 
gen 51 7812 1239.2786678137609 0.0 1239.2786678137609 1239.2786678137609 
gen 52 7962 1239.2786678137609 0.0 1239.2786678137609 1239.2786678137609 
gen 53 8116 1239.2786678137609 0.0 1239.2786678137609 1239.2786678137609 
gen 54 8269 1239.2786678137609 0.0 1239.2786678137609 1239.2786678137609 
gen 55 8421 1239.2786678137609 0.0 1239.2786678137609 1239.2786678137609 
gen 56 8575 1239.2786678137609 0.0 1239.2786678137609 1239.2786678137609 
gen 57 8727 1239.2786678137609 0.0 1239.2786678137609 1239.2786678137609 
gen 58 8881 1239.2786678137609 0.0 1239.2786678137609 1239.2786678137609 
gen 59 9034 1239.2786678137609 0.0 1239.2786678137609 1239.2786678137609 
gen 60 9186 1239.2786678137609 0.0 1239.2786678137609 1239.2786678137609 
gen 61 9337 1239.2786678137609 0.0 1239.2786678137609 1239.2786678137609 
gen 62 9489 1239.2786678137609 0.0 1239.2786678137609 1239.2786678137609 
gen 63 9640 1239.2786678137609 0.0 1239.2786678137609 1239.2786678137609 
gen 64 9793 1239.2786678137609 0.0 1239.2786678137609 1239.2786678137609 
gen 65 9943 1239.2786678137609 0.0 1239.2786678137609 1239.2786678137609 
gen 66 10093 1239.2786678137609 0.0 1239.2786678137609 1239.2786678137609 
gen 67 10244 1239.2786678137609 0.0 1239.2786678137609 1239.2786678137609 
gen 68 10395 1239.2786678137609 0.0 1239.2786678137609 1239.2786678137609 
gen 69 10547 1239.2786678137609 0.0 1239.2786678137609 1239.2786678137609 
gen 70 10698 1239.2786678137609 0.0 1239.2786678137609 1239.2786678137609 
gen 71 10848 1239.2786678137609 0.0 1239.2786678137609 1239.2786678137609 
gen 72 11001 1239.2786678137609 0.0 1239.2786678137609 1239.2786678137609 
gen 73 11151 1239.2786678137609 0.0 1239.2786678137609 1239.2786678137609 
gen 74 11301 1239.2786678137609 0.0 1239.2786678137609 1239.2786678137609 
gen 75 11453 1239.2786678137609 0.0 1239.2786678137609 1239.2786678137609 
gen 76 11606 1239.2786678137609 0.0 1239.2786678137609 1239.2786678137609 
gen 77 11757 1239.2786678137609 0.0 1239.2786678137609 1239.2786678137609 
gen 78 11908 1239.2786678137609 0.0 1239.2786678137609 1239.2786678137609 
gen 79 12058 1239.2786678137609 0.0 1239.2786678137609 1239.2786678137609 
gen 80 12208 1239.2786678137609 0.0 1239.2786678137609 1239.2786678137609 
gen 81 12360 1239.2786678137609 0.0 1239.2786678137609 1239.2786678137609 
gen 82 12510 1239.2786678137609 0.0 1239.2786678137609 1239.2786678137609 
gen 83 12661 1239.2786678137609 0.0 1239.2786678137609 1239.2786678137609 
gen 84 12814 1239.2786678137609 0.0 1239.2786678137609 1239.2786678137609 
gen 85 12964 1239.2786678137609 0.0 1239.2786678137609 1239.2786678137609 
gen 86 13118 1239.2786678137609 0.0 1239.2786678137609 1239.2786678137609 
gen 87 13269 1239.2786678137609 0.0 1239.2786678137609 1239.2786678137609 
gen 88 13421 1239.2786678137609 0.0 1239.2786678137609 1239.2786678137609 
gen 89 13574 1239.2786678137609 0.0 1239.2786678137609 1239.2786678137609 
gen 90 13726 1239.2786678137609 0.0 1239.2786678137609 1239.2786678137609 
gen 91 13877 1239.2786678137609 0.0 1239.2786678137609 1239.2786678137609 
gen 92 14030 1239.2786678137609 0.0 1239.2786678137609 1239.2786678137609 
gen 93 14182 1239.2786678137609 0.0 1239.2786678137609 1239.2786678137609 
gen 94 14332 1239.2786678137609 0.0 1239.2786678137609 1239.2786678137609 
gen 95 14483 1239.2786678137609 0.0 1239.2786678137609 1239.2786678137609 
gen 96 14633 1239.2786678137609 0.0 1239.2786678137609 1239.2786678137609 
gen 97 14786 1239.2786678137609 0.0 1239.2786678137609 1239.2786678137609 
gen 98 14937 1239.2786678137609 0.0 1239.2786678137609 1239.2786678137609 
gen 99 15088 1239.2786678137609 0.0 1239.2786678137609 1239.2786678137609 
gen 100 15239 1239.2786678137609 0.0 1239.2786678137609 1239.2786678137609 
gen 101 15390 1239.2786678137609 0.0 1239.2786678137609 1239.2786678137609 
gen 102 15542 1239.2786678137609 0.0 1239.2786678137609 1239.2786678137609 
gen 103 15697 1239.2786678137609 0.0 1239.2786678137609 1239.2786678137609 
gen 104 15848 1239.2786678137609 0.0 1239.2786678137609 1239.2786678137609 
gen 105 16000 1239.2786678137609 0.0 1239.2786678137609 1239.2786678137609 
gen 106 16152 1239.2786678137609 0.0 1239.2786678137609 1239.2786678137609 
gen 107 16302 1239.2786678137609 0.0 1239.2786678137609 1239.2786678137609 
gen 108 16454 1239.2786678137609 0.0 1239.2786678137609 1239.2786678137609 
gen 109 16604 1239.2786678137609 0.0 1239.2786678137609 1239.2786678137609 
gen 110 16757 1239.2786678137609 0.0 1239.2786678137609 1239.2786678137609 
gen 111 16907 1239.2786678137609 0.0 1239.2786678137609 1239.2786678137609 
gen 112 17059 1239.2786678137609 0.0 1239.2786678137609 1239.2786678137609 
gen 113 17211 1239.2786678137609 0.0 1239.2786678137609 1239.2786678137609 
gen 114 17366 1239.2786678137609 0.0 1239.2786678137609 1239.2786678137609 
gen 115 17516 1239.2786678137609 0.0 1239.2786678137609 1239.2786678137609 
[1, 0, 2, 3, 4, 1, 0, 2, 3, 4, 1, 0, 2, 3, 4, 0, 1, 2, 3, 4, 1, 0, 2, 3, 4]
min  1239.2786678137609
NFE 17516
LSNFE 0
VLSNFE 0
runTime 15.18994665145874
