gen 0 360 65.63214353345641 0.3903062180909441 64.4700701965766 66.6113580620341 
gen 1 2606 65.01716192237399 0.15047332879670053 64.4700701965766 65.206126547549 
gen 2 4876 64.7357152816197 0.09797993802686399 64.39223648467058 64.85600189133149 
gen 3 7151 64.5767286795019 0.06320268099203044 64.37302013400341 64.65782795926008 
gen 4 9409 64.46831465203005 0.04495436385355152 64.26440659912942 64.52386434061893 
gen 5 11685 64.39224041001863 0.03340374628839862 64.24574003568085 64.43243143101395 
gen 6 13953 64.33591095611573 0.023209239568706734 64.24574003568085 64.3628213604788 
gen 7 16221 64.29609167888192 0.020371280385666723 64.2130605507139 64.32019446287012 
gen 8 18485 64.26853286582929 0.015273442549072399 64.20024703207396 64.2872544657889 
gen 9 20775 64.24900475924457 0.013162630388604069 64.18806315997152 64.26359352275755 
gen 10 23048 64.23497469704208 0.013225707737206077 64.17165638286193 64.2505565659419 
gen 11 25329 64.2239414467388 0.01225194253041765 64.16502623034286 64.23798245367587 
gen 12 27587 64.2155395157373 0.01122800850935001 64.16502623034286 64.22920807672608 
gen 13 29852 64.20777396612027 0.010751192626119952 64.16502623034286 64.22028367352678 
gen 14 32109 64.20074033186265 0.009958617502655788 64.15570743920344 64.21159111232917 
gen 15 34371 64.1946428933633 0.010443033629859341 64.14264999214382 64.20562856126489 
gen 16 36631 64.188474014243 0.010272543170191124 64.14024820517952 64.19967321670163 
gen 17 38890 64.18258426474804 0.010045694303197393 64.13909727511047 64.194245779883 
gen 18 41166 64.17597908440787 0.010044733546145082 64.13909727511047 64.18677358321105 
gen 19 43427 64.16871962496013 0.009496322530440865 64.13909727511047 64.1807958284258 
gen 20 45683 64.16225403428564 0.008400981955136284 64.13043630656915 64.17282850731328 
gen 21 47955 64.15294154439616 0.007896538909230796 64.12459064161754 64.16260696958598 
gen 22 50226 64.14318436840486 0.005886390455100854 64.12191292326226 64.15164405272805 
gen 23 52497 64.13527979556201 0.004696954778273234 64.10719953939925 64.14041573182847 
gen 24 54769 64.1296516833818 0.004284055689415043 64.10719953939925 64.13472354964235 
gen 25 57034 64.12496227211385 0.004353860116377848 64.09681272001372 64.12888333148983 
gen 26 59322 64.11998108679843 0.004893668558003912 64.09681272001372 64.1245678155085 
gen 27 61587 64.11263231209007 0.004858090502282515 64.09307390572063 64.11835757477752 
gen 28 63848 64.10482817566638 0.004154085852210212 64.09122430064848 64.10973601223745 
gen 29 66117 64.09864986274815 0.002805812939707472 64.08717835023387 64.10236580808969 
gen 30 68381 64.0947473180332 0.002169675608172571 64.08568141427457 64.09732205100217 
gen 31 70661 64.09185251948092 0.0021662723594238153 64.08373284255488 64.09439540672243 
gen 32 72935 64.08920795248498 0.0017922788413624526 64.08279786781902 64.09128389988841 
gen 33 75207 64.08709683797316 0.0013906694179751232 64.08163316272596 64.08888924037234 
gen 34 77489 64.08573798784006 0.001268520599513014 64.08035807483623 64.08704750090263 
gen 35 79768 64.08435921042314 0.0012738253541529777 64.0794473682416 64.08589016028046 
gen 36 82026 64.08315140719749 0.0009057708141545404 64.0794473682416 64.0843288296894 
gen 37 84308 64.08226423077409 0.0007947370883486632 64.0794473682416 64.08318508734585 
gen 38 86573 64.08155897905826 0.0008040352867601466 64.07726667745656 64.08242886095525 
gen 39 88843 64.08079478121546 0.0007766928430190487 64.07726667745656 64.08166644049052 
gen 40 91116 64.0800321004191 0.0006870565338434029 64.07655449399628 64.08086290927001 
gen 41 93383 64.07955747373029 0.0006857401860890818 64.0753698305135 64.08026762969475 
gen 42 95647 64.07917861775914 0.0007579877790668043 64.0753698305135 64.07979643274709 
gen 43 97915 64.07861993224542 0.0009309206700933638 64.0753698305135 64.07943637805923 
gen 44 100172 64.07788336280639 0.0009472335959857376 64.0753698305135 64.07896787081268 
gen 45 102417 64.07679612601538 0.0005769569193936228 64.0753698305135 64.0777533796269 
gen 46 104676 64.0761889194163 0.00041467440078551797 64.07484810911244 64.07671987899217 
gen 47 106940 64.07576343904007 0.00025743395961291295 64.07484810911244 64.0761246533966 
gen 48 109192 64.07550454537112 0.00014896455506704413 64.07484810911244 64.07566241484088 
gen 49 111466 64.0753681383695 2.7541600299054026e-05 64.07484810911244 64.0753698305135 
gen 50 113730 64.07536669697829 3.226412346834632e-05 64.07484810911244 64.0753698305135 
gen 51 115996 64.07536267645206 4.314095976586535e-05 64.07484810911244 64.0753698305135 
gen 52 118261 64.07535261730158 6.508883742341831e-05 64.07484810911244 64.0753698305135 
gen 53 120522 64.07533021388578 9.52055741355448e-05 64.07484810911244 64.0753698305135 
gen 54 122790 64.07527283129043 0.0001295764618086975 64.07484810911244 64.0753698305135 
gen 55 125054 64.07515073021318 0.00010164920918516717 64.07481439548685 64.0753479679021 
gen 56 127331 64.07510004842146 0.00011717195596661908 64.07410952191691 64.07514317401407 
gen 57 129583 64.0750563802143 0.00016968308420440436 64.07410952191691 64.07514317401407 
gen 58 131851 64.07496127023546 0.00019917213042342234 64.07410952191691 64.07514317401407 
gen 59 134109 64.07480758520477 0.0001308808698969336 64.07410952191691 64.07484810911244 
gen 60 136388 64.07475094118979 0.00019581645094437632 64.07410952191691 64.07484810911244 
gen 61 138649 64.07463084972575 0.00025082260293018835 64.07410952191691 64.07484810911244 
gen 62 140916 64.07438816818325 0.000194025025209405 64.07410952191691 64.0745254640555 
gen 63 143181 64.07421223387112 0.000174526597697132 64.07410952191691 64.0745254640555 
gen 64 145444 64.0741095219169 1.4210854715202004e-14 64.07410952191691 64.07410952191691 
gen 65 147691 64.07410338342379 0.00011630784166610195 64.07189966439955 64.07410952191691 
gen 66 149946 64.07409724493068 0.00016425488081297314 64.07189966439955 64.07410952191691 
gen 67 152212 64.07406041397206 0.0003257452544542353 64.07189966439955 64.07410952191691 
gen 68 154490 64.07391880754419 0.0006126208199255303 64.07189966439955 64.07410952191691 
gen 69 156756 64.07334141237659 0.0010297806353538603 64.07189966439955 64.07410952191691 
gen 70 159019 64.07189966439955 0.0 64.07189966439955 64.07189966439955 
gen 71 161302 64.07189966439955 0.0 64.07189966439955 64.07189966439955 
gen 72 163576 64.07189966439955 0.0 64.07189966439955 64.07189966439955 
gen 73 165848 64.07189966439955 0.0 64.07189966439955 64.07189966439955 
gen 74 168116 64.07189966439955 0.0 64.07189966439955 64.07189966439955 
gen 75 170391 64.07189966439955 0.0 64.07189966439955 64.07189966439955 
gen 76 172655 64.07189966439955 0.0 64.07189966439955 64.07189966439955 
gen 77 174914 64.07189966439955 0.0 64.07189966439955 64.07189966439955 
gen 78 177174 64.07189966439955 0.0 64.07189966439955 64.07189966439955 
gen 79 179428 64.07189966439955 0.0 64.07189966439955 64.07189966439955 
gen 80 181692 64.07189966439955 0.0 64.07189966439955 64.07189966439955 
gen 81 183962 64.07189966439955 0.0 64.07189966439955 64.07189966439955 
gen 82 186222 64.07189966439955 0.0 64.07189966439955 64.07189966439955 
gen 83 188488 64.07189966439955 0.0 64.07189966439955 64.07189966439955 
gen 84 190755 64.07189966439955 0.0 64.07189966439955 64.07189966439955 
gen 85 193021 64.07189966439955 0.0 64.07189966439955 64.07189966439955 
gen 86 195286 64.07189966439955 0.0 64.07189966439955 64.07189966439955 
gen 87 197539 64.07189966439955 0.0 64.07189966439955 64.07189966439955 
gen 88 199800 64.07189813314693 2.9013095728805374e-05 64.07134841345396 64.07189966439955 
gen 89 202045 64.07189200813642 6.451281986328111e-05 64.07134841345396 64.07189966439955 
gen 90 204313 64.07188128936804 9.895257306990513e-05 64.07134841345396 64.07189966439955 
gen 91 206607 64.07183158550205 0.00018041739853400229 64.07134841345396 64.07189966439955 
gen 92 208868 64.07164567158429 0.00027084181331056166 64.07134841345396 64.07189966439955 
gen 93 211138 64.07134841345396 0.0 64.07134841345396 64.07134841345396 
gen 94 213418 64.07134841345396 0.0 64.07134841345396 64.07134841345396 
gen 95 215709 64.07134841345396 0.0 64.07134841345396 64.07134841345396 
gen 96 217990 64.07134841345396 0.0 64.07134841345396 64.07134841345396 
gen 97 220253 64.07134841345396 0.0 64.07134841345396 64.07134841345396 
gen 98 222531 64.07134841345396 0.0 64.07134841345396 64.07134841345396 
gen 99 224804 64.07134841345396 0.0 64.07134841345396 64.07134841345396 
gen 100 227069 64.07134841345396 0.0 64.07134841345396 64.07134841345396 
gen 101 229316 64.07134841345396 0.0 64.07134841345396 64.07134841345396 
gen 102 231577 64.07134841345396 0.0 64.07134841345396 64.07134841345396 
gen 103 233841 64.07134841345396 0.0 64.07134841345396 64.07134841345396 
gen 104 236111 64.07134841345396 0.0 64.07134841345396 64.07134841345396 
gen 105 238373 64.07134841345396 0.0 64.07134841345396 64.07134841345396 
gen 106 240633 64.07134841345396 0.0 64.07134841345396 64.07134841345396 
gen 107 242922 64.07134841345396 0.0 64.07134841345396 64.07134841345396 
gen 108 245180 64.07134841345396 0.0 64.07134841345396 64.07134841345396 
gen 109 247468 64.07134841345396 0.0 64.07134841345396 64.07134841345396 
gen 110 249743 64.07134841345396 0.0 64.07134841345396 64.07134841345396 
gen 111 252012 64.07134841345396 0.0 64.07134841345396 64.07134841345396 
[16, 10, 9, 7, 8, 6, 14, 1, 12, 5, 2, 15, 4, 3, 13, 0, 11, 17, 2, 10, 17, 4, 8, 16, 11, 15, 7, 12, 0, 9, 5, 6, 3, 14, 1, 13, 4, 5, 2, 15, 8, 12, 7, 3, 13, 16, 9, 17, 1, 0, 14, 11, 10, 6, 2, 17, 8, 6, 9, 5, 3, 10, 0, 1, 12, 11, 4, 15, 7, 14, 16, 13, 2, 8, 6, 15, 0, 13, 3, 5, 10, 1, 7, 9, 17, 16, 14, 4, 12, 11, 12, 14, 10, 16, 2, 3, 9, 0, 4, 13, 7, 17, 6, 15, 8, 11, 1, 5, 7, 2, 13, 1, 5, 14, 17, 9, 15, 12, 0, 4, 8, 16, 10, 11, 6, 3, 10, 2, 6, 4, 3, 7, 12, 9, 0, 13, 11, 17, 14, 8, 1, 16, 5, 15, 8, 6, 13, 9, 11, 12, 15, 0, 14, 10, 16, 2, 3, 4, 7, 17, 1, 5, 15, 9, 1, 10, 2, 3, 12, 4, 13, 14, 5, 11, 7, 16, 17, 0, 6, 8, 4, 8, 15, 7, 0, 11, 1, 9, 14, 12, 10, 17, 5, 16, 3, 13, 6, 2, 0, 14, 6, 10, 16, 2, 3, 4, 7, 15, 17, 8, 13, 1, 5, 11, 9, 12, 2, 3, 7, 6, 17, 16, 1, 11, 5, 4, 10, 13, 9, 14, 0, 15, 8, 12, 0, 9, 4, 7, 16, 6, 2, 12, 8, 3, 17, 11, 10, 14, 15, 13, 1, 5, 10, 1, 14, 12, 8, 4, 16, 5, 9, 15, 17, 13, 3, 2, 0, 6, 11, 7, 7, 0, 8, 14, 15, 5, 4, 3, 12, 2, 16, 11, 13, 6, 10, 1, 9, 17, 15, 12, 17, 3, 2, 4, 6, 10, 13, 7, 16, 14, 0, 1, 5, 11, 9, 8, 6, 2, 4, 11, 16, 1, 5, 15, 7, 9, 3, 8, 13, 14, 0, 12, 17, 10, 15, 4, 17, 9, 2, 13, 10, 7, 6, 0, 8, 12, 11, 1, 16, 14, 5, 3, 17, 2, 4, 0, 15, 8, 3, 5, 13, 1, 6, 10, 7, 16, 9, 11, 14, 12]
min  64.07134841345396
NFE 252012
LSNFE 0
VLSNFE 0
runTime 817.0407378673553
