gen 0 360 65.57894884189734 0.40013456302336187 64.47202038742924 66.73602119493424 
gen 1 2622 64.97323028851692 0.13123909941683592 64.47202038742924 65.14526185182922 
gen 2 4888 64.7137263608682 0.08725232180642756 64.28293696871155 64.82380678071216 
gen 3 7139 64.56118956849815 0.07583349055487684 64.27033378599414 64.64790312985305 
gen 4 9397 64.43594308538617 0.05292199927367585 64.25039088442752 64.50405795651864 
gen 5 11674 64.35678649332144 0.03015179400771583 64.23543168992884 64.3918662726315 
gen 6 13933 64.310076920298 0.0211888569468121 64.23543168992884 64.33597194450802 
gen 7 16216 64.28009826825968 0.014661871244962462 64.20866469567959 64.29781839193014 
gen 8 18475 64.26202819446657 0.013317048924022986 64.20866469567959 64.27751529243986 
gen 9 20740 64.24734578012814 0.011838146613310754 64.19954714756176 64.26109622701236 
gen 10 23008 64.23600053728686 0.010371503590824803 64.19954714756176 64.24930373742944 
gen 11 25297 64.2249887163881 0.010861425293517461 64.18557161468058 64.23716803058561 
gen 12 27557 64.2158522321473 0.010743998657449998 64.15660096458075 64.22830146458261 
gen 13 29827 64.20819759464756 0.011102292622676284 64.15660096458075 64.22003427704182 
gen 14 32095 64.20106140359894 0.009819267047251438 64.15660096458075 64.21347886621376 
gen 15 34378 64.19427788683319 0.009017555042181593 64.15436546020999 64.20515667010021 
gen 16 36630 64.1885762788114 0.009696934951452883 64.1378405222753 64.19887737222186 
gen 17 38897 64.18253034029902 0.010091014319612563 64.1378405222753 64.19296448241869 
gen 18 41156 64.17654418442969 0.010061561660740343 64.13332018615633 64.18727565933358 
gen 19 43440 64.16897004985796 0.009421942573614502 64.12886350691306 64.18020033401167 
gen 20 45697 64.16098946953834 0.0089951264702246 64.12593658070658 64.1709858457872 
gen 21 47980 64.15252890249133 0.00818853765639003 64.12578888239038 64.16228989699852 
gen 22 50238 64.14496996409905 0.008209214274228275 64.10843978162444 64.15482940827822 
gen 23 52497 64.13717772327067 0.006594750668731091 64.10282025888132 64.14533314668539 
gen 24 54766 64.13049852721366 0.005956307452377402 64.10282025888132 64.13751730020354 
gen 25 57015 64.12498571271794 0.006003960359503951 64.10282025888132 64.13125461103937 
gen 26 59274 64.120099191917 0.005919684966020276 64.10062370203157 64.12698854541651 
gen 27 61533 64.11488385672963 0.0048955622660631845 64.09913035839853 64.12139483593374 
gen 28 63808 64.11028569323466 0.004267938941932028 64.0941251996547 64.11545173051402 
gen 29 66073 64.10641982704905 0.003409046535640392 64.0941251996547 64.11092670862294 
gen 30 68355 64.10324704541041 0.00324332410026031 64.08717688216564 64.10672840511484 
gen 31 70615 64.10083773807348 0.0033315007747653337 64.08613060306989 64.10416162589325 
gen 32 72864 64.09827827720068 0.0033719312721905413 64.0844725913591 64.10175767693957 
gen 33 75148 64.09522075221452 0.003088487397826944 64.08189699011018 64.09902744878507 
gen 34 77403 64.09242131962311 0.003220022951358348 64.0801380031207 64.09596082118608 
gen 35 79659 64.08949663358581 0.0028152180648765433 64.0801380031207 64.09323354893706 
gen 36 81923 64.08696896737595 0.002259616600420436 64.07530358676276 64.08974820568946 
gen 37 84185 64.08524713563648 0.001935505060071407 64.07530358676276 64.08746003752974 
gen 38 86446 64.08380956347088 0.0017157136836667634 64.07486848968844 64.08588215241093 
gen 39 88723 64.08237030760364 0.0016177691926005419 64.07245439436419 64.08423997065036 
gen 40 90982 64.08116025608696 0.001540000031946454 64.07245439436419 64.08275442071199 
gen 41 93254 64.07995111811125 0.0017278905716550297 64.07078399076241 64.08156242121679 
gen 42 95515 64.07862082586118 0.00187443702379116 64.07078399076241 64.08059724483445 
gen 43 97769 64.07691089925878 0.0016891718925862729 64.07078399076241 64.07895469270528 
gen 44 100035 64.07467681106515 0.0012122902895711956 64.06946056908127 64.07637999957444 
gen 45 102313 64.07302781303429 0.0009169871124670476 64.06901639364635 64.07402802200882 
gen 46 104584 64.07178138262374 0.0008972053622225506 64.06821375228499 64.07276747539535 
gen 47 106852 64.07063770773905 0.0007023826001384514 64.06821375228499 64.07154368352876 
gen 48 109129 64.06992972223135 0.0005394391261174718 64.06821375228499 64.07066846066233 
gen 49 111392 64.06928016362991 0.00037589586390963784 64.06821375228499 64.06989577155483 
gen 50 113673 64.06882115824638 0.00027281039200220816 64.06821375228499 64.06926714021394 
gen 51 115939 64.06852054151486 0.0002490008034137973 64.06821375228499 64.06876001831044 
gen 52 118190 64.06827136604358 0.00015531176257947037 64.06821375228499 64.06870237741151 
gen 53 120447 64.068213752285 1.4210854715202004e-14 64.06821375228499 64.06821375228499 
gen 54 122707 64.068213752285 1.4210854715202004e-14 64.06821375228499 64.06821375228499 
gen 55 124979 64.068213752285 1.4210854715202004e-14 64.06821375228499 64.06821375228499 
gen 56 127252 64.068213752285 1.4210854715202004e-14 64.06821375228499 64.06821375228499 
gen 57 129517 64.068213752285 1.4210854715202004e-14 64.06821375228499 64.06821375228499 
gen 58 131772 64.068213752285 1.4210854715202004e-14 64.06821375228499 64.06821375228499 
gen 59 134054 64.068213752285 1.4210854715202004e-14 64.06821375228499 64.06821375228499 
gen 60 136314 64.068213752285 1.4210854715202004e-14 64.06821375228499 64.06821375228499 
gen 61 138575 64.068213752285 1.4210854715202004e-14 64.06821375228499 64.06821375228499 
gen 62 140834 64.068213752285 1.4210854715202004e-14 64.06821375228499 64.06821375228499 
gen 63 143110 64.068213752285 1.4210854715202004e-14 64.06821375228499 64.06821375228499 
gen 64 145372 64.068213752285 1.4210854715202004e-14 64.06821375228499 64.06821375228499 
gen 65 147644 64.068213752285 1.4210854715202004e-14 64.06821375228499 64.06821375228499 
gen 66 149925 64.068213752285 1.4210854715202004e-14 64.06821375228499 64.06821375228499 
gen 67 152201 64.068213752285 1.4210854715202004e-14 64.06821375228499 64.06821375228499 
gen 68 154476 64.068213752285 1.4210854715202004e-14 64.06821375228499 64.06821375228499 
gen 69 156757 64.068213752285 1.4210854715202004e-14 64.06821375228499 64.06821375228499 
gen 70 159031 64.068213752285 1.4210854715202004e-14 64.06821375228499 64.06821375228499 
gen 71 161292 64.068213752285 1.4210854715202004e-14 64.06821375228499 64.06821375228499 
gen 72 163577 64.068213752285 1.4210854715202004e-14 64.06821375228499 64.06821375228499 
gen 73 165844 64.068213752285 1.4210854715202004e-14 64.06821375228499 64.06821375228499 
gen 74 168110 64.068213752285 1.4210854715202004e-14 64.06821375228499 64.06821375228499 
gen 75 170374 64.068213752285 1.4210854715202004e-14 64.06821375228499 64.06821375228499 
gen 76 172648 64.068213752285 1.4210854715202004e-14 64.06821375228499 64.06821375228499 
gen 77 174912 64.068213752285 1.4210854715202004e-14 64.06821375228499 64.06821375228499 
gen 78 177181 64.068213752285 1.4210854715202004e-14 64.06821375228499 64.06821375228499 
gen 79 179443 64.068213752285 1.4210854715202004e-14 64.06821375228499 64.06821375228499 
gen 80 181700 64.068213752285 1.4210854715202004e-14 64.06821375228499 64.06821375228499 
gen 81 183978 64.068213752285 1.4210854715202004e-14 64.06821375228499 64.06821375228499 
gen 82 186242 64.068213752285 1.4210854715202004e-14 64.06821375228499 64.06821375228499 
gen 83 188510 64.068213752285 1.4210854715202004e-14 64.06821375228499 64.06821375228499 
gen 84 190770 64.068213752285 1.4210854715202004e-14 64.06821375228499 64.06821375228499 
gen 85 193041 64.068213752285 1.4210854715202004e-14 64.06821375228499 64.06821375228499 
gen 86 195306 64.068213752285 1.4210854715202004e-14 64.06821375228499 64.06821375228499 
gen 87 197568 64.068213752285 1.4210854715202004e-14 64.06821375228499 64.06821375228499 
gen 88 199831 64.068213752285 1.4210854715202004e-14 64.06821375228499 64.06821375228499 
gen 89 202089 64.068213752285 1.4210854715202004e-14 64.06821375228499 64.06821375228499 
gen 90 204351 64.068213752285 1.4210854715202004e-14 64.06821375228499 64.06821375228499 
gen 91 206620 64.068213752285 1.4210854715202004e-14 64.06821375228499 64.06821375228499 
gen 92 208883 64.068213752285 1.4210854715202004e-14 64.06821375228499 64.06821375228499 
gen 93 211154 64.068213752285 1.4210854715202004e-14 64.06821375228499 64.06821375228499 
gen 94 213425 64.068213752285 1.4210854715202004e-14 64.06821375228499 64.06821375228499 
gen 95 215685 64.068213752285 1.4210854715202004e-14 64.06821375228499 64.06821375228499 
gen 96 217947 64.068213752285 1.4210854715202004e-14 64.06821375228499 64.06821375228499 
gen 97 220211 64.068213752285 1.4210854715202004e-14 64.06821375228499 64.06821375228499 
gen 98 222484 64.068213752285 1.4210854715202004e-14 64.06821375228499 64.06821375228499 
gen 99 224767 64.068213752285 1.4210854715202004e-14 64.06821375228499 64.06821375228499 
gen 100 227041 64.068213752285 1.4210854715202004e-14 64.06821375228499 64.06821375228499 
gen 101 229299 64.068213752285 1.4210854715202004e-14 64.06821375228499 64.06821375228499 
gen 102 231557 64.068213752285 1.4210854715202004e-14 64.06821375228499 64.06821375228499 
gen 103 233830 64.068213752285 1.4210854715202004e-14 64.06821375228499 64.06821375228499 
gen 104 236112 64.068213752285 1.4210854715202004e-14 64.06821375228499 64.06821375228499 
gen 105 238367 64.068213752285 1.4210854715202004e-14 64.06821375228499 64.06821375228499 
gen 106 240643 64.068213752285 1.4210854715202004e-14 64.06821375228499 64.06821375228499 
gen 107 242918 64.068213752285 1.4210854715202004e-14 64.06821375228499 64.06821375228499 
gen 108 245191 64.068213752285 1.4210854715202004e-14 64.06821375228499 64.06821375228499 
gen 109 247465 64.068213752285 1.4210854715202004e-14 64.06821375228499 64.06821375228499 
gen 110 249755 64.068213752285 1.4210854715202004e-14 64.06821375228499 64.06821375228499 
gen 111 252027 64.068213752285 1.4210854715202004e-14 64.06821375228499 64.06821375228499 
[15, 12, 17, 0, 5, 6, 1, 14, 3, 7, 13, 2, 11, 10, 4, 8, 16, 9, 7, 10, 5, 2, 3, 14, 6, 11, 9, 4, 12, 15, 1, 0, 8, 17, 16, 13, 1, 15, 0, 9, 12, 7, 11, 4, 14, 6, 16, 5, 3, 13, 10, 2, 17, 8, 1, 11, 5, 4, 2, 14, 0, 17, 16, 3, 8, 10, 15, 6, 12, 7, 9, 13, 1, 17, 5, 10, 8, 13, 6, 3, 12, 16, 9, 0, 4, 7, 14, 2, 11, 15, 14, 0, 16, 10, 4, 2, 7, 11, 3, 15, 1, 13, 6, 9, 8, 5, 17, 12, 13, 17, 14, 6, 10, 15, 5, 11, 3, 0, 16, 7, 1, 2, 9, 12, 4, 8, 11, 14, 2, 4, 13, 5, 12, 10, 8, 6, 3, 1, 0, 16, 17, 15, 7, 9, 8, 6, 13, 9, 11, 12, 15, 16, 14, 0, 10, 4, 2, 7, 3, 1, 5, 17, 5, 17, 1, 11, 16, 13, 4, 6, 10, 3, 9, 2, 12, 8, 14, 7, 15, 0, 14, 17, 0, 12, 16, 4, 8, 10, 13, 3, 2, 7, 15, 9, 11, 6, 5, 1, 16, 8, 14, 0, 10, 4, 9, 2, 7, 3, 13, 1, 6, 15, 11, 5, 17, 12, 10, 6, 2, 11, 13, 8, 3, 1, 15, 16, 4, 7, 12, 0, 9, 5, 17, 14, 7, 15, 8, 14, 13, 11, 9, 2, 16, 3, 1, 5, 0, 12, 17, 4, 10, 6, 0, 10, 16, 8, 7, 13, 3, 9, 15, 6, 2, 14, 5, 4, 17, 12, 1, 11, 12, 9, 3, 16, 17, 1, 8, 13, 14, 11, 15, 6, 5, 10, 0, 7, 4, 2, 6, 7, 11, 13, 17, 10, 16, 3, 14, 9, 8, 4, 5, 0, 2, 1, 15, 12, 17, 12, 2, 11, 0, 10, 9, 7, 3, 6, 5, 15, 4, 8, 1, 14, 16, 13, 11, 12, 13, 14, 7, 6, 3, 10, 15, 1, 16, 17, 8, 0, 4, 9, 5, 2, 7, 8, 13, 14, 16, 0, 2, 15, 6, 1, 9, 17, 4, 11, 12, 5, 10, 3]
min  64.06821375228499
NFE 252027
LSNFE 0
VLSNFE 0
runTime 799.3993625640869
