gen 0 360 65.59528612150984 0.37728538050926114 64.65135397432674 66.57707544230315 
gen 1 2612 65.00966698457016 0.14404540820962805 64.48676094346504 65.19237768138422 
gen 2 4888 64.73032117784284 0.0919744019992653 64.39537546054078 64.84310116748449 
gen 3 7155 64.56998080993081 0.05721695489391248 64.31449471476363 64.64121825300286 
gen 4 9418 64.46193848337037 0.04492268288235918 64.31192596461581 64.51736056588084 
gen 5 11692 64.38097880687336 0.0322527875766285 64.27280514238808 64.4226159695339 
gen 6 13970 64.32313786370808 0.02288992475330651 64.21667852275716 64.3511552947021 
gen 7 16229 64.29048888049468 0.016679794922950554 64.21667852275716 64.31058114633763 
gen 8 18487 64.26484514293803 0.014782820080059912 64.18638610276155 64.28248709844799 
gen 9 20754 64.24597375960417 0.014651549368720098 64.18638610276155 64.26281238362697 
gen 10 23009 64.23217588041491 0.013189247878656173 64.1671405296912 64.24679259972761 
gen 11 25273 64.22055723151784 0.012928580312984361 64.15187373347476 64.2354376927928 
gen 12 27542 64.20958560282996 0.012738717722738276 64.15187373347476 64.22420667191108 
gen 13 29802 64.20086564352411 0.012719061032757117 64.12465337508216 64.21472509753814 
gen 14 32072 64.19282561499116 0.011907864990873375 64.12465337508216 64.20580286002874 
gen 15 34321 64.18494912089187 0.010812940666730785 64.12465337508216 64.19772072006326 
gen 16 36576 64.17771193366048 0.009892473680206702 64.12465337508216 64.18971350941032 
gen 17 38832 64.17189816075526 0.008950740559334215 64.12465337508216 64.18260530441967 
gen 18 41097 64.16689064327605 0.008376455963960722 64.12465337508216 64.17649564974506 
gen 19 43362 64.16228465017075 0.008155145873803308 64.12465337508216 64.17097548305637 
gen 20 45617 64.15735510653333 0.0074712411122511155 64.12465337508216 64.16635337201001 
gen 21 47884 64.15265735375812 0.006625425848543777 64.12228640136865 64.16113561322491 
gen 22 50136 64.14854378417812 0.00598787127267689 64.12228640136865 64.1553079065994 
gen 23 52398 64.14467365517991 0.005142133117657135 64.12228640136865 64.15073751061604 
gen 24 54669 64.1411444746964 0.0052726213894018804 64.11829827686743 64.14649634409052 
gen 25 56933 64.1377752516468 0.005118215112841671 64.11361427194976 64.14317226248481 
gen 26 59197 64.13437234547888 0.005186505098908764 64.10753081357365 64.13962366859562 
gen 27 61470 64.13073904613468 0.004966401804517727 64.10753081357365 64.13631029265834 
gen 28 63752 64.12655164764627 0.0045995841291107484 64.10753081357365 64.13179066222622 
gen 29 66012 64.12217282690695 0.004190110142194094 64.10296591274856 64.12683602841935 
gen 30 68288 64.11755160980222 0.004285021853054825 64.09656526042663 64.12238682524963 
gen 31 70543 64.11224292814394 0.003975395494924278 64.09656526042663 64.11684636614332 
gen 32 72823 64.10760788255764 0.0031604853404038156 64.09091045425164 64.11131567125345 
gen 33 75099 64.10379008326383 0.002544689843438146 64.08832475650934 64.10729093276557 
gen 34 77361 64.10114383877122 0.002333941015951596 64.08832475650934 64.10328234296047 
gen 35 79632 64.09913342540355 0.0023098279654783817 64.08832475650934 64.1013145002052 
gen 36 81909 64.09690832440562 0.0023670476071554957 64.08832475650934 64.09954373185975 
gen 37 84169 64.09441324194717 0.0017431851916681826 64.08832475650934 64.0963149309553 
gen 38 86448 64.09222837896228 0.001267926121212884 64.08820194087487 64.09367800170689 
gen 39 88701 64.0907096991551 0.0009544944067508139 64.08652974495683 64.09186401700288 
gen 40 90968 64.08955301836326 0.0008645016830226736 64.08649579624368 64.0905338657997 
gen 41 93235 64.08854017712311 0.0007286015140563491 64.08581301961915 64.08945980429947 
gen 42 95499 64.08770040553162 0.0005452446437420437 64.08566967200358 64.08832475650934 
gen 43 97766 64.0871616103675 0.0005413993761059078 64.08453265518853 64.08779242779737 
gen 44 100046 64.0866599352052 0.000738961115662959 64.077022499568 64.08727842167852 
gen 45 102308 64.08619280506475 0.00087925451407338 64.077022499568 64.08669440637985 
gen 46 104565 64.08575241190661 0.0012216253739858306 64.07580077558869 64.08649579624368 
gen 47 106840 64.08514271248426 0.0015869128160618591 64.07580077558869 64.08623674230675 
gen 48 109110 64.08418676107935 0.0021747910631712162 64.07531338879593 64.08566967200358 
gen 49 111376 64.08236308080654 0.002662843912349186 64.07525411990355 64.08499992205854 
gen 50 113650 64.07902929416285 0.0020330081879347327 64.07411528874384 64.08196039693722 
gen 51 115918 64.07656594887891 0.0009987194206091425 64.07411528874384 64.07819541363304 
gen 52 118165 64.0753635335841 0.0005567065385314679 64.0731115778831 64.07610867974407 
gen 53 120432 64.0747071152839 0.0004246777082835984 64.0731115778831 64.07522423133051 
gen 54 122705 64.07418443153949 0.00035266716539983167 64.0731115778831 64.07457790512409 
gen 55 124967 64.07390449730131 0.0003359554315615505 64.0731115778831 64.07411528874384 
gen 56 127237 64.07354397017302 0.0003603725343936003 64.0731115778831 64.07407480296025 
gen 57 129501 64.07312799082041 8.159439799882523e-05 64.0731115778831 64.0735336248428 
gen 58 131766 64.0731115778831 0.0 64.0731115778831 64.0731115778831 
gen 59 134039 64.0731115778831 0.0 64.0731115778831 64.0731115778831 
gen 60 136296 64.0731115778831 0.0 64.0731115778831 64.0731115778831 
gen 61 138570 64.0731115778831 0.0 64.0731115778831 64.0731115778831 
gen 62 140830 64.0731115778831 0.0 64.0731115778831 64.0731115778831 
gen 63 143095 64.0731115778831 0.0 64.0731115778831 64.0731115778831 
gen 64 145376 64.0731115778831 0.0 64.0731115778831 64.0731115778831 
gen 65 147630 64.0731115778831 0.0 64.0731115778831 64.0731115778831 
gen 66 149900 64.0731115778831 0.0 64.0731115778831 64.0731115778831 
gen 67 152146 64.0731115778831 0.0 64.0731115778831 64.0731115778831 
gen 68 154399 64.0731115778831 0.0 64.0731115778831 64.0731115778831 
gen 69 156659 64.0731115778831 0.0 64.0731115778831 64.0731115778831 
gen 70 158928 64.0731115778831 0.0 64.0731115778831 64.0731115778831 
gen 71 161201 64.0731115778831 0.0 64.0731115778831 64.0731115778831 
gen 72 163473 64.0731115778831 0.0 64.0731115778831 64.0731115778831 
gen 73 165742 64.0731115778831 0.0 64.0731115778831 64.0731115778831 
gen 74 168011 64.0731115778831 0.0 64.0731115778831 64.0731115778831 
gen 75 170269 64.0731115778831 0.0 64.0731115778831 64.0731115778831 
gen 76 172536 64.0731115778831 0.0 64.0731115778831 64.0731115778831 
gen 77 174802 64.0731115778831 0.0 64.0731115778831 64.0731115778831 
gen 78 177074 64.0731115778831 0.0 64.0731115778831 64.0731115778831 
gen 79 179346 64.0731115778831 0.0 64.0731115778831 64.0731115778831 
gen 80 181642 64.0731115778831 0.0 64.0731115778831 64.0731115778831 
gen 81 183912 64.0731115778831 0.0 64.0731115778831 64.0731115778831 
gen 82 186169 64.0731115778831 0.0 64.0731115778831 64.0731115778831 
gen 83 188444 64.0731115778831 0.0 64.0731115778831 64.0731115778831 
gen 84 190711 64.0731115778831 0.0 64.0731115778831 64.0731115778831 
gen 85 192973 64.0731115778831 0.0 64.0731115778831 64.0731115778831 
gen 86 195242 64.0731115778831 0.0 64.0731115778831 64.0731115778831 
gen 87 197517 64.0731115778831 0.0 64.0731115778831 64.0731115778831 
gen 88 199780 64.0731115778831 0.0 64.0731115778831 64.0731115778831 
gen 89 202044 64.0731115778831 0.0 64.0731115778831 64.0731115778831 
gen 90 204317 64.0731115778831 0.0 64.0731115778831 64.0731115778831 
gen 91 206575 64.0731115778831 0.0 64.0731115778831 64.0731115778831 
gen 92 208826 64.0731115778831 0.0 64.0731115778831 64.0731115778831 
gen 93 211105 64.0731115778831 0.0 64.0731115778831 64.0731115778831 
gen 94 213375 64.0731115778831 0.0 64.0731115778831 64.0731115778831 
gen 95 215632 64.0731115778831 0.0 64.0731115778831 64.0731115778831 
gen 96 217881 64.0731115778831 0.0 64.0731115778831 64.0731115778831 
gen 97 220153 64.0731115778831 0.0 64.0731115778831 64.0731115778831 
gen 98 222412 64.0731115778831 0.0 64.0731115778831 64.0731115778831 
gen 99 224684 64.0731115778831 0.0 64.0731115778831 64.0731115778831 
gen 100 226945 64.0731115778831 0.0 64.0731115778831 64.0731115778831 
gen 101 229222 64.0731115778831 0.0 64.0731115778831 64.0731115778831 
gen 102 231488 64.0731115778831 0.0 64.0731115778831 64.0731115778831 
gen 103 233758 64.0731115778831 0.0 64.0731115778831 64.0731115778831 
gen 104 236021 64.0731115778831 0.0 64.0731115778831 64.0731115778831 
gen 105 238285 64.0731115778831 0.0 64.0731115778831 64.0731115778831 
gen 106 240545 64.0731115778831 0.0 64.0731115778831 64.0731115778831 
gen 107 242825 64.0731115778831 0.0 64.0731115778831 64.0731115778831 
gen 108 245076 64.0731115778831 0.0 64.0731115778831 64.0731115778831 
gen 109 247365 64.0731115778831 0.0 64.0731115778831 64.0731115778831 
gen 110 249663 64.0731115778831 0.0 64.0731115778831 64.0731115778831 
gen 111 251929 64.0731115778831 0.0 64.0731115778831 64.0731115778831 
gen 112 254205 64.0731115778831 0.0 64.0731115778831 64.0731115778831 
[13, 5, 3, 16, 7, 10, 9, 0, 1, 8, 11, 6, 12, 2, 14, 4, 17, 15, 15, 9, 4, 14, 1, 3, 13, 7, 0, 16, 6, 12, 2, 10, 5, 8, 17, 11, 14, 5, 4, 6, 17, 12, 8, 7, 15, 13, 1, 10, 2, 11, 3, 9, 0, 16, 9, 4, 6, 2, 5, 13, 1, 11, 0, 7, 10, 16, 15, 14, 17, 3, 8, 12, 11, 5, 10, 2, 12, 17, 14, 15, 9, 4, 6, 8, 7, 0, 13, 16, 1, 3, 16, 0, 11, 6, 2, 8, 7, 15, 4, 10, 3, 13, 1, 17, 9, 5, 14, 12, 15, 14, 4, 3, 16, 5, 0, 7, 8, 9, 17, 13, 6, 2, 1, 12, 10, 11, 1, 3, 11, 8, 16, 6, 2, 10, 0, 15, 4, 14, 5, 7, 13, 17, 12, 9, 8, 6, 13, 9, 11, 12, 14, 15, 16, 0, 2, 7, 4, 10, 3, 1, 17, 5, 15, 16, 10, 8, 4, 13, 0, 9, 6, 1, 7, 12, 3, 5, 17, 14, 2, 11, 9, 1, 12, 3, 16, 13, 7, 10, 4, 8, 11, 5, 15, 14, 6, 0, 17, 2, 15, 16, 0, 2, 8, 11, 7, 4, 10, 3, 1, 13, 14, 17, 6, 5, 12, 9, 16, 4, 9, 13, 15, 6, 3, 1, 17, 10, 5, 0, 11, 14, 7, 2, 12, 8, 10, 14, 3, 1, 0, 13, 9, 17, 12, 4, 15, 5, 8, 11, 2, 6, 16, 7, 10, 13, 7, 14, 1, 8, 11, 16, 2, 6, 0, 5, 9, 15, 17, 3, 4, 12, 9, 1, 2, 7, 15, 17, 12, 3, 11, 5, 4, 0, 10, 16, 8, 6, 13, 14, 10, 5, 8, 14, 2, 1, 4, 16, 6, 13, 7, 0, 12, 15, 3, 11, 9, 17, 8, 15, 7, 13, 6, 9, 4, 12, 11, 16, 17, 2, 3, 0, 1, 10, 14, 5, 13, 5, 2, 11, 15, 17, 6, 16, 3, 4, 12, 14, 1, 8, 7, 9, 10, 0, 14, 16, 1, 12, 15, 8, 11, 5, 3, 9, 7, 4, 13, 17, 6, 2, 0, 10]
min  64.0731115778831
NFE 254205
LSNFE 0
VLSNFE 0
runTime 793.2471420764923
