gen 0 391 1e+16 0.0 1e+16 1e+16 
gen 1 117211 7723785166240691.0 4192969635969756.0 991.9115811221509 1e+16 
gen 2 235191 1457800511509974.5 3528855732915526.0 886.9478106202126 1e+16 
gen 3 353841 1011.7082776982153 56.556151251927325 747.6210231056065 1084.4598131651926 
[16, 2, 4, 10, 9, 0, 5, 18, 17, 3, 1, 13, 11, 6, 8, 19, 14, 22, 21, 15, 7, 12, 20, 18, 0, 9, 13, 19, 14, 1, 21, 15, 5, 22, 6, 2, 16, 10, 3, 20, 17, 8, 4, 11, 12, 7, 21, 7, 11, 12, 18, 19, 6, 14, 4, 2, 13, 8, 22, 16, 20, 9, 1, 17, 3, 0, 15, 5, 10, 9, 2, 11, 3, 20, 21, 12, 0, 22, 17, 5, 15, 7, 10, 4, 1, 16, 6, 8, 19, 13, 18, 14, 1, 5, 9, 17, 11, 10, 7, 12, 2, 6, 15, 22, 21, 4, 20, 14, 8, 18, 16, 19, 0, 3, 13, 5, 18, 12, 14, 22, 4, 9, 13, 16, 20, 3, 19, 7, 0, 1, 15, 21, 11, 10, 6, 8, 2, 17, 15, 21, 4, 8, 12, 22, 13, 19, 18, 6, 14, 16, 20, 9, 1, 11, 2, 17, 5, 3, 7, 0, 10, 8, 2, 17, 11, 22, 19, 10, 18, 16, 1, 7, 4, 13, 6, 14, 0, 5, 21, 15, 12, 9, 3, 20, 19, 4, 1, 7, 6, 10, 11, 2, 22, 16, 13, 9, 21, 17, 15, 14, 8, 0, 5, 12, 20, 3, 18, 1, 14, 5, 18, 21, 6, 9, 8, 17, 7, 15, 12, 11, 16, 2, 3, 10, 20, 19, 22, 4, 0, 13, 3, 12, 17, 9, 11, 13, 10, 8, 19, 16, 15, 5, 21, 22, 14, 18, 4, 20, 1, 2, 7, 0, 6, 15, 0, 9, 18, 13, 5, 17, 3, 14, 19, 21, 8, 20, 4, 22, 11, 7, 12, 1, 6, 10, 2, 16, 12, 9, 4, 7, 18, 15, 17, 11, 3, 5, 16, 0, 14, 1, 6, 10, 21, 13, 8, 2, 19, 20, 22, 15, 6, 16, 7, 22, 10, 17, 14, 20, 1, 0, 9, 2, 19, 11, 5, 8, 18, 12, 4, 21, 13, 3, 20, 14, 21, 17, 3, 1, 22, 7, 10, 2, 18, 12, 16, 4, 11, 5, 8, 9, 15, 0, 19, 6, 13, 2, 20, 17, 4, 14, 12, 0, 7, 19, 8, 6, 1, 5, 3, 15, 21, 13, 11, 9, 10, 18, 16, 22, 17, 3, 14, 10, 18, 13, 12, 11, 4, 6, 1, 22, 19, 8, 15, 7, 16, 0, 9, 2, 5, 21, 20]
min  747.6210231056065
NFE 353841
LSNFE 236150
VLSNFE 839
runTime 769.5201890468597
