gen 0 391 9974424552429670.0 505074620412509.06 1214.9988628463786 1e+16 
gen 1 117951 7672634271100039.0 4225757453160157.0 1006.8895385544267 1e+16 
gen 2 237161 2046035805627572.8 4034116450767866.0 874.7701443463217 1e+16 
gen 3 353641 1026.8791140019969 56.957911241945446 807.7114838050512 1105.0629309477108 
[5, 0, 17, 6, 9, 10, 20, 7, 21, 22, 11, 16, 2, 13, 12, 1, 15, 3, 4, 14, 19, 8, 18, 16, 3, 13, 15, 19, 6, 12, 20, 0, 7, 10, 4, 21, 22, 5, 8, 14, 9, 2, 11, 17, 18, 1, 19, 18, 15, 9, 8, 20, 4, 5, 6, 10, 14, 17, 16, 11, 22, 7, 2, 3, 1, 21, 12, 0, 13, 22, 12, 15, 6, 20, 2, 11, 10, 9, 21, 3, 1, 5, 16, 4, 0, 17, 18, 13, 8, 7, 14, 19, 9, 10, 18, 5, 0, 19, 12, 20, 3, 6, 1, 8, 16, 13, 15, 21, 14, 22, 11, 17, 2, 7, 4, 2, 20, 11, 22, 9, 15, 5, 0, 3, 8, 13, 19, 4, 21, 16, 14, 18, 17, 6, 10, 7, 1, 12, 13, 0, 14, 19, 2, 12, 15, 21, 9, 22, 4, 18, 20, 1, 11, 6, 3, 17, 10, 7, 8, 16, 5, 16, 17, 22, 8, 7, 12, 15, 10, 5, 3, 9, 19, 2, 13, 18, 6, 11, 20, 1, 14, 4, 0, 21, 7, 4, 17, 6, 15, 2, 14, 22, 5, 21, 18, 8, 9, 20, 13, 3, 10, 0, 16, 12, 11, 1, 19, 7, 9, 8, 13, 17, 2, 4, 20, 11, 18, 0, 21, 10, 3, 16, 6, 15, 12, 22, 14, 5, 19, 1, 2, 14, 8, 9, 0, 7, 5, 22, 21, 17, 1, 6, 3, 18, 4, 19, 15, 11, 13, 16, 10, 12, 20, 11, 7, 16, 6, 8, 10, 2, 20, 13, 22, 3, 1, 21, 4, 19, 0, 17, 15, 9, 14, 12, 18, 5, 14, 18, 10, 4, 19, 3, 21, 22, 8, 6, 12, 15, 5, 17, 7, 9, 20, 1, 13, 0, 16, 11, 2, 4, 6, 5, 16, 22, 2, 10, 21, 7, 18, 1, 8, 14, 19, 11, 13, 9, 15, 0, 20, 12, 17, 3, 13, 14, 17, 1, 0, 6, 10, 19, 16, 3, 15, 8, 7, 4, 5, 12, 9, 20, 11, 2, 22, 18, 21, 13, 9, 15, 17, 11, 21, 20, 19, 22, 12, 7, 5, 10, 2, 8, 0, 1, 14, 3, 6, 18, 16, 4, 14, 11, 17, 9, 3, 1, 0, 10, 15, 19, 18, 5, 22, 2, 6, 7, 12, 16, 21, 8, 4, 20, 13]
min  807.7114838050512
NFE 353641
LSNFE 235950
VLSNFE 627
runTime 765.2908043861389
