gen 0 391 9974424552429670.0 505074620412508.7 1219.911797165181 1e+16 
gen 1 118111 7340153452685751.0 4418561057389575.0 899.9444431487448 1e+16 
gen 2 237011 1195.5646700862603 141.0440364977611 873.8949390914377 1565.2026144720587 
gen 3 354431 994.371905222358 52.19675351155444 836.1577151706954 1064.0374076462022 
[4, 13, 17, 9, 5, 21, 12, 18, 8, 1, 22, 2, 15, 6, 10, 11, 19, 0, 3, 14, 7, 20, 16, 14, 6, 12, 1, 18, 21, 22, 15, 11, 9, 13, 17, 20, 16, 0, 19, 3, 8, 5, 10, 7, 4, 2, 3, 15, 22, 21, 18, 7, 1, 17, 5, 12, 6, 20, 8, 9, 14, 10, 4, 0, 2, 13, 16, 11, 19, 5, 18, 3, 11, 0, 17, 7, 8, 2, 13, 19, 6, 15, 4, 9, 22, 16, 10, 12, 1, 21, 14, 20, 16, 0, 6, 13, 3, 4, 22, 20, 10, 17, 7, 18, 15, 11, 2, 19, 14, 5, 8, 12, 21, 1, 9, 20, 17, 3, 18, 12, 6, 7, 15, 22, 11, 4, 13, 16, 9, 5, 8, 14, 19, 21, 1, 10, 0, 2, 19, 15, 6, 3, 0, 5, 1, 11, 7, 2, 21, 4, 8, 13, 9, 20, 10, 22, 12, 18, 17, 16, 14, 3, 15, 11, 14, 16, 0, 10, 4, 18, 22, 9, 12, 21, 5, 6, 19, 17, 8, 13, 1, 7, 20, 2, 4, 7, 16, 21, 20, 8, 3, 13, 15, 0, 17, 10, 5, 9, 2, 11, 19, 6, 12, 22, 18, 14, 1, 3, 12, 0, 16, 14, 17, 8, 22, 2, 5, 6, 1, 21, 11, 18, 9, 13, 15, 19, 10, 20, 4, 7, 12, 2, 14, 16, 21, 18, 4, 22, 10, 17, 7, 20, 1, 5, 3, 11, 13, 6, 0, 15, 19, 8, 9, 13, 21, 17, 9, 8, 11, 3, 2, 16, 5, 0, 18, 4, 20, 10, 19, 22, 7, 1, 15, 12, 6, 14, 0, 17, 3, 7, 22, 11, 5, 8, 19, 4, 6, 1, 2, 20, 21, 13, 12, 15, 18, 10, 9, 16, 14, 22, 5, 15, 20, 12, 9, 7, 19, 8, 6, 17, 10, 1, 14, 0, 18, 21, 2, 13, 16, 11, 3, 4, 17, 3, 8, 14, 6, 4, 20, 9, 2, 5, 0, 16, 15, 18, 7, 13, 1, 10, 12, 11, 21, 19, 22, 13, 16, 0, 9, 11, 20, 19, 15, 22, 18, 6, 7, 4, 3, 5, 8, 12, 17, 14, 21, 1, 2, 10, 3, 22, 14, 17, 0, 20, 15, 21, 13, 11, 9, 2, 4, 1, 6, 5, 12, 10, 16, 8, 7, 19, 18]
min  836.1577151706954
NFE 354431
LSNFE 236740
VLSNFE 939
runTime 773.9299192428589
