gen 0 20 180.26400378514884 27.73375769692429 138.598305245274 225.9855924921896 
gen 1 1270 116.21181812993731 6.707794791279777 105.50576409341329 127.55352620536918 
gen 2 2540 106.7052337747235 1.6346016427326993 105.50576409341329 108.93282032572814 
gen 3 3800 105.174675764062 0.0 105.174675764062 105.174675764062 
gen 4 4990 105.174675764062 0.0 105.174675764062 105.174675764062 
gen 5 6210 105.174675764062 0.0 105.174675764062 105.174675764062 
gen 6 7270 105.174675764062 0.0 105.174675764062 105.174675764062 
gen 7 8440 105.174675764062 0.0 105.174675764062 105.174675764062 
gen 8 9720 105.174675764062 0.0 105.174675764062 105.174675764062 
gen 9 11000 105.174675764062 0.0 105.174675764062 105.174675764062 
gen 10 12320 105.174675764062 0.0 105.174675764062 105.174675764062 
gen 11 13610 105.174675764062 0.0 105.174675764062 105.174675764062 
gen 12 14800 105.174675764062 0.0 105.174675764062 105.174675764062 
[2, 1, 3, 0, 0, 2, 3, 1, 3, 0, 1, 2, 2, 0, 3, 1, 1, 0, 2, 3]
min  105.174675764062
NFE 14800
LSNFE 9980
VLSNFE 691
runTime 4.923619270324707
