gen 0 121 765.6151917797674 130.28592887307596 449.9398922606803 1243.6620861878507 
gen 1 847 591.7027192591163 35.98696129865311 449.9398922606803 633.5209988736354 
gen 2 1573 537.9238843146679 25.34879588736358 449.9398922606803 569.3571014051337 
gen 3 2299 507.28920753759235 22.27702704521575 426.20037655976233 531.8978662100875 
gen 4 3025 486.29167812349095 19.584926662337338 426.20037655976233 511.65409796918175 
gen 5 3751 469.75958086133807 17.743820834823918 419.4093411846783 494.29375564020825 
gen 6 4477 456.9131493015551 16.51450842698797 404.41204640581554 476.3703441019185 
gen 7 5203 447.0884685204596 14.162259916045855 404.41204640581554 465.4115207851233 
gen 8 5929 439.04478335258744 12.127869378367437 404.41204640581554 455.59176298471226 
gen 9 6655 431.2111672309464 10.896874664613067 397.17309863139 444.9453501775927 
gen 10 7441 424.89210746203514 12.349894401925395 369.55253790280443 439.04294555425486 
gen 11 8167 417.11155897816997 14.471729842428822 343.0564297033627 432.3767241218896 
gen 12 8893 410.2143655877147 13.982086316114723 343.0564297033627 424.90884694197206 
gen 13 9619 403.43986967206763 13.372986883520248 343.0564297033627 418.5274847470096 
gen 14 10345 397.74035235007625 12.409366638146418 343.0564297033627 411.8544522034331 
gen 15 11071 391.17054749004836 11.218290324042217 343.0564297033627 403.972206523096 
gen 16 11797 386.54324064956006 10.414542120309301 343.0564297033627 397.7175536469195 
gen 17 12523 382.98404395445664 10.055686015811755 343.0564297033627 393.86337015673433 
gen 18 13249 378.4895733729005 8.826619180604514 343.0564297033627 389.00863988702764 
gen 19 13975 374.64202806574264 8.533688600607189 343.0564297033627 384.66603433619576 
gen 20 14701 370.65128831953047 8.085906187065913 343.00866349012125 379.8872710993378 
gen 21 15427 365.40369950664933 7.981541687488138 343.00866349012125 374.44132802921104 
gen 22 16153 360.93137187295184 6.871144472036754 343.00866349012125 368.8001269786247 
gen 23 16879 355.2795425078963 5.214844706850433 343.00866349012125 362.0086907313446 
gen 24 17605 350.2352384740237 4.297060094828333 333.6637384396231 355.72364693919656 
gen 25 18331 346.3920985433486 3.507585103131141 333.6637384396231 350.6817968902693 
gen 26 19057 344.0935564670216 2.910568752542884 333.6637384396231 347.5712669523909 
gen 27 19783 342.15265289165444 2.628658595747842 331.47739077072777 345.0158459691521 
gen 28 20509 340.99547885394185 2.4635339836778836 331.47739077072777 343.73351321543686 
gen 29 21235 339.50895896594847 2.4008906663952603 331.47739077072777 342.2464102954043 
gen 30 21961 338.48464095953085 2.308177780978151 331.18945571858364 341.2898623155346 
gen 31 22687 337.4406815411283 2.039968216410389 331.18945571858364 340.2584833247074 
gen 32 23413 336.135431129789 1.8407309825504967 331.18945571858364 338.5131317547107 
gen 33 24139 335.3558616698477 1.7083786917299508 329.23417251964105 337.68745971974687 
gen 34 24865 334.3679831772347 1.6260507454785442 329.23417251964105 336.5203690550006 
gen 35 25591 333.6166509645573 1.3768092469872326 329.1374176445796 335.3335738366499 
gen 36 26317 332.89060671531087 1.1638146686151505 328.8875670578119 334.2656344500222 
gen 37 27043 332.3395739079418 1.144209607409858 327.4538084038187 333.604024023901 
gen 38 27769 331.76196183349197 1.1172593545075138 327.4538084038187 333.00006792572236 
gen 39 28495 330.73113313377974 1.2031263364747806 326.9786337629898 332.0510739292695 
gen 40 29221 329.7308097246819 1.2916241618274007 324.7649815720969 331.1691678017056 
gen 41 29947 328.569618687816 1.190321648851596 324.7649815720969 330.035015202147 
gen 42 30673 327.11583152537906 0.6804336186571792 324.7649815720969 327.9964838756331 
gen 43 31399 326.23876343948564 0.4336409267909484 324.2867829319197 326.6645383016276 
gen 44 32125 325.83456289994206 0.5432610465028883 324.2867829319197 326.38052251914803 
gen 45 32851 325.21776177910255 0.24183226805889635 324.08840435034256 325.2937816770409 
gen 46 33577 325.1010411399305 0.378522884989773 323.8174446680076 325.2937816770409 
gen 47 34303 324.7553803523184 0.44483387886202114 323.8174446680076 325.2937816770409 
gen 48 35029 324.1807179696014 0.11070609420215223 323.8174446680076 324.3232061422938 
gen 49 35755 324.0861650141249 0.024530699204839156 323.8174446680076 324.08840435034256 
gen 50 36481 324.08392567790725 0.03454679657457817 323.8174446680076 324.08840435034256 
gen 51 37207 324.0816863416896 0.042132859507289254 323.8174446680076 324.08840435034256 
gen 52 37933 324.0816863416896 0.042132859507289254 323.8174446680076 324.08840435034256 
gen 53 38659 324.079447005472 0.048444249334315806 323.8174446680076 324.08840435034256 
gen 54 39385 324.079447005472 0.048444249334315806 323.8174446680076 324.08840435034256 
gen 55 40111 324.0704896606014 0.06732921010133586 323.8174446680076 324.08840435034256 
gen 56 40837 324.06825032438377 0.07109672080495473 323.8174446680076 324.08840435034256 
gen 57 41563 324.0637716519485 0.07789543184127992 323.8174446680076 324.08840435034256 
gen 58 42289 324.0480962984249 0.09642156342716952 323.8174446680076 324.08840435034256 
gen 59 43015 323.98315554811325 0.13206389229262963 323.8174446680076 324.08840435034256 
gen 60 43741 323.8174446680077 5.684341886080802e-14 323.8174446680076 323.8174446680076 
gen 61 44467 323.8174446680077 5.684341886080802e-14 323.8174446680076 323.8174446680076 
gen 62 45193 323.8174446680077 5.684341886080802e-14 323.8174446680076 323.8174446680076 
gen 63 45919 323.8174446680077 5.684341886080802e-14 323.8174446680076 323.8174446680076 
gen 64 46645 323.8174446680077 5.684341886080802e-14 323.8174446680076 323.8174446680076 
gen 65 47371 323.8174446680077 5.684341886080802e-14 323.8174446680076 323.8174446680076 
gen 66 48097 323.8174446680077 5.684341886080802e-14 323.8174446680076 323.8174446680076 
gen 67 48823 323.8174446680077 5.684341886080802e-14 323.8174446680076 323.8174446680076 
gen 68 49549 323.8174446680077 5.684341886080802e-14 323.8174446680076 323.8174446680076 
gen 69 50275 323.8174446680077 5.684341886080802e-14 323.8174446680076 323.8174446680076 
gen 70 51001 323.8174446680077 5.684341886080802e-14 323.8174446680076 323.8174446680076 
gen 71 51727 323.8174446680077 5.684341886080802e-14 323.8174446680076 323.8174446680076 
gen 72 52453 323.8174446680077 5.684341886080802e-14 323.8174446680076 323.8174446680076 
gen 73 53179 323.8174446680077 5.684341886080802e-14 323.8174446680076 323.8174446680076 
gen 74 53905 323.8174446680077 5.684341886080802e-14 323.8174446680076 323.8174446680076 
gen 75 54631 323.8174446680077 5.684341886080802e-14 323.8174446680076 323.8174446680076 
gen 76 55357 323.8174446680077 5.684341886080802e-14 323.8174446680076 323.8174446680076 
gen 77 56083 323.8174446680077 5.684341886080802e-14 323.8174446680076 323.8174446680076 
gen 78 56809 323.8174446680077 5.684341886080802e-14 323.8174446680076 323.8174446680076 
gen 79 57535 323.8174446680077 5.684341886080802e-14 323.8174446680076 323.8174446680076 
gen 80 58261 323.8174446680077 5.684341886080802e-14 323.8174446680076 323.8174446680076 
gen 81 58987 323.8174446680077 5.684341886080802e-14 323.8174446680076 323.8174446680076 
gen 82 59713 323.8174446680077 5.684341886080802e-14 323.8174446680076 323.8174446680076 
gen 83 60439 323.8174446680077 5.684341886080802e-14 323.8174446680076 323.8174446680076 
gen 84 61165 323.8174446680077 5.684341886080802e-14 323.8174446680076 323.8174446680076 
gen 85 61891 323.8174446680077 5.684341886080802e-14 323.8174446680076 323.8174446680076 
gen 86 62617 323.8174446680077 5.684341886080802e-14 323.8174446680076 323.8174446680076 
gen 87 63343 323.8174446680077 5.684341886080802e-14 323.8174446680076 323.8174446680076 
gen 88 64069 323.8174446680077 5.684341886080802e-14 323.8174446680076 323.8174446680076 
gen 89 64795 323.8174446680077 5.684341886080802e-14 323.8174446680076 323.8174446680076 
gen 90 65521 323.8174446680077 5.684341886080802e-14 323.8174446680076 323.8174446680076 
gen 91 66247 323.8174446680077 5.684341886080802e-14 323.8174446680076 323.8174446680076 
gen 92 66973 323.8174446680077 5.684341886080802e-14 323.8174446680076 323.8174446680076 
gen 93 67699 323.8174446680077 5.684341886080802e-14 323.8174446680076 323.8174446680076 
gen 94 68425 323.8174446680077 5.684341886080802e-14 323.8174446680076 323.8174446680076 
gen 95 69151 323.8174446680077 5.684341886080802e-14 323.8174446680076 323.8174446680076 
gen 96 69877 323.8174446680077 5.684341886080802e-14 323.8174446680076 323.8174446680076 
gen 97 70603 323.8174446680077 5.684341886080802e-14 323.8174446680076 323.8174446680076 
gen 98 71329 323.8174446680077 5.684341886080802e-14 323.8174446680076 323.8174446680076 
gen 99 72055 323.8174446680077 5.684341886080802e-14 323.8174446680076 323.8174446680076 
gen 100 72781 323.8174446680077 5.684341886080802e-14 323.8174446680076 323.8174446680076 
gen 101 73507 323.8174446680077 5.684341886080802e-14 323.8174446680076 323.8174446680076 
gen 102 74233 323.8174446680077 5.684341886080802e-14 323.8174446680076 323.8174446680076 
gen 103 74959 323.8174446680077 5.684341886080802e-14 323.8174446680076 323.8174446680076 
gen 104 75685 323.8174446680077 5.684341886080802e-14 323.8174446680076 323.8174446680076 
gen 105 76411 323.8174446680077 5.684341886080802e-14 323.8174446680076 323.8174446680076 
gen 106 77137 323.8174446680077 5.684341886080802e-14 323.8174446680076 323.8174446680076 
gen 107 77863 323.8174446680077 5.684341886080802e-14 323.8174446680076 323.8174446680076 
gen 108 78589 323.8174446680077 5.684341886080802e-14 323.8174446680076 323.8174446680076 
gen 109 79315 323.8174446680077 5.684341886080802e-14 323.8174446680076 323.8174446680076 
gen 110 80041 323.8174446680077 5.684341886080802e-14 323.8174446680076 323.8174446680076 
gen 111 80767 323.8174446680077 5.684341886080802e-14 323.8174446680076 323.8174446680076 
gen 112 81493 323.8174446680077 5.684341886080802e-14 323.8174446680076 323.8174446680076 
gen 113 82219 323.8174446680077 5.684341886080802e-14 323.8174446680076 323.8174446680076 
gen 114 82945 323.8174446680077 5.684341886080802e-14 323.8174446680076 323.8174446680076 
gen 115 83671 323.8174446680077 5.684341886080802e-14 323.8174446680076 323.8174446680076 
gen 116 84397 323.8174446680077 5.684341886080802e-14 323.8174446680076 323.8174446680076 
gen 117 85123 323.8174446680077 5.684341886080802e-14 323.8174446680076 323.8174446680076 
[7, 0, 9, 5, 8, 4, 3, 2, 6, 1, 10, 3, 0, 10, 5, 2, 7, 4, 8, 6, 1, 9, 7, 6, 9, 5, 8, 4, 0, 3, 10, 2, 1, 3, 8, 9, 1, 4, 5, 0, 7, 2, 6, 10, 3, 10, 6, 4, 5, 8, 0, 2, 9, 7, 1, 7, 0, 8, 3, 4, 1, 10, 5, 2, 6, 9, 9, 6, 7, 5, 0, 1, 2, 8, 4, 10, 3, 10, 7, 4, 0, 5, 8, 2, 1, 9, 6, 3, 3, 4, 7, 10, 1, 5, 6, 8, 2, 9, 0, 3, 8, 9, 6, 5, 2, 10, 4, 7, 0, 1, 10, 9, 4, 0, 8, 6, 2, 5, 3, 7, 1]
min  323.8174446680076
NFE 85123
LSNFE 60
VLSNFE 12
runTime 167.38347578048706
