gen 0 121 756.8229240883977 115.22137570089963 530.7131715957022 1074.2338045385798 
gen 1 8221 538.3902507362369 28.504331440789965 430.3697379448614 572.6889159026257 
gen 2 15881 482.690194374737 18.760938626833052 410.3491748805874 503.09778773570764 
gen 3 23521 454.5443091937729 14.437045612596036 396.46549434687324 471.1303225541499 
gen 4 31211 431.66048755326517 14.11997358162406 370.60478525534313 447.4379215586491 
gen 5 38591 413.6867079909577 12.408993123190873 370.60478525534313 428.4112470913795 
gen 6 46101 399.520738267372 11.89233288702686 364.2802003924533 412.93126869371804 
gen 7 53651 387.71800413722826 9.986289690852221 360.9394177473545 401.3503143836153 
gen 8 60951 378.22733801456667 8.700074240316535 350.6798752493709 389.25711200550666 
gen 9 68671 372.0332351841953 8.106848585237513 344.3703265448134 383.043459168898 
gen 10 76331 366.37078542657264 6.850314132062885 344.3703265448134 374.47628888061564 
gen 11 83901 361.55139200714757 6.359982923370412 340.97677508449664 369.5738768214095 
gen 12 91311 355.0800046779693 5.64005720800332 334.11287002415145 362.5342598649202 
[9, 5, 3, 7, 6, 0, 8, 2, 1, 4, 10, 8, 3, 6, 9, 0, 2, 4, 7, 1, 10, 5, 10, 4, 1, 8, 3, 6, 0, 5, 7, 2, 9, 1, 10, 5, 3, 0, 4, 9, 2, 6, 8, 7, 3, 9, 7, 6, 2, 0, 5, 1, 4, 10, 8, 0, 9, 4, 3, 7, 10, 6, 2, 5, 8, 1, 9, 0, 4, 6, 3, 8, 7, 2, 1, 5, 10, 10, 9, 7, 3, 4, 6, 0, 5, 1, 8, 2, 3, 5, 10, 4, 1, 0, 2, 9, 7, 6, 8, 3, 5, 8, 2, 4, 7, 0, 6, 10, 1, 9, 7, 0, 4, 10, 1, 3, 5, 8, 9, 2, 6]
min  334.11287002415145
NFE 91311
LSNFE 62150
VLSNFE 16894
runTime 149.38140273094177
