gen 0 360 65.5955053524437 0.3721130599548806 64.46118369593799 66.6356470124244 
gen 1 1800 65.05711636784741 0.17507010216454622 64.45553446113072 65.27356308538461 
gen 2 3240 64.79024473400182 0.12076592411748162 64.42047623157826 64.94076358214858 
gen 3 4680 64.62106243669315 0.07803038098995868 64.39846269459152 64.71982454656737 
gen 4 6120 64.50710540922442 0.05278431855399083 64.24594659547648 64.57482416087795 
gen 5 7560 64.43511273620867 0.03928711465399653 64.24594659547648 64.47890758539008 
gen 6 9000 64.38586999627287 0.03391459669048059 64.24594659547648 64.42840798050712 
gen 7 10440 64.34352446572677 0.026106388591904717 64.24594659547648 64.3768014374124 
gen 8 11880 64.31108986156703 0.01971339776865311 64.21712496640279 64.33695734178477 
gen 9 13320 64.28771646930338 0.016608586295441662 64.2134854734771 64.30672728128283 
gen 10 14760 64.26832809474007 0.015971103281942275 64.21117387535206 64.28732686442996 
gen 11 16200 64.25226143899077 0.014786884382341135 64.19045348454989 64.26974988350548 
gen 12 17640 64.23871609597307 0.0136123971924897 64.18536550751261 64.25578500453312 
gen 13 19080 64.22949635157899 0.012274701190252644 64.18536550751261 64.24445108837561 
gen 14 20520 64.2232415296607 0.011052514829484748 64.1831271222117 64.23555360800455 
gen 15 21960 64.21674416537994 0.011637358505139988 64.172743260482 64.22978714705125 
gen 16 23400 64.21068361387759 0.011502533760356436 64.1625098617591 64.22431529943377 
gen 17 24840 64.20384528616181 0.011372072527576526 64.15341001852516 64.21748795608781 
gen 18 26280 64.19883350106797 0.010761311217151912 64.15341001852516 64.21235619727871 
gen 19 27720 64.19426042418559 0.009589822911253282 64.15341001852516 64.20655499268831 
gen 20 29160 64.19056860154974 0.009070485219179584 64.15341001852516 64.20209605052693 
gen 21 30600 64.18687807395291 0.009285937658124268 64.13774580301158 64.19742729135749 
gen 22 32040 64.1833640830221 0.009666928827643135 64.1344842906289 64.19399098670904 
gen 23 33480 64.17997709681885 0.009507335380932451 64.1344842906289 64.19045348454989 
gen 24 34920 64.17662268583787 0.009612400147741671 64.1344842906289 64.18691995185831 
gen 25 36360 64.17302008871228 0.009903829036972265 64.1344842906289 64.18379564017468 
gen 26 37800 64.17019544104129 0.009297865082814364 64.1344842906289 64.18083813289257 
gen 27 39240 64.16698462867666 0.009438449475312347 64.13364345079937 64.17768577043773 
gen 28 40680 64.16321760084955 0.008664036918391117 64.13364345079937 64.17337973769494 
gen 29 42120 64.15973230891991 0.008514900528064924 64.13073013456788 64.17015834372653 
gen 30 43560 64.15660087224865 0.008214298696971538 64.13007073094688 64.1669255831141 
gen 31 45000 64.1533858243318 0.0076684888798711145 64.12562566696282 64.1625021446332 
gen 32 46440 64.14983911253091 0.007051773999208314 64.12562566696282 64.15876235313829 
gen 33 47880 64.14581145644262 0.00631766503930544 64.12360249942417 64.15445336181692 
gen 34 49320 64.14227764108576 0.005076131406614297 64.12360249942417 64.14951243551101 
gen 35 50760 64.13834060859097 0.004133375732699475 64.12217275357877 64.14308152810626 
gen 36 52200 64.13469054716084 0.0037710435348437274 64.12217275357877 64.13859927426412 
gen 37 53640 64.12999749978138 0.0037279618393826516 64.11147169572024 64.13445094217022 
gen 38 55080 64.12534956126136 0.0027109814551717197 64.11147169572024 64.12891083346337 
gen 39 56520 64.12254985442634 0.0021577183394051003 64.10887198973417 64.12466542692862 
gen 40 57960 64.12035802011101 0.002101345410005903 64.10887198973417 64.12255783846739 
gen 41 59400 64.11865347944143 0.0021095035615877437 64.10887198973417 64.12047471506594 
gen 42 60840 64.11707211373998 0.002604579365869021 64.1074406958757 64.11921849977043 
gen 43 62280 64.11479905806954 0.0024591630467106157 64.10727461644063 64.11811882644395 
gen 44 63720 64.11262977774588 0.0016037472847063026 64.10727461644063 64.1147157762244 
gen 45 65160 64.11136806991301 0.0012852250286549281 64.10727461644063 64.11286143042638 
gen 46 66600 64.11005163640928 0.0007411824723476723 64.10727461644063 64.11133122289169 
gen 47 68040 64.10942534247854 0.0005142325162933399 64.10727461644063 64.11004090816493 
gen 48 69480 64.10899587413628 0.0004437999065377359 64.10675677198603 64.10942782487929 
gen 49 70920 64.1086555875616 0.0003579646202824225 64.10675677198603 64.10907235502302 
gen 50 72360 64.10843340210435 0.00037949402890679885 64.10675677198603 64.10880924500013 
gen 51 73800 64.10811192128283 0.00028305382514143875 64.10675677198603 64.10858860368309 
gen 52 75240 64.10788167958238 0.00014024000236407597 64.10675677198603 64.1080026464526 
gen 53 76680 64.10777987590825 0.000151448444598263 64.10580892584424 64.10783381355841 
gen 54 78120 64.10773879705096 0.00018782992048307708 64.10580892584424 64.10783381355841 
gen 55 79560 64.10767196702623 0.0002255140290162973 64.10580892584424 64.10780960160054 
gen 56 81000 64.10761061513627 0.00020146801503081473 64.10580892584424 64.10764152743165 
gen 57 82440 64.10760726423094 0.00021074450911228948 64.10580892584424 64.10764152743165 
gen 58 83880 64.10759767127577 0.0002263235766274031 64.10580892584424 64.10764152743165 
gen 59 85320 64.10759493243566 0.0002272951741301185 64.10580892584424 64.10764152743165 
gen 60 86760 64.10758511824238 0.00025340348271288965 64.10580892584424 64.10764152743165 
gen 61 88200 64.10757125041948 0.0002870169767779333 64.10580892584424 64.10764152743165 
gen 62 89640 64.10756218312137 0.00030204499236147225 64.10580892584424 64.10764152743165 
gen 63 91080 64.10753178628038 0.0003592950109524473 64.10580892584424 64.10764152743165 
gen 64 92520 64.10750834440574 0.00039430163818963087 64.10580892584424 64.10764152743165 
gen 65 93960 64.1074551597915 0.0004697955167918765 64.10580892584424 64.10764152743165 
gen 66 95400 64.10740152242215 0.0005096968854772558 64.10580892584424 64.10764152743165 
gen 67 96840 64.1072785854059 0.0005883858136537251 64.10580892584424 64.10764152743165 
gen 68 98280 64.10694525724114 0.0006945446967017843 64.1056281988869 64.10764152743165 
gen 69 99720 64.1062082923838 0.0005507673441334641 64.10323489672783 64.10727461644063 
gen 70 101160 64.1057776247989 0.00019321564913786865 64.10323489672783 64.10580892584424 
gen 71 102600 64.10574722395023 0.00022736713082018026 64.10323489672783 64.10580892584424 
gen 72 104040 64.1056546083824 0.0002861132827906701 64.10323489672783 64.10580892584424 
gen 73 105480 64.1053342997076 0.00023651263372686103 64.10323489672783 64.10580892584424 
gen 74 106920 64.10523401917625 0.00016972216986705903 64.10323489672783 64.1052614455042 
gen 75 108360 64.10521898717474 0.000179555743005135 64.10323489672783 64.1052614455042 
gen 76 109800 64.1051838459978 0.0001853974578972636 64.10323489672783 64.1052614455042 
gen 77 111240 64.10510954750939 0.00017535270886432394 64.10323489672783 64.1052614455042 
gen 78 112680 64.10505990570839 0.00016297819202300393 64.10323489672783 64.10508071945134 
gen 79 114120 64.10505990570839 0.00016297819202300393 64.10323489672783 64.10508071945134 
gen 80 115570 64.1050587580705 0.00017670206291488756 64.10282174709201 64.10508071945134 
gen 81 117010 64.10504888594174 0.00021730205882195105 64.10282174709201 64.10508071945134 
gen 82 118450 64.10503201830693 0.00027050921969533896 64.10282174709201 64.10508071945134 
gen 83 119890 64.10503003874256 0.000272743887537541 64.10282174709201 64.10508071945134 
gen 84 121330 64.10502842110137 0.00027416177651541743 64.10282174709201 64.10508071945134 
gen 85 122770 64.10501816653068 0.00030481969887439787 64.10282174709201 64.10508071945134 
gen 86 124210 64.10500755346015 0.0003305389273684706 64.10282174709201 64.10508071945134 
gen 87 125650 64.1049997056687 0.0003466619201251649 64.10282174709201 64.10508071945134 
gen 88 127090 64.10498413777799 0.0003710374902642278 64.10282174709201 64.10508071945134 
gen 89 128530 64.10495754669726 0.0004182563381891582 64.10282174709201 64.10508071945134 
gen 90 129970 64.10493943142696 0.000447684511197944 64.10282174709201 64.10508071945134 
gen 91 131410 64.10492929851232 0.0004626094959884764 64.10282174709201 64.10508071945134 
gen 92 132850 64.1048739523541 0.0005321470329661473 64.10282174709201 64.10508071945134 
gen 93 134290 64.10480234067954 0.0005987143856537044 64.10282174709201 64.10508071945134 
gen 94 135730 64.10469565608972 0.0006689997376527265 64.10282174709201 64.10508071945134 
gen 95 137170 64.1044941340432 0.0007435958856703562 64.10282174709201 64.10508071945134 
gen 96 138610 64.10401206047794 0.0007333817450709684 64.10282174709201 64.10508071945134 
gen 97 140050 64.10328635810343 0.0003960993295403482 64.1022742817019 64.10410133724862 
gen 98 141490 64.10299935201225 0.00021057050241663934 64.1022742817019 64.10323489672783 
gen 99 142930 64.10279075662854 0.0001519333402905993 64.1022742817019 64.10288496624472 
gen 100 144370 64.1026664852028 0.00024662054438878055 64.1022742817019 64.10282174709201 
gen 101 145810 64.1023587095082 0.00019680048148987424 64.1022742817019 64.10282174709201 
gen 102 147250 64.10227428170188 1.4210854715202004e-14 64.1022742817019 64.1022742817019 
gen 103 148690 64.10227428170188 1.4210854715202004e-14 64.1022742817019 64.1022742817019 
gen 104 150130 64.10227428170188 1.4210854715202004e-14 64.1022742817019 64.1022742817019 
gen 105 151570 64.10227428170188 1.4210854715202004e-14 64.1022742817019 64.1022742817019 
gen 106 153010 64.10227428170188 1.4210854715202004e-14 64.1022742817019 64.1022742817019 
gen 107 154450 64.10227428170188 1.4210854715202004e-14 64.1022742817019 64.1022742817019 
gen 108 155890 64.10227428170188 1.4210854715202004e-14 64.1022742817019 64.1022742817019 
gen 109 157330 64.10227428170188 1.4210854715202004e-14 64.1022742817019 64.1022742817019 
gen 110 158770 64.10227428170188 1.4210854715202004e-14 64.1022742817019 64.1022742817019 
gen 111 160210 64.10227428170188 1.4210854715202004e-14 64.1022742817019 64.1022742817019 
gen 112 161650 64.10227428170188 1.4210854715202004e-14 64.1022742817019 64.1022742817019 
gen 113 163090 64.10227428170188 1.4210854715202004e-14 64.1022742817019 64.1022742817019 
gen 114 164530 64.10227428170188 1.4210854715202004e-14 64.1022742817019 64.1022742817019 
gen 115 165970 64.10227428170188 1.4210854715202004e-14 64.1022742817019 64.1022742817019 
gen 116 167410 64.10227428170188 1.4210854715202004e-14 64.1022742817019 64.1022742817019 
gen 117 168850 64.10227428170188 1.4210854715202004e-14 64.1022742817019 64.1022742817019 
gen 118 170290 64.10227428170188 1.4210854715202004e-14 64.1022742817019 64.1022742817019 
gen 119 171730 64.10227428170188 1.4210854715202004e-14 64.1022742817019 64.1022742817019 
gen 120 173170 64.10227428170188 1.4210854715202004e-14 64.1022742817019 64.1022742817019 
gen 121 174610 64.10227428170188 1.4210854715202004e-14 64.1022742817019 64.1022742817019 
gen 122 176050 64.10227428170188 1.4210854715202004e-14 64.1022742817019 64.1022742817019 
gen 123 177490 64.10227428170188 1.4210854715202004e-14 64.1022742817019 64.1022742817019 
gen 124 178930 64.10227428170188 1.4210854715202004e-14 64.1022742817019 64.1022742817019 
gen 125 180370 64.10227428170188 1.4210854715202004e-14 64.1022742817019 64.1022742817019 
gen 126 181810 64.10227428170188 1.4210854715202004e-14 64.1022742817019 64.1022742817019 
gen 127 183250 64.10227428170188 1.4210854715202004e-14 64.1022742817019 64.1022742817019 
gen 128 184690 64.10227428170188 1.4210854715202004e-14 64.1022742817019 64.1022742817019 
gen 129 186130 64.10227428170188 1.4210854715202004e-14 64.1022742817019 64.1022742817019 
gen 130 187570 64.10227428170188 1.4210854715202004e-14 64.1022742817019 64.1022742817019 
gen 131 189010 64.10227428170188 1.4210854715202004e-14 64.1022742817019 64.1022742817019 
gen 132 190450 64.10227428170188 1.4210854715202004e-14 64.1022742817019 64.1022742817019 
gen 133 191890 64.10227428170188 1.4210854715202004e-14 64.1022742817019 64.1022742817019 
gen 134 193330 64.10227428170188 1.4210854715202004e-14 64.1022742817019 64.1022742817019 
gen 135 194770 64.10227428170188 1.4210854715202004e-14 64.1022742817019 64.1022742817019 
gen 136 196210 64.10227428170188 1.4210854715202004e-14 64.1022742817019 64.1022742817019 
gen 137 197650 64.10227428170188 1.4210854715202004e-14 64.1022742817019 64.1022742817019 
gen 138 199090 64.10227428170188 1.4210854715202004e-14 64.1022742817019 64.1022742817019 
gen 139 200530 64.10227428170188 1.4210854715202004e-14 64.1022742817019 64.1022742817019 
gen 140 201970 64.10227428170188 1.4210854715202004e-14 64.1022742817019 64.1022742817019 
gen 141 203410 64.10227428170188 1.4210854715202004e-14 64.1022742817019 64.1022742817019 
gen 142 204850 64.10227428170188 1.4210854715202004e-14 64.1022742817019 64.1022742817019 
gen 143 206290 64.10227428170188 1.4210854715202004e-14 64.1022742817019 64.1022742817019 
gen 144 207730 64.10227428170188 1.4210854715202004e-14 64.1022742817019 64.1022742817019 
gen 145 209170 64.10227428170188 1.4210854715202004e-14 64.1022742817019 64.1022742817019 
gen 146 210610 64.10227428170188 1.4210854715202004e-14 64.1022742817019 64.1022742817019 
gen 147 212050 64.10227428170188 1.4210854715202004e-14 64.1022742817019 64.1022742817019 
gen 148 213490 64.10227428170188 1.4210854715202004e-14 64.1022742817019 64.1022742817019 
gen 149 214930 64.10227428170188 1.4210854715202004e-14 64.1022742817019 64.1022742817019 
gen 150 216370 64.10227428170188 1.4210854715202004e-14 64.1022742817019 64.1022742817019 
gen 151 217810 64.10227428170188 1.4210854715202004e-14 64.1022742817019 64.1022742817019 
gen 152 219250 64.10227428170188 1.4210854715202004e-14 64.1022742817019 64.1022742817019 
gen 153 220690 64.10227428170188 1.4210854715202004e-14 64.1022742817019 64.1022742817019 
gen 154 222130 64.10227428170188 1.4210854715202004e-14 64.1022742817019 64.1022742817019 
gen 155 223570 64.10227428170188 1.4210854715202004e-14 64.1022742817019 64.1022742817019 
gen 156 225010 64.10227428170188 1.4210854715202004e-14 64.1022742817019 64.1022742817019 
gen 157 226450 64.10227428170188 1.4210854715202004e-14 64.1022742817019 64.1022742817019 
gen 158 227890 64.10227428170188 1.4210854715202004e-14 64.1022742817019 64.1022742817019 
gen 159 229330 64.10227428170188 1.4210854715202004e-14 64.1022742817019 64.1022742817019 
gen 160 230770 64.10227428170188 1.4210854715202004e-14 64.1022742817019 64.1022742817019 
gen 161 232210 64.10227428170188 1.4210854715202004e-14 64.1022742817019 64.1022742817019 
gen 162 233650 64.10227428170188 1.4210854715202004e-14 64.1022742817019 64.1022742817019 
gen 163 235090 64.10227428170188 1.4210854715202004e-14 64.1022742817019 64.1022742817019 
gen 164 236530 64.10227428170188 1.4210854715202004e-14 64.1022742817019 64.1022742817019 
gen 165 237970 64.10227428170188 1.4210854715202004e-14 64.1022742817019 64.1022742817019 
gen 166 239410 64.10227428170188 1.4210854715202004e-14 64.1022742817019 64.1022742817019 
gen 167 240850 64.10227428170188 1.4210854715202004e-14 64.1022742817019 64.1022742817019 
gen 168 242290 64.10227428170188 1.4210854715202004e-14 64.1022742817019 64.1022742817019 
gen 169 243730 64.10227428170188 1.4210854715202004e-14 64.1022742817019 64.1022742817019 
gen 170 245170 64.10227428170188 1.4210854715202004e-14 64.1022742817019 64.1022742817019 
gen 171 246610 64.10227428170188 1.4210854715202004e-14 64.1022742817019 64.1022742817019 
gen 172 248050 64.10227428170188 1.4210854715202004e-14 64.1022742817019 64.1022742817019 
gen 173 249490 64.10227428170188 1.4210854715202004e-14 64.1022742817019 64.1022742817019 
gen 174 250930 64.10227428170188 1.4210854715202004e-14 64.1022742817019 64.1022742817019 
gen 175 252370 64.10227428170188 1.4210854715202004e-14 64.1022742817019 64.1022742817019 
[17, 11, 15, 2, 1, 9, 16, 4, 0, 10, 7, 8, 13, 6, 5, 12, 3, 14, 10, 12, 8, 9, 16, 11, 13, 5, 4, 15, 0, 6, 3, 2, 7, 1, 17, 14, 15, 1, 5, 14, 17, 13, 6, 10, 0, 2, 8, 4, 16, 7, 12, 9, 11, 3, 3, 15, 11, 5, 4, 13, 14, 10, 1, 6, 9, 8, 12, 17, 0, 16, 7, 2, 7, 1, 3, 9, 15, 10, 0, 4, 11, 2, 13, 8, 14, 16, 5, 17, 12, 6, 15, 0, 9, 7, 10, 17, 16, 13, 3, 1, 2, 6, 5, 14, 12, 11, 8, 4, 8, 1, 10, 13, 5, 11, 9, 3, 17, 6, 2, 12, 14, 16, 0, 7, 4, 15, 14, 6, 1, 4, 3, 5, 13, 10, 0, 16, 7, 17, 12, 8, 9, 11, 2, 15, 8, 6, 13, 9, 11, 12, 16, 14, 15, 0, 7, 10, 17, 3, 2, 5, 1, 4, 8, 11, 15, 17, 2, 0, 16, 7, 5, 3, 1, 13, 6, 4, 12, 9, 14, 10, 4, 11, 3, 0, 14, 13, 17, 2, 16, 12, 10, 5, 9, 7, 6, 1, 8, 15, 15, 0, 7, 16, 13, 10, 17, 11, 14, 12, 3, 1, 8, 2, 6, 5, 9, 4, 3, 10, 2, 8, 16, 5, 11, 15, 1, 4, 17, 14, 13, 12, 0, 9, 7, 6, 6, 8, 11, 10, 3, 7, 1, 12, 2, 5, 16, 15, 4, 0, 13, 9, 17, 14, 5, 0, 4, 7, 3, 13, 17, 9, 12, 15, 8, 16, 11, 2, 1, 6, 10, 14, 14, 7, 3, 6, 8, 16, 9, 15, 12, 0, 1, 5, 4, 2, 17, 10, 13, 11, 10, 12, 1, 5, 11, 6, 2, 4, 15, 14, 0, 3, 16, 7, 8, 9, 13, 17, 11, 7, 5, 10, 1, 6, 3, 12, 2, 15, 14, 16, 8, 9, 17, 13, 4, 0, 17, 10, 1, 15, 14, 5, 2, 6, 4, 3, 12, 9, 11, 16, 7, 0, 13, 8, 15, 11, 1, 9, 8, 3, 17, 2, 0, 16, 14, 7, 5, 4, 12, 10, 6, 13]
min  64.1022742817019
NFE 252370
LSNFE 10
VLSNFE 1
runTime 654.5083518028259
