gen 0 360 65.57313135738788 0.3665899950027635 64.62004249031912 66.6986670817568 
gen 1 1800 65.05155081588786 0.16808245468047522 64.49549268438824 65.27118769471262 
gen 2 3240 64.78477933208399 0.11253469137422746 64.43162218564584 64.93281008061135 
gen 3 4680 64.63332695763108 0.0767611884629005 64.34955504447335 64.73012888046436 
gen 4 6120 64.52337083302783 0.053184941767448556 64.33356488816467 64.59313081551731 
gen 5 7560 64.4506431869437 0.04080443156861723 64.29507481810218 64.50133708426496 
gen 6 9000 64.39142204221376 0.03667018278390048 64.26343699570565 64.43653004784777 
gen 7 10440 64.33824779201711 0.02744383721911582 64.23878763152592 64.37560704456489 
gen 8 11880 64.30516452604087 0.021065383532615126 64.20387307775033 64.32961729032267 
gen 9 13320 64.28192314896553 0.018002448919765743 64.19974833414078 64.30138529094972 
gen 10 14760 64.26349298566858 0.015484392020061362 64.19974833414078 64.28163773176846 
gen 11 16200 64.25058924511322 0.014874638214274026 64.15740484663378 64.2667518484523 
gen 12 17640 64.24177752522822 0.013220992416934982 64.15740484663378 64.25703141655593 
gen 13 19080 64.23360268386112 0.013359407549036363 64.15740484663378 64.2477925967273 
gen 14 20520 64.22733373064321 0.01274312054154041 64.15740484663378 64.24136464049333 
gen 15 21960 64.22176169439483 0.012220760472739829 64.15740484663378 64.23540216537012 
gen 16 23400 64.21600709972293 0.012767106735289965 64.15740484663378 64.22962639623196 
gen 17 24840 64.20977041187147 0.012285188447007234 64.15740484663378 64.22413782054402 
gen 18 26280 64.20481404535761 0.012109586354552256 64.15740484663378 64.21804976187796 
gen 19 27720 64.2001674888363 0.012207989683650696 64.15613057116357 64.21346377233847 
gen 20 29160 64.19570621366483 0.012063106284074289 64.14929617968029 64.20901101116246 
gen 21 30600 64.19167753433936 0.011251502750205781 64.14929617968029 64.20466168415696 
gen 22 32040 64.1880731980834 0.010432399261663344 64.14929617968029 64.20058845092635 
gen 23 33480 64.18477324554773 0.010191437730024615 64.14929617968029 64.19667497977963 
gen 24 34920 64.18201679596217 0.00989439214032063 64.14927339299292 64.19416752675637 
gen 25 36360 64.17971627642756 0.00930543212469093 64.14506607020655 64.19104746786273 
gen 26 37800 64.17660999561731 0.008627567100205905 64.14506607020655 64.18715092784547 
gen 27 39240 64.17347723714089 0.008713764187221215 64.14506607020655 64.18436293705852 
gen 28 40680 64.17039500152651 0.008284787728453324 64.14506607020655 64.18099471264738 
gen 29 42120 64.1677932350145 0.008047909234002663 64.1366434510955 64.17790231548969 
gen 30 43560 64.16550840938326 0.00769831767449123 64.13356950412673 64.17523623565516 
gen 31 45000 64.16320444326979 0.00752604205712155 64.13356950412673 64.17258473783129 
gen 32 46440 64.16012675589657 0.007690317395719377 64.12966088007632 64.16965383408817 
gen 33 47880 64.15782802053826 0.007496857783440783 64.12693099341558 64.16695769588759 
gen 34 49320 64.15542833766884 0.007799337813184214 64.12693099341558 64.16407839042607 
gen 35 50760 64.15340113165502 0.007455914662223738 64.12693099341558 64.1620851348873 
gen 36 52200 64.15083854750237 0.007269201153140389 64.12683358715822 64.15984445013835 
gen 37 53640 64.14785229848496 0.007358233452998391 64.11619799781263 64.15651512573073 
gen 38 55080 64.14479580420061 0.007636490362013604 64.10558164452242 64.15337222341645 
gen 39 56520 64.14217174487865 0.007506643163438364 64.10558164452242 64.15036613948365 
gen 40 57960 64.13930006762082 0.0069854997258985115 64.10558164452242 64.14711350594015 
gen 41 59400 64.1359749177261 0.007279647586660879 64.10558164452242 64.14394380508062 
gen 42 60840 64.13253750764017 0.007226192001217612 64.10295901358445 64.1404741665367 
gen 43 62280 64.12824588300403 0.006889716224218307 64.10014876170942 64.13637247256551 
gen 44 63720 64.12517838738849 0.006472508276735351 64.10014876170942 64.13271668346877 
gen 45 65160 64.12167580026264 0.005915500953862792 64.10014876170942 64.1286171703056 
gen 46 66600 64.1181244438976 0.006023290386303889 64.09155574046609 64.12523596334074 
gen 47 68040 64.11407151793641 0.00580349857195536 64.09151788930413 64.12138069342328 
gen 48 69480 64.11072893316026 0.005097408172350772 64.0909177441701 64.11744712884796 
gen 49 70920 64.10803168515855 0.0044623852958045485 64.0909177441701 64.11382592277135 
gen 50 72360 64.1057985159552 0.004054111183988267 64.09035120547072 64.11060672795391 
gen 51 73800 64.10405565356791 0.004103988708835988 64.08903648797603 64.10860571679083 
gen 52 75240 64.10240470752537 0.003978985946941242 64.08903648797603 64.10709786766589 
gen 53 76680 64.10089672690783 0.0038615377345050817 64.08407983722428 64.10541851801996 
gen 54 78120 64.09917031286335 0.0036130203133369534 64.08407983722428 64.10321498902405 
gen 55 79560 64.09747646665718 0.003535372772352585 64.08290623574104 64.10162625633731 
gen 56 81000 64.09576354474667 0.003356055389818904 64.08252420138854 64.09987160790229 
gen 57 82440 64.09356190148512 0.0032432210494347208 64.08252420138854 64.09766391325358 
gen 58 83880 64.09107918006175 0.0030533372998951475 64.08109781634437 64.0948877458458 
gen 59 85320 64.08917503420625 0.0025436731152200594 64.08109781634437 64.09229936060676 
gen 60 86760 64.08707909955503 0.0024420673268220933 64.0777663744691 64.09018678350843 
gen 61 88200 64.08492816710508 0.0022567746804890766 64.07481816593108 64.08757618714418 
gen 62 89640 64.08330373012463 0.0021684440958384876 64.07481816593108 64.08584156063041 
gen 63 91080 64.08198085488743 0.0019610077282444945 64.07481816593108 64.0843449212696 
gen 64 92520 64.08079787346536 0.0017086122808295146 64.07348618296747 64.0829398923961 
gen 65 93960 64.07979670217028 0.001615210235065386 64.0724744630977 64.08181194842668 
gen 66 95400 64.0787967672056 0.0014874595493778065 64.0724744630977 64.08067011117348 
gen 67 96840 64.07794945715618 0.0013744187802944648 64.0724744630977 64.0795534888418 
gen 68 98280 64.07719557379292 0.0013210077830466836 64.0724744630977 64.07874084314903 
gen 69 99720 64.07650812923481 0.0011878779339937935 64.0724744630977 64.07793028247761 
gen 70 101160 64.0757353487062 0.0010752106452098012 64.0724744630977 64.07716440562228 
gen 71 102600 64.07499147562393 0.0008556418581529439 64.0724425209082 64.07616419677535 
gen 72 104040 64.07445386323114 0.0007563476339713998 64.07216842820357 64.0754757234752 
gen 73 105480 64.07405051207373 0.0006288872039350771 64.07216842820357 64.07482722389427 
gen 74 106920 64.07368682851033 0.0005378085125861071 64.07216842820357 64.07440930479333 
gen 75 108360 64.07342469839722 0.000476287757016063 64.07216842820357 64.07400620636757 
gen 76 109800 64.07323645530958 0.0004604171264376182 64.07171657351718 64.07381685648394 
gen 77 111240 64.07307107391921 0.00045497200222729413 64.07152812670128 64.07361330707326 
gen 78 112680 64.07294326757678 0.00042100654083636276 64.07152812670128 64.0734920195011 
gen 79 114120 64.07278837855269 0.0003897422153137159 64.07152812670128 64.07330655978525 
gen 80 115560 64.07266489258724 0.000384444826027794 64.07129936683 64.073134188163 
gen 81 117000 64.07253147784142 0.0003744361037275116 64.07129936683 64.07302256734602 
gen 82 118440 64.07239565765259 0.0003288089671475598 64.07129936683 64.07285892879234 
gen 83 119880 64.07225016392664 0.00028631828371774735 64.07129936683 64.07261987540167 
gen 84 121320 64.07215367985144 0.0002753468122948008 64.07129936683 64.0724744630977 
gen 85 122760 64.07205905437368 0.00027881830518132364 64.07129936683 64.0724171065827 
gen 86 124200 64.07196861629541 0.00027431871870073213 64.07129936683 64.07221054975679 
gen 87 125640 64.07190077889844 0.0002743006984743083 64.07129936683 64.07220426432289 
gen 88 127080 64.07182207808168 0.00026868667020882 64.07129936683 64.072188687293 
gen 89 128520 64.07172095923173 0.00023269593267724028 64.07129936683 64.07210287228897 
gen 90 129960 64.07161414263076 0.00019638880225855611 64.07129936683 64.0717872771917 
gen 91 131400 64.071551054834 0.00020666499412163165 64.07129936683 64.07174021481025 
gen 92 132840 64.07149006737039 0.00020616793236379193 64.07129936683 64.07171657351718 
gen 93 134280 64.07140546712549 0.0001797744470985647 64.07129936683 64.07171657351718 
gen 94 135720 64.07129936682999 1.4210854715202004e-14 64.07129936683 64.07129936683 
gen 95 137160 64.07129936682999 1.4210854715202004e-14 64.07129936683 64.07129936683 
gen 96 138600 64.07129936682999 1.4210854715202004e-14 64.07129936683 64.07129936683 
gen 97 140040 64.07129936682999 1.4210854715202004e-14 64.07129936683 64.07129936683 
gen 98 141480 64.07129936682999 1.4210854715202004e-14 64.07129936683 64.07129936683 
gen 99 142920 64.07129936682999 1.4210854715202004e-14 64.07129936683 64.07129936683 
gen 100 144360 64.07129936682999 1.4210854715202004e-14 64.07129936683 64.07129936683 
gen 101 145800 64.07129936682999 1.4210854715202004e-14 64.07129936683 64.07129936683 
gen 102 147240 64.07129936682999 1.4210854715202004e-14 64.07129936683 64.07129936683 
gen 103 148680 64.07129936682999 1.4210854715202004e-14 64.07129936683 64.07129936683 
gen 104 150120 64.07129936682999 1.4210854715202004e-14 64.07129936683 64.07129936683 
gen 105 151560 64.07129936682999 1.4210854715202004e-14 64.07129936683 64.07129936683 
gen 106 153000 64.07129936682999 1.4210854715202004e-14 64.07129936683 64.07129936683 
gen 107 154440 64.07129936682999 1.4210854715202004e-14 64.07129936683 64.07129936683 
gen 108 155880 64.07129936682999 1.4210854715202004e-14 64.07129936683 64.07129936683 
gen 109 157320 64.07129936682999 1.4210854715202004e-14 64.07129936683 64.07129936683 
gen 110 158760 64.07129936682999 1.4210854715202004e-14 64.07129936683 64.07129936683 
gen 111 160200 64.07129936682999 1.4210854715202004e-14 64.07129936683 64.07129936683 
gen 112 161640 64.07129936682999 1.4210854715202004e-14 64.07129936683 64.07129936683 
gen 113 163080 64.07129936682999 1.4210854715202004e-14 64.07129936683 64.07129936683 
gen 114 164520 64.07129936682999 1.4210854715202004e-14 64.07129936683 64.07129936683 
gen 115 165960 64.07129936682999 1.4210854715202004e-14 64.07129936683 64.07129936683 
gen 116 167400 64.07129936682999 1.4210854715202004e-14 64.07129936683 64.07129936683 
gen 117 168840 64.07129936682999 1.4210854715202004e-14 64.07129936683 64.07129936683 
gen 118 170280 64.07129936682999 1.4210854715202004e-14 64.07129936683 64.07129936683 
gen 119 171720 64.07129936682999 1.4210854715202004e-14 64.07129936683 64.07129936683 
gen 120 173160 64.07129936682999 1.4210854715202004e-14 64.07129936683 64.07129936683 
gen 121 174600 64.07129936682999 1.4210854715202004e-14 64.07129936683 64.07129936683 
gen 122 176040 64.07129936682999 1.4210854715202004e-14 64.07129936683 64.07129936683 
gen 123 177480 64.07129936682999 1.4210854715202004e-14 64.07129936683 64.07129936683 
gen 124 178920 64.07129936682999 1.4210854715202004e-14 64.07129936683 64.07129936683 
gen 125 180360 64.07129936682999 1.4210854715202004e-14 64.07129936683 64.07129936683 
gen 126 181800 64.07129936682999 1.4210854715202004e-14 64.07129936683 64.07129936683 
gen 127 183240 64.07129936682999 1.4210854715202004e-14 64.07129936683 64.07129936683 
gen 128 184680 64.07129936682999 1.4210854715202004e-14 64.07129936683 64.07129936683 
gen 129 186120 64.07129936682999 1.4210854715202004e-14 64.07129936683 64.07129936683 
gen 130 187560 64.07129936682999 1.4210854715202004e-14 64.07129936683 64.07129936683 
gen 131 189000 64.07129936682999 1.4210854715202004e-14 64.07129936683 64.07129936683 
gen 132 190440 64.07129936682999 1.4210854715202004e-14 64.07129936683 64.07129936683 
gen 133 191880 64.07129936682999 1.4210854715202004e-14 64.07129936683 64.07129936683 
gen 134 193320 64.07129936682999 1.4210854715202004e-14 64.07129936683 64.07129936683 
gen 135 194760 64.07129936682999 1.4210854715202004e-14 64.07129936683 64.07129936683 
gen 136 196200 64.07129936682999 1.4210854715202004e-14 64.07129936683 64.07129936683 
gen 137 197640 64.07129936682999 1.4210854715202004e-14 64.07129936683 64.07129936683 
gen 138 199080 64.07129936682999 1.4210854715202004e-14 64.07129936683 64.07129936683 
gen 139 200520 64.07129936682999 1.4210854715202004e-14 64.07129936683 64.07129936683 
gen 140 201960 64.07129936682999 1.4210854715202004e-14 64.07129936683 64.07129936683 
gen 141 203400 64.07129936682999 1.4210854715202004e-14 64.07129936683 64.07129936683 
gen 142 204840 64.07129936682999 1.4210854715202004e-14 64.07129936683 64.07129936683 
gen 143 206280 64.07129936682999 1.4210854715202004e-14 64.07129936683 64.07129936683 
gen 144 207720 64.07129936682999 1.4210854715202004e-14 64.07129936683 64.07129936683 
gen 145 209160 64.07129936682999 1.4210854715202004e-14 64.07129936683 64.07129936683 
gen 146 210600 64.07129936682999 1.4210854715202004e-14 64.07129936683 64.07129936683 
gen 147 212040 64.07129936682999 1.4210854715202004e-14 64.07129936683 64.07129936683 
gen 148 213480 64.07129936682999 1.4210854715202004e-14 64.07129936683 64.07129936683 
gen 149 214920 64.07129936682999 1.4210854715202004e-14 64.07129936683 64.07129936683 
gen 150 216360 64.07129936682999 1.4210854715202004e-14 64.07129936683 64.07129936683 
gen 151 217800 64.07129936682999 1.4210854715202004e-14 64.07129936683 64.07129936683 
gen 152 219240 64.07129936682999 1.4210854715202004e-14 64.07129936683 64.07129936683 
gen 153 220680 64.07129936682999 1.4210854715202004e-14 64.07129936683 64.07129936683 
gen 154 222120 64.07129936682999 1.4210854715202004e-14 64.07129936683 64.07129936683 
gen 155 223560 64.07129936682999 1.4210854715202004e-14 64.07129936683 64.07129936683 
gen 156 225000 64.07129936682999 1.4210854715202004e-14 64.07129936683 64.07129936683 
gen 157 226440 64.07129936682999 1.4210854715202004e-14 64.07129936683 64.07129936683 
gen 158 227880 64.07129936682999 1.4210854715202004e-14 64.07129936683 64.07129936683 
gen 159 229320 64.07129936682999 1.4210854715202004e-14 64.07129936683 64.07129936683 
gen 160 230760 64.07129936682999 1.4210854715202004e-14 64.07129936683 64.07129936683 
gen 161 232200 64.07129936682999 1.4210854715202004e-14 64.07129936683 64.07129936683 
gen 162 233640 64.07129936682999 1.4210854715202004e-14 64.07129936683 64.07129936683 
gen 163 235080 64.07129936682999 1.4210854715202004e-14 64.07129936683 64.07129936683 
gen 164 236520 64.07129936682999 1.4210854715202004e-14 64.07129936683 64.07129936683 
gen 165 237960 64.07129936682999 1.4210854715202004e-14 64.07129936683 64.07129936683 
gen 166 239400 64.07129936682999 1.4210854715202004e-14 64.07129936683 64.07129936683 
gen 167 240840 64.07129936682999 1.4210854715202004e-14 64.07129936683 64.07129936683 
gen 168 242280 64.07129936682999 1.4210854715202004e-14 64.07129936683 64.07129936683 
gen 169 243720 64.07129936682999 1.4210854715202004e-14 64.07129936683 64.07129936683 
gen 170 245160 64.07129936682999 1.4210854715202004e-14 64.07129936683 64.07129936683 
gen 171 246600 64.07129936682999 1.4210854715202004e-14 64.07129936683 64.07129936683 
gen 172 248040 64.07129936682999 1.4210854715202004e-14 64.07129936683 64.07129936683 
gen 173 249480 64.07129936682999 1.4210854715202004e-14 64.07129936683 64.07129936683 
gen 174 250920 64.07129936682999 1.4210854715202004e-14 64.07129936683 64.07129936683 
gen 175 252360 64.07129936682999 1.4210854715202004e-14 64.07129936683 64.07129936683 
[9, 15, 17, 5, 4, 12, 6, 7, 0, 8, 1, 10, 16, 3, 14, 11, 2, 13, 14, 1, 15, 11, 5, 3, 4, 12, 6, 2, 17, 10, 16, 13, 8, 9, 0, 7, 7, 15, 14, 0, 8, 6, 11, 5, 16, 9, 3, 1, 10, 17, 2, 4, 13, 12, 14, 16, 15, 17, 4, 5, 9, 8, 13, 10, 1, 7, 12, 6, 3, 11, 0, 2, 15, 13, 2, 1, 3, 6, 5, 11, 14, 7, 0, 17, 16, 10, 4, 9, 12, 8, 10, 14, 2, 7, 4, 3, 0, 13, 9, 11, 15, 12, 17, 1, 16, 8, 5, 6, 0, 2, 12, 16, 14, 11, 9, 13, 1, 4, 8, 3, 15, 7, 10, 17, 5, 6, 6, 11, 3, 16, 4, 2, 13, 12, 9, 0, 1, 14, 17, 5, 15, 7, 8, 10, 8, 6, 13, 9, 11, 12, 15, 16, 0, 10, 14, 2, 7, 4, 3, 17, 1, 5, 5, 2, 17, 3, 4, 11, 8, 6, 10, 16, 0, 12, 9, 13, 15, 14, 1, 7, 10, 2, 17, 13, 8, 1, 14, 5, 11, 15, 16, 4, 7, 3, 0, 9, 12, 6, 16, 0, 10, 14, 2, 7, 4, 9, 6, 15, 3, 17, 12, 1, 5, 13, 11, 8, 4, 9, 6, 15, 3, 8, 10, 11, 14, 12, 17, 7, 2, 1, 5, 13, 16, 0, 11, 15, 6, 14, 4, 0, 2, 16, 3, 17, 12, 10, 9, 1, 13, 5, 7, 8, 16, 9, 7, 0, 14, 15, 17, 8, 12, 4, 2, 1, 13, 5, 3, 10, 6, 11, 1, 11, 14, 6, 3, 4, 12, 5, 9, 17, 13, 7, 10, 16, 15, 0, 2, 8, 2, 0, 12, 4, 6, 9, 10, 5, 17, 15, 1, 7, 13, 8, 16, 14, 11, 3, 9, 14, 7, 6, 11, 13, 17, 8, 1, 5, 2, 3, 16, 4, 0, 12, 10, 15, 16, 8, 13, 7, 5, 1, 0, 14, 3, 12, 6, 9, 15, 17, 10, 2, 4, 11, 14, 0, 2, 4, 11, 17, 13, 1, 12, 15, 10, 7, 6, 8, 9, 16, 5, 3]
min  64.07129936683
NFE 252360
LSNFE 0
VLSNFE 0
runTime 658.460216999054
