gen 0 360 65.59528612150984 0.37728538050926114 64.65135397432674 66.57707544230315 
gen 1 1800 65.08010836855456 0.16600376810347472 64.48676094346504 65.2908589624484 
gen 2 3240 64.82801535686664 0.10488765557328503 64.37014173192351 64.9653911380098 
gen 3 4680 64.67314374999397 0.08272529490730797 64.34716774274682 64.76863537750238 
gen 4 6120 64.54876819073876 0.0682067835278995 64.33791201295733 64.63130660537887 
gen 5 7560 64.46089537267456 0.04756729739104833 64.30547474990202 64.5225988639506 
gen 6 9000 64.40105424843391 0.03698487274503004 64.26113959462732 64.44820274468348 
gen 7 10440 64.3502438936007 0.02954351505429009 64.24206135335275 64.38719441614373 
gen 8 11880 64.31565878570575 0.021233904605850378 64.24206135335275 64.34258901504606 
gen 9 13320 64.28892641074441 0.017477663362350324 64.21485176782716 64.30932780908432 
gen 10 14760 64.26891852860051 0.015348537560646231 64.20952134444421 64.28701692805592 
gen 11 16200 64.2530638358065 0.013842556173982262 64.1906485087944 64.27045187562983 
gen 12 17640 64.2430587340432 0.012112568126598753 64.1906485087944 64.25720651602902 
gen 13 19080 64.23526659832552 0.011989139856092986 64.1757096921761 64.25009987739325 
gen 14 20530 64.22868591061166 0.01152265460032205 64.1623840838447 64.24184074020782 
gen 15 21970 64.22331572542934 0.011377559333494838 64.1623840838447 64.23638868912712 
gen 16 23410 64.21670394981662 0.01213303591898731 64.14547662804087 64.23025969549761 
gen 17 24850 64.2108917317925 0.012302872974372586 64.14547662804087 64.22469668514003 
gen 18 26290 64.20685322651238 0.011602683734665852 64.14547662804087 64.22057635458721 
gen 19 27730 64.2035512329478 0.010703408305973647 64.14547662804087 64.2160121751884 
gen 20 29170 64.19903231183845 0.010501752712631556 64.14547662804087 64.21125740180578 
gen 21 30610 64.19476213044598 0.010325882687589953 64.14547662804087 64.20680952286405 
gen 22 32050 64.19168558962748 0.010660126903129208 64.14350840659219 64.20372356080003 
gen 23 33490 64.18799455387797 0.010758814643942384 64.12625295684028 64.20028272445555 
gen 24 34930 64.18452825343262 0.010445152109507241 64.12625295684028 64.19597986434384 
gen 25 36370 64.18131169223538 0.010080712066445263 64.12625295684028 64.19247853154302 
gen 26 37810 64.17863009970901 0.009921596950335019 64.12625295684028 64.18911998193428 
gen 27 39250 64.1754790261448 0.009705975024664798 64.12625295684028 64.18592785891079 
gen 28 40690 64.17211412206329 0.009662165998313366 64.12625295684028 64.1832058376816 
gen 29 42130 64.16884818991035 0.00909466553440174 64.12625295684028 64.1794179760127 
gen 30 43570 64.16555654306221 0.008838933547063945 64.12625295684028 64.17613398034383 
gen 31 45010 64.16232475450592 0.008853083880167381 64.12139656100324 64.17252648091349 
gen 32 46450 64.16024614761463 0.008061777987065873 64.12139656100324 64.16941838230213 
gen 33 47890 64.15793018335232 0.007969417339112767 64.12139656100324 64.16705418773242 
gen 34 49330 64.15505395624263 0.00821791333815667 64.11645810367426 64.1643609212071 
gen 35 50770 64.15217810565704 0.007860554595544661 64.11645810367426 64.16122772307637 
gen 36 52210 64.14961030360247 0.0075201143492409535 64.11645810367426 64.15831452364824 
gen 37 53650 64.14654151998431 0.007592993518845078 64.11238598733866 64.1549723184338 
gen 38 55090 64.14314113570676 0.0073554374054270585 64.11238598733866 64.15183588524522 
gen 39 56530 64.13944259592522 0.006688196535262119 64.11238598733866 64.14726571163989 
gen 40 57970 64.13508494966445 0.005336621742986293 64.11238598733866 64.14177629395279 
gen 41 59410 64.13136413843647 0.004934832235957672 64.10706962613642 64.13718322774905 
gen 42 60850 64.12791158710948 0.004708389187144269 64.105553184134 64.13314013716023 
gen 43 62290 64.12497519613815 0.0047876011242359955 64.10239140376888 64.13015953143001 
gen 44 63730 64.12231890425328 0.004679066506025821 64.10005755722989 64.12724050790263 
gen 45 65170 64.11975661134699 0.0047936774336487875 64.09631877249556 64.1248645828658 
gen 46 66610 64.1168228793769 0.004865321545543523 64.09631877249556 64.12199106336085 
gen 47 68050 64.11434205767603 0.0044991491838725335 64.09631877249556 64.11955560937365 
gen 48 69490 64.11212902157857 0.004194248462074446 64.09631877249556 64.11729021196543 
gen 49 70930 64.10952787937538 0.003954392240715747 64.09207841150509 64.11416029310755 
gen 50 72370 64.10729483516296 0.003976912423419948 64.09176661515123 64.11194781643638 
gen 51 73810 64.10520106091849 0.0038540268460842395 64.08889413117926 64.10957835218532 
gen 52 75250 64.10307369399982 0.003612401997858456 64.08889413117926 64.1073169973648 
gen 53 76690 64.10063113652008 0.0036111261107110515 64.0822048429928 64.10496264529054 
gen 54 78130 64.09817907540994 0.0034193634546730817 64.0822048429928 64.1022847015521 
gen 55 79570 64.09589137853992 0.0032135428578496947 64.0822048429928 64.09969621894399 
gen 56 81010 64.09381135507921 0.003076162584967923 64.0822048429928 64.09735977661968 
gen 57 82450 64.09199940907986 0.0030454712037542883 64.08075049019774 64.09559874064236 
gen 58 83890 64.09017830374586 0.002986163056089826 64.07849532468862 64.09378402888602 
gen 59 85330 64.08854666450824 0.0028410850663347577 64.07591839963209 64.09191941918398 
gen 60 86770 64.08693504301051 0.0026428095972326785 64.07591839963209 64.08988894398367 
gen 61 88210 64.0855962297988 0.0023497082090785984 64.07591839963209 64.08842019810022 
gen 62 89650 64.08423236683014 0.0022723289049166578 64.07588563553833 64.0868437844651 
gen 63 91090 64.08306862691843 0.0020074465956639734 64.07588563553833 64.0855247374135 
gen 64 92530 64.08173660512378 0.0017983211790220132 64.07588563553833 64.08394940250861 
gen 65 93970 64.08058857774158 0.0016090072001956575 64.07588563553833 64.08270849470368 
gen 66 95410 64.07972273414455 0.001352228682508453 64.07582064353959 64.08150817465486 
gen 67 96850 64.0788913312502 0.0012757054120624617 64.07509810063871 64.08049511937011 
gen 68 98290 64.07829278284618 0.0012047357606295602 64.07413634741677 64.07978903680694 
gen 69 99730 64.07769831023099 0.0010397585658434014 64.07413634741677 64.07919871978739 
gen 70 101170 64.07718979057438 0.0008590949765670465 64.07413634741677 64.07834205670164 
gen 71 102610 64.07683131980393 0.0007797584222167209 64.07413634741677 64.07782600268268 
gen 72 104050 64.07642858318415 0.0007078641839956855 64.07413634741677 64.0773290083613 
gen 73 105490 64.0761347811944 0.0006362622530906838 64.07413634741677 64.07693570085709 
gen 74 106930 64.07586483735706 0.0006019088491072213 64.07413634741677 64.07663748830933 
gen 75 108370 64.07561196306153 0.0005642933269289462 64.07413634741677 64.0763346735679 
gen 76 109810 64.07539670815089 0.000512906368967092 64.07413634741677 64.07607376182185 
gen 77 111250 64.07517903716814 0.0004656671086966066 64.07413634741677 64.07578718524859 
gen 78 112690 64.07494483120384 0.00041142076675262256 64.07413634741677 64.07553763057867 
gen 79 114130 64.0747272648655 0.0003116980487215886 64.07413634741677 64.0752543740523 
gen 80 115570 64.07457593773454 0.0002313125516409856 64.07413634741677 64.0748616533233 
gen 81 117010 64.07443982260752 0.00016404566437690988 64.07413634741677 64.07479341965819 
gen 82 118450 64.07436552983275 8.203433053514947e-05 64.07413634741677 64.07442140095232 
gen 83 119890 64.0743528821927 8.088891162193231e-05 64.07413634741677 64.07442140095232 
gen 84 121330 64.07432843008212 7.524571455610819e-05 64.07413634741677 64.07442140095232 
gen 85 122770 64.07431588339179 7.427647973005637e-05 64.07413634741677 64.07435316755063 
gen 86 124210 64.07430552783643 8.142893723088419e-05 64.07413634741677 64.07435316755063 
gen 87 125650 64.07429438222431 8.738953228357434e-05 64.07413634741677 64.07435316755063 
gen 88 127090 64.07427807483931 9.196256550015458e-05 64.07413634741677 64.07435316755063 
gen 89 128530 64.07424335556213 9.340548923264674e-05 64.07413634741677 64.07435316755063 
gen 90 129970 64.07418859840423 6.282938416859245e-05 64.07413634741677 64.07435316755063 
gen 91 131410 64.07415043081386 2.745359503117292e-05 64.07413634741677 64.07420394772282 
gen 92 132850 64.07413634741678 1.4210854715202004e-14 64.07413634741677 64.07413634741677 
gen 93 134290 64.07413634741678 1.4210854715202004e-14 64.07413634741677 64.07413634741677 
gen 94 135730 64.07413634741678 1.4210854715202004e-14 64.07413634741677 64.07413634741677 
gen 95 137170 64.07413634741678 1.4210854715202004e-14 64.07413634741677 64.07413634741677 
gen 96 138610 64.07413634741678 1.4210854715202004e-14 64.07413634741677 64.07413634741677 
gen 97 140050 64.07413634741678 1.4210854715202004e-14 64.07413634741677 64.07413634741677 
gen 98 141490 64.07413634741678 1.4210854715202004e-14 64.07413634741677 64.07413634741677 
gen 99 142930 64.07413634741678 1.4210854715202004e-14 64.07413634741677 64.07413634741677 
gen 100 144370 64.07413634741678 1.4210854715202004e-14 64.07413634741677 64.07413634741677 
gen 101 145810 64.07413634741678 1.4210854715202004e-14 64.07413634741677 64.07413634741677 
gen 102 147250 64.07413634741678 1.4210854715202004e-14 64.07413634741677 64.07413634741677 
gen 103 148690 64.07413634741678 1.4210854715202004e-14 64.07413634741677 64.07413634741677 
gen 104 150130 64.07413634741678 1.4210854715202004e-14 64.07413634741677 64.07413634741677 
gen 105 151570 64.07413634741678 1.4210854715202004e-14 64.07413634741677 64.07413634741677 
gen 106 153010 64.07413634741678 1.4210854715202004e-14 64.07413634741677 64.07413634741677 
gen 107 154450 64.07413634741678 1.4210854715202004e-14 64.07413634741677 64.07413634741677 
gen 108 155890 64.07413634741678 1.4210854715202004e-14 64.07413634741677 64.07413634741677 
gen 109 157330 64.07413634741678 1.4210854715202004e-14 64.07413634741677 64.07413634741677 
gen 110 158770 64.07413634741678 1.4210854715202004e-14 64.07413634741677 64.07413634741677 
gen 111 160210 64.07413634741678 1.4210854715202004e-14 64.07413634741677 64.07413634741677 
gen 112 161650 64.07413634741678 1.4210854715202004e-14 64.07413634741677 64.07413634741677 
gen 113 163090 64.07413634741678 1.4210854715202004e-14 64.07413634741677 64.07413634741677 
gen 114 164530 64.07413634741678 1.4210854715202004e-14 64.07413634741677 64.07413634741677 
gen 115 165970 64.07413634741678 1.4210854715202004e-14 64.07413634741677 64.07413634741677 
gen 116 167410 64.07413634741678 1.4210854715202004e-14 64.07413634741677 64.07413634741677 
gen 117 168850 64.07413634741678 1.4210854715202004e-14 64.07413634741677 64.07413634741677 
gen 118 170290 64.07413634741678 1.4210854715202004e-14 64.07413634741677 64.07413634741677 
gen 119 171730 64.07413634741678 1.4210854715202004e-14 64.07413634741677 64.07413634741677 
gen 120 173170 64.07413634741678 1.4210854715202004e-14 64.07413634741677 64.07413634741677 
gen 121 174610 64.07413634741678 1.4210854715202004e-14 64.07413634741677 64.07413634741677 
gen 122 176050 64.07413634741678 1.4210854715202004e-14 64.07413634741677 64.07413634741677 
gen 123 177490 64.07413634741678 1.4210854715202004e-14 64.07413634741677 64.07413634741677 
gen 124 178930 64.07413634741678 1.4210854715202004e-14 64.07413634741677 64.07413634741677 
gen 125 180370 64.07413634741678 1.4210854715202004e-14 64.07413634741677 64.07413634741677 
gen 126 181810 64.07413634741678 1.4210854715202004e-14 64.07413634741677 64.07413634741677 
gen 127 183250 64.07413634741678 1.4210854715202004e-14 64.07413634741677 64.07413634741677 
gen 128 184690 64.07413634741678 1.4210854715202004e-14 64.07413634741677 64.07413634741677 
gen 129 186130 64.07413634741678 1.4210854715202004e-14 64.07413634741677 64.07413634741677 
gen 130 187570 64.07413634741678 1.4210854715202004e-14 64.07413634741677 64.07413634741677 
gen 131 189010 64.07413634741678 1.4210854715202004e-14 64.07413634741677 64.07413634741677 
gen 132 190450 64.07413634741678 1.4210854715202004e-14 64.07413634741677 64.07413634741677 
gen 133 191890 64.07413634741678 1.4210854715202004e-14 64.07413634741677 64.07413634741677 
gen 134 193330 64.07413634741678 1.4210854715202004e-14 64.07413634741677 64.07413634741677 
gen 135 194770 64.07413634741678 1.4210854715202004e-14 64.07413634741677 64.07413634741677 
gen 136 196210 64.07413634741678 1.4210854715202004e-14 64.07413634741677 64.07413634741677 
gen 137 197650 64.07413634741678 1.4210854715202004e-14 64.07413634741677 64.07413634741677 
gen 138 199090 64.07413634741678 1.4210854715202004e-14 64.07413634741677 64.07413634741677 
gen 139 200530 64.07413634741678 1.4210854715202004e-14 64.07413634741677 64.07413634741677 
gen 140 201970 64.07413634741678 1.4210854715202004e-14 64.07413634741677 64.07413634741677 
gen 141 203410 64.07413634741678 1.4210854715202004e-14 64.07413634741677 64.07413634741677 
gen 142 204850 64.07413634741678 1.4210854715202004e-14 64.07413634741677 64.07413634741677 
gen 143 206290 64.07413634741678 1.4210854715202004e-14 64.07413634741677 64.07413634741677 
gen 144 207730 64.07413634741678 1.4210854715202004e-14 64.07413634741677 64.07413634741677 
gen 145 209170 64.07413634741678 1.4210854715202004e-14 64.07413634741677 64.07413634741677 
gen 146 210610 64.07413634741678 1.4210854715202004e-14 64.07413634741677 64.07413634741677 
gen 147 212050 64.07413634741678 1.4210854715202004e-14 64.07413634741677 64.07413634741677 
gen 148 213490 64.07413634741678 1.4210854715202004e-14 64.07413634741677 64.07413634741677 
gen 149 214930 64.07413634741678 1.4210854715202004e-14 64.07413634741677 64.07413634741677 
gen 150 216370 64.07413634741678 1.4210854715202004e-14 64.07413634741677 64.07413634741677 
gen 151 217810 64.07413634741678 1.4210854715202004e-14 64.07413634741677 64.07413634741677 
gen 152 219250 64.07413634741678 1.4210854715202004e-14 64.07413634741677 64.07413634741677 
gen 153 220690 64.07413634741678 1.4210854715202004e-14 64.07413634741677 64.07413634741677 
gen 154 222130 64.07413634741678 1.4210854715202004e-14 64.07413634741677 64.07413634741677 
gen 155 223570 64.07413634741678 1.4210854715202004e-14 64.07413634741677 64.07413634741677 
gen 156 225010 64.07413634741678 1.4210854715202004e-14 64.07413634741677 64.07413634741677 
gen 157 226450 64.07413634741678 1.4210854715202004e-14 64.07413634741677 64.07413634741677 
gen 158 227890 64.07413634741678 1.4210854715202004e-14 64.07413634741677 64.07413634741677 
gen 159 229330 64.07413634741678 1.4210854715202004e-14 64.07413634741677 64.07413634741677 
gen 160 230770 64.07413634741678 1.4210854715202004e-14 64.07413634741677 64.07413634741677 
gen 161 232210 64.07413634741678 1.4210854715202004e-14 64.07413634741677 64.07413634741677 
gen 162 233650 64.07413634741678 1.4210854715202004e-14 64.07413634741677 64.07413634741677 
gen 163 235090 64.07413634741678 1.4210854715202004e-14 64.07413634741677 64.07413634741677 
gen 164 236530 64.07413634741678 1.4210854715202004e-14 64.07413634741677 64.07413634741677 
gen 165 237970 64.07413634741678 1.4210854715202004e-14 64.07413634741677 64.07413634741677 
gen 166 239410 64.07413634741678 1.4210854715202004e-14 64.07413634741677 64.07413634741677 
gen 167 240850 64.07413634741678 1.4210854715202004e-14 64.07413634741677 64.07413634741677 
gen 168 242290 64.07413634741678 1.4210854715202004e-14 64.07413634741677 64.07413634741677 
gen 169 243730 64.07413634741678 1.4210854715202004e-14 64.07413634741677 64.07413634741677 
gen 170 245170 64.07413634741678 1.4210854715202004e-14 64.07413634741677 64.07413634741677 
gen 171 246610 64.07413634741678 1.4210854715202004e-14 64.07413634741677 64.07413634741677 
gen 172 248050 64.07413634741678 1.4210854715202004e-14 64.07413634741677 64.07413634741677 
gen 173 249490 64.07413634741678 1.4210854715202004e-14 64.07413634741677 64.07413634741677 
gen 174 250930 64.07413634741678 1.4210854715202004e-14 64.07413634741677 64.07413634741677 
gen 175 252370 64.07413634741678 1.4210854715202004e-14 64.07413634741677 64.07413634741677 
[0, 14, 5, 11, 1, 10, 6, 2, 12, 8, 17, 9, 3, 15, 4, 7, 16, 13, 9, 10, 6, 7, 14, 3, 4, 2, 13, 1, 12, 0, 8, 5, 17, 11, 16, 15, 17, 9, 15, 12, 10, 14, 13, 8, 11, 2, 6, 5, 1, 3, 0, 4, 7, 16, 10, 5, 16, 13, 7, 3, 12, 9, 4, 8, 0, 15, 6, 14, 17, 1, 2, 11, 9, 11, 8, 12, 3, 1, 7, 16, 14, 0, 5, 15, 13, 6, 17, 10, 4, 2, 0, 10, 14, 3, 7, 4, 6, 16, 1, 2, 17, 11, 5, 12, 9, 13, 15, 8, 6, 9, 10, 8, 17, 11, 5, 2, 15, 3, 14, 7, 1, 16, 4, 13, 12, 0, 6, 1, 12, 13, 0, 11, 14, 7, 3, 2, 8, 17, 9, 4, 10, 16, 5, 15, 8, 6, 13, 9, 11, 12, 16, 15, 14, 0, 10, 3, 7, 4, 1, 2, 17, 5, 13, 14, 12, 2, 0, 16, 8, 1, 17, 6, 10, 9, 11, 3, 7, 5, 4, 15, 13, 14, 7, 5, 2, 8, 4, 12, 10, 3, 6, 17, 11, 1, 16, 0, 9, 15, 15, 13, 14, 0, 10, 3, 7, 4, 16, 6, 11, 1, 2, 8, 17, 12, 5, 9, 1, 2, 16, 17, 9, 13, 3, 12, 11, 5, 15, 4, 0, 14, 7, 6, 8, 10, 8, 7, 4, 0, 9, 1, 2, 6, 13, 15, 12, 17, 5, 14, 10, 16, 3, 11, 1, 11, 4, 7, 14, 15, 17, 10, 12, 2, 3, 16, 0, 8, 6, 5, 13, 9, 1, 13, 6, 17, 16, 2, 7, 0, 10, 4, 9, 15, 8, 5, 14, 3, 12, 11, 0, 13, 1, 16, 10, 15, 12, 4, 2, 3, 6, 9, 8, 5, 7, 11, 14, 17, 12, 9, 7, 0, 8, 15, 6, 4, 13, 2, 5, 1, 16, 3, 14, 11, 10, 17, 1, 2, 6, 4, 14, 16, 11, 5, 12, 13, 17, 15, 8, 0, 3, 7, 9, 10, 9, 3, 7, 4, 16, 13, 1, 6, 15, 12, 11, 2, 14, 8, 17, 0, 10, 5]
min  64.07413634741677
NFE 252370
LSNFE 10
VLSNFE 1
runTime 662.3384246826172
