gen 0 400 25000413.344524436 499374588.14278483 310.57330497007746 9999999999.0 
gen 1 2000 356.5177384554218 18.04181677434084 297.1618494542455 378.0450827792097 
gen 2 3600 334.8624618408466 13.213175519271541 285.7955960482643 352.08434731868897 
gen 3 5200 322.70932003223567 11.680155588378373 271.5523544594553 336.8554059560184 
gen 4 6800 313.89951535358927 10.736102365864072 267.63427769260113 326.76903705871484 
gen 5 8400 306.80147804334354 11.394049357854993 245.47669788122306 319.496910032155 
gen 6 10020 300.78838443317795 11.678469040611212 240.21565963502167 313.2384722584157 
gen 7 11630 295.11600784405886 12.454181290218076 238.3984469782367 308.2271813149594 
gen 8 13230 290.18323315868224 12.05993545410326 238.3984469782367 303.3447327747763 
gen 9 14850 284.80302555260977 11.80014869318356 225.90848577898709 297.8421499528919 
gen 10 16470 278.8029752632746 11.4965534831593 222.870866630778 291.87769035445797 
gen 11 18070 274.5665297399253 10.55951583572017 222.870866630778 287.06282496013944 
gen 12 19670 271.10018472872116 10.045308250867535 222.870866630778 282.720988591104 
gen 13 21270 268.16970727131593 9.506847559033952 222.870866630778 279.10926800391854 
gen 14 22870 265.32105526242145 8.897789478080032 222.870866630778 275.78944442976774 
gen 15 24480 263.2296107329195 8.412195617975154 222.870866630778 272.9469759328574 
gen 16 26080 261.05714533110995 8.15859074794691 222.870866630778 270.4476764684634 
gen 17 27680 259.0416117571601 8.2951565249152 222.870866630778 268.6086819441303 
gen 18 29280 257.20223737066675 8.181549113107767 222.870866630778 266.61900776382237 
gen 19 30880 255.29063336068828 7.769551978345817 222.870866630778 264.26822341683334 
gen 20 32480 253.52844622742566 7.710791744212511 216.03909503658025 262.42661504150084 
gen 21 34090 251.14993708068397 7.701930121854388 216.03909503658025 260.1945216311842 
gen 22 35690 249.43996368944963 7.7271814487055375 216.03909503658025 258.29743134587704 
gen 23 37290 247.86264468704525 7.578888762181275 216.03909503658025 256.3418679054995 
gen 24 38890 246.21989571539666 7.545900875222433 213.54397455433326 254.42724949090422 
gen 25 40490 244.55335370999936 7.660219332262761 213.54397455433326 253.1060256797172 
gen 26 42090 242.94947973016852 7.471803613812303 213.54397455433326 251.65638733618562 
gen 27 43690 241.21852712966574 6.916170675836791 213.54397455433326 249.85413599232092 
gen 28 45290 240.07638473007862 6.507727536579652 213.54397455433326 248.0723458087287 
gen 29 46900 239.11735623990236 6.2450832328280805 213.54397455433326 246.9393549521587 
gen 30 48500 238.662148876863 6.0682450722752375 213.54397455433326 246.4295802227221 
gen 31 50100 237.64099282915976 5.883768780640341 213.54397455433326 244.9044087023697 
gen 32 51710 236.41871923050792 6.015662392762448 213.19297906856985 243.6387238937475 
gen 33 53310 235.6120027608327 5.971043490187007 213.19297906856985 242.57065839451548 
gen 34 54910 234.67041060368436 5.883448396714184 213.19297906856985 241.6593247472753 
gen 35 56510 233.81428786564373 5.943068484239566 213.19297906856985 240.78519564609826 
gen 36 58110 232.8145638179082 5.974045440967624 213.19297906856985 239.70120880199536 
gen 37 59710 231.97142661271428 5.793371738145244 213.19297906856985 238.93032723901575 
gen 38 61310 231.0622044463105 5.950403099267073 209.50417058408252 238.1880456789645 
gen 39 62930 230.03069081102763 6.038997622731336 207.69907539663043 237.0741061102495 
gen 40 64530 228.88953755631957 6.099370939173238 205.49252709963173 235.8382137277627 
gen 41 66130 228.02942253275228 6.089792619151537 205.49252709963173 234.90329213911014 
gen 42 67740 226.7863585439224 6.131905169978141 200.44218142635958 233.86164462618646 
gen 43 69340 225.88778655981184 5.9853629616761035 200.44218142635958 233.0172220561445 
gen 44 70940 224.83615314042174 5.898528473259522 200.44218142635958 231.63472525582804 
gen 45 72540 223.94809930574462 5.712804181944535 200.44218142635958 230.6568612209097 
gen 46 74140 222.86624311144803 5.563863111048288 200.44218142635958 229.50674112222976 
gen 47 75740 221.9084957920069 5.5861350162910695 200.44218142635958 228.3063059092309 
gen 48 77350 220.9871485019217 5.458465225864921 200.44218142635958 227.40897577313956 
gen 49 78960 220.2063586202724 5.344644654195609 200.44218142635958 226.2685467796706 
gen 50 80570 219.1727431936394 5.243673264213065 200.44218142635958 225.3541313389177 
gen 51 82170 218.45361881513725 5.041212345104603 200.44218142635958 224.5004906443031 
gen 52 83770 217.53170626936554 5.22508808241339 194.19015617431427 223.66518269500438 
gen 53 85370 216.68282253037077 5.25700320899385 194.19015617431427 222.7746169143588 
gen 54 86990 215.81148079231255 5.268238602306975 190.35337298506093 221.85329345561493 
gen 55 88590 215.09015988170268 5.068900162794313 190.35337298506093 220.9968379980129 
gen 56 90190 214.45259787765238 4.937324676736832 190.35337298506093 219.98034941991415 
gen 57 91790 213.85983349020213 4.884288124130594 190.35337298506093 219.48996644840565 
gen 58 93390 213.1137639335823 4.8308763382530415 190.35337298506093 218.77149350060782 
gen 59 94990 212.53452159540203 4.743610258947177 190.35337298506093 217.99313339835146 
gen 60 96600 211.89070926364616 4.908652418303746 190.35337298506093 217.4351963267315 
gen 61 98200 211.1346045185419 4.7109760239734975 190.35337298506093 216.3990396617908 
gen 62 99810 210.3614000824329 4.639555307643168 190.35337298506093 215.68474981688175 
gen 63 101410 209.68211723775806 4.452837942981002 190.35337298506093 214.9104758964694 
gen 64 103010 208.99521596052355 4.42250682473097 190.35337298506093 214.3080866082531 
gen 65 104610 208.33217607277794 4.297181084947443 190.35337298506093 213.51385815825128 
gen 66 106220 207.87510805477606 4.281823446686524 189.90492193380732 212.79301621303682 
gen 67 107820 207.51760329729302 4.240336419431808 189.90492193380732 212.4294584890279 
gen 68 109420 207.0912668166707 4.173702986809743 189.90492193380732 212.02180065060585 
gen 69 111020 206.68837265416613 4.115494447448664 189.90492193380732 211.59973273579493 
gen 70 112620 206.15234194663208 4.194562712172783 189.90492193380732 211.15029413655185 
gen 71 114220 205.7541612927966 4.286896365698391 189.90492193380732 210.67613433967585 
gen 72 115820 205.28739377819306 4.188931221560534 189.90492193380732 210.0573149222084 
gen 73 117420 204.68365294583427 4.220356579854149 189.4491112230641 209.53627158829272 
gen 74 119020 204.11188198838252 4.477849145006142 185.66201167683505 209.14655382631776 
gen 75 120620 203.5769911494275 4.41280208050764 185.66201167683505 208.7772386032529 
gen 76 122230 203.16009761268162 4.521052172524165 179.88692296307022 208.213174318218 
gen 77 123830 202.82637854132147 4.435306855998474 179.88692296307022 207.69380597319426 
gen 78 125430 202.4454295880683 4.412918443953887 179.88692296307022 207.3956135669952 
gen 79 127030 202.2113902166362 4.346068291296724 179.88692296307022 206.92841852969502 
gen 80 128630 201.83395297344717 4.282664450318272 179.88692296307022 206.41296295229003 
gen 81 130230 201.46042506775498 4.206808476967681 179.88692296307022 205.96625505302066 
gen 82 131830 201.13576693739503 4.159744292288824 179.88692296307022 205.5896009224509 
gen 83 133430 200.71422951394916 4.146173399910375 179.88692296307022 205.26430583600825 
gen 84 135030 200.42319410178507 4.0731575820010075 179.88692296307022 204.92340564782018 
gen 85 136630 200.05903691384978 4.115011785084485 179.88692296307022 204.64412586698853 
gen 86 138230 199.72643954099541 4.0782651162916155 179.88692296307022 204.46324389809365 
gen 87 139830 199.48148862947107 4.075576118144925 179.88692296307022 204.17167848650735 
gen 88 141440 199.13115486373783 4.142077298311341 179.88692296307022 203.90193934642573 
gen 89 143040 198.773208834251 4.1837635190870195 179.88692296307022 203.54886903394282 
gen 90 144650 198.3776826364782 4.1651609821277455 179.88692296307022 203.08365414503356 
gen 91 146260 198.09205177446117 4.111591565001876 179.88692296307022 202.78080906442352 
gen 92 147870 197.7742601144903 4.057876259476251 179.88692296307022 202.46583426347155 
gen 93 149470 197.47060563235192 4.036337599257717 179.88692296307022 202.10773405591542 
gen 94 151070 197.26479080483958 3.970946948843317 179.88692296307022 201.88238567690593 
gen 95 152670 196.9102133625881 3.9485979089688925 179.88692296307022 201.53571305220657 
gen 96 154270 196.5940397716163 3.9761151913116177 179.88692296307022 201.31359169459125 
gen 97 155870 196.3568681028571 3.8932686070011995 179.88692296307022 201.0662775409195 
gen 98 157470 195.8977726302111 3.850946706595171 179.88692296307022 200.53741301803103 
gen 99 159070 195.69556743038967 3.7643968869276363 179.88692296307022 200.31335259455201 
gen 100 160670 195.574791856023 3.7151186722562586 179.88692296307022 200.1287851017621 
gen 101 162270 195.30625335696058 3.6314211464398807 179.88692296307022 199.83708475022095 
gen 102 163870 195.02316683272784 3.7009094218456107 177.1606438906893 199.6577816900297 
gen 103 165470 194.8908375775919 3.680350590829128 177.1606438906893 199.34241524892042 
gen 104 167070 194.75620580282393 3.707482064000729 177.1606438906893 199.2243560684774 
gen 105 168670 194.42813119595138 3.797605910044599 177.1606438906893 198.84915139355226 
gen 106 170280 194.04655619398784 3.874237962178759 177.1606438906893 198.63749051066884 
gen 107 171880 193.795747598784 3.8203618475817316 177.1606438906893 198.39551084362574 
gen 108 173480 193.50818927198617 3.7331050998968447 177.1606438906893 197.99568898493695 
gen 109 175080 193.23367771496464 3.642330225652008 177.1606438906893 197.59179160519173 
gen 110 176680 193.01987184334584 3.6226153525824896 177.1606438906893 197.4079221779265 
gen 111 178280 192.81855843437813 3.572083457407867 177.1606438906893 197.05844712416172 
gen 112 179880 192.58485948897783 3.6924082453264404 177.1606438906893 196.84773292322356 
gen 113 181480 192.2930515100548 3.6901408314452335 177.1606438906893 196.56829345536536 
gen 114 183080 191.9426844810015 3.7342219398032124 175.23119807541102 196.14571730896697 
gen 115 184690 191.70306852296792 3.792234002094506 175.23119807541102 195.95931387794664 
gen 116 186300 191.39966013185642 3.7809419272397307 175.23119807541102 195.58753613057624 
gen 117 187900 191.09951195981247 3.7402448712526892 175.23119807541102 195.19208487276416 
gen 118 189500 190.81760611481863 3.733991458418047 175.23119807541102 194.92994119788983 
gen 119 191100 190.54395649877043 3.695501739411368 175.23119807541102 194.59120438804788 
gen 120 192700 190.29818158057162 3.668067060568309 175.23119807541102 194.35705833842462 
gen 121 194300 190.09984952200665 3.614008086766865 175.23119807541102 194.21076551795883 
gen 122 195900 189.85417258043302 3.605379319882581 175.23119807541102 193.9828802251468 
gen 123 197500 189.64086225829132 3.5995648413287897 175.23119807541102 193.72224925560823 
gen 124 199100 189.366323171318 3.568639691654918 175.23119807541102 193.54677304109265 
gen 125 200700 189.02875356444085 3.5811332966674994 175.23119807541102 193.2635405858656 
gen 126 202300 188.77313197997725 3.6036636269135984 175.23119807541102 192.90292246413196 
gen 127 203900 188.5249375469657 3.6088758596978407 175.23119807541102 192.68858335251502 
gen 128 205510 188.0976113571124 3.6282670095953145 175.23119807541102 192.2802376004555 
gen 129 207110 187.5721776654683 3.6017981493829767 175.23119807541102 191.8591748693426 
gen 130 208710 186.96340244367005 3.6665170756989474 175.23119807541102 191.31518542149604 
gen 131 210310 186.1335990379993 3.6334702471716396 175.23119807541102 190.67733065767544 
gen 132 211910 184.59918008405293 3.6685399111895673 175.23119807541102 189.32084095940124 
gen 133 213510 182.06555741152135 3.2383390719252505 173.97631030204576 186.76812539536553 
gen 134 215110 179.03428582006754 1.9946184357942973 165.7999053202225 182.45666158174458 
gen 135 216710 176.94564689692376 1.2797565967543378 165.7999053202225 177.7665964952712 
gen 136 218320 176.67883725108956 1.67730190312417 165.7999053202225 177.1606438906893 
gen 137 219920 176.3779341568525 2.0609339781469194 165.7999053202225 177.1606438906893 
gen 138 221520 175.81121665981925 2.5484501042648096 164.66209040161058 177.1606438906893 
gen 139 223120 174.64298900196593 3.080828498309488 164.66209040161058 177.1606438906893 
gen 140 224730 172.6310639264605 2.98304486228495 164.66209040161058 176.3577937082001 
gen 141 226330 170.25082573272985 2.5621564441788425 163.11558407711934 172.88431655687228 
gen 142 227930 168.1803428819181 2.4273370472290963 163.11558407711934 171.51530678558328 
gen 143 229530 165.89956535101803 0.7394764774767806 163.11558407711934 167.77726925617594 
gen 144 231140 165.463641105933 0.7092145624799884 163.11558407711934 165.7999053202225 
gen 145 232750 164.98816128106904 0.9160517525022471 162.26516310961145 165.7999053202225 
gen 146 234350 164.2207013038841 0.7258082018114747 162.26516310961145 165.41629112035008 
gen 147 235950 163.5537410308385 0.5828760613596051 162.26516310961145 164.52656040999105 
gen 148 237550 163.11345802470058 0.04246786380376659 162.26516310961145 163.11558407711934 
gen 149 239150 163.111783686904 0.053990364065774954 162.26516310961145 163.11558407711934 
gen 150 240760 163.111783686904 0.053990364065774954 162.26516310961145 163.11558407711934 
gen 151 242370 163.09930775261898 0.1309113367183135 161.62499989804925 163.11558407711934 
gen 152 243970 163.08645403347938 0.18530868615004875 161.62499989804925 163.11558407711934 
gen 153 245570 163.0465963231186 0.285645863330353 161.62499989804925 163.11558407711934 
gen 154 247180 162.9875653272865 0.37428306894623753 161.62499989804925 163.11558407711934 
gen 155 248780 162.88306123637324 0.4957947979142019 161.62499989804925 163.11558407711934 
gen 156 250380 162.67799410147052 0.6117247858671327 161.62499989804925 163.11558407711934 
gen 157 251980 162.09125643930395 0.5429737238833778 161.62499989804925 163.11558407711934 
gen 158 253580 161.62499989804925 0.0 161.62499989804925 161.62499989804925 
gen 159 255190 161.62499989804925 0.0 161.62499989804925 161.62499989804925 
gen 160 256790 161.62499989804925 0.0 161.62499989804925 161.62499989804925 
gen 161 258390 161.62499989804925 0.0 161.62499989804925 161.62499989804925 
gen 162 259990 161.62499989804925 0.0 161.62499989804925 161.62499989804925 
gen 163 261590 161.62499989804925 0.0 161.62499989804925 161.62499989804925 
gen 164 263200 161.62499989804925 0.0 161.62499989804925 161.62499989804925 
gen 165 264800 161.62499989804925 0.0 161.62499989804925 161.62499989804925 
gen 166 266400 161.62499989804925 0.0 161.62499989804925 161.62499989804925 
gen 167 268000 161.62499989804925 0.0 161.62499989804925 161.62499989804925 
gen 168 269600 161.62499989804925 0.0 161.62499989804925 161.62499989804925 
gen 169 271200 161.62499989804925 0.0 161.62499989804925 161.62499989804925 
gen 170 272800 161.62499989804925 0.0 161.62499989804925 161.62499989804925 
gen 171 274400 161.62499989804925 0.0 161.62499989804925 161.62499989804925 
gen 172 276000 161.62499989804925 0.0 161.62499989804925 161.62499989804925 
gen 173 277600 161.62499989804925 0.0 161.62499989804925 161.62499989804925 
gen 174 279220 161.62479216468063 0.004149470788276992 161.54190655060145 161.62499989804925 
gen 175 280820 161.62437669794338 0.0071690588331847485 161.54190655060145 161.62499989804925 
[11, 16, 4, 10, 17, 13, 15, 9, 0, 3, 6, 12, 19, 1, 18, 2, 14, 8, 7, 5, 8, 13, 19, 2, 7, 11, 10, 18, 1, 9, 5, 12, 4, 16, 17, 3, 14, 0, 15, 6, 10, 8, 12, 9, 17, 2, 1, 16, 6, 3, 19, 15, 11, 14, 7, 13, 0, 18, 5, 4, 10, 9, 12, 3, 13, 0, 19, 15, 18, 16, 17, 14, 11, 2, 1, 8, 4, 6, 7, 5, 3, 15, 10, 12, 4, 16, 18, 14, 6, 0, 7, 5, 17, 11, 1, 2, 8, 19, 9, 13, 2, 19, 7, 8, 0, 11, 4, 18, 15, 9, 6, 10, 13, 3, 5, 14, 16, 12, 1, 17, 2, 9, 0, 14, 8, 19, 5, 18, 17, 13, 16, 12, 6, 11, 3, 1, 4, 15, 7, 10, 4, 15, 19, 2, 14, 16, 12, 18, 3, 8, 1, 11, 5, 7, 13, 10, 17, 0, 9, 6, 19, 16, 13, 17, 3, 14, 1, 18, 0, 5, 12, 11, 7, 15, 9, 6, 8, 10, 2, 4, 14, 11, 15, 13, 9, 1, 0, 10, 19, 6, 16, 8, 5, 3, 18, 12, 17, 7, 4, 2, 13, 6, 19, 8, 4, 14, 1, 18, 16, 15, 17, 10, 11, 12, 7, 5, 0, 3, 2, 9, 6, 17, 1, 14, 11, 16, 19, 9, 5, 4, 12, 2, 13, 7, 3, 15, 8, 18, 0, 10, 5, 10, 12, 19, 1, 18, 7, 14, 2, 17, 3, 0, 11, 6, 16, 4, 15, 8, 13, 9, 9, 6, 4, 5, 15, 16, 13, 11, 18, 19, 2, 3, 0, 10, 17, 1, 14, 8, 12, 7, 8, 18, 12, 17, 10, 9, 5, 0, 1, 14, 15, 6, 13, 11, 2, 3, 4, 19, 16, 7, 10, 13, 14, 2, 4, 17, 19, 8, 1, 6, 11, 16, 7, 0, 9, 3, 12, 15, 18, 5, 9, 16, 17, 7, 2, 5, 11, 6, 14, 1, 18, 4, 10, 12, 8, 19, 15, 3, 0, 13, 3, 18, 12, 10, 9, 15, 17, 6, 11, 13, 1, 19, 7, 5, 8, 16, 4, 0, 2, 14, 15, 6, 19, 18, 7, 12, 0, 17, 8, 9, 5, 2, 14, 10, 1, 3, 16, 11, 4, 13, 1, 16, 10, 5, 18, 8, 15, 9, 12, 17, 11, 0, 19, 2, 6, 3, 4, 7, 13, 14]
min  161.54190655060145
NFE 280820
LSNFE 420
VLSNFE 9
runTime 5914.9207582473755
