gen 0 400 25000412.040137585 499374588.2080858 288.91684006812716 9999999999.0 
gen 1 2000 354.63639775199505 17.479159883601408 288.91684006812716 376.81748196239425 
gen 2 3610 334.6851671767297 14.137663084834335 288.91684006812716 352.6731496598279 
gen 3 5250 321.801172076025 12.957579536701175 255.86286030636973 337.50904802032284 
gen 4 6850 313.20164364248916 12.078816006917714 255.86286030636973 328.20289179731253 
gen 5 8450 305.73691094879644 11.720877285410731 255.0589429751599 319.0635161376215 
gen 6 10050 298.3550340264462 11.861095484265057 244.9229395239145 311.8884444502994 
gen 7 11650 293.49981401806775 10.90589349979778 244.9229395239145 305.88259463837164 
gen 8 13250 288.4494134691704 10.78555347822979 244.9229395239145 300.72681018631715 
gen 9 14870 283.0301587914855 10.200232881031745 239.75395769733962 294.8980312922405 
gen 10 16480 277.43258815078013 10.307890397188325 230.40278512996602 288.91684006812716 
gen 11 18090 273.0868576244362 9.934190382176778 230.40278512996602 284.1808016572734 
gen 12 19700 268.7038266780437 9.727981019369851 230.40278512996602 280.0048164668286 
gen 13 21300 265.2863732346794 9.073958012542327 227.6174682907223 276.41263126681133 
gen 14 22900 261.92528843450486 8.460384496116749 227.6174682907223 272.3437531641288 
gen 15 24500 259.31337153806976 7.924846215387722 225.6643166416956 269.0894298252243 
gen 16 26100 256.51656376653807 7.516858168951801 225.6643166416956 265.0981105262059 
gen 17 27700 254.29717456052813 7.505337468838975 225.6643166416956 263.18342046159603 
gen 18 29330 251.86919464343322 7.32606509590091 215.44531726019625 260.7115295554978 
gen 19 30930 250.10061231938639 7.070781853638751 215.44531726019625 258.5748908392782 
gen 20 32530 248.19164254201044 6.768831975917488 215.44531726019625 256.3859684892054 
gen 21 34130 246.2208224784291 6.951486035314447 215.44531726019625 254.31866885528552 
gen 22 35730 244.7949803888194 6.804093953229428 215.44531726019625 252.6368829955599 
gen 23 37330 243.3973857214891 6.444119137650527 215.44531726019625 250.85028416342374 
gen 24 38930 241.87823309341218 6.372598760790722 215.44531726019625 249.36136642506136 
gen 25 40530 240.31661820640016 6.725097850249625 210.02525134598326 247.94550301050464 
gen 26 42130 239.24437234828017 6.680658915249656 210.02525134598326 246.81403768648173 
gen 27 43730 237.68989665468354 6.567956404373491 210.02525134598326 244.986966364731 
gen 28 45330 236.2912374403864 6.399460470962283 210.02525134598326 243.49793711167152 
gen 29 46930 234.76614955123702 6.334235382991532 210.02525134598326 241.8585411534495 
gen 30 48550 233.55918160446038 6.135012756800441 206.03156763901637 240.47013576057762 
gen 31 50150 231.73408482261803 6.363972020950217 206.03156763901637 239.00081852768662 
gen 32 51750 230.37538047964975 6.114918896132826 206.03156763901637 237.4983544828069 
gen 33 53350 229.35593850670702 5.870586849323586 206.03156763901637 236.04459514233906 
gen 34 54960 228.33714106681077 5.70654235001133 206.03156763901637 234.78681867781245 
gen 35 56560 227.3630186993903 5.459699179329129 206.03156763901637 233.97421762692903 
gen 36 58170 226.27656224332102 5.372191446017814 206.03156763901637 232.98143192627197 
gen 37 59770 225.13832107428863 5.3077890053629435 201.52106389814506 231.66956853720077 
gen 38 61370 224.15642255632133 5.227604403061217 201.52106389814506 230.55423087449287 
gen 39 62970 223.36790986312627 5.166415185438805 199.30815878243197 229.50811746038463 
gen 40 64570 222.57287042326104 5.050266902245325 199.30815878243197 228.52124010095937 
gen 41 66170 221.73507780858208 5.085212166291104 199.30815878243197 227.53905985226325 
gen 42 67770 220.8214667716845 5.084831785545623 199.30815878243197 226.81482678588608 
gen 43 69370 219.97552768235656 5.225714320654015 199.30815878243197 225.8157419658943 
gen 44 70970 219.15904122152628 5.108342117187521 199.30815878243197 224.94885872465008 
gen 45 72570 218.41365509035444 5.114729472228765 199.30815878243197 224.2124346440088 
gen 46 74180 217.57867877475041 5.000092522376094 199.30815878243197 223.23992352518394 
gen 47 75780 216.98040318829786 4.983400102305545 199.30815878243197 222.6654751078375 
gen 48 77380 216.2507586770488 4.874998650764382 199.30815878243197 222.10293268306518 
gen 49 78980 215.70089689799784 4.751950243089124 199.30815878243197 221.3712520014496 
gen 50 80610 215.10184111257223 4.961349009812794 182.12862708547675 220.70258666132673 
gen 51 82220 214.48866245077156 4.974485036258495 182.12862708547675 220.1713888573138 
gen 52 83820 213.9631384459273 4.9589971552802155 182.12862708547675 219.66557634916654 
gen 53 85420 213.53277510626097 4.883216366685452 182.12862708547675 219.10179955183077 
gen 54 87020 213.14807263715852 4.7276636353850385 182.12862708547675 218.61788768398858 
gen 55 88620 212.82173770208124 4.625558213162454 182.12862708547675 218.01975949769286 
gen 56 90220 212.47815914937863 4.5419086603786205 182.12862708547675 217.48251730505825 
gen 57 91830 212.07801627145386 4.456629723078504 182.12862708547675 217.10328212625845 
gen 58 93430 211.78755443192637 4.3967574408524515 182.12862708547675 216.88256812912337 
gen 59 95030 211.4188137747989 4.332700611967313 182.12862708547675 216.38588943663365 
gen 60 96630 210.92763856673912 4.292521121526786 182.12862708547675 215.9511072080312 
gen 61 98230 210.5090584706262 4.219061455163788 182.12862708547675 215.52585721254593 
gen 62 99830 210.08634691448685 4.1952039793614 182.12862708547675 215.1850471776307 
gen 63 101430 209.83780046695304 4.140807021493478 182.12862708547675 214.79302087468423 
gen 64 103040 209.44892681815392 4.155748509066928 182.12862708547675 214.28607385865698 
gen 65 104640 209.04025889486536 4.3276688206255045 182.12862708547675 213.9842591112192 
gen 66 106240 208.70878887565306 4.347421942677225 182.12862708547675 213.69925892916677 
gen 67 107840 208.44660693659162 4.3456152241649635 182.12862708547675 213.38547998698257 
gen 68 109440 208.13674295839644 4.330858967155054 182.12862708547675 213.01737571091897 
gen 69 111050 207.82657693071823 4.319585133076285 182.12862708547675 212.59453867279035 
gen 70 112650 207.44177767531446 4.421917138204373 182.12862708547675 212.14258845380255 
gen 71 114250 207.15194694202296 4.348427298327453 182.12862708547675 211.87643920283097 
gen 72 115850 206.90234878080832 4.377892323160453 182.12862708547675 211.64423455149227 
gen 73 117450 206.64646142864243 4.373268783367907 182.12862708547675 211.4576839493388 
gen 74 119050 206.3931971905265 4.325919218824766 182.12862708547675 211.2207815558839 
gen 75 120660 206.05398878189132 4.416348709916504 182.12862708547675 210.9570509990429 
gen 76 122260 205.75784339302356 4.358988480056945 182.12862708547675 210.58986026589875 
gen 77 123860 205.53390024142516 4.3038442693201455 182.12862708547675 210.30092708272053 
gen 78 125460 205.22286473155975 4.216304923174821 182.12862708547675 209.94219820054133 
gen 79 127060 204.9177551847528 4.266868631009954 182.12862708547675 209.70270820132518 
gen 80 128670 204.61286245988754 4.23305679503429 182.12862708547675 209.40770244631253 
gen 81 130270 204.24819397075305 4.241322838997955 182.12862708547675 209.02146623742968 
gen 82 131870 204.09131083979082 4.219169708326712 182.12862708547675 208.85918453297936 
gen 83 133470 203.7374570649907 4.3131324036977965 182.12862708547675 208.62986269130133 
gen 84 135070 203.55396420385617 4.330696834281538 182.12862708547675 208.4299090228514 
gen 85 136670 203.3728823652825 4.293897911359256 182.12862708547675 208.1778052175405 
gen 86 138280 203.20736880018828 4.234416096587068 182.12862708547675 207.90773060851913 
gen 87 139880 202.96475896269644 4.247195208186865 182.12862708547675 207.65482469804527 
gen 88 141480 202.74976330125807 4.179157961166452 182.12862708547675 207.35090029084716 
gen 89 143080 202.42182508511934 4.221243177946075 182.12862708547675 207.14807750861536 
gen 90 144680 202.30903718480258 4.172136478133107 182.12862708547675 207.01133984499552 
gen 91 146280 202.09805148539982 4.110300414935121 182.12862708547675 206.72246848377998 
gen 92 147880 201.84153310013397 3.994713337618184 182.12862708547675 206.29508100261668 
gen 93 149480 201.5043781873015 4.065049948445337 182.12862708547675 206.0777698276688 
gen 94 151090 201.34074601322828 4.005737578339088 182.12862708547675 205.86056292806222 
gen 95 152700 201.1485957293875 3.951411109955534 182.12862708547675 205.63797341435023 
gen 96 154300 200.90086922574744 3.96550676929612 182.12862708547675 205.41530330447614 
gen 97 155900 200.70437972654628 3.8947817054149403 182.12862708547675 205.06301370419322 
gen 98 157500 200.41757788992672 3.852245627448993 182.12862708547675 204.69442069225644 
gen 99 159110 200.18276968272147 3.8579768593252615 182.12862708547675 204.56719136965575 
gen 100 160720 199.98129899939875 3.809748534809889 182.12862708547675 204.24915824742882 
gen 101 162320 199.6902964720456 3.84312986519184 182.12862708547675 203.9995889826609 
gen 102 163920 199.60170167065843 3.8375737974794766 182.12862708547675 203.82749188355845 
gen 103 165520 199.34104215386188 3.830556913423249 182.12862708547675 203.61897830288567 
gen 104 167120 198.98202620951903 4.019748209379993 179.3068370241796 203.33423354985075 
gen 105 168720 198.71096684653176 4.084370726429029 179.3068370241796 203.15247394120587 
gen 106 170320 198.41616084585272 4.085776515500523 179.3068370241796 202.90312942121108 
gen 107 171920 198.0910964322946 4.091789266519856 179.3068370241796 202.53648095252902 
gen 108 173520 197.84338911398692 4.15307005910294 179.3068370241796 202.3533206304782 
gen 109 175120 197.65207907383177 4.192543082188105 179.3068370241796 202.23418579090608 
gen 110 176720 197.3548483250144 4.140773156585981 179.3068370241796 201.9360733282009 
gen 111 178330 196.96814439686338 4.192635032417832 179.3068370241796 201.66573518869464 
gen 112 179930 196.56783482291067 4.172268183429177 179.3068370241796 201.114670909611 
gen 113 181530 196.06247976641887 4.248797630914057 171.21922748036783 200.6204409316645 
gen 114 183130 195.5224087476149 4.2157663311464795 171.21922748036783 199.99556172721282 
gen 115 184730 194.90496865261323 4.273284522386567 171.21922748036783 199.37584388271756 
gen 116 186330 194.2332382787104 4.299973655560522 171.21922748036783 198.86155273603129 
gen 117 187940 193.6135723702908 4.261830369480977 171.21922748036783 198.22266728059535 
gen 118 189540 192.8410272182613 4.234966354253195 171.21922748036783 197.54481753699562 
gen 119 191140 191.96768788277225 4.223372568381222 171.21922748036783 196.77616887604 
gen 120 192740 191.0180795147782 4.027041751313253 171.21922748036783 196.0018082060189 
gen 121 194340 190.16035110861503 3.8441093854860933 171.21922748036783 194.8237934534126 
gen 122 195940 189.06912976182386 3.7646226280281683 171.21922748036783 193.56448297920343 
gen 123 197540 187.66191639840966 3.591181924175176 171.21922748036783 192.19388554662245 
gen 124 199140 186.54092768449433 3.3429677514865292 171.21922748036783 190.84918527312104 
gen 125 200740 185.5213428357407 3.1266546751414332 171.21922748036783 189.24467497332677 
gen 126 202340 184.5258931708891 3.0676693602594542 171.21922748036783 188.22388359693474 
gen 127 203940 183.77750691608838 3.066887950123951 171.21922748036783 187.23207099260262 
gen 128 205540 182.79516919336848 3.1166007686157564 166.09987116828415 186.11985416056433 
gen 129 207150 182.0675331448836 3.1618473326920262 166.09987116828415 185.4731008212227 
gen 130 208750 181.2337975624745 3.2256018027449835 166.09987116828415 184.77044315352637 
gen 131 210360 180.415706944385 3.1536373475049286 166.09987116828415 184.00100031825673 
gen 132 211960 179.73493049813186 2.9642511719203646 166.09987116828415 183.25520554401143 
gen 133 213560 178.99609049848368 2.8574343960513846 166.09987116828415 182.29772435405067 
gen 134 215160 178.35937755703978 2.7865700919460705 166.09987116828415 181.65004158589346 
gen 135 216770 177.75039950147627 2.7808605785944813 165.15184517878632 181.03486901139235 
gen 136 218370 177.26044703818806 2.6927615013043473 164.2118679125103 180.4332848209604 
gen 137 219990 176.75942354957658 2.7162005162660416 162.45034172676762 179.83855977795477 
gen 138 221600 176.2484628182739 2.7314926708187652 162.45034172676762 179.34637126444224 
gen 139 223210 175.769799347448 2.6258662546028253 162.45034172676762 178.65611606234498 
gen 140 224810 175.31238019820307 2.6707630800661604 162.45034172676762 178.20172101005414 
gen 141 226410 174.9351267858046 2.5991837090864722 162.45034172676762 177.8753624395176 
gen 142 228010 174.6129037262388 2.5037257813148597 162.45034172676762 177.43687708867049 
gen 143 229610 174.19368589040366 2.567581557290106 162.45034172676762 177.03265395904867 
gen 144 231210 173.77738876486183 2.510162491335451 162.45034172676762 176.6739086489335 
gen 145 232820 173.44045776317122 2.4084674865301743 162.45034172676762 176.27386524103431 
gen 146 234420 173.12647062756588 2.3063462942192934 162.45034172676762 175.93077180349013 
gen 147 236030 172.82045867437213 2.2859578510891296 162.45034172676762 175.49223151381256 
gen 148 237630 172.55623214105992 2.2502520662769356 162.45034172676762 175.19709464700114 
gen 149 239230 172.29693167362473 2.190814059189515 162.45034172676762 174.97775946749815 
gen 150 240830 171.86244025023487 2.2599142167194275 160.8935455870518 174.611759237149 
gen 151 242430 171.53931948466246 2.2298079401432096 160.8935455870518 174.26177337593526 
gen 152 244030 171.26103742448447 2.1716479895106247 160.8935455870518 173.93763655489818 
gen 153 245630 170.9582248035341 2.1494962385255167 160.8935455870518 173.5153928971299 
gen 154 247240 170.735985930274 2.0812772626456932 160.8935455870518 173.05778993746367 
gen 155 248850 170.49111620303498 2.026261198502272 160.8935455870518 172.6510454413151 
gen 156 250460 170.21944041193802 2.0424626148343017 160.8935455870518 172.2347882486622 
gen 157 252060 169.8363680900829 2.106357203254733 160.8935455870518 171.85871730704704 
gen 158 253660 169.456311135383 2.0955817046182688 160.8935455870518 171.6598936933646 
gen 159 255260 169.29511956182375 2.075378771079748 160.8935455870518 171.09714264839826 
gen 160 256860 168.96764747444237 2.157544679014336 160.8935455870518 171.02333465991327 
gen 161 258460 168.61827430461577 2.162103768099951 160.8364364898279 171.0200323212391 
gen 162 260070 168.3093443256379 2.2515007256605357 159.18891900968924 170.75938077685075 
gen 163 261670 167.9366626442361 2.205500206816072 159.18891900968924 170.47743650015582 
gen 164 263270 167.66277059953035 2.203501535483487 159.18891900968924 170.20128134240463 
gen 165 264870 167.3780722728282 2.1861503165508935 156.84463968950507 169.76185986762295 
gen 166 266480 167.01132898313492 2.134159289770004 156.84463968950507 169.3685860743774 
gen 167 268080 166.55916094871696 2.033073929572041 156.84463968950507 168.92799826154587 
gen 168 269680 166.0686015461282 1.9595488465766298 156.84463968950507 168.34295010740834 
gen 169 271280 165.5124678261126 1.965231305475068 156.84463968950507 167.6880477723967 
gen 170 272890 164.87658824868464 2.0094432826343334 156.84463968950507 167.17786183328764 
gen 171 274490 164.10470488179973 1.889069896982354 156.84463968950507 166.0826373931214 
gen 172 276090 163.28137222150707 1.791436807452846 156.84463968950507 165.6410784842978 
gen 173 277700 162.35169127245865 1.3123433102809505 156.84463968950507 164.07657038561254 
gen 174 279300 161.68808216177715 1.260620335537834 156.84463968950507 163.27566097641687 
gen 175 280910 161.23953192959723 1.2200184661465883 156.17416626536573 162.53569479930783 
[9, 16, 4, 17, 14, 0, 19, 13, 2, 18, 5, 3, 12, 15, 7, 11, 1, 6, 10, 8, 6, 15, 10, 1, 12, 17, 14, 8, 13, 4, 2, 0, 18, 7, 3, 19, 5, 16, 9, 11, 10, 3, 13, 17, 4, 14, 19, 5, 6, 12, 1, 16, 9, 8, 11, 0, 15, 18, 7, 2, 6, 5, 4, 11, 16, 12, 9, 0, 17, 10, 14, 18, 13, 8, 7, 3, 1, 19, 15, 2, 3, 12, 19, 5, 6, 15, 10, 18, 1, 8, 13, 0, 4, 2, 11, 7, 9, 14, 17, 16, 2, 7, 11, 5, 16, 18, 3, 17, 8, 6, 4, 9, 13, 15, 14, 1, 12, 19, 0, 10, 11, 8, 5, 9, 18, 2, 1, 14, 7, 3, 16, 19, 10, 0, 15, 4, 17, 6, 12, 13, 15, 6, 18, 9, 13, 4, 17, 11, 12, 10, 1, 3, 0, 19, 14, 8, 16, 2, 5, 7, 19, 10, 16, 13, 5, 2, 3, 14, 9, 17, 8, 7, 18, 6, 15, 0, 12, 1, 4, 11, 6, 10, 9, 16, 15, 19, 18, 5, 3, 4, 2, 17, 8, 0, 14, 11, 7, 1, 13, 12, 18, 15, 12, 13, 9, 11, 4, 14, 10, 6, 17, 2, 19, 8, 3, 1, 5, 7, 0, 16, 13, 11, 4, 16, 8, 15, 1, 9, 7, 3, 17, 14, 18, 19, 6, 2, 12, 0, 5, 10, 8, 3, 16, 5, 19, 11, 2, 7, 4, 1, 10, 18, 13, 0, 14, 9, 15, 6, 17, 12, 12, 7, 17, 1, 10, 19, 14, 16, 18, 11, 9, 15, 2, 4, 5, 3, 8, 13, 6, 0, 10, 4, 8, 7, 1, 11, 17, 12, 0, 5, 6, 15, 19, 2, 13, 18, 14, 16, 9, 3, 17, 14, 9, 15, 6, 1, 3, 0, 2, 13, 5, 19, 4, 11, 18, 10, 16, 7, 12, 8, 1, 11, 3, 0, 12, 5, 4, 14, 6, 2, 10, 17, 18, 8, 9, 13, 7, 19, 15, 16, 3, 8, 6, 5, 12, 17, 7, 0, 4, 16, 2, 19, 10, 13, 18, 1, 11, 15, 14, 9, 3, 12, 4, 9, 15, 2, 1, 8, 16, 14, 0, 18, 13, 10, 19, 7, 6, 5, 17, 11, 2, 8, 7, 5, 0, 6, 15, 1, 12, 13, 19, 3, 16, 18, 9, 17, 11, 4, 14, 10]
min  156.17416626536573
NFE 280910
LSNFE 510
VLSNFE 11
runTime 5826.315177202225
