gen 0 400 416.9781641996722 40.2157640337086 278.4463857063293 553.8278918407542 
gen 1 2000 357.4626635865288 17.462753526631957 278.4463857063293 379.2797005888519 
gen 2 3600 337.1495403850589 14.993694154950209 273.25793124462257 354.1325151958715 
gen 3 5210 321.2497793576964 14.830062081412654 255.6873626125012 338.0612290268132 
gen 4 6810 309.1588416183042 13.56992151634547 255.6873626125012 324.6893673598542 
gen 5 8410 300.6500248474669 11.976023041016742 255.6873626125012 314.889045310428 
gen 6 10030 294.5112337976185 10.812339605752591 252.3907371449994 307.2357085230556 
gen 7 11630 289.74971930065396 10.729574758766285 252.3907371449994 301.87705904154154 
gen 8 13230 285.75679274179004 10.171010216716473 252.3907371449994 297.5204597380355 
gen 9 14830 281.57607226876195 9.74251249225598 241.64271422097266 293.3407626679323 
gen 10 16430 277.6173474645592 8.787563896560616 240.16878423774025 288.5193770652313 
gen 11 18030 273.8886336273434 8.869437737851767 236.29496055358817 284.64205171572377 
gen 12 19630 270.7790899044043 8.572058801890247 236.29496055358817 280.8081049352075 
gen 13 21230 268.0398548450637 8.270061730325775 236.29496055358817 277.6549252947196 
gen 14 22830 265.7017655934549 7.83276559679143 236.096591655898 274.87710954592825 
gen 15 24430 263.0742064117946 7.699034256390827 235.8511563717948 272.26656410208193 
gen 16 26030 260.59191490029974 7.483993638951033 232.48839810044078 269.721441359925 
gen 17 27630 258.7704568268616 7.327378022841447 232.48839810044078 267.5369970623536 
gen 18 29230 256.52274464788184 7.444885860637437 232.01380201275072 265.052146146442 
gen 19 30830 254.63302307995676 7.160987707142413 232.01380201275072 262.7031147921309 
gen 20 32430 252.19142533555453 7.300821759155878 213.8068044002806 260.49942497143866 
gen 21 34030 250.70363161496908 7.182157148946861 213.8068044002806 258.5523984730316 
gen 22 35630 249.18134075852322 7.203508790798157 213.8068044002806 256.9966872976283 
gen 23 37230 247.96990387443228 7.178426524030013 213.8068044002806 255.80984579402295 
gen 24 38830 246.43082540981248 6.902522039959414 213.8068044002806 254.21119361822434 
gen 25 40430 245.02211722034218 6.762000060794554 212.39418507828148 252.66888305442086 
gen 26 42030 243.9710046807726 6.430935132781671 212.39418507828148 251.27442162486852 
gen 27 43630 242.85576549034252 6.345319192624836 212.39418507828148 249.99501859062792 
gen 28 45230 241.6937221823894 6.294772848947367 209.32878851307694 248.7087177949387 
gen 29 46830 240.39138659833944 6.272122559803426 209.32878851307694 247.36860212725927 
gen 30 48430 239.25085091431873 6.269720127074994 209.32878851307694 246.28380080921346 
gen 31 50050 238.1312894518926 6.276882772133613 209.16520472144876 244.9530762036376 
gen 32 51650 236.84023236373375 6.342258492239541 209.16520472144876 243.68120247533818 
gen 33 53250 235.88076031818647 6.404956149592642 209.16520472144876 242.90215221654836 
gen 34 54850 234.67086078446434 6.191209658382588 209.16520472144876 241.61161297718908 
gen 35 56450 233.82085912409545 6.005611197220526 209.16520472144876 240.65404469933102 
gen 36 58080 233.02623257347204 5.840444734500875 205.485610020084 239.81777106300765 
gen 37 59680 232.04422774160338 5.938627616886256 205.485610020084 239.0070619192027 
gen 38 61280 231.21347043414244 5.891054033423078 205.485610020084 238.13544183804754 
gen 39 62880 230.5753809044089 5.854209975223426 201.85674299915766 237.2290364155386 
gen 40 64480 229.88127032619607 5.6553732155493055 201.85674299915766 236.50896694167795 
gen 41 66080 228.87989090670294 5.5322188099544185 201.85674299915766 235.685237286574 
gen 42 67680 228.0326565253321 5.460599344205922 201.85674299915766 234.67305764822683 
gen 43 69280 227.30530688684252 5.3005805445956256 201.85674299915766 233.68442570838954 
gen 44 70900 226.52508805512704 5.296321029988557 197.90314859494003 232.94026623132723 
gen 45 72500 225.68782771543312 5.214670330074987 197.90314859494003 231.99613696840115 
gen 46 74100 224.9709162183768 4.932866161580933 197.90314859494003 230.80494480644526 
gen 47 75700 224.63793452691257 4.936781297489662 197.90314859494003 230.29117530936264 
gen 48 77300 223.9286900094004 5.145132105572449 197.90314859494003 229.7239809658607 
gen 49 78900 223.32007138691486 5.177565284832197 197.7969190661011 229.15245547884268 
gen 50 80500 222.41920853381998 5.224432210564803 197.7969190661011 228.45390947916167 
gen 51 82100 221.94151089204286 5.084926627152779 197.7969190661011 227.80649464784895 
gen 52 83700 221.51243009980112 5.118217259466767 197.7969190661011 227.2694169196777 
gen 53 85300 220.90889479226527 5.130283219125365 197.7969190661011 226.56448153754553 
gen 54 86900 220.56478698509827 5.014245484841813 197.7969190661011 226.10253455497164 
gen 55 88500 220.22221725907292 4.97475477844931 197.7969190661011 225.6505409485364 
gen 56 90100 219.52160813665327 5.11226290474709 197.33721535517998 225.159742081446 
gen 57 91730 219.0391285007719 5.094407628855866 193.52606455820577 224.6661896469001 
gen 58 93340 218.5467973790878 5.022328366927265 193.52606455820577 224.11450773120504 
gen 59 94940 217.8421368319322 5.480224743441305 191.32738856626338 223.5464078493431 
gen 60 96540 217.3788217412262 5.438610502538912 191.32738856626338 223.2031659886209 
gen 61 98140 217.00140012755702 5.468855454197232 191.32738856626338 222.96941445060648 
gen 62 99740 216.45317411460343 5.517219025603824 191.32738856626338 222.4118562641897 
gen 63 101340 216.0489181545814 5.474321205961312 191.32738856626338 221.90698151278502 
gen 64 102940 215.3298236499955 5.427263716454219 191.32738856626338 221.27308155129623 
gen 65 104540 214.91396050736074 5.350820649433567 191.32738856626338 220.64877300914276 
gen 66 106140 214.5335541799201 5.216302698344384 191.32738856626338 220.13792472221033 
gen 67 107740 213.98656004407488 5.1739233170254835 191.32738856626338 219.55411427480843 
gen 68 109340 213.2487059692949 5.243367541658242 191.32738856626338 218.69495565490206 
gen 69 110950 212.83071830962655 5.129764873441288 191.32738856626338 218.2983833378493 
gen 70 112550 212.31200445716547 5.049130117963019 191.32738856626338 217.7623206201973 
gen 71 114150 211.6689969547343 5.150524034082477 191.32738856626338 217.16320783011858 
gen 72 115750 211.24167564118306 5.170050041025625 191.32738856626338 216.7415568473406 
gen 73 117360 210.5870497940519 5.189772971247196 191.32738856626338 216.19590081201218 
gen 74 118960 209.67069648742086 5.184362788763718 188.8150433026865 215.38523401564262 
gen 75 120560 209.03541459662168 5.10693665832449 188.8150433026865 214.77805014302348 
gen 76 122160 208.45772680728064 4.921992446426443 188.8150433026865 214.19009977315042 
gen 77 123760 207.748788478322 4.83061976396159 188.8150433026865 213.37628034696303 
gen 78 125360 207.09792130405606 4.715527296257158 188.8150433026865 212.81300295708132 
gen 79 126980 206.27481757164088 4.757022800278855 185.68215602793785 211.9886977180352 
gen 80 128580 205.73053405631603 4.70650871367234 185.68215602793785 211.2295656225229 
gen 81 130180 204.8883186188226 4.81021984677354 185.68215602793785 210.39150529239424 
gen 82 131780 204.24645678185772 4.664899935426667 185.68215602793785 209.56235503732466 
gen 83 133380 203.31754400050696 4.879371740043216 177.11458143282073 208.9215729312023 
gen 84 134990 202.67022178141656 4.701467814794573 177.11458143282073 208.28562944119852 
gen 85 136590 202.01607946417235 4.59371775524178 177.11458143282073 207.59952552918392 
gen 86 138190 201.5068244414099 4.45301584537279 177.11458143282073 206.91356494473388 
gen 87 139790 201.12138009744507 4.382248246559341 177.11458143282073 206.19780621025959 
gen 88 141390 200.48255000775157 4.24056472970024 177.11458143282073 205.5146315552682 
gen 89 142990 200.05821898459686 4.158597918644727 177.11458143282073 204.72096294966525 
gen 90 144590 199.36047100342202 4.258141312728742 176.9774762374026 203.82496232669394 
gen 91 146190 198.84165937082014 4.317707908731913 175.993549644713 203.36262585748628 
gen 92 147790 198.2366315820397 4.3655052130025 175.993549644713 202.87768353220235 
gen 93 149390 197.72615711318534 4.229546538230183 175.993549644713 202.37523489757322 
gen 94 150990 197.33705177261362 4.148488164447187 175.993549644713 202.01912631091164 
gen 95 152590 196.95946921473387 4.036670207671515 175.993549644713 201.55748226546626 
gen 96 154190 196.61185662165687 3.944758473130973 175.993549644713 201.12611405673852 
gen 97 155790 196.0572184583081 3.89753191290375 175.993549644713 200.45692726316682 
gen 98 157390 195.54017877470315 3.9237629605325073 175.993549644713 199.9207042468904 
gen 99 158990 195.0957469920742 4.0028887252485275 171.5000018360628 199.39435971319494 
gen 100 160590 194.74548951364383 4.001966812031628 171.5000018360628 198.91375655079915 
gen 101 162190 194.32533278235735 4.0642894988746 171.5000018360628 198.43387312860935 
gen 102 163790 193.98415004656064 4.091214778635477 171.5000018360628 198.00481880974655 
gen 103 165390 193.70984304931207 4.115239581047909 171.5000018360628 197.79970209719482 
gen 104 166990 193.25971058927018 4.260621841571155 171.5000018360628 197.51328245395115 
gen 105 168590 192.7732433544651 4.550358096870713 166.9009353602274 197.19824574786915 
gen 106 170190 192.38447978140476 4.579526394852258 166.9009353602274 196.74828987565306 
gen 107 171790 192.0581404886047 4.538982508858174 166.9009353602274 196.5481602494167 
gen 108 173390 191.6032890879378 4.604567186787047 166.9009353602274 196.16150305471973 
gen 109 174990 191.17488178581507 4.634723563861472 166.9009353602274 195.7821712866886 
gen 110 176590 190.76266838182033 4.628872310054829 166.9009353602274 195.52380435218257 
gen 111 178190 190.38096455465464 4.657179629088895 166.9009353602274 195.13272437090916 
gen 112 179790 190.04811781852658 4.536383980375904 166.9009353602274 194.83771807312735 
gen 113 181390 189.58495968179662 4.526735888686241 166.9009353602274 194.48214860558204 
gen 114 183000 189.02595385769226 4.54654142618345 166.9009353602274 193.91795504481323 
gen 115 184600 188.56635002973354 4.445819799744077 166.9009353602274 193.5467166114151 
gen 116 186200 187.91679091078294 4.4612087052345935 166.9009353602274 192.9366844541229 
gen 117 187810 187.5237700191926 4.4456221313125 166.9009353602274 192.5604282933442 
gen 118 189410 186.8706954401727 4.551361325300732 166.9009353602274 191.92246060821958 
gen 119 191010 186.4065408408091 4.528916187999615 166.9009353602274 191.49449573436866 
gen 120 192620 185.99797181302606 4.409692527031332 166.9009353602274 191.05480535124374 
gen 121 194230 185.54503047567283 4.23620027352087 166.9009353602274 190.48172404874262 
gen 122 195830 184.96353056411527 4.097377512318674 166.9009353602274 189.8940733763513 
gen 123 197440 184.24673133547358 4.1056809207045495 166.9009353602274 189.29491709062918 
gen 124 199060 183.3721059345741 4.13689527167568 161.52079159191106 188.3157166477149 
gen 125 200660 182.66304189888083 4.123517793834197 161.52079159191106 187.53603286002806 
gen 126 202260 181.84985292418838 3.9830537238465795 161.52079159191106 186.6810062973616 
gen 127 203870 180.80915218151094 3.838339666606395 161.52079159191106 185.49438767804068 
gen 128 205470 180.02064262240586 3.567614450746795 161.52079159191106 184.41619898223556 
gen 129 207080 178.7205694320186 3.5253441576942453 161.52079159191106 183.1485202400137 
gen 130 208680 177.25525626206792 3.7776395235339884 156.04727964991122 181.50780123275774 
gen 131 210280 175.98673584800324 3.7972759407722982 156.04727964991122 180.18911576757029 
gen 132 211880 174.68575865839856 3.5997387762333735 156.04727964991122 178.8706895618031 
gen 133 213490 173.7072312384681 3.492831633743543 156.04727964991122 177.58555941880024 
gen 134 215090 172.44991917223274 3.657072615357744 156.04727964991122 176.32718264462403 
gen 135 216690 171.45765808309335 3.691245871157879 154.47779625091675 175.33691706684056 
gen 136 218290 170.67803065978325 3.7486561525236235 154.47779625091675 174.71486567823447 
gen 137 219890 169.67076942501816 3.72938254457918 154.47779625091675 173.77766875954947 
gen 138 221490 168.5974159898904 3.7030935463152606 154.47779625091675 172.5823481524119 
gen 139 223090 167.6724225049823 3.6634580206344793 151.89657615232085 171.70345684726422 
gen 140 224690 166.878606461003 3.5618454899149348 151.89657615232085 170.8811482646226 
gen 141 226290 165.89060417255678 3.326696925507221 151.89657615232085 169.78177239794007 
gen 142 227890 165.138787054271 3.1451826351464813 151.89657615232085 168.89731131732117 
gen 143 229500 164.59048847152138 3.0955318962178544 151.89657615232085 168.11997050817098 
gen 144 231100 163.9777974501885 2.9901397160650163 151.89657615232085 167.70791082290575 
gen 145 232700 163.25046383764698 2.939903222479194 151.89657615232085 166.93087467165208 
gen 146 234300 162.56945349315487 2.825867463773811 151.89657615232085 165.6802483824905 
gen 147 235900 162.08251598552567 2.7767193510469976 151.89657615232085 164.82003679404784 
gen 148 237500 161.5712068651966 2.7924362675831507 151.89657615232085 164.50563679707741 
gen 149 239100 160.90265898915962 2.645896803318757 151.89657615232085 164.50563679707741 
gen 150 240700 160.30901921480014 2.4018145148700647 151.89657615232085 163.8179544048237 
gen 151 242310 159.73180244085785 2.2051661758625403 151.6413220484052 162.98376674985357 
gen 152 243910 159.12888386771326 2.0600113566494693 151.6413220484052 162.06269384798165 
gen 153 245510 158.67158813864302 1.9471059061514238 151.6413220484052 161.1599280634119 
gen 154 247120 158.30503626538376 1.892218130421255 151.6413220484052 160.17331643446062 
gen 155 248720 157.9570821038289 1.922453979241767 151.6413220484052 159.75089212376776 
gen 156 250320 157.78532914703476 1.871805300739129 151.6413220484052 159.75089212376776 
gen 157 251920 157.44049862770376 1.816200447838528 150.86288144309955 159.37094211517137 
gen 158 253520 157.18923218700434 1.7770510063590514 150.86288144309955 159.29289259808672 
gen 159 255120 156.89506466893172 1.6817031781759282 150.86288144309955 159.20175520763883 
gen 160 256730 156.5491541074568 1.5574370862728515 150.86288144309955 158.8600566883436 
gen 161 258330 156.28379042955964 1.4354745667433324 150.86288144309955 158.13647236034979 
gen 162 259930 156.06159146752532 1.3844675399562176 150.86288144309955 157.54506945395235 
gen 163 261540 155.8756324104506 1.3548173478123307 150.86288144309955 157.27561810000591 
gen 164 263140 155.68284493920982 1.3245839030713664 150.86288144309955 157.27561810000591 
gen 165 264740 155.5182032150838 1.32033086336027 149.02046248242704 157.18146333296102 
gen 166 266340 155.36006911725886 1.299900497829581 149.02046248242704 156.49330209482218 
gen 167 267940 155.18666216574786 1.3694162559205876 149.02046248242704 156.1535871901408 
gen 168 269550 155.1030337272483 1.4123012336175869 149.02046248242704 156.04727964991122 
gen 169 271150 154.95292420731073 1.4826182240874899 149.02046248242704 156.04727964991122 
gen 170 272750 154.81000276974945 1.5088189598698438 149.02046248242704 156.04727964991122 
gen 171 274350 154.68318798628755 1.5396374226510134 149.02046248242704 156.04727964991122 
gen 172 275950 154.49076858807103 1.6110602181301326 149.02046248242704 156.04727964991122 
gen 173 277560 154.3009606984087 1.601703045836335 149.02046248242704 156.04727964991122 
gen 174 279170 154.14538214025063 1.5798391545751234 149.02046248242704 156.03503874059538 
gen 175 280770 154.00436637856893 1.5384059338842233 149.02046248242704 155.93160684505784 
[11, 16, 10, 4, 17, 7, 6, 13, 3, 2, 1, 12, 14, 15, 19, 8, 18, 9, 5, 0, 3, 15, 17, 19, 9, 0, 14, 5, 10, 6, 13, 18, 7, 16, 1, 8, 12, 4, 11, 2, 10, 8, 17, 5, 0, 19, 11, 6, 2, 14, 3, 16, 1, 15, 13, 18, 12, 7, 9, 4, 6, 14, 15, 3, 17, 12, 1, 4, 19, 8, 18, 13, 2, 0, 7, 5, 9, 10, 11, 16, 8, 7, 18, 4, 16, 6, 5, 10, 3, 11, 0, 2, 15, 14, 9, 19, 17, 12, 1, 13, 2, 5, 0, 11, 6, 14, 1, 10, 4, 19, 8, 3, 7, 16, 17, 18, 12, 15, 9, 13, 10, 4, 6, 19, 12, 14, 1, 8, 15, 13, 2, 17, 11, 7, 18, 0, 3, 5, 16, 9, 14, 15, 13, 2, 11, 1, 7, 18, 3, 17, 4, 9, 8, 19, 10, 6, 12, 16, 5, 0, 19, 11, 15, 16, 12, 6, 8, 0, 17, 4, 7, 1, 10, 9, 3, 5, 18, 2, 13, 14, 8, 19, 12, 1, 3, 0, 2, 11, 16, 18, 10, 9, 4, 13, 15, 5, 7, 14, 6, 17, 15, 10, 12, 8, 0, 13, 1, 17, 5, 3, 2, 16, 9, 4, 6, 11, 19, 7, 18, 14, 14, 7, 8, 5, 9, 3, 16, 1, 13, 6, 0, 2, 19, 11, 18, 15, 4, 10, 17, 12, 2, 5, 19, 0, 3, 11, 10, 18, 4, 14, 13, 7, 16, 8, 1, 15, 6, 12, 17, 9, 6, 7, 9, 14, 11, 0, 4, 13, 8, 3, 15, 1, 18, 12, 19, 16, 5, 2, 17, 10, 15, 14, 7, 10, 13, 0, 12, 5, 8, 6, 1, 18, 3, 11, 16, 4, 9, 19, 2, 17, 3, 12, 6, 15, 16, 4, 5, 8, 10, 19, 0, 2, 17, 1, 13, 14, 18, 9, 7, 11, 9, 1, 10, 3, 11, 18, 6, 4, 5, 12, 2, 8, 13, 15, 17, 19, 16, 7, 14, 0, 3, 19, 12, 10, 15, 9, 4, 2, 7, 17, 18, 8, 13, 11, 0, 16, 6, 5, 14, 1, 18, 12, 1, 14, 15, 6, 16, 10, 9, 17, 8, 4, 0, 2, 13, 19, 11, 5, 3, 7, 8, 10, 0, 5, 4, 14, 9, 6, 7, 1, 3, 17, 12, 16, 13, 11, 19, 18, 15, 2]
min  149.02046248242704
NFE 280770
LSNFE 370
VLSNFE 9
runTime 6166.564247846603
