gen 0 400 500000000000465.25 2179449471770230.0 345.9737982886155 1e+16 
gen 1 1258 437.892077809295 25.51079521923151 344.46145324342655 469.2587000733465 
gen 2 2097 416.53284719586577 20.613126673653696 325.87178159664677 441.7612556095805 
gen 3 2935 401.5432332285203 18.536986405178876 321.5568836875243 423.6340131651672 
gen 4 3780 391.4410722153822 17.177177578554918 310.22957841466626 411.1425185602899 
gen 5 4618 384.23338933236136 16.24044647252375 310.22957841466626 402.60111664066744 
gen 6 5456 378.556582738548 15.141349080647757 310.22957841466626 395.56204159439403 
gen 7 6296 373.0311730631022 14.927554772675586 310.22957841466626 389.7021144810125 
gen 8 7132 367.87901721030704 14.938821710385282 304.8884989010326 383.83779943409826 
gen 9 7977 363.45711415225395 14.826460941088412 304.8884989010326 379.8882588463592 
gen 10 8814 358.5572192913133 14.531270706434842 304.8884989010326 375.1945916318661 
gen 11 9658 353.5218713321122 14.02899271031249 304.8884989010326 369.8373933571485 
gen 12 10497 349.69559328956865 13.522212909913783 304.8884989010326 365.07956307327413 
gen 13 11327 346.5135827378437 13.104390877958224 304.8884989010326 361.3985339873935 
gen 14 12166 342.3445771753318 12.843460273614909 297.6318412418062 357.5038427293658 
gen 15 13015 338.66684036096825 12.40882331744187 295.28286262946443 353.4258588759546 
gen 16 13852 335.94545030551336 12.02793691104922 295.28286262946443 350.5317257573867 
gen 17 14687 332.460269637265 11.95300387767968 293.39519990238637 347.20893469096126 
gen 18 15526 329.55848200452675 11.732819629848025 286.97571724827617 344.15029254989844 
gen 19 16374 326.87516910475 11.027083385820392 286.97571724827617 340.7414002081166 
gen 20 17218 324.4016067962629 10.42651841534475 286.97571724827617 337.5051713335549 
gen 21 18064 322.14195336495095 10.004777858649032 285.3118428656198 334.3380857984147 
gen 22 18913 320.03352985212183 9.770921302833575 285.3118428656198 332.1779815395 
gen 23 19754 318.0650817101463 9.349785971110691 285.3118428656198 329.8493702558297 
gen 24 20593 316.34147745881006 8.949915463698469 283.86612122515675 327.41836623425183 
gen 25 21441 314.4765268642211 8.825170532587538 279.198837943925 325.5198093276853 
gen 26 22289 312.8304994519492 8.710628634992068 278.29969759613107 322.50387321346835 
gen 27 23136 311.0510930466099 8.776389881408054 261.1097913510103 321.27465786888126 
gen 28 23974 309.68046298181923 8.417286982659723 261.1097913510103 319.60923880761663 
gen 29 24806 308.35815770383596 8.230806715076548 261.1097913510103 317.5163459687401 
gen 30 25643 307.28191268442237 8.187352499930643 261.1097913510103 316.4544657875005 
gen 31 26483 306.371804266112 8.167025362979198 261.1097913510103 315.43154566083933 
gen 32 27332 304.8794465244555 7.827175389563391 261.1097913510103 314.09731929544733 
gen 33 28165 303.4566964364586 7.999474963271282 261.1097913510103 313.09217099794995 
gen 34 29006 302.48249721266825 7.859970565335831 261.1097913510103 312.06561620742843 
gen 35 29842 301.00476714307644 7.819199128655714 261.1097913510103 310.44813787369816 
gen 36 30676 299.90479915897095 7.8016111336271745 261.1097913510103 309.45577747862944 
gen 37 31507 298.6270795284892 7.491908317403996 261.1097913510103 307.8103992027256 
gen 38 32344 297.9387401693315 7.246940334282991 261.1097913510103 307.15605237913087 
gen 39 33193 296.8255685544482 7.0787030991087505 261.1097913510103 305.38190416203423 
gen 40 34030 295.7733398428847 6.744181161150198 261.1097913510103 304.6676687276352 
gen 41 34870 294.9444979465197 6.594673015489651 261.1097913510103 303.2266924392422 
gen 42 35713 293.5814993306343 6.3422317959340715 261.1097913510103 301.02754728020244 
gen 43 36552 292.3474264468794 6.185005539101151 261.1097913510103 299.31010216059764 
gen 44 37390 291.08061228028686 5.804427736772658 261.1097913510103 296.6416198923144 
gen 45 38229 290.2500168988201 5.62124919741245 261.1097913510103 293.39519990238637 
gen 46 39075 289.40934366093387 5.818311135984072 261.1097913510103 293.39519990238637 
gen 47 39911 288.2222757301481 5.74907664671827 261.1097913510103 293.39519990238637 
gen 48 40764 286.1117296177254 5.363548552114102 261.1097913510103 290.326420066332 
gen 49 41609 283.4710299003416 4.872451423949111 261.1097913510103 289.9693489411464 
gen 50 42445 280.3743148626421 3.4831120983008046 261.1097913510103 284.1321803429265 
gen 51 43281 278.2964314891056 2.818162167381185 261.1097913510103 280.0058400655069 
gen 52 44132 277.1550575090527 3.3467669779577878 261.1097913510103 279.4729676374345 
gen 53 44972 275.67517360462955 3.1016194687222254 261.1097913510103 279.4729676374345 
gen 54 45809 273.7770332548991 2.351844871521948 261.1097913510103 275.39398834873623 
gen 55 46657 272.823252406261 2.402923558172169 261.1097913510103 275.1293162289792 
gen 56 47498 271.36171285682906 1.6008903049159628 261.1097913510103 273.698483453112 
gen 57 48338 270.8787887438494 1.402738754004808 261.1097913510103 271.30720623741826 
gen 58 49177 270.6318117523035 1.7286919183365077 260.9834692228919 271.30720623741826 
gen 59 50012 270.4569860255597 1.8486162043077685 260.9834692228919 271.30720623741826 
gen 60 50849 269.9809132547335 2.1241416071672266 260.9834692228919 271.30720623741826 
gen 61 51696 268.99014967764924 2.5134191235472683 260.2130227539244 271.172642971184 
gen 62 52535 267.67771479109615 2.6580841337393317 255.60638806740567 269.53782777086553 
gen 63 53369 266.1154876343191 2.7786121760291107 255.60638806740567 269.53782777086553 
gen 64 54209 263.92852649210795 1.7731720860114557 255.60638806740567 266.9506642310045 
gen 65 55041 262.3991308825265 1.2055266310764596 255.50952025034502 263.53460409537627 
gen 66 55890 261.85818151437167 1.541210731040442 255.50952025034502 262.7509602144302 
gen 67 56724 260.5051343242095 2.1528483351381458 245.04161879909256 262.7509602144302 
gen 68 57567 258.21017847785873 3.3727493081334976 245.04161879909256 260.2130227539244 
gen 69 58404 255.9177231111801 4.535188773256197 245.04161879909256 259.5479821577605 
gen 70 59244 251.47824463370043 4.900489453279321 242.41942585810392 255.70854155625696 
gen 71 60083 245.9576951446994 2.6304901744145526 234.51990797687756 253.8119309231969 
gen 72 60926 244.8112733250494 1.364409192485601 223.32748486864133 245.04161879909256 
gen 73 61765 244.4529308360868 2.1693544706607475 223.32748486864133 245.04161879909256 
gen 74 62603 243.5255852403905 3.2317213439664303 223.32748486864133 245.04161879909256 
gen 75 63449 241.35849940675314 4.548677192113041 222.73054539471315 245.04161879909256 
gen 76 64281 237.48274358499154 5.978743531924056 222.73054539471315 242.41942585810392 
gen 77 65119 231.81063799289066 5.032375855105781 222.73054539471315 238.53098305951292 
gen 78 65961 225.99934560183573 3.7844716621309287 222.73054539471315 231.99161438738156 
gen 79 66793 223.23943629623693 0.21167691746801517 222.73054539471315 223.32748486864133 
gen 80 67635 223.09617082249417 0.29081660384908836 222.73054539471315 223.32748486864133 
gen 81 68479 222.73651478945249 0.059394727727158196 222.73054539471315 223.32748486864133 
gen 82 69316 222.7305453947132 5.684341886080802e-14 222.73054539471315 222.73054539471315 
gen 83 70154 222.7305453947132 5.684341886080802e-14 222.73054539471315 222.73054539471315 
gen 84 70987 222.7305453947132 5.684341886080802e-14 222.73054539471315 222.73054539471315 
gen 85 71835 222.7305453947132 5.684341886080802e-14 222.73054539471315 222.73054539471315 
gen 86 72671 222.7305453947132 5.684341886080802e-14 222.73054539471315 222.73054539471315 
gen 87 73507 222.7305453947132 5.684341886080802e-14 222.73054539471315 222.73054539471315 
gen 88 74350 222.7305453947132 5.684341886080802e-14 222.73054539471315 222.73054539471315 
gen 89 75186 222.7305453947132 5.684341886080802e-14 222.73054539471315 222.73054539471315 
gen 90 76030 222.7305453947132 5.684341886080802e-14 222.73054539471315 222.73054539471315 
gen 91 76883 222.7305453947132 5.684341886080802e-14 222.73054539471315 222.73054539471315 
gen 92 77728 222.7305453947132 5.684341886080802e-14 222.73054539471315 222.73054539471315 
gen 93 78569 222.7305453947132 5.684341886080802e-14 222.73054539471315 222.73054539471315 
gen 94 79416 222.7305453947132 5.684341886080802e-14 222.73054539471315 222.73054539471315 
gen 95 80255 222.72667279484344 0.0773551218130962 221.1815054468138 222.73054539471315 
gen 96 81092 222.71505499523417 0.15412752877361552 221.1815054468138 222.73054539471315 
gen 97 81932 222.69569199588543 0.2297271157142447 221.1815054468138 222.73054539471315 
gen 98 82767 222.64534819757873 0.35315053364078874 221.1815054468138 222.73054539471315 
gen 99 83609 222.49431680265855 0.5568874017470267 221.1815054468138 222.73054539471315 
gen 100 84445 222.0528404175072 0.7684452136961542 221.1815054468138 222.73054539471315 
gen 101 85288 221.18150544681382 2.842170943040401e-14 221.1815054468138 221.1815054468138 
gen 102 86129 221.18150544681382 2.842170943040401e-14 221.1815054468138 221.1815054468138 
gen 103 86972 221.18150544681382 2.842170943040401e-14 221.1815054468138 221.1815054468138 
gen 104 87821 221.18150544681382 2.842170943040401e-14 221.1815054468138 221.1815054468138 
gen 105 88659 221.18150544681382 2.842170943040401e-14 221.1815054468138 221.1815054468138 
gen 106 89505 221.18150544681382 2.842170943040401e-14 221.1815054468138 221.1815054468138 
gen 107 90337 221.18150544681382 2.842170943040401e-14 221.1815054468138 221.1815054468138 
gen 108 91176 221.18150544681382 2.842170943040401e-14 221.1815054468138 221.1815054468138 
gen 109 92010 221.18150544681382 2.842170943040401e-14 221.1815054468138 221.1815054468138 
gen 110 92850 221.18150544681382 2.842170943040401e-14 221.1815054468138 221.1815054468138 
gen 111 93693 221.18150544681382 2.842170943040401e-14 221.1815054468138 221.1815054468138 
gen 112 94527 221.18150544681382 2.842170943040401e-14 221.1815054468138 221.1815054468138 
gen 113 95367 221.18150544681382 2.842170943040401e-14 221.1815054468138 221.1815054468138 
gen 114 96193 221.18150544681382 2.842170943040401e-14 221.1815054468138 221.1815054468138 
gen 115 97034 221.18150544681382 2.842170943040401e-14 221.1815054468138 221.1815054468138 
gen 116 97876 221.18150544681382 2.842170943040401e-14 221.1815054468138 221.1815054468138 
gen 117 98726 221.18150544681382 2.842170943040401e-14 221.1815054468138 221.1815054468138 
gen 118 99566 221.17877926294594 0.054455480110778554 220.09103189966524 221.1815054468138 
gen 119 100401 221.1760530790781 0.0769151121121715 220.09103189966524 221.1815054468138 
gen 120 101244 221.1624221597387 0.14298827889882165 220.09103189966524 221.1815054468138 
gen 121 102079 221.13243413719215 0.22605966389074353 220.09103189966524 221.1815054468138 
gen 122 102921 221.07518427596682 0.3234752431643314 220.09103189966524 221.1815054468138 
gen 123 103754 220.9361488987054 0.4553624815816896 220.09103189966524 221.1815054468138 
gen 124 104587 220.5653878926749 0.5406098909604127 220.09103189966524 221.1815054468138 
gen 125 105430 220.09103189966524 0.0 220.09103189966524 220.09103189966524 
gen 126 106269 220.09103189966524 0.0 220.09103189966524 220.09103189966524 
gen 127 107116 220.09103189966524 0.0 220.09103189966524 220.09103189966524 
gen 128 107959 220.09103189966524 0.0 220.09103189966524 220.09103189966524 
gen 129 108800 220.09103189966524 0.0 220.09103189966524 220.09103189966524 
gen 130 109644 220.09103189966524 0.0 220.09103189966524 220.09103189966524 
gen 131 110484 220.09103189966524 0.0 220.09103189966524 220.09103189966524 
gen 132 111323 220.09103189966524 0.0 220.09103189966524 220.09103189966524 
gen 133 112165 220.09103189966524 0.0 220.09103189966524 220.09103189966524 
gen 134 113004 220.09103189966524 0.0 220.09103189966524 220.09103189966524 
gen 135 113841 220.09103189966524 0.0 220.09103189966524 220.09103189966524 
gen 136 114680 220.09103189966524 0.0 220.09103189966524 220.09103189966524 
gen 137 115518 220.09103189966524 0.0 220.09103189966524 220.09103189966524 
gen 138 116351 220.09103189966524 0.0 220.09103189966524 220.09103189966524 
gen 139 117201 220.09103189966524 0.0 220.09103189966524 220.09103189966524 
gen 140 118045 220.09103189966524 0.0 220.09103189966524 220.09103189966524 
gen 141 118877 220.09103189966524 0.0 220.09103189966524 220.09103189966524 
gen 142 119727 220.09103189966524 0.0 220.09103189966524 220.09103189966524 
gen 143 120567 220.09103189966524 0.0 220.09103189966524 220.09103189966524 
gen 144 121403 220.09103189966524 0.0 220.09103189966524 220.09103189966524 
gen 145 122246 220.09103189966524 0.0 220.09103189966524 220.09103189966524 
gen 146 123091 220.09103189966524 0.0 220.09103189966524 220.09103189966524 
gen 147 123926 220.09103189966524 0.0 220.09103189966524 220.09103189966524 
gen 148 124767 220.09103189966524 0.0 220.09103189966524 220.09103189966524 
gen 149 125609 220.09103189966524 0.0 220.09103189966524 220.09103189966524 
gen 150 126450 220.09103189966524 0.0 220.09103189966524 220.09103189966524 
gen 151 127295 220.09103189966524 0.0 220.09103189966524 220.09103189966524 
gen 152 128138 220.09103189966524 0.0 220.09103189966524 220.09103189966524 
gen 153 128980 220.09103189966524 0.0 220.09103189966524 220.09103189966524 
gen 154 129818 220.09103189966524 0.0 220.09103189966524 220.09103189966524 
gen 155 130660 220.09103189966524 0.0 220.09103189966524 220.09103189966524 
gen 156 131510 220.09103189966524 0.0 220.09103189966524 220.09103189966524 
gen 157 132351 220.09103189966524 0.0 220.09103189966524 220.09103189966524 
gen 158 133179 220.09103189966524 0.0 220.09103189966524 220.09103189966524 
gen 159 134013 220.09103189966524 0.0 220.09103189966524 220.09103189966524 
gen 160 134856 220.09103189966524 0.0 220.09103189966524 220.09103189966524 
gen 161 135694 220.09103189966524 0.0 220.09103189966524 220.09103189966524 
gen 162 136518 220.09103189966524 0.0 220.09103189966524 220.09103189966524 
gen 163 137358 220.09103189966524 0.0 220.09103189966524 220.09103189966524 
gen 164 138200 220.09103189966524 0.0 220.09103189966524 220.09103189966524 
gen 165 139050 220.09103189966524 0.0 220.09103189966524 220.09103189966524 
gen 166 139887 220.09103189966524 0.0 220.09103189966524 220.09103189966524 
gen 167 140730 220.09103189966524 0.0 220.09103189966524 220.09103189966524 
gen 168 141576 220.09103189966524 0.0 220.09103189966524 220.09103189966524 
gen 169 142417 220.09103189966524 0.0 220.09103189966524 220.09103189966524 
gen 170 143260 220.09103189966524 0.0 220.09103189966524 220.09103189966524 
gen 171 144103 220.09103189966524 0.0 220.09103189966524 220.09103189966524 
gen 172 144940 220.09103189966524 0.0 220.09103189966524 220.09103189966524 
gen 173 145775 220.09103189966524 0.0 220.09103189966524 220.09103189966524 
gen 174 146617 220.09103189966524 0.0 220.09103189966524 220.09103189966524 
gen 175 147457 220.09103189966524 0.0 220.09103189966524 220.09103189966524 
gen 176 148303 220.09103189966524 0.0 220.09103189966524 220.09103189966524 
gen 177 149159 220.09103189966524 0.0 220.09103189966524 220.09103189966524 
gen 178 149995 220.09103189966524 0.0 220.09103189966524 220.09103189966524 
gen 179 150828 220.09103189966524 0.0 220.09103189966524 220.09103189966524 
gen 180 151668 220.09103189966524 0.0 220.09103189966524 220.09103189966524 
gen 181 152518 220.09103189966524 0.0 220.09103189966524 220.09103189966524 
gen 182 153367 220.09103189966524 0.0 220.09103189966524 220.09103189966524 
gen 183 154212 220.09103189966524 0.0 220.09103189966524 220.09103189966524 
gen 184 155051 220.09103189966524 0.0 220.09103189966524 220.09103189966524 
gen 185 155885 220.09103189966524 0.0 220.09103189966524 220.09103189966524 
gen 186 156730 220.09103189966524 0.0 220.09103189966524 220.09103189966524 
gen 187 157571 220.09103189966524 0.0 220.09103189966524 220.09103189966524 
gen 188 158416 220.09103189966524 0.0 220.09103189966524 220.09103189966524 
gen 189 159258 220.09103189966524 0.0 220.09103189966524 220.09103189966524 
gen 190 160111 220.0887727510789 0.04512645766849184 219.18737246513444 220.09103189966524 
gen 191 160958 220.08425445390625 0.07796517832409505 219.18737246513444 220.09103189966524 
gen 192 161795 220.08199530531994 0.08991297847810127 219.18737246513444 220.09103189966524 
gen 193 162635 220.06892555388163 0.20251237765443136 216.67045019341074 220.09103189966524 
gen 194 163473 220.06214810812264 0.2163103858241756 216.67045019341074 220.09103189966524 
gen 195 164307 220.0377826137527 0.2972043481180644 216.67045019341074 220.09103189966524 
gen 196 165146 219.99808821935818 0.4018013049601558 216.67045019341074 220.09103189966524 
gen 197 165986 219.92370286782142 0.5629560947978374 216.67045019341074 220.09103189966524 
gen 198 166822 219.79978279919752 0.7663599201108654 216.67045019341074 220.09103189966524 
gen 199 167650 219.5109777086795 1.05503737553137 216.67045019341074 220.09103189966524 
gen 200 168488 218.92623022888017 1.2490548409195033 216.55252106614762 220.09103189966524 
gen 201 169323 217.88592948940084 1.2572849042677228 216.55252106614762 219.18737246513444 
gen 202 170158 216.66868125650183 0.014334575266389976 216.55252106614762 216.67045019341074 
gen 203 171003 216.6648485598658 0.025084207319288673 216.55252106614762 216.67045019341074 
gen 204 171852 216.6547393030634 0.09592615079960269 214.86740089044451 216.67045019341074 
gen 205 172687 216.6236123451867 0.161608858743279 214.86740089044451 216.67045019341074 
gen 206 173529 216.53722329901086 0.2901814881240393 213.4186832906508 216.67045019341074 
gen 207 174363 216.40137550141327 0.5680267402757023 213.4186832906508 216.55252106614762 
gen 208 175205 216.1495622218548 0.9319398095758197 213.4186832906508 216.55252106614762 
gen 209 176052 215.44318879315736 1.3742869008416458 211.08152019244662 216.55252106614762 
gen 210 176897 213.671968683883 0.6429527780412388 211.08152019244662 214.86740089044451 
gen 211 177734 213.35735760652264 0.3689899405724351 211.08152019244662 213.4186832906508 
gen 212 178573 213.28139980583103 0.5464370314779319 211.08152019244662 213.4186832906508 
gen 213 179408 213.13827341326578 0.7549215178965826 211.08152019244662 213.4186832906508 
gen 214 180255 212.86076014255377 0.9911801167128953 211.08152019244662 213.4186832906508 
gen 215 181090 212.15198228567087 1.1647467603500092 209.47698002827147 213.4186832906508 
gen 216 181933 211.0734974916257 0.1131741223239428 209.47698002827147 211.08152019244662 
gen 217 182767 211.06948614121524 0.13843518392860318 209.47698002827147 211.08152019244662 
gen 218 183607 211.04942938916304 0.2246356229845207 209.47698002827147 211.08152019244662 
gen 219 184444 211.01733858587954 0.31442437392245287 209.47698002827147 211.08152019244662 
gen 220 185281 210.95315697931255 0.43530083458455376 209.47698002827147 211.08152019244662 
gen 221 186125 210.764623510022 0.6387878736422615 209.47698002827147 211.08152019244662 
gen 222 186969 210.4810850172611 0.7746094123044351 209.47698002827147 211.08152019244662 
gen 223 187814 209.74550091482897 0.60042114823325 208.36851774529487 211.08152019244662 
gen 224 188651 209.4408491686894 0.43814365218012197 203.35927039482252 209.47698002827147 
gen 225 189496 209.40328065906405 0.5865726720203825 203.35927039482252 209.47698002827147 
gen 226 190329 209.32521799694442 0.8303295943574002 203.35927039482252 209.47698002827147 
gen 227 191182 209.14849379915185 1.1855608169117842 203.35927039482252 209.47698002827147 
gen 228 192028 208.69348831943793 1.7106352163408012 203.35927039482252 209.47698002827147 
gen 229 192862 207.6537857214362 2.2847386300884422 203.35927039482252 209.47698002827147 
gen 230 193707 205.0965313521991 1.3931572384708675 203.35927039482252 208.36851774529487 
gen 231 194552 204.07617564790323 0.8872395689865311 203.35927039482252 205.17422040262173 
gen 232 195387 203.35927039482252 0.0 203.35927039482252 203.35927039482252 
gen 233 196224 203.35927039482252 0.0 203.35927039482252 203.35927039482252 
gen 234 197072 203.35927039482252 0.0 203.35927039482252 203.35927039482252 
gen 235 197915 203.35927039482252 0.0 203.35927039482252 203.35927039482252 
gen 236 198749 203.35927039482252 0.0 203.35927039482252 203.35927039482252 
gen 237 199595 203.35927039482252 0.0 203.35927039482252 203.35927039482252 
gen 238 200432 203.35927039482252 0.0 203.35927039482252 203.35927039482252 
gen 239 201283 203.35927039482252 0.0 203.35927039482252 203.35927039482252 
gen 240 202117 203.35927039482252 0.0 203.35927039482252 203.35927039482252 
gen 241 202948 203.35927039482252 0.0 203.35927039482252 203.35927039482252 
gen 242 203786 203.35927039482252 0.0 203.35927039482252 203.35927039482252 
gen 243 204624 203.35927039482252 0.0 203.35927039482252 203.35927039482252 
gen 244 205457 203.35927039482252 0.0 203.35927039482252 203.35927039482252 
gen 245 206293 203.35927039482252 0.0 203.35927039482252 203.35927039482252 
gen 246 207141 203.35927039482252 0.0 203.35927039482252 203.35927039482252 
gen 247 207985 203.35927039482252 0.0 203.35927039482252 203.35927039482252 
gen 248 208831 203.35927039482252 0.0 203.35927039482252 203.35927039482252 
gen 249 209667 203.35927039482252 0.0 203.35927039482252 203.35927039482252 
gen 250 210520 203.35927039482252 0.0 203.35927039482252 203.35927039482252 
gen 251 211371 203.35927039482252 0.0 203.35927039482252 203.35927039482252 
gen 252 212208 203.35927039482252 0.0 203.35927039482252 203.35927039482252 
gen 253 213047 203.35927039482252 0.0 203.35927039482252 203.35927039482252 
gen 254 213884 203.35927039482252 0.0 203.35927039482252 203.35927039482252 
gen 255 214735 203.35927039482252 0.0 203.35927039482252 203.35927039482252 
gen 256 215587 203.35927039482252 0.0 203.35927039482252 203.35927039482252 
gen 257 216431 203.35927039482252 0.0 203.35927039482252 203.35927039482252 
gen 258 217280 203.35927039482252 0.0 203.35927039482252 203.35927039482252 
gen 259 218125 203.35927039482252 0.0 203.35927039482252 203.35927039482252 
gen 260 218954 203.35927039482252 0.0 203.35927039482252 203.35927039482252 
gen 261 219796 203.35927039482252 0.0 203.35927039482252 203.35927039482252 
gen 262 220632 203.35927039482252 0.0 203.35927039482252 203.35927039482252 
gen 263 221466 203.35927039482252 0.0 203.35927039482252 203.35927039482252 
gen 264 222302 203.35927039482252 0.0 203.35927039482252 203.35927039482252 
gen 265 223146 203.35927039482252 0.0 203.35927039482252 203.35927039482252 
gen 266 223981 203.35927039482252 0.0 203.35927039482252 203.35927039482252 
gen 267 224820 203.35927039482252 0.0 203.35927039482252 203.35927039482252 
gen 268 225665 203.35927039482252 0.0 203.35927039482252 203.35927039482252 
gen 269 226502 203.35927039482252 0.0 203.35927039482252 203.35927039482252 
gen 270 227339 203.35927039482252 0.0 203.35927039482252 203.35927039482252 
gen 271 228172 203.35927039482252 0.0 203.35927039482252 203.35927039482252 
gen 272 229018 203.35927039482252 0.0 203.35927039482252 203.35927039482252 
gen 273 229858 203.35927039482252 0.0 203.35927039482252 203.35927039482252 
gen 274 230701 203.35927039482252 0.0 203.35927039482252 203.35927039482252 
gen 275 231538 203.35927039482252 0.0 203.35927039482252 203.35927039482252 
gen 276 232372 203.35927039482252 0.0 203.35927039482252 203.35927039482252 
gen 277 233213 203.35927039482252 0.0 203.35927039482252 203.35927039482252 
gen 278 234041 203.35903492781654 0.0047034497606036445 203.2650835924319 203.35927039482252 
gen 279 234891 203.35879946081056 0.006643341770467467 203.2650835924319 203.35927039482252 
gen 280 235731 203.35738665877471 0.013186152334687331 203.2650835924319 203.35927039482252 
gen 281 236568 203.35479652170895 0.020034077523831944 203.2650835924319 203.35927039482252 
gen 282 237416 203.34530251057416 0.05704012974077668 202.3872700126188 203.35927039482252 
gen 283 238244 203.3255232820721 0.06459684867385078 202.3872700126188 203.35927039482252 
gen 284 239083 203.26226721238956 0.11253005812342995 202.3872700126188 203.35927039482252 
gen 285 239925 203.23682655055728 0.15062500571314982 202.3872700126188 203.2650835924319 
gen 286 240770 203.21295857658168 0.2010047383552852 202.3872700126188 203.2650835924319 
gen 287 241604 203.1864154100365 0.24204052003789603 202.3872700126188 203.2650835924319 
gen 288 242434 203.12482284061736 0.30749437960580595 202.3872700126188 203.2650835924319 
gen 289 243261 203.02337428212348 0.36603468339281736 202.3872700126188 203.2650835924319 
gen 290 244094 202.85703168418854 0.3887887988653723 202.3872700126188 203.2650835924319 
gen 291 244935 202.62035705742684 0.32475111058921313 202.3872700126188 203.07282014440705 
gen 292 245775 202.38727001261884 2.842170943040401e-14 202.3872700126188 202.3872700126188 
gen 293 246622 202.38727001261884 2.842170943040401e-14 202.3872700126188 202.3872700126188 
gen 294 247471 202.38727001261884 2.842170943040401e-14 202.3872700126188 202.3872700126188 
gen 295 248314 202.38727001261884 2.842170943040401e-14 202.3872700126188 202.3872700126188 
gen 296 249144 202.38727001261884 2.842170943040401e-14 202.3872700126188 202.3872700126188 
gen 297 249974 202.38727001261884 2.842170943040401e-14 202.3872700126188 202.3872700126188 
gen 298 250819 202.38727001261884 2.842170943040401e-14 202.3872700126188 202.3872700126188 
gen 299 251655 202.38727001261884 2.842170943040401e-14 202.3872700126188 202.3872700126188 
gen 300 252493 202.38727001261884 2.842170943040401e-14 202.3872700126188 202.3872700126188 
gen 301 253331 202.38727001261884 2.842170943040401e-14 202.3872700126188 202.3872700126188 
gen 302 254163 202.38727001261884 2.842170943040401e-14 202.3872700126188 202.3872700126188 
gen 303 255007 202.38727001261884 2.842170943040401e-14 202.3872700126188 202.3872700126188 
gen 304 255859 202.38727001261884 2.842170943040401e-14 202.3872700126188 202.3872700126188 
gen 305 256699 202.38727001261884 2.842170943040401e-14 202.3872700126188 202.3872700126188 
gen 306 257537 202.38727001261884 2.842170943040401e-14 202.3872700126188 202.3872700126188 
gen 307 258375 202.38727001261884 2.842170943040401e-14 202.3872700126188 202.3872700126188 
gen 308 259216 202.38727001261884 2.842170943040401e-14 202.3872700126188 202.3872700126188 
gen 309 260062 202.38727001261884 2.842170943040401e-14 202.3872700126188 202.3872700126188 
gen 310 260897 202.38727001261884 2.842170943040401e-14 202.3872700126188 202.3872700126188 
gen 311 261736 202.38727001261884 2.842170943040401e-14 202.3872700126188 202.3872700126188 
gen 312 262577 202.38727001261884 2.842170943040401e-14 202.3872700126188 202.3872700126188 
gen 313 263426 202.38727001261884 2.842170943040401e-14 202.3872700126188 202.3872700126188 
gen 314 264276 202.38727001261884 2.842170943040401e-14 202.3872700126188 202.3872700126188 
gen 315 265122 202.38727001261884 2.842170943040401e-14 202.3872700126188 202.3872700126188 
gen 316 265958 202.38727001261884 2.842170943040401e-14 202.3872700126188 202.3872700126188 
gen 317 266796 202.38727001261884 2.842170943040401e-14 202.3872700126188 202.3872700126188 
gen 318 267628 202.38727001261884 2.842170943040401e-14 202.3872700126188 202.3872700126188 
gen 319 268478 202.38727001261884 2.842170943040401e-14 202.3872700126188 202.3872700126188 
gen 320 269329 202.38727001261884 2.842170943040401e-14 202.3872700126188 202.3872700126188 
gen 321 270169 202.38727001261884 2.842170943040401e-14 202.3872700126188 202.3872700126188 
gen 322 271021 202.38727001261884 2.842170943040401e-14 202.3872700126188 202.3872700126188 
gen 323 271859 202.38727001261884 2.842170943040401e-14 202.3872700126188 202.3872700126188 
gen 324 272698 202.38727001261884 2.842170943040401e-14 202.3872700126188 202.3872700126188 
gen 325 273534 202.38727001261884 2.842170943040401e-14 202.3872700126188 202.3872700126188 
gen 326 274362 202.38727001261884 2.842170943040401e-14 202.3872700126188 202.3872700126188 
gen 327 275201 202.38727001261884 2.842170943040401e-14 202.3872700126188 202.3872700126188 
gen 328 276034 202.38727001261884 2.842170943040401e-14 202.3872700126188 202.3872700126188 
gen 329 276863 202.38727001261884 2.842170943040401e-14 202.3872700126188 202.3872700126188 
gen 330 277713 202.38727001261884 2.842170943040401e-14 202.3872700126188 202.3872700126188 
gen 331 278548 202.38727001261884 2.842170943040401e-14 202.3872700126188 202.3872700126188 
gen 332 279393 202.38727001261884 2.842170943040401e-14 202.3872700126188 202.3872700126188 
gen 333 280233 202.38727001261884 2.842170943040401e-14 202.3872700126188 202.3872700126188 
[11, 17, 15, 14, 9, 13, 0, 2, 10, 1, 18, 6, 16, 12, 7, 8, 5, 4, 19, 3, 4, 14, 13, 3, 10, 1, 12, 2, 6, 0, 15, 11, 16, 19, 7, 18, 17, 8, 5, 9, 7, 12, 18, 9, 6, 14, 11, 19, 3, 2, 16, 8, 13, 5, 10, 17, 4, 0, 1, 15, 3, 1, 5, 10, 2, 11, 9, 7, 15, 12, 4, 14, 13, 19, 8, 6, 16, 17, 0, 18, 8, 12, 3, 1, 0, 4, 5, 14, 6, 7, 17, 19, 10, 16, 15, 13, 18, 11, 2, 9, 11, 16, 12, 17, 5, 4, 1, 19, 13, 8, 9, 6, 10, 7, 18, 3, 2, 15, 14, 0, 10, 14, 1, 4, 7, 11, 13, 3, 18, 15, 17, 5, 19, 16, 2, 12, 8, 9, 0, 6, 13, 0, 15, 12, 9, 10, 1, 11, 14, 5, 8, 19, 18, 6, 2, 3, 16, 17, 4, 7, 19, 11, 5, 6, 17, 2, 18, 3, 12, 1, 7, 13, 9, 10, 16, 15, 8, 0, 4, 14, 8, 5, 19, 4, 12, 10, 3, 1, 0, 15, 7, 14, 16, 18, 2, 9, 17, 6, 13, 11, 16, 14, 18, 0, 1, 12, 7, 6, 5, 19, 9, 2, 4, 10, 17, 3, 13, 8, 11, 15, 6, 3, 5, 12, 10, 18, 1, 11, 15, 17, 16, 2, 7, 19, 13, 4, 9, 14, 8, 0, 10, 5, 19, 18, 3, 0, 7, 9, 8, 4, 2, 13, 11, 17, 12, 1, 16, 6, 14, 15, 15, 12, 9, 4, 13, 1, 3, 14, 2, 5, 17, 6, 16, 18, 10, 0, 11, 8, 7, 19, 1, 9, 7, 15, 10, 2, 0, 8, 19, 17, 3, 12, 4, 13, 5, 16, 11, 18, 6, 14, 10, 3, 6, 7, 14, 11, 16, 1, 18, 12, 17, 2, 15, 19, 0, 9, 8, 13, 5, 4, 9, 2, 10, 7, 4, 16, 19, 5, 17, 1, 18, 3, 13, 6, 11, 8, 0, 14, 15, 12, 5, 10, 15, 11, 19, 3, 8, 17, 6, 2, 14, 18, 4, 9, 7, 1, 12, 16, 13, 0, 4, 10, 2, 0, 19, 18, 3, 7, 6, 14, 1, 8, 12, 16, 5, 15, 11, 9, 13, 17, 3, 2, 5, 12, 9, 1, 18, 19, 10, 0, 13, 14, 16, 8, 7, 17, 11, 4, 6, 15]
min  202.3872700126188
NFE 280233
LSNFE 0
VLSNFE 0
runTime 1007.5457832813263
