gen 0 400 275000000000475.53 1635351644142549.0 348.9113639483004 1e+16 
gen 1 1248 437.69526432552374 23.75986945539303 348.9113639483004 467.70042744615654 
gen 2 2082 418.1070417384412 19.188181730129486 348.9113639483004 442.44373370421073 
gen 3 2922 404.36602274185293 17.149169170075215 342.00413891956265 425.18541617687544 
gen 4 3773 393.38885817178397 15.725270040625366 332.14288130837247 413.1051799539422 
gen 5 4620 384.91449357038056 14.268985457367231 331.815471637004 402.7802322770112 
gen 6 5453 378.19014479363045 13.692632927180606 319.45262828096236 395.0784055086542 
gen 7 6295 372.1111074448499 13.52892336838406 317.35489862963817 387.7402213872934 
gen 8 7127 367.25350289841447 12.899161647245618 317.35489862963817 382.49284529620945 
gen 9 7969 362.56868086662956 12.721484402182199 317.35489862963817 377.2379510156779 
gen 10 8810 358.6279388480796 12.290363562331802 317.35489862963817 373.2295359437491 
gen 11 9652 355.084767806556 11.726733780038236 316.4040233394031 369.5733492559668 
gen 12 10496 352.20903701012486 11.311646605421984 316.4040233394031 365.8865763576871 
gen 13 11335 349.4450358809634 11.177380129045456 298.708542156703 362.91954356620136 
gen 14 12176 347.3334144075698 10.681278655307898 298.708542156703 359.61565513304055 
gen 15 13014 344.22874334885773 10.949398661387095 298.708542156703 357.0615577545736 
gen 16 13849 342.07491351535793 10.614682312831288 298.708542156703 354.21177440974685 
gen 17 14698 339.00807807191654 10.596769520483026 287.848997974056 351.58627235730137 
gen 18 15532 336.838578386659 10.353994941709264 287.848997974056 348.9113639483004 
gen 19 16380 334.33551713495484 9.888668179820424 287.848997974056 345.84040720053736 
gen 20 17225 332.0503426286463 9.95524240938541 287.848997974056 343.19372966987385 
gen 21 18064 330.032907579576 9.882473809850813 287.848997974056 341.3756694595037 
gen 22 18902 328.1081528313436 9.811009311526881 287.848997974056 339.172906183231 
gen 23 19758 325.8338711529621 9.711131531474884 287.848997974056 336.8164502823438 
gen 24 20591 324.1297047991146 9.780358696741851 287.06537131189316 335.6267834940033 
gen 25 21442 321.59401558243803 9.632562820510616 287.06537131189316 333.01389133454643 
gen 26 22284 319.95428723235614 9.374053995003361 287.06537131189316 331.2014599445054 
gen 27 23123 317.95295413947065 9.680012924314449 281.74541204291256 329.68339927351633 
gen 28 23967 316.2800880919484 9.460318630595177 281.74541204291256 327.70209015632696 
gen 29 24805 315.11210444567166 9.174030558051594 281.74541204291256 326.0885704735181 
gen 30 25640 313.7811829107649 8.769534538570815 281.74541204291256 324.64049579467394 
gen 31 26482 312.17663752253776 8.344665888211944 281.74541204291256 322.4308312131678 
gen 32 27318 310.90344613241257 8.086517244000964 281.74541204291256 320.7531627879135 
gen 33 28162 309.2089000810071 8.21205557904667 263.49150061688954 319.45262828096236 
gen 34 29007 307.9449493115087 7.9426149534490795 263.49150061688954 317.90681535204124 
gen 35 29840 306.74998582962144 7.532175936918957 263.49150061688954 316.48357364595455 
gen 36 30673 305.535477525939 7.384044322553505 263.49150061688954 314.9671519282293 
gen 37 31516 304.29785492476606 7.065406548399134 263.49150061688954 312.66408787217443 
gen 38 32354 302.92752114340203 7.015547195154722 263.49150061688954 312.2058218659306 
gen 39 33198 302.02248378484114 6.700783873213651 263.49150061688954 310.6387514094338 
gen 40 34035 300.92678179729796 6.539241222602666 263.49150061688954 309.129398464396 
gen 41 34883 299.5923176324307 6.7943335298092835 263.49150061688954 307.59630654152943 
gen 42 35716 298.57463086997404 6.615572440569233 263.49150061688954 305.9377423547923 
gen 43 36557 297.37952149243824 6.9903020607460125 263.49150061688954 304.84830602507174 
gen 44 37398 296.6413686122259 6.885079040119321 263.49150061688954 303.8366543947296 
gen 45 38240 295.46792413116003 6.9675641115153875 263.49150061688954 302.61572954316273 
gen 46 39080 294.46507695046205 7.163950366868693 263.49150061688954 301.4306288981073 
gen 47 39912 293.2367600743476 7.517141935590893 263.49150061688954 300.5344455270693 
gen 48 40750 292.2900978049157 7.6471711486585665 250.03016678530483 298.98528502210166 
gen 49 41593 291.10508322970026 7.872187004682399 250.03016678530483 298.708542156703 
gen 50 42434 289.93484799991313 8.200351490921511 249.23160958265416 298.45061661168154 
gen 51 43282 288.09634637039983 8.264697274421987 249.23160958265416 297.0631310998768 
gen 52 44127 286.0469670782193 8.449739415219701 249.23160958265416 295.9282241488905 
gen 53 44968 283.49446339779297 9.227324486484134 238.49186665282465 293.70131944451026 
gen 54 45810 281.26742917857825 8.968842950549691 238.49186665282465 291.4670525045152 
gen 55 46647 279.2555004810711 8.913367422955885 238.49186665282465 289.2390123610164 
gen 56 47487 276.9714787576805 8.819915218070557 238.49186665282465 287.2638945744968 
gen 57 48331 274.3474834181975 8.555490220759422 238.49186665282465 284.09763496155574 
gen 58 49178 271.76055024986607 8.119051134947668 237.16310624190356 280.6543700389977 
gen 59 50012 268.80677658932797 8.289664826504884 235.70193700932103 278.0144200397151 
gen 60 50861 266.276739958408 8.268486845797375 235.70193700932103 275.0511002723388 
gen 61 51696 263.3297976544421 7.796540030879961 235.70193700932103 272.5066118016928 
gen 62 52534 260.47814375525815 7.194360505553421 234.7367980893361 269.1892512932253 
gen 63 53364 258.06968919984485 6.483947549375203 234.7367980893361 265.7233273137185 
gen 64 54196 255.24110172135622 6.588925187587392 223.34958893989523 263.3431232956256 
gen 65 55043 252.29979414789383 5.825292569276067 223.34958893989523 259.62121179401134 
gen 66 55882 249.07381550730693 5.548893821337567 221.86526908241683 255.8225765509514 
gen 67 56714 246.6585243914216 5.1305849287863055 221.86526908241683 252.5723146241348 
gen 68 57553 244.14535100727448 5.239401082406661 221.86526908241683 249.11483443627003 
gen 69 58393 242.25578739159667 5.2256982474825575 221.86526908241683 247.96935148756978 
gen 70 59233 240.5892732120747 5.022127589966068 220.72569348522973 246.3379985627898 
gen 71 60078 238.78259015890498 4.773257757281744 220.72569348522973 244.73976727126245 
gen 72 60915 237.07889737737563 4.526255247179154 220.72569348522973 242.51629951506288 
gen 73 61747 235.8308226596376 4.2748472254792285 220.72569348522973 240.59982761789468 
gen 74 62597 234.3947778466878 4.297140813258296 220.24002151507003 239.2167398737019 
gen 75 63434 232.9969107457264 4.087113976298167 220.24002151507003 237.86499100673686 
gen 76 64273 231.56998099568642 3.9178131145898165 217.59462779390046 236.4361573482137 
gen 77 65108 230.19305685416103 3.9666092951259504 212.2962523330246 234.84129882269355 
gen 78 65948 229.2975028080518 3.9496313796093414 212.2962523330246 233.6913511496153 
gen 79 66790 228.16586914581197 3.816541025758673 212.2962523330246 232.800912170974 
gen 80 67625 226.96804063014355 3.816914413024674 212.2962523330246 231.68186904088398 
gen 81 68472 225.96410005417567 3.618400283754782 212.2962523330246 230.57393844337432 
gen 82 69328 224.93351883925558 3.495448967193183 212.2962523330246 229.13551547514376 
gen 83 70165 223.89743023686478 3.6188000580714648 209.3663432744255 228.13292850665167 
gen 84 70994 222.66928467292846 3.7504423339279187 209.3663432744255 227.19290570245323 
gen 85 71835 221.526978707158 3.8125936548864936 207.65619506308076 226.03244684841908 
gen 86 72667 220.6190022507778 3.742132209872789 207.65619506308076 225.0005170699903 
gen 87 73503 219.86956891691275 3.704818090366111 207.65619506308076 224.12415518119624 
gen 88 74343 218.99999827188586 3.8282205282454975 198.8589824410148 223.06119657165965 
gen 89 75182 217.73896365784836 4.019929739962138 198.8589824410148 221.86526908241683 
gen 90 76020 216.41187699762006 4.021922342771192 198.8589824410148 220.72569348522973 
gen 91 76855 214.88497040583243 3.924085781955261 198.8589824410148 219.7457523851944 
gen 92 77688 213.01253925066052 3.5027772825043297 198.8589824410148 217.88115740815806 
gen 93 78540 211.1105639720907 2.775020969714543 198.8589824410148 215.38019902639172 
gen 94 79384 209.74203823152638 2.1756841923818073 198.8589824410148 212.39293895812594 
gen 95 80230 208.69023099713996 1.9196546917524158 198.8589824410148 210.51743302650715 
gen 96 81074 208.25206979020345 2.1295347751593554 198.8589824410148 209.3663432744255 
gen 97 81913 207.75597651396336 2.3041948745105123 198.8589824410148 209.3663432744255 
gen 98 82754 207.02315375481325 2.436733965771112 198.8589824410148 209.3663432744255 
gen 99 83604 206.13496431744434 2.2982686598746205 198.8589824410148 209.3663432744255 
gen 100 84440 205.32277453117112 2.1148996851748025 196.7052556343695 207.23935590602994 
gen 101 85276 204.57980021124976 2.081004601242572 196.7052556343695 207.23935590602994 
gen 102 86114 204.04229198331632 1.8556792554806734 196.7052556343695 206.36033605103015 
gen 103 86959 203.52440558982488 1.6256102955415863 196.7052556343695 205.40621525213942 
gen 104 87799 203.18765686832805 1.5629936310767576 196.7052556343695 204.7035555280996 
gen 105 88651 202.69421710684415 1.5038155321660875 196.7052556343695 204.513936650108 
gen 106 89494 202.41735025586203 1.4367571277046727 196.7052556343695 203.79050411283518 
gen 107 90338 202.1605567149546 1.4694959714078784 196.7052556343695 203.3991943697631 
gen 108 91174 201.97807175321734 1.453219344006444 196.7052556343695 203.3458672071671 
gen 109 92009 201.78559239577925 1.4450968872294747 196.7052556343695 203.3458672071671 
gen 110 92853 201.41753004803493 1.4045801399813271 196.35806590585088 203.3458672071671 
gen 111 93692 200.99168303563707 1.2019640290098317 196.35806590585088 202.93523327977576 
gen 112 94532 200.662844206641 1.079783166422601 196.35806590585088 201.84356024454382 
gen 113 95372 200.39111289699605 1.0253790233071562 196.35806590585088 201.46106692586537 
gen 114 96206 200.09021965415454 1.1375613130159237 194.39445250519998 200.99508131003887 
gen 115 97041 199.859457003295 1.1269554863951727 194.39445250519998 200.91870791717815 
gen 116 97877 199.47030030542663 1.0238095136363972 194.39445250519998 200.77744323259427 
gen 117 98729 199.08847523400965 0.8873867322982277 194.39445250519998 200.13129797075848 
gen 118 99570 198.8942443527368 0.9004616121663485 194.39445250519998 199.3115929486194 
gen 119 100420 198.76747563438445 1.0030497875554365 194.39445250519998 199.3115929486194 
gen 120 101255 198.64107486759363 1.0797534075610387 194.39445250519998 199.3115929486194 
gen 121 102093 198.44033555455636 1.150315853807853 194.39445250519998 199.3115929486194 
gen 122 102934 198.20789615049944 1.1815202449034579 194.39445250519998 199.3115929486194 
gen 123 103769 197.92279857309984 1.159657868605487 194.39445250519998 199.3115929486194 
gen 124 104611 197.60551193166498 1.0757747862584437 194.39445250519998 198.8589824410148 
gen 125 105452 197.27953760683 0.9634808203197629 194.39445250519998 198.8589824410148 
gen 126 106296 196.8550682415501 0.6039896328377563 194.39445250519998 198.66609858139518 
gen 127 107134 196.6149444117483 0.3116833931022256 194.39445250519998 196.7052556343695 
gen 128 107977 196.58773933253883 0.3794271763216505 193.12017521374923 196.7052556343695 
gen 129 108830 196.5656309532302 0.39738452230680665 193.12017521374923 196.7003436414435 
gen 130 109676 196.5254259269745 0.43446422072652346 193.12017521374923 196.7003436414435 
gen 131 110522 196.47336650458928 0.4708340562035843 193.12017521374923 196.7003436414435 
gen 132 111370 196.41112387453416 0.5087040077898489 193.12017521374923 196.7003436414435 
gen 133 112214 196.30986537955494 0.5490473381327943 193.12017521374923 196.7003436414435 
gen 134 113060 196.19088409588483 0.5729126998867835 193.12017521374923 196.7003436414435 
gen 135 113903 195.94813122513114 0.5179331976603838 193.12017521374923 196.62056643838454 
gen 136 114744 195.69006464464385 0.31020249570912606 193.12017521374923 195.76940695799894 
gen 137 115581 195.67867693998988 0.32197980428772666 193.12017521374923 195.76940695799894 
gen 138 116423 195.65587491144706 0.337624979353708 193.12017521374923 195.76940695799894 
gen 139 117266 195.5984991471775 0.3816529631615222 193.12017521374923 195.76940695799894 
gen 140 118111 195.508223530791 0.4095868717680979 193.12017521374923 195.76940695799894 
gen 141 118952 195.36464988159227 0.41827510391633005 193.12017521374923 195.76940695799894 
gen 142 119786 195.07825694293868 0.2748621657816621 193.12017521374923 195.53550050270263 
gen 143 120624 195.01217368078258 0.21973549590860458 193.12017521374923 195.0748917391532 
gen 144 121473 194.99730875331304 0.2349175734913205 193.12017521374923 195.0748917391532 
gen 145 122308 194.97697413384776 0.26592450766228715 193.12017521374923 195.0748917391532 
gen 146 123142 194.9372976741373 0.31506183982156344 193.12017521374923 195.0748917391532 
gen 147 123974 194.89076450284293 0.3457483371146981 193.12017521374923 195.0748917391532 
gen 148 124831 194.8181421918321 0.38313788785257774 193.12017521374923 195.0748917391532 
gen 149 125665 194.70699402425976 0.3821834219945221 193.12017521374923 195.0748917391532 
gen 150 126503 194.5095558617561 0.2943221584670789 193.12017521374923 195.0748917391532 
gen 151 127339 194.42131065257752 0.20494865602955945 193.12017521374923 194.46019888238231 
gen 152 128186 194.40640751433705 0.24233610665198835 193.12017521374923 194.46019888238231 
gen 153 129021 194.39725710325888 0.2734554839458072 192.0091186229428 194.46019888238231 
gen 154 129862 194.36650645256384 0.34341268859858676 192.0091186229428 194.46019888238231 
gen 155 130706 194.33021551469523 0.41465266172904686 192.0091186229428 194.46019888238231 
gen 156 131547 194.27714157453164 0.4792661687366119 192.0091186229428 194.46019888238231 
gen 157 132378 194.16598879493125 0.6008587337449435 191.49476652684277 194.4503181601981 
gen 158 133228 194.08133922851408 0.6517449513048696 191.49476652684277 194.4503181601981 
gen 159 134084 194.00423574192172 0.6810896412700254 191.49476652684277 194.4503181601981 
gen 160 134928 193.90050474974763 0.7109352441871333 191.21872030381928 194.44903789697872 
gen 161 135766 193.7848440504795 0.7014430028592813 191.21872030381928 194.44903789697872 
gen 162 136599 193.65267079500228 0.7073565126451723 191.21872030381928 194.2983404296875 
gen 163 137449 193.4135039176656 0.6866541312891139 190.89508150913906 194.2983404296875 
gen 164 138290 193.1240168832762 0.5261540237320528 190.89508150913906 194.2983404296875 
gen 165 139139 192.95545757115778 0.39461431879746994 190.89508150913906 193.12017521374923 
gen 166 139974 192.9067874265607 0.44408967028477453 190.31493618499061 193.12017521374923 
gen 167 140822 192.86645098225054 0.4725102873012554 190.31493618499061 193.12017521374923 
gen 168 141659 192.78491196495708 0.5386205484364163 190.31493618499061 193.12017521374923 
gen 169 142499 192.7137407878388 0.5581866462785918 190.31493618499061 193.12017521374923 
gen 170 143348 192.59700699112648 0.5698238443337145 190.31493618499061 193.12017521374923 
gen 171 144197 192.435796396917 0.5729219267712328 190.31493618499061 193.12017521374923 
gen 172 145040 192.1627360559849 0.48920405661850697 190.31493618499061 193.0739005285013 
gen 173 145885 191.93851476578112 0.4467837971660765 190.31493618499061 192.3516995465977 
gen 174 146730 191.7877015660246 0.4541933750257592 190.31493618499061 192.0091186229428 
gen 175 147577 191.65572869959112 0.4910262833063365 190.31493618499061 192.0091186229428 
gen 176 148420 191.4498973972542 0.46653831232416737 190.31493618499061 192.0091186229428 
gen 177 149262 191.16050650604885 0.24525178766092784 190.31493618499061 191.49476652684277 
gen 178 150102 191.13383754867283 0.25488235994870434 190.31493618499061 191.21872030381928 
gen 179 150953 191.12705916778157 0.26437573390046426 190.31493618499061 191.21872030381928 
gen 180 151800 191.12028078689036 0.27337181098786395 190.31493618499061 191.21872030381928 
gen 181 152644 191.10171630354205 0.29523657408937964 190.31493618499061 191.21872030381928 
gen 182 153482 191.08318739382543 0.3148557149522661 190.25605541714376 191.21872030381928 
gen 183 154325 191.0412192105197 0.3508721085261877 190.25605541714376 191.21872030381928 
gen 184 155165 191.00732730606364 0.3749157774331421 190.25605541714376 191.21872030381928 
gen 185 156007 190.96641373367763 0.3969425268489515 190.25605541714376 191.21872030381928 
gen 186 156841 190.85202739670456 0.4343098820323284 190.25605541714376 191.21872030381928 
gen 187 157689 190.70261393449124 0.4352186793871917 190.25605541714376 191.21872030381928 
gen 188 158541 190.42313979391227 0.27211204243201303 190.25605541714376 191.21872030381928 
gen 189 159382 190.31405297347285 0.007157102049609984 190.25605541714376 190.31493618499061 
gen 190 160212 190.31375856963365 0.00824330749856017 190.25605541714376 190.31493618499061 
gen 191 161049 190.3134641657944 0.00919275693369478 190.25605541714376 190.31493618499061 
gen 192 161887 190.3116896464579 0.023470649950369456 189.8995322896295 190.31493618499061 
gen 193 162721 190.3106592330206 0.024572151671606444 189.8995322896295 190.31493618499061 
gen 194 163559 190.30543743363143 0.04847389268635687 189.88459349032613 190.31493618499061 
gen 195 164404 190.29730084654705 0.06677792735747913 189.88459349032613 190.31493618499061 
gen 196 165244 190.2816686548087 0.09491739987275903 189.7469984072888 190.31493618499061 
gen 197 166086 190.25603583489936 0.11878342121358065 189.7469984072888 190.31493618499061 
gen 198 166918 190.1988546948856 0.14936601405109057 189.7469984072888 190.31493618499061 
gen 199 167759 190.11193233703167 0.17509660162810528 189.7469984072888 190.25605541714376 
gen 200 168599 189.95698935567452 0.1317109870257759 189.7469984072888 190.25605541714376 
gen 201 169440 189.89858288522643 0.010872955170836484 189.7469984072888 189.8995322896295 
gen 202 170272 189.89858288522643 0.010872955170836484 189.7469984072888 189.8995322896295 
gen 203 171103 189.89858288522643 0.010872955170836484 189.7469984072888 189.8995322896295 
gen 204 171961 189.89854553822818 0.010895263367681212 189.7469984072888 189.8995322896295 
gen 205 172803 189.89816420352233 0.013265566167237898 189.7469984072888 189.8995322896295 
gen 206 173642 189.8977828688165 0.015262794478987892 189.7469984072888 189.8995322896295 
gen 207 174471 189.8977828688165 0.015262794478987892 189.7469984072888 189.8995322896295 
gen 208 175319 189.8977828688165 0.015262794478987892 189.7469984072888 189.8995322896295 
gen 209 176159 189.89774552181822 0.015276738807382957 189.7469984072888 189.8995322896295 
gen 210 177006 189.89770817481997 0.015290579200070207 189.7469984072888 189.8995322896295 
gen 211 177838 189.89690815841 0.0186315320914875 189.7469984072888 189.8995322896295 
gen 212 178679 189.89572680729418 0.022684701137662022 189.7469984072888 189.8995322896295 
gen 213 179516 189.89534547258833 0.02386869053232905 189.7469984072888 189.8995322896295 
gen 214 180354 189.89412677447427 0.0270857796391114 189.7469984072888 189.8995322896295 
gen 215 181202 189.8914574315333 0.03323884717559039 189.7469984072888 189.8995322896295 
gen 216 182044 189.88795072518414 0.03950323615667892 189.7469984072888 189.8995322896295 
gen 217 182884 189.88551332895597 0.04300392423561416 189.7469984072888 189.8995322896295 
gen 218 183720 189.88356930842846 0.045633783804209356 189.7469984072888 189.8995322896295 
gen 219 184558 189.87735591214005 0.05270488063711192 189.7469984072888 189.8995322896295 
gen 220 185410 189.8675665581672 0.06086219398107239 189.7469984072888 189.8995322896295 
gen 221 186242 189.8513318611931 0.06962344274424785 189.7469984072888 189.8995322896295 
gen 222 187084 189.82315830468164 0.07475889638229502 189.7469984072888 189.8995322896295 
gen 223 187926 189.7569903787927 0.035676260328863736 189.7469984072888 189.88459349032613 
gen 224 188771 189.7469984072888 0.0 189.7469984072888 189.7469984072888 
gen 225 189600 189.7469984072888 0.0 189.7469984072888 189.7469984072888 
gen 226 190435 189.7469984072888 0.0 189.7469984072888 189.7469984072888 
gen 227 191272 189.7469984072888 0.0 189.7469984072888 189.7469984072888 
gen 228 192124 189.7469984072888 0.0 189.7469984072888 189.7469984072888 
gen 229 192954 189.7469984072888 0.0 189.7469984072888 189.7469984072888 
gen 230 193792 189.7469984072888 0.0 189.7469984072888 189.7469984072888 
gen 231 194626 189.7469984072888 0.0 189.7469984072888 189.7469984072888 
gen 232 195475 189.7469984072888 0.0 189.7469984072888 189.7469984072888 
gen 233 196324 189.7469984072888 0.0 189.7469984072888 189.7469984072888 
gen 234 197167 189.7469984072888 0.0 189.7469984072888 189.7469984072888 
gen 235 197991 189.7469984072888 0.0 189.7469984072888 189.7469984072888 
gen 236 198834 189.7469984072888 0.0 189.7469984072888 189.7469984072888 
gen 237 199679 189.7469984072888 0.0 189.7469984072888 189.7469984072888 
gen 238 200525 189.7469984072888 0.0 189.7469984072888 189.7469984072888 
gen 239 201359 189.7469984072888 0.0 189.7469984072888 189.7469984072888 
gen 240 202197 189.7469984072888 0.0 189.7469984072888 189.7469984072888 
gen 241 203041 189.7469984072888 0.0 189.7469984072888 189.7469984072888 
gen 242 203883 189.7469984072888 0.0 189.7469984072888 189.7469984072888 
gen 243 204723 189.7469984072888 0.0 189.7469984072888 189.7469984072888 
gen 244 205560 189.7469984072888 0.0 189.7469984072888 189.7469984072888 
gen 245 206398 189.7469984072888 0.0 189.7469984072888 189.7469984072888 
gen 246 207240 189.7469984072888 0.0 189.7469984072888 189.7469984072888 
gen 247 208084 189.7469984072888 0.0 189.7469984072888 189.7469984072888 
gen 248 208933 189.7469984072888 0.0 189.7469984072888 189.7469984072888 
gen 249 209783 189.7469984072888 0.0 189.7469984072888 189.7469984072888 
gen 250 210622 189.7469984072888 0.0 189.7469984072888 189.7469984072888 
gen 251 211453 189.7469984072888 0.0 189.7469984072888 189.7469984072888 
gen 252 212295 189.7469984072888 0.0 189.7469984072888 189.7469984072888 
gen 253 213131 189.7469984072888 0.0 189.7469984072888 189.7469984072888 
gen 254 213967 189.7469984072888 0.0 189.7469984072888 189.7469984072888 
gen 255 214822 189.7469984072888 0.0 189.7469984072888 189.7469984072888 
gen 256 215670 189.7469984072888 0.0 189.7469984072888 189.7469984072888 
gen 257 216506 189.7469984072888 0.0 189.7469984072888 189.7469984072888 
gen 258 217357 189.7469984072888 0.0 189.7469984072888 189.7469984072888 
gen 259 218186 189.7469984072888 0.0 189.7469984072888 189.7469984072888 
gen 260 219021 189.7469984072888 0.0 189.7469984072888 189.7469984072888 
gen 261 219859 189.7469984072888 0.0 189.7469984072888 189.7469984072888 
gen 262 220700 189.7469984072888 0.0 189.7469984072888 189.7469984072888 
gen 263 221536 189.7469984072888 0.0 189.7469984072888 189.7469984072888 
gen 264 222377 189.7469984072888 0.0 189.7469984072888 189.7469984072888 
gen 265 223213 189.7469984072888 0.0 189.7469984072888 189.7469984072888 
gen 266 224053 189.7469984072888 0.0 189.7469984072888 189.7469984072888 
gen 267 224888 189.7469984072888 0.0 189.7469984072888 189.7469984072888 
gen 268 225735 189.7469984072888 0.0 189.7469984072888 189.7469984072888 
gen 269 226581 189.7469984072888 0.0 189.7469984072888 189.7469984072888 
gen 270 227415 189.7469984072888 0.0 189.7469984072888 189.7469984072888 
gen 271 228250 189.7469984072888 0.0 189.7469984072888 189.7469984072888 
gen 272 229085 189.7469984072888 0.0 189.7469984072888 189.7469984072888 
gen 273 229931 189.7469984072888 0.0 189.7469984072888 189.7469984072888 
gen 274 230782 189.7469984072888 0.0 189.7469984072888 189.7469984072888 
gen 275 231617 189.7469984072888 0.0 189.7469984072888 189.7469984072888 
gen 276 232466 189.7469984072888 0.0 189.7469984072888 189.7469984072888 
gen 277 233300 189.7469984072888 0.0 189.7469984072888 189.7469984072888 
gen 278 234142 189.7469984072888 0.0 189.7469984072888 189.7469984072888 
gen 279 234973 189.7469984072888 0.0 189.7469984072888 189.7469984072888 
gen 280 235806 189.7469984072888 0.0 189.7469984072888 189.7469984072888 
gen 281 236638 189.7469984072888 0.0 189.7469984072888 189.7469984072888 
gen 282 237480 189.7469984072888 0.0 189.7469984072888 189.7469984072888 
gen 283 238319 189.7469984072888 0.0 189.7469984072888 189.7469984072888 
gen 284 239168 189.7469984072888 0.0 189.7469984072888 189.7469984072888 
gen 285 240003 189.7469984072888 0.0 189.7469984072888 189.7469984072888 
gen 286 240852 189.7469984072888 0.0 189.7469984072888 189.7469984072888 
gen 287 241683 189.7469984072888 0.0 189.7469984072888 189.7469984072888 
gen 288 242534 189.7469984072888 0.0 189.7469984072888 189.7469984072888 
gen 289 243368 189.7469984072888 0.0 189.7469984072888 189.7469984072888 
gen 290 244205 189.7469984072888 0.0 189.7469984072888 189.7469984072888 
gen 291 245059 189.7469984072888 0.0 189.7469984072888 189.7469984072888 
gen 292 245908 189.7469984072888 0.0 189.7469984072888 189.7469984072888 
gen 293 246747 189.7469984072888 0.0 189.7469984072888 189.7469984072888 
gen 294 247582 189.7469984072888 0.0 189.7469984072888 189.7469984072888 
gen 295 248414 189.7469984072888 0.0 189.7469984072888 189.7469984072888 
gen 296 249251 189.7469984072888 0.0 189.7469984072888 189.7469984072888 
gen 297 250095 189.7469984072888 0.0 189.7469984072888 189.7469984072888 
gen 298 250933 189.7469984072888 0.0 189.7469984072888 189.7469984072888 
gen 299 251778 189.7469984072888 0.0 189.7469984072888 189.7469984072888 
gen 300 252612 189.7469984072888 0.0 189.7469984072888 189.7469984072888 
gen 301 253453 189.7469984072888 0.0 189.7469984072888 189.7469984072888 
gen 302 254288 189.7469984072888 0.0 189.7469984072888 189.7469984072888 
gen 303 255126 189.7469984072888 0.0 189.7469984072888 189.7469984072888 
gen 304 255966 189.7469984072888 0.0 189.7469984072888 189.7469984072888 
gen 305 256803 189.7469984072888 0.0 189.7469984072888 189.7469984072888 
gen 306 257647 189.7469984072888 0.0 189.7469984072888 189.7469984072888 
gen 307 258487 189.7469984072888 0.0 189.7469984072888 189.7469984072888 
gen 308 259328 189.7469984072888 0.0 189.7469984072888 189.7469984072888 
gen 309 260157 189.7469984072888 0.0 189.7469984072888 189.7469984072888 
gen 310 260999 189.7469984072888 0.0 189.7469984072888 189.7469984072888 
gen 311 261836 189.7469984072888 0.0 189.7469984072888 189.7469984072888 
gen 312 262675 189.7469984072888 0.0 189.7469984072888 189.7469984072888 
gen 313 263508 189.7469984072888 0.0 189.7469984072888 189.7469984072888 
gen 314 264344 189.7469984072888 0.0 189.7469984072888 189.7469984072888 
gen 315 265169 189.7469984072888 0.0 189.7469984072888 189.7469984072888 
gen 316 266003 189.7469984072888 0.0 189.7469984072888 189.7469984072888 
gen 317 266834 189.7469984072888 0.0 189.7469984072888 189.7469984072888 
gen 318 267678 189.7469984072888 0.0 189.7469984072888 189.7469984072888 
gen 319 268515 189.7469984072888 0.0 189.7469984072888 189.7469984072888 
gen 320 269357 189.7469984072888 0.0 189.7469984072888 189.7469984072888 
gen 321 270190 189.7469984072888 0.0 189.7469984072888 189.7469984072888 
gen 322 271023 189.7469984072888 0.0 189.7469984072888 189.7469984072888 
gen 323 271864 189.7469984072888 0.0 189.7469984072888 189.7469984072888 
gen 324 272707 189.7469984072888 0.0 189.7469984072888 189.7469984072888 
gen 325 273550 189.7469984072888 0.0 189.7469984072888 189.7469984072888 
gen 326 274409 189.7469984072888 0.0 189.7469984072888 189.7469984072888 
gen 327 275256 189.7469984072888 0.0 189.7469984072888 189.7469984072888 
gen 328 276089 189.7469984072888 0.0 189.7469984072888 189.7469984072888 
gen 329 276927 189.7469984072888 0.0 189.7469984072888 189.7469984072888 
gen 330 277774 189.7469984072888 0.0 189.7469984072888 189.7469984072888 
gen 331 278611 189.7469984072888 0.0 189.7469984072888 189.7469984072888 
gen 332 279451 189.7469984072888 0.0 189.7469984072888 189.7469984072888 
gen 333 280301 189.7469984072888 0.0 189.7469984072888 189.7469984072888 
[9, 16, 13, 10, 19, 1, 2, 7, 4, 5, 11, 8, 17, 6, 18, 15, 0, 14, 3, 12, 6, 14, 16, 5, 7, 13, 2, 4, 1, 9, 0, 19, 15, 3, 18, 11, 17, 10, 8, 12, 2, 0, 5, 8, 4, 13, 14, 18, 3, 16, 1, 15, 11, 6, 19, 7, 17, 10, 9, 12, 12, 14, 1, 6, 5, 7, 16, 11, 13, 19, 10, 18, 8, 2, 0, 9, 15, 17, 4, 3, 5, 14, 4, 3, 7, 17, 19, 10, 16, 13, 15, 18, 11, 8, 1, 0, 2, 12, 6, 9, 7, 5, 4, 8, 3, 17, 13, 6, 15, 18, 19, 1, 11, 2, 14, 10, 0, 12, 9, 16, 10, 15, 14, 6, 7, 1, 19, 2, 11, 4, 9, 0, 17, 13, 8, 16, 18, 12, 3, 5, 15, 11, 13, 2, 18, 12, 14, 10, 6, 4, 19, 1, 3, 8, 0, 7, 16, 5, 9, 17, 11, 10, 2, 15, 3, 13, 1, 19, 5, 6, 8, 7, 17, 16, 14, 18, 4, 0, 12, 9, 3, 11, 16, 2, 8, 13, 1, 7, 17, 12, 5, 4, 15, 19, 14, 0, 6, 18, 9, 10, 13, 12, 14, 7, 0, 3, 16, 8, 1, 18, 6, 2, 15, 19, 5, 9, 4, 10, 11, 17, 13, 6, 12, 4, 1, 5, 0, 19, 18, 11, 7, 17, 14, 8, 2, 15, 10, 16, 9, 3, 17, 16, 13, 2, 18, 14, 0, 1, 3, 15, 10, 4, 7, 5, 11, 9, 19, 6, 12, 8, 5, 3, 15, 2, 18, 16, 1, 11, 4, 17, 13, 9, 0, 12, 6, 7, 14, 10, 8, 19, 2, 1, 16, 15, 4, 3, 19, 0, 5, 18, 11, 12, 9, 14, 13, 17, 8, 6, 7, 10, 4, 6, 12, 1, 0, 2, 7, 9, 14, 17, 15, 16, 5, 10, 13, 19, 8, 11, 18, 3, 19, 12, 10, 3, 15, 8, 2, 13, 11, 17, 16, 6, 9, 1, 5, 0, 7, 4, 18, 14, 5, 3, 16, 12, 17, 19, 7, 2, 1, 18, 6, 15, 14, 10, 4, 11, 13, 9, 8, 0, 13, 14, 9, 12, 7, 5, 2, 1, 11, 6, 15, 3, 0, 10, 8, 4, 16, 19, 17, 18, 19, 4, 11, 18, 6, 13, 10, 9, 17, 7, 12, 14, 16, 0, 2, 5, 15, 3, 1, 8]
min  189.7469984072888
NFE 280301
LSNFE 0
VLSNFE 0
runTime 1014.0130579471588
