gen 0 20 190.7743623850349 34.62535908971465 117.1437887200911 249.82155760445167 
gen 1 60 151.81184418800953 15.231731419451375 117.1437887200911 171.3912775251319 
gen 2 110 137.28061700132042 11.316961593657807 116.94871334345049 154.70809093931499 
gen 3 150 124.80237854973795 7.652533160559599 111.57304897158805 138.67154562762911 
gen 4 200 121.32108142988181 5.683903940732347 111.14961369550059 131.65096133104026 
gen 5 240 116.25288987026632 3.2413858595233225 109.42256320475322 121.54169291920789 
gen 6 280 114.297929544621 2.744412294310504 109.42256320475322 116.99993087372998 
gen 7 320 111.81853303972112 1.6694528232413626 109.42256320475322 115.43630846088145 
gen 8 360 111.01561829327639 0.6897031284238724 109.42256320475322 111.57304897158805 
gen 9 400 110.46086455248971 0.8484499466240184 109.42256320475322 111.2051526993106 
gen 10 440 109.92862935534552 0.773185301857697 109.42256320475322 111.14961369550059 
gen 11 480 109.42256320475322 0.0 109.42256320475322 109.42256320475322 
gen 12 520 109.42256320475322 0.0 109.42256320475322 109.42256320475322 
gen 13 560 109.42256320475322 0.0 109.42256320475322 109.42256320475322 
gen 14 600 109.42256320475322 0.0 109.42256320475322 109.42256320475322 
gen 15 640 109.42256320475322 0.0 109.42256320475322 109.42256320475322 
gen 16 680 109.42256320475322 0.0 109.42256320475322 109.42256320475322 
gen 17 720 109.42256320475322 0.0 109.42256320475322 109.42256320475322 
gen 18 760 109.42256320475322 0.0 109.42256320475322 109.42256320475322 
gen 19 800 109.42256320475322 0.0 109.42256320475322 109.42256320475322 
gen 20 840 109.42256320475322 0.0 109.42256320475322 109.42256320475322 
gen 21 880 109.42256320475322 0.0 109.42256320475322 109.42256320475322 
gen 22 920 109.42256320475322 0.0 109.42256320475322 109.42256320475322 
gen 23 960 109.42256320475322 0.0 109.42256320475322 109.42256320475322 
gen 24 1000 109.42256320475322 0.0 109.42256320475322 109.42256320475322 
gen 25 1040 109.42256320475322 0.0 109.42256320475322 109.42256320475322 
gen 26 1080 109.42256320475322 0.0 109.42256320475322 109.42256320475322 
gen 27 1120 109.42256320475322 0.0 109.42256320475322 109.42256320475322 
gen 28 1160 109.42256320475322 0.0 109.42256320475322 109.42256320475322 
gen 29 1200 109.42256320475322 0.0 109.42256320475322 109.42256320475322 
gen 30 1240 109.42256320475322 0.0 109.42256320475322 109.42256320475322 
gen 31 1280 109.42256320475322 0.0 109.42256320475322 109.42256320475322 
gen 32 1320 109.42256320475322 0.0 109.42256320475322 109.42256320475322 
gen 33 1360 109.42256320475322 0.0 109.42256320475322 109.42256320475322 
gen 34 1400 109.42256320475322 0.0 109.42256320475322 109.42256320475322 
gen 35 1440 109.42256320475322 0.0 109.42256320475322 109.42256320475322 
gen 36 1480 109.42256320475322 0.0 109.42256320475322 109.42256320475322 
gen 37 1520 109.42256320475322 0.0 109.42256320475322 109.42256320475322 
gen 38 1560 109.42256320475322 0.0 109.42256320475322 109.42256320475322 
gen 39 1600 109.42256320475322 0.0 109.42256320475322 109.42256320475322 
gen 40 1640 109.42256320475322 0.0 109.42256320475322 109.42256320475322 
gen 41 1680 109.42256320475322 0.0 109.42256320475322 109.42256320475322 
gen 42 1720 109.42256320475322 0.0 109.42256320475322 109.42256320475322 
gen 43 1760 109.42256320475322 0.0 109.42256320475322 109.42256320475322 
gen 44 1800 109.42256320475322 0.0 109.42256320475322 109.42256320475322 
gen 45 1840 109.42256320475322 0.0 109.42256320475322 109.42256320475322 
gen 46 1880 109.42256320475322 0.0 109.42256320475322 109.42256320475322 
gen 47 1920 109.42256320475322 0.0 109.42256320475322 109.42256320475322 
gen 48 1960 109.42256320475322 0.0 109.42256320475322 109.42256320475322 
gen 49 2000 109.42256320475322 0.0 109.42256320475322 109.42256320475322 
gen 50 2040 109.42256320475322 0.0 109.42256320475322 109.42256320475322 
gen 51 2080 109.42256320475322 0.0 109.42256320475322 109.42256320475322 
gen 52 2120 109.42256320475322 0.0 109.42256320475322 109.42256320475322 
gen 53 2160 109.42256320475322 0.0 109.42256320475322 109.42256320475322 
gen 54 2200 109.42256320475322 0.0 109.42256320475322 109.42256320475322 
gen 55 2240 109.42256320475322 0.0 109.42256320475322 109.42256320475322 
gen 56 2280 109.42256320475322 0.0 109.42256320475322 109.42256320475322 
gen 57 2320 109.42256320475322 0.0 109.42256320475322 109.42256320475322 
gen 58 2360 109.42256320475322 0.0 109.42256320475322 109.42256320475322 
gen 59 2400 109.42256320475322 0.0 109.42256320475322 109.42256320475322 
gen 60 2440 109.42256320475322 0.0 109.42256320475322 109.42256320475322 
gen 61 2480 109.42256320475322 0.0 109.42256320475322 109.42256320475322 
gen 62 2520 109.42256320475322 0.0 109.42256320475322 109.42256320475322 
gen 63 2560 109.42256320475322 0.0 109.42256320475322 109.42256320475322 
gen 64 2600 109.42256320475322 0.0 109.42256320475322 109.42256320475322 
gen 65 2640 109.42256320475322 0.0 109.42256320475322 109.42256320475322 
gen 66 2680 109.42256320475322 0.0 109.42256320475322 109.42256320475322 
gen 67 2720 109.42256320475322 0.0 109.42256320475322 109.42256320475322 
gen 68 2760 109.42256320475322 0.0 109.42256320475322 109.42256320475322 
gen 69 2800 109.42256320475322 0.0 109.42256320475322 109.42256320475322 
gen 70 2840 109.42256320475322 0.0 109.42256320475322 109.42256320475322 
gen 71 2880 109.42256320475322 0.0 109.42256320475322 109.42256320475322 
gen 72 2930 109.39807606080197 0.10673698589944791 108.93282032572814 109.42256320475322 
gen 73 2970 109.37358891685071 0.14692286370752183 108.93282032572814 109.42256320475322 
gen 74 3010 109.32461462894821 0.1958971516100291 108.93282032572814 109.42256320475322 
gen 75 3050 109.32461462894821 0.1958971516100291 108.93282032572814 109.42256320475322 
gen 76 3090 109.25115319709445 0.2335924654584069 108.93282032572814 109.42256320475322 
gen 77 3130 108.9573074696794 0.1067369858994479 108.93282032572814 109.42256320475322 
gen 78 3170 108.93282032572816 1.4210854715202004e-14 108.93282032572814 108.93282032572814 
gen 79 3210 108.93282032572816 1.4210854715202004e-14 108.93282032572814 108.93282032572814 
gen 80 3250 108.93282032572816 1.4210854715202004e-14 108.93282032572814 108.93282032572814 
gen 81 3290 108.93282032572816 1.4210854715202004e-14 108.93282032572814 108.93282032572814 
gen 82 3330 108.93282032572816 1.4210854715202004e-14 108.93282032572814 108.93282032572814 
gen 83 3370 108.93282032572816 1.4210854715202004e-14 108.93282032572814 108.93282032572814 
gen 84 3410 108.93282032572816 1.4210854715202004e-14 108.93282032572814 108.93282032572814 
gen 85 3450 108.93282032572816 1.4210854715202004e-14 108.93282032572814 108.93282032572814 
gen 86 3490 108.93282032572816 1.4210854715202004e-14 108.93282032572814 108.93282032572814 
gen 87 3530 108.93282032572816 1.4210854715202004e-14 108.93282032572814 108.93282032572814 
gen 88 3570 108.93282032572816 1.4210854715202004e-14 108.93282032572814 108.93282032572814 
gen 89 3610 108.93282032572816 1.4210854715202004e-14 108.93282032572814 108.93282032572814 
gen 90 3650 108.93282032572816 1.4210854715202004e-14 108.93282032572814 108.93282032572814 
gen 91 3690 108.93282032572816 1.4210854715202004e-14 108.93282032572814 108.93282032572814 
gen 92 3730 108.93282032572816 1.4210854715202004e-14 108.93282032572814 108.93282032572814 
gen 93 3770 108.93282032572816 1.4210854715202004e-14 108.93282032572814 108.93282032572814 
gen 94 3810 108.93282032572816 1.4210854715202004e-14 108.93282032572814 108.93282032572814 
gen 95 3850 108.93282032572816 1.4210854715202004e-14 108.93282032572814 108.93282032572814 
gen 96 3890 108.93282032572816 1.4210854715202004e-14 108.93282032572814 108.93282032572814 
gen 97 3930 108.93282032572816 1.4210854715202004e-14 108.93282032572814 108.93282032572814 
gen 98 3970 108.93282032572816 1.4210854715202004e-14 108.93282032572814 108.93282032572814 
gen 99 4010 108.93282032572816 1.4210854715202004e-14 108.93282032572814 108.93282032572814 
gen 100 4050 108.93282032572816 1.4210854715202004e-14 108.93282032572814 108.93282032572814 
gen 101 4090 108.93282032572816 1.4210854715202004e-14 108.93282032572814 108.93282032572814 
gen 102 4130 108.93282032572816 1.4210854715202004e-14 108.93282032572814 108.93282032572814 
gen 103 4170 108.93282032572816 1.4210854715202004e-14 108.93282032572814 108.93282032572814 
gen 104 4210 108.93282032572816 1.4210854715202004e-14 108.93282032572814 108.93282032572814 
gen 105 4250 108.93282032572816 1.4210854715202004e-14 108.93282032572814 108.93282032572814 
gen 106 4290 108.93282032572816 1.4210854715202004e-14 108.93282032572814 108.93282032572814 
gen 107 4330 108.93282032572816 1.4210854715202004e-14 108.93282032572814 108.93282032572814 
gen 108 4370 108.93282032572816 1.4210854715202004e-14 108.93282032572814 108.93282032572814 
gen 109 4410 108.93282032572816 1.4210854715202004e-14 108.93282032572814 108.93282032572814 
gen 110 4450 108.93282032572816 1.4210854715202004e-14 108.93282032572814 108.93282032572814 
gen 111 4490 108.93282032572816 1.4210854715202004e-14 108.93282032572814 108.93282032572814 
gen 112 4530 108.93282032572816 1.4210854715202004e-14 108.93282032572814 108.93282032572814 
gen 113 4570 108.93282032572816 1.4210854715202004e-14 108.93282032572814 108.93282032572814 
gen 114 4610 108.93282032572816 1.4210854715202004e-14 108.93282032572814 108.93282032572814 
gen 115 4650 108.93282032572816 1.4210854715202004e-14 108.93282032572814 108.93282032572814 
gen 116 4690 108.93282032572816 1.4210854715202004e-14 108.93282032572814 108.93282032572814 
gen 117 4730 108.93282032572816 1.4210854715202004e-14 108.93282032572814 108.93282032572814 
gen 118 4770 108.93282032572816 1.4210854715202004e-14 108.93282032572814 108.93282032572814 
gen 119 4810 108.93282032572816 1.4210854715202004e-14 108.93282032572814 108.93282032572814 
gen 120 4850 108.93282032572816 1.4210854715202004e-14 108.93282032572814 108.93282032572814 
gen 121 4890 108.93282032572816 1.4210854715202004e-14 108.93282032572814 108.93282032572814 
gen 122 4930 108.93282032572816 1.4210854715202004e-14 108.93282032572814 108.93282032572814 
gen 123 4970 108.93282032572816 1.4210854715202004e-14 108.93282032572814 108.93282032572814 
gen 124 5010 108.93282032572816 1.4210854715202004e-14 108.93282032572814 108.93282032572814 
gen 125 5050 108.93282032572816 1.4210854715202004e-14 108.93282032572814 108.93282032572814 
gen 126 5090 108.93282032572816 1.4210854715202004e-14 108.93282032572814 108.93282032572814 
gen 127 5130 108.93282032572816 1.4210854715202004e-14 108.93282032572814 108.93282032572814 
gen 128 5170 108.93282032572816 1.4210854715202004e-14 108.93282032572814 108.93282032572814 
gen 129 5210 108.93282032572816 1.4210854715202004e-14 108.93282032572814 108.93282032572814 
gen 130 5250 108.93282032572816 1.4210854715202004e-14 108.93282032572814 108.93282032572814 
gen 131 5290 108.93282032572816 1.4210854715202004e-14 108.93282032572814 108.93282032572814 
gen 132 5330 108.93282032572816 1.4210854715202004e-14 108.93282032572814 108.93282032572814 
gen 133 5370 108.93282032572816 1.4210854715202004e-14 108.93282032572814 108.93282032572814 
gen 134 5410 108.93282032572816 1.4210854715202004e-14 108.93282032572814 108.93282032572814 
gen 135 5450 108.93282032572816 1.4210854715202004e-14 108.93282032572814 108.93282032572814 
gen 136 5490 108.93282032572816 1.4210854715202004e-14 108.93282032572814 108.93282032572814 
gen 137 5530 108.93282032572816 1.4210854715202004e-14 108.93282032572814 108.93282032572814 
gen 138 5570 108.93282032572816 1.4210854715202004e-14 108.93282032572814 108.93282032572814 
gen 139 5610 108.93282032572816 1.4210854715202004e-14 108.93282032572814 108.93282032572814 
gen 140 5650 108.93282032572816 1.4210854715202004e-14 108.93282032572814 108.93282032572814 
gen 141 5690 108.93282032572816 1.4210854715202004e-14 108.93282032572814 108.93282032572814 
gen 142 5730 108.93282032572816 1.4210854715202004e-14 108.93282032572814 108.93282032572814 
gen 143 5770 108.93282032572816 1.4210854715202004e-14 108.93282032572814 108.93282032572814 
gen 144 5810 108.93282032572816 1.4210854715202004e-14 108.93282032572814 108.93282032572814 
gen 145 5850 108.93282032572816 1.4210854715202004e-14 108.93282032572814 108.93282032572814 
gen 146 5890 108.93282032572816 1.4210854715202004e-14 108.93282032572814 108.93282032572814 
gen 147 5930 108.93282032572816 1.4210854715202004e-14 108.93282032572814 108.93282032572814 
gen 148 5970 108.93282032572816 1.4210854715202004e-14 108.93282032572814 108.93282032572814 
gen 149 6010 108.93282032572816 1.4210854715202004e-14 108.93282032572814 108.93282032572814 
gen 150 6050 108.93282032572816 1.4210854715202004e-14 108.93282032572814 108.93282032572814 
gen 151 6090 108.93282032572816 1.4210854715202004e-14 108.93282032572814 108.93282032572814 
gen 152 6130 108.93282032572816 1.4210854715202004e-14 108.93282032572814 108.93282032572814 
gen 153 6170 108.93282032572816 1.4210854715202004e-14 108.93282032572814 108.93282032572814 
gen 154 6210 108.93282032572816 1.4210854715202004e-14 108.93282032572814 108.93282032572814 
gen 155 6250 108.93282032572816 1.4210854715202004e-14 108.93282032572814 108.93282032572814 
gen 156 6290 108.93282032572816 1.4210854715202004e-14 108.93282032572814 108.93282032572814 
gen 157 6330 108.93282032572816 1.4210854715202004e-14 108.93282032572814 108.93282032572814 
gen 158 6370 108.93282032572816 1.4210854715202004e-14 108.93282032572814 108.93282032572814 
gen 159 6410 108.93282032572816 1.4210854715202004e-14 108.93282032572814 108.93282032572814 
gen 160 6450 108.93282032572816 1.4210854715202004e-14 108.93282032572814 108.93282032572814 
gen 161 6490 108.93282032572816 1.4210854715202004e-14 108.93282032572814 108.93282032572814 
gen 162 6530 108.93282032572816 1.4210854715202004e-14 108.93282032572814 108.93282032572814 
gen 163 6570 108.93282032572816 1.4210854715202004e-14 108.93282032572814 108.93282032572814 
gen 164 6610 108.93282032572816 1.4210854715202004e-14 108.93282032572814 108.93282032572814 
gen 165 6650 108.93282032572816 1.4210854715202004e-14 108.93282032572814 108.93282032572814 
gen 166 6690 108.93282032572816 1.4210854715202004e-14 108.93282032572814 108.93282032572814 
gen 167 6730 108.93282032572816 1.4210854715202004e-14 108.93282032572814 108.93282032572814 
gen 168 6770 108.93282032572816 1.4210854715202004e-14 108.93282032572814 108.93282032572814 
gen 169 6810 108.93282032572816 1.4210854715202004e-14 108.93282032572814 108.93282032572814 
gen 170 6850 108.93282032572816 1.4210854715202004e-14 108.93282032572814 108.93282032572814 
gen 171 6890 108.93282032572816 1.4210854715202004e-14 108.93282032572814 108.93282032572814 
gen 172 6930 108.93282032572816 1.4210854715202004e-14 108.93282032572814 108.93282032572814 
gen 173 6970 108.93282032572816 1.4210854715202004e-14 108.93282032572814 108.93282032572814 
gen 174 7010 108.93282032572816 1.4210854715202004e-14 108.93282032572814 108.93282032572814 
gen 175 7050 108.93282032572816 1.4210854715202004e-14 108.93282032572814 108.93282032572814 
gen 176 7090 108.93282032572816 1.4210854715202004e-14 108.93282032572814 108.93282032572814 
gen 177 7130 108.93282032572816 1.4210854715202004e-14 108.93282032572814 108.93282032572814 
gen 178 7170 108.93282032572816 1.4210854715202004e-14 108.93282032572814 108.93282032572814 
gen 179 7210 108.93282032572816 1.4210854715202004e-14 108.93282032572814 108.93282032572814 
gen 180 7250 108.93282032572816 1.4210854715202004e-14 108.93282032572814 108.93282032572814 
gen 181 7290 108.93282032572816 1.4210854715202004e-14 108.93282032572814 108.93282032572814 
gen 182 7330 108.93282032572816 1.4210854715202004e-14 108.93282032572814 108.93282032572814 
gen 183 7370 108.93282032572816 1.4210854715202004e-14 108.93282032572814 108.93282032572814 
gen 184 7410 108.93282032572816 1.4210854715202004e-14 108.93282032572814 108.93282032572814 
gen 185 7450 108.93282032572816 1.4210854715202004e-14 108.93282032572814 108.93282032572814 
gen 186 7490 108.93282032572816 1.4210854715202004e-14 108.93282032572814 108.93282032572814 
gen 187 7530 108.93282032572816 1.4210854715202004e-14 108.93282032572814 108.93282032572814 
gen 188 7570 108.93282032572816 1.4210854715202004e-14 108.93282032572814 108.93282032572814 
gen 189 7610 108.93282032572816 1.4210854715202004e-14 108.93282032572814 108.93282032572814 
gen 190 7650 108.93282032572816 1.4210854715202004e-14 108.93282032572814 108.93282032572814 
gen 191 7690 108.93282032572816 1.4210854715202004e-14 108.93282032572814 108.93282032572814 
gen 192 7730 108.93282032572816 1.4210854715202004e-14 108.93282032572814 108.93282032572814 
gen 193 7770 108.93282032572816 1.4210854715202004e-14 108.93282032572814 108.93282032572814 
gen 194 7810 108.93282032572816 1.4210854715202004e-14 108.93282032572814 108.93282032572814 
gen 195 7850 108.93282032572816 1.4210854715202004e-14 108.93282032572814 108.93282032572814 
gen 196 7890 108.93282032572816 1.4210854715202004e-14 108.93282032572814 108.93282032572814 
gen 197 7930 108.93282032572816 1.4210854715202004e-14 108.93282032572814 108.93282032572814 
gen 198 7970 108.93282032572816 1.4210854715202004e-14 108.93282032572814 108.93282032572814 
gen 199 8010 108.93282032572816 1.4210854715202004e-14 108.93282032572814 108.93282032572814 
gen 200 8050 108.93282032572816 1.4210854715202004e-14 108.93282032572814 108.93282032572814 
gen 201 8090 108.93282032572816 1.4210854715202004e-14 108.93282032572814 108.93282032572814 
gen 202 8130 108.93282032572816 1.4210854715202004e-14 108.93282032572814 108.93282032572814 
gen 203 8170 108.93282032572816 1.4210854715202004e-14 108.93282032572814 108.93282032572814 
gen 204 8210 108.93282032572816 1.4210854715202004e-14 108.93282032572814 108.93282032572814 
gen 205 8250 108.93282032572816 1.4210854715202004e-14 108.93282032572814 108.93282032572814 
gen 206 8290 108.93282032572816 1.4210854715202004e-14 108.93282032572814 108.93282032572814 
gen 207 8330 108.93282032572816 1.4210854715202004e-14 108.93282032572814 108.93282032572814 
gen 208 8370 108.93282032572816 1.4210854715202004e-14 108.93282032572814 108.93282032572814 
gen 209 8410 108.93282032572816 1.4210854715202004e-14 108.93282032572814 108.93282032572814 
gen 210 8450 108.93282032572816 1.4210854715202004e-14 108.93282032572814 108.93282032572814 
gen 211 8490 108.93282032572816 1.4210854715202004e-14 108.93282032572814 108.93282032572814 
gen 212 8530 108.93282032572816 1.4210854715202004e-14 108.93282032572814 108.93282032572814 
gen 213 8570 108.93282032572816 1.4210854715202004e-14 108.93282032572814 108.93282032572814 
gen 214 8610 108.93282032572816 1.4210854715202004e-14 108.93282032572814 108.93282032572814 
gen 215 8650 108.93282032572816 1.4210854715202004e-14 108.93282032572814 108.93282032572814 
gen 216 8690 108.93282032572816 1.4210854715202004e-14 108.93282032572814 108.93282032572814 
gen 217 8730 108.93282032572816 1.4210854715202004e-14 108.93282032572814 108.93282032572814 
gen 218 8770 108.93282032572816 1.4210854715202004e-14 108.93282032572814 108.93282032572814 
gen 219 8810 108.93282032572816 1.4210854715202004e-14 108.93282032572814 108.93282032572814 
gen 220 8850 108.93282032572816 1.4210854715202004e-14 108.93282032572814 108.93282032572814 
gen 221 8890 108.93282032572816 1.4210854715202004e-14 108.93282032572814 108.93282032572814 
gen 222 8930 108.93282032572816 1.4210854715202004e-14 108.93282032572814 108.93282032572814 
gen 223 8970 108.93282032572816 1.4210854715202004e-14 108.93282032572814 108.93282032572814 
gen 224 9010 108.93282032572816 1.4210854715202004e-14 108.93282032572814 108.93282032572814 
gen 225 9050 108.93282032572816 1.4210854715202004e-14 108.93282032572814 108.93282032572814 
gen 226 9090 108.93282032572816 1.4210854715202004e-14 108.93282032572814 108.93282032572814 
gen 227 9130 108.93282032572816 1.4210854715202004e-14 108.93282032572814 108.93282032572814 
gen 228 9170 108.93282032572816 1.4210854715202004e-14 108.93282032572814 108.93282032572814 
gen 229 9210 108.93282032572816 1.4210854715202004e-14 108.93282032572814 108.93282032572814 
gen 230 9250 108.93282032572816 1.4210854715202004e-14 108.93282032572814 108.93282032572814 
gen 231 9290 108.93282032572816 1.4210854715202004e-14 108.93282032572814 108.93282032572814 
gen 232 9330 108.93282032572816 1.4210854715202004e-14 108.93282032572814 108.93282032572814 
gen 233 9370 108.93282032572816 1.4210854715202004e-14 108.93282032572814 108.93282032572814 
gen 234 9410 108.93282032572816 1.4210854715202004e-14 108.93282032572814 108.93282032572814 
gen 235 9450 108.93282032572816 1.4210854715202004e-14 108.93282032572814 108.93282032572814 
gen 236 9490 108.93282032572816 1.4210854715202004e-14 108.93282032572814 108.93282032572814 
gen 237 9530 108.93282032572816 1.4210854715202004e-14 108.93282032572814 108.93282032572814 
gen 238 9570 108.93282032572816 1.4210854715202004e-14 108.93282032572814 108.93282032572814 
gen 239 9610 108.93282032572816 1.4210854715202004e-14 108.93282032572814 108.93282032572814 
gen 240 9650 108.93282032572816 1.4210854715202004e-14 108.93282032572814 108.93282032572814 
gen 241 9690 108.93282032572816 1.4210854715202004e-14 108.93282032572814 108.93282032572814 
gen 242 9730 108.93282032572816 1.4210854715202004e-14 108.93282032572814 108.93282032572814 
gen 243 9770 108.93282032572816 1.4210854715202004e-14 108.93282032572814 108.93282032572814 
gen 244 9810 108.93282032572816 1.4210854715202004e-14 108.93282032572814 108.93282032572814 
gen 245 9850 108.93282032572816 1.4210854715202004e-14 108.93282032572814 108.93282032572814 
gen 246 9890 108.93282032572816 1.4210854715202004e-14 108.93282032572814 108.93282032572814 
gen 247 9930 108.93282032572816 1.4210854715202004e-14 108.93282032572814 108.93282032572814 
gen 248 9970 108.93282032572816 1.4210854715202004e-14 108.93282032572814 108.93282032572814 
gen 249 10010 108.93282032572816 1.4210854715202004e-14 108.93282032572814 108.93282032572814 
gen 250 10050 108.93282032572816 1.4210854715202004e-14 108.93282032572814 108.93282032572814 
gen 251 10090 108.93282032572816 1.4210854715202004e-14 108.93282032572814 108.93282032572814 
gen 252 10130 108.93282032572816 1.4210854715202004e-14 108.93282032572814 108.93282032572814 
gen 253 10170 108.93282032572816 1.4210854715202004e-14 108.93282032572814 108.93282032572814 
gen 254 10210 108.93282032572816 1.4210854715202004e-14 108.93282032572814 108.93282032572814 
gen 255 10250 108.93282032572816 1.4210854715202004e-14 108.93282032572814 108.93282032572814 
gen 256 10290 108.93282032572816 1.4210854715202004e-14 108.93282032572814 108.93282032572814 
gen 257 10330 108.93282032572816 1.4210854715202004e-14 108.93282032572814 108.93282032572814 
gen 258 10370 108.93282032572816 1.4210854715202004e-14 108.93282032572814 108.93282032572814 
gen 259 10410 108.93282032572816 1.4210854715202004e-14 108.93282032572814 108.93282032572814 
gen 260 10450 108.93282032572816 1.4210854715202004e-14 108.93282032572814 108.93282032572814 
gen 261 10490 108.93282032572816 1.4210854715202004e-14 108.93282032572814 108.93282032572814 
gen 262 10530 108.93282032572816 1.4210854715202004e-14 108.93282032572814 108.93282032572814 
gen 263 10570 108.93282032572816 1.4210854715202004e-14 108.93282032572814 108.93282032572814 
gen 264 10610 108.93282032572816 1.4210854715202004e-14 108.93282032572814 108.93282032572814 
gen 265 10650 108.93282032572816 1.4210854715202004e-14 108.93282032572814 108.93282032572814 
gen 266 10690 108.93282032572816 1.4210854715202004e-14 108.93282032572814 108.93282032572814 
gen 267 10730 108.93282032572816 1.4210854715202004e-14 108.93282032572814 108.93282032572814 
gen 268 10770 108.93282032572816 1.4210854715202004e-14 108.93282032572814 108.93282032572814 
gen 269 10810 108.93282032572816 1.4210854715202004e-14 108.93282032572814 108.93282032572814 
gen 270 10850 108.93282032572816 1.4210854715202004e-14 108.93282032572814 108.93282032572814 
gen 271 10890 108.93282032572816 1.4210854715202004e-14 108.93282032572814 108.93282032572814 
gen 272 10930 108.93282032572816 1.4210854715202004e-14 108.93282032572814 108.93282032572814 
gen 273 10970 108.93282032572816 1.4210854715202004e-14 108.93282032572814 108.93282032572814 
gen 274 11010 108.93282032572816 1.4210854715202004e-14 108.93282032572814 108.93282032572814 
gen 275 11050 108.93282032572816 1.4210854715202004e-14 108.93282032572814 108.93282032572814 
gen 276 11090 108.93282032572816 1.4210854715202004e-14 108.93282032572814 108.93282032572814 
gen 277 11130 108.93282032572816 1.4210854715202004e-14 108.93282032572814 108.93282032572814 
gen 278 11170 108.93282032572816 1.4210854715202004e-14 108.93282032572814 108.93282032572814 
gen 279 11210 108.93282032572816 1.4210854715202004e-14 108.93282032572814 108.93282032572814 
gen 280 11250 108.93282032572816 1.4210854715202004e-14 108.93282032572814 108.93282032572814 
gen 281 11290 108.93282032572816 1.4210854715202004e-14 108.93282032572814 108.93282032572814 
gen 282 11330 108.93282032572816 1.4210854715202004e-14 108.93282032572814 108.93282032572814 
gen 283 11370 108.93282032572816 1.4210854715202004e-14 108.93282032572814 108.93282032572814 
gen 284 11410 108.93282032572816 1.4210854715202004e-14 108.93282032572814 108.93282032572814 
gen 285 11450 108.93282032572816 1.4210854715202004e-14 108.93282032572814 108.93282032572814 
gen 286 11490 108.93282032572816 1.4210854715202004e-14 108.93282032572814 108.93282032572814 
gen 287 11530 108.93282032572816 1.4210854715202004e-14 108.93282032572814 108.93282032572814 
gen 288 11570 108.93282032572816 1.4210854715202004e-14 108.93282032572814 108.93282032572814 
gen 289 11610 108.93282032572816 1.4210854715202004e-14 108.93282032572814 108.93282032572814 
gen 290 11650 108.93282032572816 1.4210854715202004e-14 108.93282032572814 108.93282032572814 
gen 291 11690 108.93282032572816 1.4210854715202004e-14 108.93282032572814 108.93282032572814 
gen 292 11730 108.93282032572816 1.4210854715202004e-14 108.93282032572814 108.93282032572814 
gen 293 11770 108.93282032572816 1.4210854715202004e-14 108.93282032572814 108.93282032572814 
gen 294 11810 108.93282032572816 1.4210854715202004e-14 108.93282032572814 108.93282032572814 
gen 295 11850 108.93282032572816 1.4210854715202004e-14 108.93282032572814 108.93282032572814 
gen 296 11890 108.93282032572816 1.4210854715202004e-14 108.93282032572814 108.93282032572814 
gen 297 11930 108.93282032572816 1.4210854715202004e-14 108.93282032572814 108.93282032572814 
gen 298 11970 108.93282032572816 1.4210854715202004e-14 108.93282032572814 108.93282032572814 
gen 299 12010 108.93282032572816 1.4210854715202004e-14 108.93282032572814 108.93282032572814 
gen 300 12050 108.93282032572816 1.4210854715202004e-14 108.93282032572814 108.93282032572814 
gen 301 12090 108.93282032572816 1.4210854715202004e-14 108.93282032572814 108.93282032572814 
gen 302 12130 108.93282032572816 1.4210854715202004e-14 108.93282032572814 108.93282032572814 
gen 303 12170 108.93282032572816 1.4210854715202004e-14 108.93282032572814 108.93282032572814 
gen 304 12210 108.93282032572816 1.4210854715202004e-14 108.93282032572814 108.93282032572814 
gen 305 12250 108.93282032572816 1.4210854715202004e-14 108.93282032572814 108.93282032572814 
gen 306 12290 108.93282032572816 1.4210854715202004e-14 108.93282032572814 108.93282032572814 
gen 307 12330 108.93282032572816 1.4210854715202004e-14 108.93282032572814 108.93282032572814 
gen 308 12370 108.93282032572816 1.4210854715202004e-14 108.93282032572814 108.93282032572814 
gen 309 12410 108.93282032572816 1.4210854715202004e-14 108.93282032572814 108.93282032572814 
gen 310 12450 108.93282032572816 1.4210854715202004e-14 108.93282032572814 108.93282032572814 
gen 311 12490 108.93282032572816 1.4210854715202004e-14 108.93282032572814 108.93282032572814 
gen 312 12530 108.93282032572816 1.4210854715202004e-14 108.93282032572814 108.93282032572814 
gen 313 12570 108.93282032572816 1.4210854715202004e-14 108.93282032572814 108.93282032572814 
gen 314 12610 108.93282032572816 1.4210854715202004e-14 108.93282032572814 108.93282032572814 
gen 315 12650 108.93282032572816 1.4210854715202004e-14 108.93282032572814 108.93282032572814 
gen 316 12690 108.93282032572816 1.4210854715202004e-14 108.93282032572814 108.93282032572814 
gen 317 12730 108.93282032572816 1.4210854715202004e-14 108.93282032572814 108.93282032572814 
gen 318 12770 108.93282032572816 1.4210854715202004e-14 108.93282032572814 108.93282032572814 
gen 319 12810 108.93282032572816 1.4210854715202004e-14 108.93282032572814 108.93282032572814 
gen 320 12850 108.93282032572816 1.4210854715202004e-14 108.93282032572814 108.93282032572814 
gen 321 12890 108.93282032572816 1.4210854715202004e-14 108.93282032572814 108.93282032572814 
gen 322 12930 108.93282032572816 1.4210854715202004e-14 108.93282032572814 108.93282032572814 
gen 323 12970 108.93282032572816 1.4210854715202004e-14 108.93282032572814 108.93282032572814 
gen 324 13010 108.93282032572816 1.4210854715202004e-14 108.93282032572814 108.93282032572814 
gen 325 13050 108.93282032572816 1.4210854715202004e-14 108.93282032572814 108.93282032572814 
gen 326 13090 108.93282032572816 1.4210854715202004e-14 108.93282032572814 108.93282032572814 
gen 327 13130 108.93282032572816 1.4210854715202004e-14 108.93282032572814 108.93282032572814 
gen 328 13170 108.93282032572816 1.4210854715202004e-14 108.93282032572814 108.93282032572814 
gen 329 13210 108.93282032572816 1.4210854715202004e-14 108.93282032572814 108.93282032572814 
gen 330 13250 108.93282032572816 1.4210854715202004e-14 108.93282032572814 108.93282032572814 
gen 331 13290 108.93282032572816 1.4210854715202004e-14 108.93282032572814 108.93282032572814 
gen 332 13330 108.93282032572816 1.4210854715202004e-14 108.93282032572814 108.93282032572814 
gen 333 13370 108.93282032572816 1.4210854715202004e-14 108.93282032572814 108.93282032572814 
gen 334 13410 108.93282032572816 1.4210854715202004e-14 108.93282032572814 108.93282032572814 
gen 335 13450 108.93282032572816 1.4210854715202004e-14 108.93282032572814 108.93282032572814 
gen 336 13490 108.93282032572816 1.4210854715202004e-14 108.93282032572814 108.93282032572814 
gen 337 13530 108.93282032572816 1.4210854715202004e-14 108.93282032572814 108.93282032572814 
gen 338 13570 108.93282032572816 1.4210854715202004e-14 108.93282032572814 108.93282032572814 
gen 339 13610 108.93282032572816 1.4210854715202004e-14 108.93282032572814 108.93282032572814 
gen 340 13650 108.93282032572816 1.4210854715202004e-14 108.93282032572814 108.93282032572814 
gen 341 13690 108.93282032572816 1.4210854715202004e-14 108.93282032572814 108.93282032572814 
gen 342 13730 108.93282032572816 1.4210854715202004e-14 108.93282032572814 108.93282032572814 
gen 343 13770 108.93282032572816 1.4210854715202004e-14 108.93282032572814 108.93282032572814 
gen 344 13810 108.93282032572816 1.4210854715202004e-14 108.93282032572814 108.93282032572814 
gen 345 13850 108.93282032572816 1.4210854715202004e-14 108.93282032572814 108.93282032572814 
gen 346 13890 108.93282032572816 1.4210854715202004e-14 108.93282032572814 108.93282032572814 
gen 347 13930 108.93282032572816 1.4210854715202004e-14 108.93282032572814 108.93282032572814 
gen 348 13970 108.93282032572816 1.4210854715202004e-14 108.93282032572814 108.93282032572814 
gen 349 14010 108.93282032572816 1.4210854715202004e-14 108.93282032572814 108.93282032572814 
[0, 3, 1, 2, 2, 0, 3, 1, 3, 2, 0, 1, 1, 3, 2, 0, 1, 0, 3, 2]
min  108.93282032572814
NFE 14010
LSNFE 30
VLSNFE 3
runTime 5.634448289871216
