gen 0 20 188.8176670012998 27.7517621889059 120.28857393987819 242.24416449852694 
gen 1 60 156.7912593640594 12.15031378258236 120.28857393987819 171.0188622753529 
gen 2 100 149.9685658588383 9.295977338284843 120.28857393987819 159.13729765428235 
gen 3 140 143.81094734447234 8.363514578667406 120.28857393987819 153.14352364039414 
gen 4 180 134.02228233455813 6.508768832980997 120.1512992386682 140.88090377331312 
gen 5 220 128.07624928267018 6.799497072690857 112.32278166891047 137.88947870781 
gen 6 260 118.77599067632919 5.897088145799776 108.93282032572814 125.90830955929961 
gen 7 300 113.33201571949708 4.330904250947994 108.93282032572814 120.28857393987819 
gen 8 340 109.8819592743614 1.6796410125413757 108.93282032572814 115.43630846088145 
gen 9 380 108.93282032572816 1.4210854715202004e-14 108.93282032572814 108.93282032572814 
gen 10 420 108.93282032572816 1.4210854715202004e-14 108.93282032572814 108.93282032572814 
gen 11 460 108.93282032572816 1.4210854715202004e-14 108.93282032572814 108.93282032572814 
gen 12 500 108.93282032572816 1.4210854715202004e-14 108.93282032572814 108.93282032572814 
gen 13 540 108.93282032572816 1.4210854715202004e-14 108.93282032572814 108.93282032572814 
gen 14 580 108.93282032572816 1.4210854715202004e-14 108.93282032572814 108.93282032572814 
gen 15 620 108.93282032572816 1.4210854715202004e-14 108.93282032572814 108.93282032572814 
gen 16 660 108.93282032572816 1.4210854715202004e-14 108.93282032572814 108.93282032572814 
gen 17 700 108.93282032572816 1.4210854715202004e-14 108.93282032572814 108.93282032572814 
gen 18 740 108.93282032572816 1.4210854715202004e-14 108.93282032572814 108.93282032572814 
gen 19 780 108.93282032572816 1.4210854715202004e-14 108.93282032572814 108.93282032572814 
gen 20 820 108.93282032572816 1.4210854715202004e-14 108.93282032572814 108.93282032572814 
gen 21 860 108.93282032572816 1.4210854715202004e-14 108.93282032572814 108.93282032572814 
gen 22 900 108.93282032572816 1.4210854715202004e-14 108.93282032572814 108.93282032572814 
gen 23 940 108.93282032572816 1.4210854715202004e-14 108.93282032572814 108.93282032572814 
gen 24 980 108.93282032572816 1.4210854715202004e-14 108.93282032572814 108.93282032572814 
gen 25 1020 108.93282032572816 1.4210854715202004e-14 108.93282032572814 108.93282032572814 
gen 26 1060 108.93282032572816 1.4210854715202004e-14 108.93282032572814 108.93282032572814 
gen 27 1100 108.93282032572816 1.4210854715202004e-14 108.93282032572814 108.93282032572814 
gen 28 1140 108.93282032572816 1.4210854715202004e-14 108.93282032572814 108.93282032572814 
gen 29 1180 108.93282032572816 1.4210854715202004e-14 108.93282032572814 108.93282032572814 
gen 30 1220 108.93282032572816 1.4210854715202004e-14 108.93282032572814 108.93282032572814 
gen 31 1260 108.93282032572816 1.4210854715202004e-14 108.93282032572814 108.93282032572814 
gen 32 1300 108.93282032572816 1.4210854715202004e-14 108.93282032572814 108.93282032572814 
gen 33 1340 108.93282032572816 1.4210854715202004e-14 108.93282032572814 108.93282032572814 
gen 34 1380 108.93282032572816 1.4210854715202004e-14 108.93282032572814 108.93282032572814 
gen 35 1420 108.93282032572816 1.4210854715202004e-14 108.93282032572814 108.93282032572814 
gen 36 1460 108.93282032572816 1.4210854715202004e-14 108.93282032572814 108.93282032572814 
gen 37 1500 108.93282032572816 1.4210854715202004e-14 108.93282032572814 108.93282032572814 
gen 38 1540 108.93282032572816 1.4210854715202004e-14 108.93282032572814 108.93282032572814 
gen 39 1580 108.93282032572816 1.4210854715202004e-14 108.93282032572814 108.93282032572814 
gen 40 1620 108.93282032572816 1.4210854715202004e-14 108.93282032572814 108.93282032572814 
gen 41 1660 108.93282032572816 1.4210854715202004e-14 108.93282032572814 108.93282032572814 
gen 42 1700 108.93282032572816 1.4210854715202004e-14 108.93282032572814 108.93282032572814 
gen 43 1740 108.93282032572816 1.4210854715202004e-14 108.93282032572814 108.93282032572814 
gen 44 1780 108.93282032572816 1.4210854715202004e-14 108.93282032572814 108.93282032572814 
gen 45 1820 108.93282032572816 1.4210854715202004e-14 108.93282032572814 108.93282032572814 
gen 46 1860 108.93282032572816 1.4210854715202004e-14 108.93282032572814 108.93282032572814 
gen 47 1900 108.93282032572816 1.4210854715202004e-14 108.93282032572814 108.93282032572814 
gen 48 1940 108.93282032572816 1.4210854715202004e-14 108.93282032572814 108.93282032572814 
gen 49 1980 108.93282032572816 1.4210854715202004e-14 108.93282032572814 108.93282032572814 
gen 50 2020 108.93282032572816 1.4210854715202004e-14 108.93282032572814 108.93282032572814 
gen 51 2060 108.93282032572816 1.4210854715202004e-14 108.93282032572814 108.93282032572814 
gen 52 2100 108.93282032572816 1.4210854715202004e-14 108.93282032572814 108.93282032572814 
gen 53 2140 108.93282032572816 1.4210854715202004e-14 108.93282032572814 108.93282032572814 
gen 54 2180 108.93282032572816 1.4210854715202004e-14 108.93282032572814 108.93282032572814 
gen 55 2220 108.93282032572816 1.4210854715202004e-14 108.93282032572814 108.93282032572814 
gen 56 2260 108.93282032572816 1.4210854715202004e-14 108.93282032572814 108.93282032572814 
gen 57 2300 108.93282032572816 1.4210854715202004e-14 108.93282032572814 108.93282032572814 
gen 58 2340 108.93282032572816 1.4210854715202004e-14 108.93282032572814 108.93282032572814 
gen 59 2380 108.93282032572816 1.4210854715202004e-14 108.93282032572814 108.93282032572814 
gen 60 2420 108.93282032572816 1.4210854715202004e-14 108.93282032572814 108.93282032572814 
gen 61 2460 108.93282032572816 1.4210854715202004e-14 108.93282032572814 108.93282032572814 
gen 62 2500 108.93282032572816 1.4210854715202004e-14 108.93282032572814 108.93282032572814 
gen 63 2540 108.93282032572816 1.4210854715202004e-14 108.93282032572814 108.93282032572814 
gen 64 2580 108.93282032572816 1.4210854715202004e-14 108.93282032572814 108.93282032572814 
gen 65 2620 108.93282032572816 1.4210854715202004e-14 108.93282032572814 108.93282032572814 
gen 66 2660 108.93282032572816 1.4210854715202004e-14 108.93282032572814 108.93282032572814 
gen 67 2700 108.93282032572816 1.4210854715202004e-14 108.93282032572814 108.93282032572814 
gen 68 2740 108.93282032572816 1.4210854715202004e-14 108.93282032572814 108.93282032572814 
gen 69 2780 108.93282032572816 1.4210854715202004e-14 108.93282032572814 108.93282032572814 
gen 70 2820 108.93282032572816 1.4210854715202004e-14 108.93282032572814 108.93282032572814 
gen 71 2860 108.93282032572816 1.4210854715202004e-14 108.93282032572814 108.93282032572814 
gen 72 2900 108.93282032572816 1.4210854715202004e-14 108.93282032572814 108.93282032572814 
gen 73 2940 108.93282032572816 1.4210854715202004e-14 108.93282032572814 108.93282032572814 
gen 74 2980 108.93282032572816 1.4210854715202004e-14 108.93282032572814 108.93282032572814 
gen 75 3020 108.93282032572816 1.4210854715202004e-14 108.93282032572814 108.93282032572814 
gen 76 3060 108.93282032572816 1.4210854715202004e-14 108.93282032572814 108.93282032572814 
gen 77 3100 108.93282032572816 1.4210854715202004e-14 108.93282032572814 108.93282032572814 
gen 78 3140 108.93282032572816 1.4210854715202004e-14 108.93282032572814 108.93282032572814 
gen 79 3180 108.93282032572816 1.4210854715202004e-14 108.93282032572814 108.93282032572814 
gen 80 3220 108.93282032572816 1.4210854715202004e-14 108.93282032572814 108.93282032572814 
gen 81 3260 108.93282032572816 1.4210854715202004e-14 108.93282032572814 108.93282032572814 
gen 82 3300 108.93282032572816 1.4210854715202004e-14 108.93282032572814 108.93282032572814 
gen 83 3340 108.93282032572816 1.4210854715202004e-14 108.93282032572814 108.93282032572814 
gen 84 3380 108.93282032572816 1.4210854715202004e-14 108.93282032572814 108.93282032572814 
gen 85 3420 108.93282032572816 1.4210854715202004e-14 108.93282032572814 108.93282032572814 
gen 86 3460 108.93282032572816 1.4210854715202004e-14 108.93282032572814 108.93282032572814 
gen 87 3500 108.93282032572816 1.4210854715202004e-14 108.93282032572814 108.93282032572814 
gen 88 3540 108.93282032572816 1.4210854715202004e-14 108.93282032572814 108.93282032572814 
gen 89 3580 108.93282032572816 1.4210854715202004e-14 108.93282032572814 108.93282032572814 
gen 90 3620 108.93282032572816 1.4210854715202004e-14 108.93282032572814 108.93282032572814 
gen 91 3660 108.93282032572816 1.4210854715202004e-14 108.93282032572814 108.93282032572814 
gen 92 3700 108.93282032572816 1.4210854715202004e-14 108.93282032572814 108.93282032572814 
gen 93 3740 108.93282032572816 1.4210854715202004e-14 108.93282032572814 108.93282032572814 
gen 94 3780 108.93282032572816 1.4210854715202004e-14 108.93282032572814 108.93282032572814 
gen 95 3820 108.93282032572816 1.4210854715202004e-14 108.93282032572814 108.93282032572814 
gen 96 3860 108.93282032572816 1.4210854715202004e-14 108.93282032572814 108.93282032572814 
gen 97 3900 108.93282032572816 1.4210854715202004e-14 108.93282032572814 108.93282032572814 
gen 98 3940 108.93282032572816 1.4210854715202004e-14 108.93282032572814 108.93282032572814 
gen 99 3980 108.93282032572816 1.4210854715202004e-14 108.93282032572814 108.93282032572814 
gen 100 4020 108.93282032572816 1.4210854715202004e-14 108.93282032572814 108.93282032572814 
gen 101 4060 108.93282032572816 1.4210854715202004e-14 108.93282032572814 108.93282032572814 
gen 102 4100 108.93282032572816 1.4210854715202004e-14 108.93282032572814 108.93282032572814 
gen 103 4140 108.93282032572816 1.4210854715202004e-14 108.93282032572814 108.93282032572814 
gen 104 4180 108.93282032572816 1.4210854715202004e-14 108.93282032572814 108.93282032572814 
gen 105 4220 108.93282032572816 1.4210854715202004e-14 108.93282032572814 108.93282032572814 
gen 106 4260 108.93282032572816 1.4210854715202004e-14 108.93282032572814 108.93282032572814 
gen 107 4300 108.93282032572816 1.4210854715202004e-14 108.93282032572814 108.93282032572814 
gen 108 4340 108.93282032572816 1.4210854715202004e-14 108.93282032572814 108.93282032572814 
gen 109 4380 108.93282032572816 1.4210854715202004e-14 108.93282032572814 108.93282032572814 
gen 110 4420 108.93282032572816 1.4210854715202004e-14 108.93282032572814 108.93282032572814 
gen 111 4460 108.93282032572816 1.4210854715202004e-14 108.93282032572814 108.93282032572814 
gen 112 4500 108.93282032572816 1.4210854715202004e-14 108.93282032572814 108.93282032572814 
gen 113 4540 108.93282032572816 1.4210854715202004e-14 108.93282032572814 108.93282032572814 
gen 114 4580 108.93282032572816 1.4210854715202004e-14 108.93282032572814 108.93282032572814 
gen 115 4620 108.93282032572816 1.4210854715202004e-14 108.93282032572814 108.93282032572814 
gen 116 4660 108.93282032572816 1.4210854715202004e-14 108.93282032572814 108.93282032572814 
gen 117 4700 108.93282032572816 1.4210854715202004e-14 108.93282032572814 108.93282032572814 
gen 118 4740 108.93282032572816 1.4210854715202004e-14 108.93282032572814 108.93282032572814 
gen 119 4780 108.93282032572816 1.4210854715202004e-14 108.93282032572814 108.93282032572814 
gen 120 4820 108.93282032572816 1.4210854715202004e-14 108.93282032572814 108.93282032572814 
gen 121 4860 108.93282032572816 1.4210854715202004e-14 108.93282032572814 108.93282032572814 
gen 122 4900 108.93282032572816 1.4210854715202004e-14 108.93282032572814 108.93282032572814 
gen 123 4940 108.93282032572816 1.4210854715202004e-14 108.93282032572814 108.93282032572814 
gen 124 4980 108.93282032572816 1.4210854715202004e-14 108.93282032572814 108.93282032572814 
gen 125 5020 108.93282032572816 1.4210854715202004e-14 108.93282032572814 108.93282032572814 
gen 126 5060 108.93282032572816 1.4210854715202004e-14 108.93282032572814 108.93282032572814 
gen 127 5100 108.93282032572816 1.4210854715202004e-14 108.93282032572814 108.93282032572814 
gen 128 5140 108.93282032572816 1.4210854715202004e-14 108.93282032572814 108.93282032572814 
gen 129 5180 108.93282032572816 1.4210854715202004e-14 108.93282032572814 108.93282032572814 
gen 130 5220 108.93282032572816 1.4210854715202004e-14 108.93282032572814 108.93282032572814 
gen 131 5260 108.93282032572816 1.4210854715202004e-14 108.93282032572814 108.93282032572814 
gen 132 5300 108.93282032572816 1.4210854715202004e-14 108.93282032572814 108.93282032572814 
gen 133 5340 108.93282032572816 1.4210854715202004e-14 108.93282032572814 108.93282032572814 
gen 134 5380 108.93282032572816 1.4210854715202004e-14 108.93282032572814 108.93282032572814 
gen 135 5420 108.93282032572816 1.4210854715202004e-14 108.93282032572814 108.93282032572814 
gen 136 5460 108.93282032572816 1.4210854715202004e-14 108.93282032572814 108.93282032572814 
gen 137 5500 108.93282032572816 1.4210854715202004e-14 108.93282032572814 108.93282032572814 
gen 138 5540 108.93282032572816 1.4210854715202004e-14 108.93282032572814 108.93282032572814 
gen 139 5580 108.93282032572816 1.4210854715202004e-14 108.93282032572814 108.93282032572814 
gen 140 5620 108.93282032572816 1.4210854715202004e-14 108.93282032572814 108.93282032572814 
gen 141 5660 108.93282032572816 1.4210854715202004e-14 108.93282032572814 108.93282032572814 
gen 142 5700 108.93282032572816 1.4210854715202004e-14 108.93282032572814 108.93282032572814 
gen 143 5740 108.93282032572816 1.4210854715202004e-14 108.93282032572814 108.93282032572814 
gen 144 5780 108.93282032572816 1.4210854715202004e-14 108.93282032572814 108.93282032572814 
gen 145 5820 108.93282032572816 1.4210854715202004e-14 108.93282032572814 108.93282032572814 
gen 146 5860 108.93282032572816 1.4210854715202004e-14 108.93282032572814 108.93282032572814 
gen 147 5900 108.93282032572816 1.4210854715202004e-14 108.93282032572814 108.93282032572814 
gen 148 5940 108.93282032572816 1.4210854715202004e-14 108.93282032572814 108.93282032572814 
gen 149 5980 108.93282032572816 1.4210854715202004e-14 108.93282032572814 108.93282032572814 
gen 150 6020 108.93282032572816 1.4210854715202004e-14 108.93282032572814 108.93282032572814 
gen 151 6060 108.93282032572816 1.4210854715202004e-14 108.93282032572814 108.93282032572814 
gen 152 6100 108.93282032572816 1.4210854715202004e-14 108.93282032572814 108.93282032572814 
gen 153 6140 108.93282032572816 1.4210854715202004e-14 108.93282032572814 108.93282032572814 
gen 154 6180 108.93282032572816 1.4210854715202004e-14 108.93282032572814 108.93282032572814 
gen 155 6220 108.93282032572816 1.4210854715202004e-14 108.93282032572814 108.93282032572814 
gen 156 6260 108.93282032572816 1.4210854715202004e-14 108.93282032572814 108.93282032572814 
gen 157 6300 108.93282032572816 1.4210854715202004e-14 108.93282032572814 108.93282032572814 
gen 158 6340 108.93282032572816 1.4210854715202004e-14 108.93282032572814 108.93282032572814 
gen 159 6380 108.93282032572816 1.4210854715202004e-14 108.93282032572814 108.93282032572814 
gen 160 6420 108.93282032572816 1.4210854715202004e-14 108.93282032572814 108.93282032572814 
gen 161 6460 108.93282032572816 1.4210854715202004e-14 108.93282032572814 108.93282032572814 
gen 162 6500 108.93282032572816 1.4210854715202004e-14 108.93282032572814 108.93282032572814 
gen 163 6540 108.93282032572816 1.4210854715202004e-14 108.93282032572814 108.93282032572814 
gen 164 6580 108.93282032572816 1.4210854715202004e-14 108.93282032572814 108.93282032572814 
gen 165 6620 108.93282032572816 1.4210854715202004e-14 108.93282032572814 108.93282032572814 
gen 166 6660 108.93282032572816 1.4210854715202004e-14 108.93282032572814 108.93282032572814 
gen 167 6700 108.93282032572816 1.4210854715202004e-14 108.93282032572814 108.93282032572814 
gen 168 6740 108.93282032572816 1.4210854715202004e-14 108.93282032572814 108.93282032572814 
gen 169 6780 108.93282032572816 1.4210854715202004e-14 108.93282032572814 108.93282032572814 
gen 170 6820 108.93282032572816 1.4210854715202004e-14 108.93282032572814 108.93282032572814 
gen 171 6860 108.93282032572816 1.4210854715202004e-14 108.93282032572814 108.93282032572814 
gen 172 6900 108.93282032572816 1.4210854715202004e-14 108.93282032572814 108.93282032572814 
gen 173 6940 108.93282032572816 1.4210854715202004e-14 108.93282032572814 108.93282032572814 
gen 174 6980 108.93282032572816 1.4210854715202004e-14 108.93282032572814 108.93282032572814 
gen 175 7020 108.93282032572816 1.4210854715202004e-14 108.93282032572814 108.93282032572814 
gen 176 7060 108.93282032572816 1.4210854715202004e-14 108.93282032572814 108.93282032572814 
gen 177 7100 108.93282032572816 1.4210854715202004e-14 108.93282032572814 108.93282032572814 
gen 178 7140 108.93282032572816 1.4210854715202004e-14 108.93282032572814 108.93282032572814 
gen 179 7180 108.93282032572816 1.4210854715202004e-14 108.93282032572814 108.93282032572814 
gen 180 7220 108.93282032572816 1.4210854715202004e-14 108.93282032572814 108.93282032572814 
gen 181 7260 108.93282032572816 1.4210854715202004e-14 108.93282032572814 108.93282032572814 
gen 182 7300 108.93282032572816 1.4210854715202004e-14 108.93282032572814 108.93282032572814 
gen 183 7340 108.93282032572816 1.4210854715202004e-14 108.93282032572814 108.93282032572814 
gen 184 7380 108.93282032572816 1.4210854715202004e-14 108.93282032572814 108.93282032572814 
gen 185 7420 108.93282032572816 1.4210854715202004e-14 108.93282032572814 108.93282032572814 
gen 186 7460 108.93282032572816 1.4210854715202004e-14 108.93282032572814 108.93282032572814 
gen 187 7500 108.93282032572816 1.4210854715202004e-14 108.93282032572814 108.93282032572814 
gen 188 7540 108.93282032572816 1.4210854715202004e-14 108.93282032572814 108.93282032572814 
gen 189 7580 108.93282032572816 1.4210854715202004e-14 108.93282032572814 108.93282032572814 
gen 190 7620 108.93282032572816 1.4210854715202004e-14 108.93282032572814 108.93282032572814 
gen 191 7660 108.93282032572816 1.4210854715202004e-14 108.93282032572814 108.93282032572814 
gen 192 7700 108.93282032572816 1.4210854715202004e-14 108.93282032572814 108.93282032572814 
gen 193 7740 108.93282032572816 1.4210854715202004e-14 108.93282032572814 108.93282032572814 
gen 194 7780 108.93282032572816 1.4210854715202004e-14 108.93282032572814 108.93282032572814 
gen 195 7820 108.93282032572816 1.4210854715202004e-14 108.93282032572814 108.93282032572814 
gen 196 7860 108.93282032572816 1.4210854715202004e-14 108.93282032572814 108.93282032572814 
gen 197 7900 108.93282032572816 1.4210854715202004e-14 108.93282032572814 108.93282032572814 
gen 198 7940 108.93282032572816 1.4210854715202004e-14 108.93282032572814 108.93282032572814 
gen 199 7980 108.93282032572816 1.4210854715202004e-14 108.93282032572814 108.93282032572814 
gen 200 8020 108.93282032572816 1.4210854715202004e-14 108.93282032572814 108.93282032572814 
gen 201 8060 108.93282032572816 1.4210854715202004e-14 108.93282032572814 108.93282032572814 
gen 202 8100 108.93282032572816 1.4210854715202004e-14 108.93282032572814 108.93282032572814 
gen 203 8140 108.93282032572816 1.4210854715202004e-14 108.93282032572814 108.93282032572814 
gen 204 8180 108.93282032572816 1.4210854715202004e-14 108.93282032572814 108.93282032572814 
gen 205 8220 108.93282032572816 1.4210854715202004e-14 108.93282032572814 108.93282032572814 
gen 206 8260 108.93282032572816 1.4210854715202004e-14 108.93282032572814 108.93282032572814 
gen 207 8300 108.93282032572816 1.4210854715202004e-14 108.93282032572814 108.93282032572814 
gen 208 8340 108.93282032572816 1.4210854715202004e-14 108.93282032572814 108.93282032572814 
gen 209 8380 108.93282032572816 1.4210854715202004e-14 108.93282032572814 108.93282032572814 
gen 210 8420 108.93282032572816 1.4210854715202004e-14 108.93282032572814 108.93282032572814 
gen 211 8460 108.93282032572816 1.4210854715202004e-14 108.93282032572814 108.93282032572814 
gen 212 8500 108.93282032572816 1.4210854715202004e-14 108.93282032572814 108.93282032572814 
gen 213 8540 108.93282032572816 1.4210854715202004e-14 108.93282032572814 108.93282032572814 
gen 214 8580 108.93282032572816 1.4210854715202004e-14 108.93282032572814 108.93282032572814 
gen 215 8620 108.93282032572816 1.4210854715202004e-14 108.93282032572814 108.93282032572814 
gen 216 8660 108.93282032572816 1.4210854715202004e-14 108.93282032572814 108.93282032572814 
gen 217 8700 108.93282032572816 1.4210854715202004e-14 108.93282032572814 108.93282032572814 
gen 218 8740 108.93282032572816 1.4210854715202004e-14 108.93282032572814 108.93282032572814 
gen 219 8780 108.93282032572816 1.4210854715202004e-14 108.93282032572814 108.93282032572814 
gen 220 8820 108.93282032572816 1.4210854715202004e-14 108.93282032572814 108.93282032572814 
gen 221 8860 108.93282032572816 1.4210854715202004e-14 108.93282032572814 108.93282032572814 
gen 222 8900 108.93282032572816 1.4210854715202004e-14 108.93282032572814 108.93282032572814 
gen 223 8940 108.93282032572816 1.4210854715202004e-14 108.93282032572814 108.93282032572814 
gen 224 8980 108.93282032572816 1.4210854715202004e-14 108.93282032572814 108.93282032572814 
gen 225 9020 108.93282032572816 1.4210854715202004e-14 108.93282032572814 108.93282032572814 
gen 226 9060 108.93282032572816 1.4210854715202004e-14 108.93282032572814 108.93282032572814 
gen 227 9100 108.93282032572816 1.4210854715202004e-14 108.93282032572814 108.93282032572814 
gen 228 9140 108.93282032572816 1.4210854715202004e-14 108.93282032572814 108.93282032572814 
gen 229 9180 108.93282032572816 1.4210854715202004e-14 108.93282032572814 108.93282032572814 
gen 230 9220 108.93282032572816 1.4210854715202004e-14 108.93282032572814 108.93282032572814 
gen 231 9260 108.93282032572816 1.4210854715202004e-14 108.93282032572814 108.93282032572814 
gen 232 9300 108.93282032572816 1.4210854715202004e-14 108.93282032572814 108.93282032572814 
gen 233 9340 108.93282032572816 1.4210854715202004e-14 108.93282032572814 108.93282032572814 
gen 234 9380 108.93282032572816 1.4210854715202004e-14 108.93282032572814 108.93282032572814 
gen 235 9420 108.93282032572816 1.4210854715202004e-14 108.93282032572814 108.93282032572814 
gen 236 9460 108.93282032572816 1.4210854715202004e-14 108.93282032572814 108.93282032572814 
gen 237 9500 108.93282032572816 1.4210854715202004e-14 108.93282032572814 108.93282032572814 
gen 238 9540 108.93282032572816 1.4210854715202004e-14 108.93282032572814 108.93282032572814 
gen 239 9580 108.93282032572816 1.4210854715202004e-14 108.93282032572814 108.93282032572814 
gen 240 9620 108.93282032572816 1.4210854715202004e-14 108.93282032572814 108.93282032572814 
gen 241 9660 108.93282032572816 1.4210854715202004e-14 108.93282032572814 108.93282032572814 
gen 242 9700 108.93282032572816 1.4210854715202004e-14 108.93282032572814 108.93282032572814 
gen 243 9740 108.93282032572816 1.4210854715202004e-14 108.93282032572814 108.93282032572814 
gen 244 9780 108.93282032572816 1.4210854715202004e-14 108.93282032572814 108.93282032572814 
gen 245 9820 108.93282032572816 1.4210854715202004e-14 108.93282032572814 108.93282032572814 
gen 246 9860 108.93282032572816 1.4210854715202004e-14 108.93282032572814 108.93282032572814 
gen 247 9900 108.93282032572816 1.4210854715202004e-14 108.93282032572814 108.93282032572814 
gen 248 9940 108.93282032572816 1.4210854715202004e-14 108.93282032572814 108.93282032572814 
gen 249 9980 108.93282032572816 1.4210854715202004e-14 108.93282032572814 108.93282032572814 
gen 250 10020 108.93282032572816 1.4210854715202004e-14 108.93282032572814 108.93282032572814 
gen 251 10060 108.93282032572816 1.4210854715202004e-14 108.93282032572814 108.93282032572814 
gen 252 10100 108.93282032572816 1.4210854715202004e-14 108.93282032572814 108.93282032572814 
gen 253 10140 108.93282032572816 1.4210854715202004e-14 108.93282032572814 108.93282032572814 
gen 254 10180 108.93282032572816 1.4210854715202004e-14 108.93282032572814 108.93282032572814 
gen 255 10220 108.93282032572816 1.4210854715202004e-14 108.93282032572814 108.93282032572814 
gen 256 10260 108.93282032572816 1.4210854715202004e-14 108.93282032572814 108.93282032572814 
gen 257 10300 108.93282032572816 1.4210854715202004e-14 108.93282032572814 108.93282032572814 
gen 258 10340 108.93282032572816 1.4210854715202004e-14 108.93282032572814 108.93282032572814 
gen 259 10380 108.93282032572816 1.4210854715202004e-14 108.93282032572814 108.93282032572814 
gen 260 10420 108.93282032572816 1.4210854715202004e-14 108.93282032572814 108.93282032572814 
gen 261 10460 108.93282032572816 1.4210854715202004e-14 108.93282032572814 108.93282032572814 
gen 262 10500 108.93282032572816 1.4210854715202004e-14 108.93282032572814 108.93282032572814 
gen 263 10540 108.93282032572816 1.4210854715202004e-14 108.93282032572814 108.93282032572814 
gen 264 10580 108.93282032572816 1.4210854715202004e-14 108.93282032572814 108.93282032572814 
gen 265 10620 108.93282032572816 1.4210854715202004e-14 108.93282032572814 108.93282032572814 
gen 266 10660 108.93282032572816 1.4210854715202004e-14 108.93282032572814 108.93282032572814 
gen 267 10700 108.93282032572816 1.4210854715202004e-14 108.93282032572814 108.93282032572814 
gen 268 10740 108.93282032572816 1.4210854715202004e-14 108.93282032572814 108.93282032572814 
gen 269 10780 108.93282032572816 1.4210854715202004e-14 108.93282032572814 108.93282032572814 
gen 270 10820 108.93282032572816 1.4210854715202004e-14 108.93282032572814 108.93282032572814 
gen 271 10860 108.93282032572816 1.4210854715202004e-14 108.93282032572814 108.93282032572814 
gen 272 10900 108.93282032572816 1.4210854715202004e-14 108.93282032572814 108.93282032572814 
gen 273 10940 108.93282032572816 1.4210854715202004e-14 108.93282032572814 108.93282032572814 
gen 274 10980 108.93282032572816 1.4210854715202004e-14 108.93282032572814 108.93282032572814 
gen 275 11020 108.93282032572816 1.4210854715202004e-14 108.93282032572814 108.93282032572814 
gen 276 11060 108.93282032572816 1.4210854715202004e-14 108.93282032572814 108.93282032572814 
gen 277 11100 108.93282032572816 1.4210854715202004e-14 108.93282032572814 108.93282032572814 
gen 278 11140 108.93282032572816 1.4210854715202004e-14 108.93282032572814 108.93282032572814 
gen 279 11180 108.93282032572816 1.4210854715202004e-14 108.93282032572814 108.93282032572814 
gen 280 11220 108.93282032572816 1.4210854715202004e-14 108.93282032572814 108.93282032572814 
gen 281 11260 108.93282032572816 1.4210854715202004e-14 108.93282032572814 108.93282032572814 
gen 282 11300 108.93282032572816 1.4210854715202004e-14 108.93282032572814 108.93282032572814 
gen 283 11340 108.93282032572816 1.4210854715202004e-14 108.93282032572814 108.93282032572814 
gen 284 11380 108.93282032572816 1.4210854715202004e-14 108.93282032572814 108.93282032572814 
gen 285 11420 108.93282032572816 1.4210854715202004e-14 108.93282032572814 108.93282032572814 
gen 286 11460 108.93282032572816 1.4210854715202004e-14 108.93282032572814 108.93282032572814 
gen 287 11500 108.93282032572816 1.4210854715202004e-14 108.93282032572814 108.93282032572814 
gen 288 11540 108.93282032572816 1.4210854715202004e-14 108.93282032572814 108.93282032572814 
gen 289 11580 108.93282032572816 1.4210854715202004e-14 108.93282032572814 108.93282032572814 
gen 290 11620 108.93282032572816 1.4210854715202004e-14 108.93282032572814 108.93282032572814 
gen 291 11660 108.93282032572816 1.4210854715202004e-14 108.93282032572814 108.93282032572814 
gen 292 11700 108.93282032572816 1.4210854715202004e-14 108.93282032572814 108.93282032572814 
gen 293 11740 108.93282032572816 1.4210854715202004e-14 108.93282032572814 108.93282032572814 
gen 294 11780 108.93282032572816 1.4210854715202004e-14 108.93282032572814 108.93282032572814 
gen 295 11820 108.93282032572816 1.4210854715202004e-14 108.93282032572814 108.93282032572814 
gen 296 11860 108.93282032572816 1.4210854715202004e-14 108.93282032572814 108.93282032572814 
gen 297 11900 108.93282032572816 1.4210854715202004e-14 108.93282032572814 108.93282032572814 
gen 298 11940 108.93282032572816 1.4210854715202004e-14 108.93282032572814 108.93282032572814 
gen 299 11980 108.93282032572816 1.4210854715202004e-14 108.93282032572814 108.93282032572814 
gen 300 12020 108.93282032572816 1.4210854715202004e-14 108.93282032572814 108.93282032572814 
gen 301 12060 108.93282032572816 1.4210854715202004e-14 108.93282032572814 108.93282032572814 
gen 302 12100 108.93282032572816 1.4210854715202004e-14 108.93282032572814 108.93282032572814 
gen 303 12140 108.93282032572816 1.4210854715202004e-14 108.93282032572814 108.93282032572814 
gen 304 12180 108.93282032572816 1.4210854715202004e-14 108.93282032572814 108.93282032572814 
gen 305 12220 108.93282032572816 1.4210854715202004e-14 108.93282032572814 108.93282032572814 
gen 306 12260 108.93282032572816 1.4210854715202004e-14 108.93282032572814 108.93282032572814 
gen 307 12300 108.93282032572816 1.4210854715202004e-14 108.93282032572814 108.93282032572814 
gen 308 12340 108.93282032572816 1.4210854715202004e-14 108.93282032572814 108.93282032572814 
gen 309 12380 108.93282032572816 1.4210854715202004e-14 108.93282032572814 108.93282032572814 
gen 310 12420 108.93282032572816 1.4210854715202004e-14 108.93282032572814 108.93282032572814 
gen 311 12460 108.93282032572816 1.4210854715202004e-14 108.93282032572814 108.93282032572814 
gen 312 12500 108.93282032572816 1.4210854715202004e-14 108.93282032572814 108.93282032572814 
gen 313 12540 108.93282032572816 1.4210854715202004e-14 108.93282032572814 108.93282032572814 
gen 314 12580 108.93282032572816 1.4210854715202004e-14 108.93282032572814 108.93282032572814 
gen 315 12620 108.93282032572816 1.4210854715202004e-14 108.93282032572814 108.93282032572814 
gen 316 12660 108.93282032572816 1.4210854715202004e-14 108.93282032572814 108.93282032572814 
gen 317 12700 108.93282032572816 1.4210854715202004e-14 108.93282032572814 108.93282032572814 
gen 318 12740 108.93282032572816 1.4210854715202004e-14 108.93282032572814 108.93282032572814 
gen 319 12780 108.93282032572816 1.4210854715202004e-14 108.93282032572814 108.93282032572814 
gen 320 12820 108.93282032572816 1.4210854715202004e-14 108.93282032572814 108.93282032572814 
gen 321 12860 108.93282032572816 1.4210854715202004e-14 108.93282032572814 108.93282032572814 
gen 322 12900 108.93282032572816 1.4210854715202004e-14 108.93282032572814 108.93282032572814 
gen 323 12940 108.93282032572816 1.4210854715202004e-14 108.93282032572814 108.93282032572814 
gen 324 12980 108.93282032572816 1.4210854715202004e-14 108.93282032572814 108.93282032572814 
gen 325 13020 108.93282032572816 1.4210854715202004e-14 108.93282032572814 108.93282032572814 
gen 326 13060 108.93282032572816 1.4210854715202004e-14 108.93282032572814 108.93282032572814 
gen 327 13100 108.93282032572816 1.4210854715202004e-14 108.93282032572814 108.93282032572814 
gen 328 13140 108.93282032572816 1.4210854715202004e-14 108.93282032572814 108.93282032572814 
gen 329 13180 108.93282032572816 1.4210854715202004e-14 108.93282032572814 108.93282032572814 
gen 330 13220 108.93282032572816 1.4210854715202004e-14 108.93282032572814 108.93282032572814 
gen 331 13260 108.93282032572816 1.4210854715202004e-14 108.93282032572814 108.93282032572814 
gen 332 13300 108.93282032572816 1.4210854715202004e-14 108.93282032572814 108.93282032572814 
gen 333 13340 108.93282032572816 1.4210854715202004e-14 108.93282032572814 108.93282032572814 
gen 334 13380 108.93282032572816 1.4210854715202004e-14 108.93282032572814 108.93282032572814 
gen 335 13420 108.93282032572816 1.4210854715202004e-14 108.93282032572814 108.93282032572814 
gen 336 13460 108.93282032572816 1.4210854715202004e-14 108.93282032572814 108.93282032572814 
gen 337 13500 108.93282032572816 1.4210854715202004e-14 108.93282032572814 108.93282032572814 
gen 338 13540 108.93282032572816 1.4210854715202004e-14 108.93282032572814 108.93282032572814 
gen 339 13580 108.93282032572816 1.4210854715202004e-14 108.93282032572814 108.93282032572814 
gen 340 13620 108.93282032572816 1.4210854715202004e-14 108.93282032572814 108.93282032572814 
gen 341 13660 108.93282032572816 1.4210854715202004e-14 108.93282032572814 108.93282032572814 
gen 342 13700 108.93282032572816 1.4210854715202004e-14 108.93282032572814 108.93282032572814 
gen 343 13740 108.93282032572816 1.4210854715202004e-14 108.93282032572814 108.93282032572814 
gen 344 13780 108.93282032572816 1.4210854715202004e-14 108.93282032572814 108.93282032572814 
gen 345 13820 108.93282032572816 1.4210854715202004e-14 108.93282032572814 108.93282032572814 
gen 346 13860 108.93282032572816 1.4210854715202004e-14 108.93282032572814 108.93282032572814 
gen 347 13900 108.93282032572816 1.4210854715202004e-14 108.93282032572814 108.93282032572814 
gen 348 13940 108.93282032572816 1.4210854715202004e-14 108.93282032572814 108.93282032572814 
gen 349 13980 108.93282032572816 1.4210854715202004e-14 108.93282032572814 108.93282032572814 
gen 350 14020 108.93282032572816 1.4210854715202004e-14 108.93282032572814 108.93282032572814 
[1, 3, 0, 2, 2, 3, 0, 1, 3, 2, 1, 0, 1, 3, 0, 2, 0, 3, 1, 2]
min  108.93282032572814
NFE 14020
LSNFE 0
VLSNFE 0
runTime 5.1990602016448975
