gen 0 400 525000000000466.25 2230330692968984.8 363.4623455941259 1e+16 
gen 1 1200 441.7368535742976 23.626677036990024 349.05356509030815 471.68306710507073 
gen 2 2000 419.1852457100789 20.798965279836008 343.76553065328585 444.68957955406495 
gen 3 2810 405.5718530021823 18.96166984169046 305.0789138821024 427.9625424206075 
gen 4 3610 396.62645624065846 17.457757745328063 305.0789138821024 416.99006726111196 
gen 5 4410 389.7503032491036 15.280578069533869 305.0789138821024 407.86965182955305 
gen 6 5210 383.1795849593875 15.222373415343114 305.0789138821024 400.40095731219344 
gen 7 6010 377.36168817262666 14.067526195391784 305.0789138821024 394.40431462374914 
gen 8 6810 372.8340695337205 13.367681267895591 305.0789138821024 388.60783232971187 
gen 9 7610 368.8193230456949 13.149281283872112 305.0789138821024 384.0011123888055 
gen 10 8410 365.48279026744916 13.147895120275932 305.0789138821024 380.32237362129393 
gen 11 9210 361.89720705071545 13.045835855458071 305.0789138821024 376.6238222251124 
gen 12 10010 357.9641820239792 12.654976302968967 305.0789138821024 371.64905395538 
gen 13 10810 354.40448587787984 12.950450434499885 305.0789138821024 368.8871682610793 
gen 14 11610 352.1614211671391 12.507391951348161 305.0789138821024 366.4923797867066 
gen 15 12410 349.2148065804785 12.706362948854805 297.8344418973205 363.51351784794144 
gen 16 13210 347.10920663936804 12.406931609549693 297.8344418973205 361.43361396465417 
gen 17 14010 344.8732022468205 12.218768474387588 297.8344418973205 358.9042636640143 
gen 18 14810 342.75712291993796 12.60419657651056 289.95049745827095 356.8312061250396 
gen 19 15610 340.8801267830157 12.633258388040481 288.88854495922965 354.92501343234005 
gen 20 16410 338.7751006792496 12.30562380061213 288.88854495922965 352.0996272079885 
gen 21 17220 336.7542745311057 12.265114494922189 286.28401422941914 350.47884833798435 
gen 22 18020 335.01600709611665 11.892446586460323 286.28401422941914 348.5536979949041 
gen 23 18820 333.36097298785063 11.801135296227024 286.28401422941914 346.3496607139061 
gen 24 19630 331.3609919199841 11.931214484867006 283.6611608320585 345.1140070651383 
gen 25 20440 329.54079390403626 11.889340383173726 283.1675355293963 343.38811020781986 
gen 26 21240 328.2650543445905 11.71139903804658 283.1675355293963 342.03125305617226 
gen 27 22040 327.17183569288113 11.645358507648417 276.5902660770387 341.1620767691394 
gen 28 22840 325.49861386335374 11.470225227437455 276.5902660770387 339.53275391759905 
gen 29 23640 324.4383121128232 11.326282361769765 276.5902660770387 337.9012579493288 
gen 30 24440 323.25884345910004 11.05829148677485 276.5902660770387 336.1483534073173 
gen 31 25240 322.10854792428927 10.872321124854984 276.5902660770387 335.06813097814506 
gen 32 26040 320.87695227895586 10.58824917391333 276.5902660770387 333.3834242877532 
gen 33 26840 319.55650113907274 10.48671464965769 276.5902660770387 331.9394867156369 
gen 34 27640 319.0421664846588 10.316592708447681 276.5902660770387 331.3875426177659 
gen 35 28440 318.1057598979545 10.137246573562146 276.5902660770387 330.2849424641258 
gen 36 29240 317.1164978350947 9.813709340708193 276.5902660770387 328.82208093922554 
gen 37 30040 316.51782768593847 9.75414244365935 276.5902660770387 328.0203201525628 
gen 38 30840 315.28455440717613 9.754665388762913 276.27874663283666 326.8327706283792 
gen 39 31640 314.4671609786087 9.600639830164388 276.27874663283666 325.7832996444397 
gen 40 32440 313.4861701292814 9.812008035201584 269.0811557148587 325.0093084206671 
gen 41 33240 312.35229380389836 10.144377871720629 254.50128605982718 324.07085505060024 
gen 42 34040 311.65744135796007 9.948999922659551 254.50128605982718 323.0685462066203 
gen 43 34840 311.0234838135662 9.784498673291116 254.50128605982718 322.03522375943214 
gen 44 35640 310.41144040803823 9.704219917382659 254.50128605982718 321.1789377989097 
gen 45 36440 309.7052917048298 9.679233270980887 254.50128605982718 320.40671026702125 
gen 46 37240 309.0928981279542 9.750935263465143 254.50128605982718 319.94038511019454 
gen 47 38040 308.6372775419638 9.600503894678704 254.50128605982718 319.31406005659943 
gen 48 38840 307.93009672110674 9.77695644048883 254.50128605982718 318.38371934330297 
gen 49 39640 307.35048779288115 9.679433117734906 254.50128605982718 317.8744333997133 
gen 50 40440 306.79741538187415 9.58325033088151 254.50128605982718 317.31469627026604 
gen 51 41240 306.08827030620387 9.368827505139242 254.50128605982718 316.25538923971334 
gen 52 42040 305.22124955300006 9.302173079288695 254.50128605982718 315.32430101679586 
gen 53 42840 304.6816228136068 9.172767050484692 254.50128605982718 314.85464912175775 
gen 54 43640 304.00137229448285 9.055177443458932 254.50128605982718 313.8384055391945 
gen 55 44440 303.63622525451933 9.043798558141711 254.50128605982718 313.43005160969386 
gen 56 45240 303.0795610967751 9.044734082382089 254.50128605982718 313.2110604512071 
gen 57 46040 302.5111254839467 8.88435600818748 254.50128605982718 312.4109829130668 
gen 58 46840 301.9224813716562 8.71212986608956 254.50128605982718 311.4882750605969 
gen 59 47640 301.5217272919332 8.755467472944368 254.50128605982718 310.9877803222517 
gen 60 48440 301.11086619752945 8.748404143210314 254.50128605982718 310.6449333763252 
gen 61 49240 300.5580942571284 8.737742479159126 254.50128605982718 310.2816621498631 
gen 62 50040 299.9788582583608 8.65401789805436 254.50128605982718 309.53291219056143 
gen 63 50840 299.6213241505582 8.610086215700573 254.50128605982718 308.8951123287687 
gen 64 51640 299.1689072318403 8.594994004668516 254.50128605982718 308.6269913442849 
gen 65 52440 298.7837433031905 8.613487382640104 254.50128605982718 308.1926839811891 
gen 66 53240 298.31700321385864 8.728534024803057 254.50128605982718 307.7792541449591 
gen 67 54040 297.9552093524889 8.708875313367953 254.50128605982718 307.6042015598687 
gen 68 54840 297.499239419339 8.797021830723798 254.50128605982718 307.2667967926296 
gen 69 55640 296.8594590982799 8.836099401349404 254.50128605982718 306.7155302199001 
gen 70 56440 296.53898399913663 8.71398044335917 254.50128605982718 306.05486356134264 
gen 71 57250 295.8539689638877 8.861327723082624 248.06746425800122 305.4184283169372 
gen 72 58050 295.6616988193016 8.852928310269116 248.06746425800122 305.29107714426556 
gen 73 58850 295.38866978491313 8.709591696399743 248.06746425800122 304.9729534429257 
gen 74 59650 294.83095602080425 8.603717507921463 248.06746425800122 304.4311536687164 
gen 75 60450 294.4113406628343 8.475360786385643 248.06746425800122 304.0314623465798 
gen 76 61250 293.8128208714036 8.525942013994456 248.06746425800122 303.60540340067837 
gen 77 62050 293.6605810302212 8.426070005780518 248.06746425800122 303.0775182157285 
gen 78 62850 293.10235330865305 8.460576534683206 248.06746425800122 302.571225415464 
gen 79 63650 292.5243010874692 8.542161204176304 248.06746425800122 302.23085965916823 
gen 80 64450 292.0294189997379 8.5170719163125 248.06746425800122 301.7246632894511 
gen 81 65250 291.61863312906377 8.609028609572423 248.06746425800122 301.31434513282113 
gen 82 66050 291.41934827084236 8.546886963828314 248.06746425800122 301.1829715791493 
gen 83 66850 290.8212990784512 8.76362820094621 248.06746425800122 300.76995664766736 
gen 84 67650 290.5715912789061 8.636264332631196 248.06746425800122 300.40482801454846 
gen 85 68450 290.2737254491738 8.642281736975528 248.06746425800122 300.1134233979883 
gen 86 69250 290.0126667346083 8.610974600800464 248.06746425800122 299.76297542585445 
gen 87 70050 289.62236128929015 8.442596894217322 248.06746425800122 299.1597746153903 
gen 88 70870 289.04229538451006 8.499233616325128 247.21726181174577 298.70970552608475 
gen 89 71670 288.79717369550036 8.429548565649453 247.21726181174577 298.0199436700845 
gen 90 72470 288.4129846717909 8.360365252687302 247.21726181174577 297.719441094497 
gen 91 73270 287.7727670642031 8.37057316412998 247.21726181174577 297.0380621831455 
gen 92 74070 287.2361959752973 8.367462541361888 247.21726181174577 296.7004558672962 
gen 93 74870 286.8725738618108 8.255938504235942 247.21726181174577 296.1962713739705 
gen 94 75670 286.2764055313483 8.196880392356633 247.21726181174577 295.4954192946281 
gen 95 76470 285.91466105744115 8.087485328275262 247.21726181174577 294.96635227389083 
gen 96 77270 285.3149587928423 7.919158780857191 247.21726181174577 294.43905471050067 
gen 97 78070 284.6858763960747 7.798146436812989 247.21726181174577 293.6793010591173 
gen 98 78870 283.94995009346036 7.60454997175442 247.21726181174577 293.02374280306594 
gen 99 79670 282.9441300961875 7.449502623004383 247.21726181174577 291.73057197343053 
gen 100 80470 281.8027677409366 7.4943890364374655 247.21726181174577 290.6363195517521 
gen 101 81270 280.78285548622125 7.132075281032687 247.21726181174577 289.42837826533435 
gen 102 82070 278.8568751088131 6.915826061129917 243.00937154412713 287.1198960762719 
gen 103 82870 276.7474669495666 6.682160783659862 243.00937154412713 284.8169814512215 
gen 104 83670 274.2428478455437 6.055040482058501 243.00937154412713 282.02284114299556 
gen 105 84470 271.63253629051525 5.335542965543892 243.00937154412713 277.8466564679302 
gen 106 85270 269.2913066627623 5.166862679836082 243.00937154412713 275.0798186866029 
gen 107 86070 266.8022466007805 4.808115253850397 243.00937154412713 271.7598185066787 
gen 108 86870 264.3345068287053 4.72617545297816 243.00937154412713 269.6700222569493 
gen 109 87670 261.8358738304045 4.229274302562839 243.00937154412713 266.8240900287235 
gen 110 88470 259.05982528717755 4.099583596651682 242.95112388904636 263.68813248888426 
gen 111 89270 256.68220037828445 3.771348428852594 242.95112388904636 261.3448468020289 
gen 112 90070 254.5075173277138 3.30719512048065 242.95112388904636 258.6361135596884 
gen 113 90870 252.8923662941011 3.010532383386838 241.53819956849438 256.61371621100085 
gen 114 91670 251.42277216989365 2.8794582791420846 237.30873419660213 254.73744396500302 
gen 115 92470 250.03242061772696 2.9481297165926317 237.30873419660213 253.3003085449153 
gen 116 93270 248.85432778489792 2.906426404777354 232.2224039065104 252.16961490619656 
gen 117 94070 247.78989898694152 2.945714797525723 232.2224039065104 251.1321558835811 
gen 118 94880 246.87699161032597 2.8366455480617256 230.22102526561673 249.986388716287 
gen 119 95680 245.93511586032852 2.73616228370986 230.22102526561673 248.90285866859676 
gen 120 96480 245.1866248452222 2.6259533136710314 230.22102526561673 248.01995760978545 
gen 121 97280 244.3546253035556 2.815648256950021 225.72152889580155 247.32256909778508 
gen 122 98080 243.49727077919576 2.7353011758379795 225.72152889580155 246.43561890459833 
gen 123 98880 242.86496660042846 2.592315936066041 225.72152889580155 245.7739707871077 
gen 124 99680 241.95001343545326 2.7253730483065053 225.72152889580155 244.83672884064927 
gen 125 100480 241.2430820714801 2.6655267526961337 225.72152889580155 244.14615126388128 
gen 126 101280 240.46554242900964 2.6731768413032877 225.72152889580155 243.34937629345075 
gen 127 102080 239.8209590308342 2.580332838940941 225.72152889580155 242.63640716940617 
gen 128 102880 239.23239432497212 2.5442209030011735 225.72152889580155 242.04132394727117 
gen 129 103680 238.50192654673216 2.585586677591668 225.72152889580155 241.34690882798915 
gen 130 104480 237.8999320422091 2.5642248662414846 225.72152889580155 240.6439142607617 
gen 131 105280 237.1689121585362 2.546765913252114 225.72152889580155 239.70364232118663 
gen 132 106080 236.43544179866478 2.7599517950572148 220.4129163987595 238.85843697562734 
gen 133 106880 235.7470287901742 2.9023624415334033 220.4129163987595 238.42465121144235 
gen 134 107680 235.25434845822483 2.9340103309439782 220.4129163987595 237.60184405013 
gen 135 108480 234.5896393660695 3.2220838342666567 217.49473888524372 237.53787247895673 
gen 136 109280 233.86731238272282 3.24979668521244 217.49473888524372 237.4522185035952 
gen 137 110080 233.1442302662001 3.176350706214153 217.49473888524372 236.75130565887875 
gen 138 110880 232.17575660237398 3.1744450612469004 217.49473888524372 235.94227917562748 
gen 139 111680 231.22778828939653 3.0703252209413585 217.49473888524372 234.70417000684014 
gen 140 112480 230.19608141301237 2.9281968617943024 217.49473888524372 233.68517674830963 
gen 141 113280 229.3908069784668 2.8082802002285154 217.49473888524372 232.77944829583086 
gen 142 114080 228.30956410670427 2.6597369315801314 217.49473888524372 231.69935947133152 
gen 143 114880 227.29959081182164 2.5217586064662703 217.49473888524372 230.5637581293308 
gen 144 115680 226.45978286597594 2.489767252929654 215.5804325082868 229.6215837163845 
gen 145 116480 225.5194461041831 2.43344200796456 215.5804325082868 228.5427143412937 
gen 146 117280 224.78844784549693 2.417333112537706 215.5804325082868 227.7020260607333 
gen 147 118080 224.19649440469948 2.4167082370395083 215.1969642194264 227.16230035557052 
gen 148 118880 223.50470202457734 2.300292422166054 215.1969642194264 226.44420193242084 
gen 149 119680 222.85378552375812 2.3748484776743015 211.04059563442217 225.72152889580155 
gen 150 120480 222.12485342732984 2.2872783174880458 211.04059563442217 224.93650415349973 
gen 151 121280 221.44528082474324 2.1821163763234264 211.04059563442217 224.11302970041987 
gen 152 122080 220.8099654919807 2.2039077607234385 211.04059563442217 223.43189628853088 
gen 153 122880 220.2732606155992 2.161615810742069 211.04059563442217 222.7930607539706 
gen 154 123680 219.80096082487347 2.118451975914135 211.04059563442217 222.31445499130018 
gen 155 124480 219.19230543423356 2.1345098924245622 211.04059563442217 221.53026241496477 
gen 156 125280 218.5313246765238 2.149800001756572 210.8105304858076 220.94662788269048 
gen 157 126080 217.95188312439421 2.1225171596394463 210.8105304858076 220.4129163987595 
gen 158 126880 217.01285058724628 1.983094354091123 210.5796172058932 219.5592205131024 
gen 159 127680 216.38489380925444 1.9294109145710137 208.60470270871392 218.83667714857975 
gen 160 128480 215.87086619204368 1.872732288812341 208.60470270871392 218.12171482351323 
gen 161 129280 215.2342477120486 1.827461614172565 208.60470270871392 217.45139904384905 
gen 162 130080 214.60597600117282 1.7604388144851852 208.60470270871392 216.76494505176137 
gen 163 130880 214.19056617112818 1.6504052203305615 207.3440216522139 216.23732948439905 
gen 164 131680 213.7174076456319 1.6266181128990587 207.3440216522139 215.78374455712535 
gen 165 132480 213.17332790348055 1.5261241729210353 207.3440216522139 215.1878202447756 
gen 166 133280 212.7416183443925 1.4374806413320824 207.29189088777167 214.65384293887246 
gen 167 134080 212.143103652587 1.3655823212924962 207.29189088777167 213.73371532198527 
gen 168 134880 211.79095597296234 1.3090750680852195 206.44842531399135 213.36869030520015 
gen 169 135680 211.37136893160655 1.292348142011561 206.44842531399135 212.9188464419568 
gen 170 136480 210.98098096269044 1.226717895645995 206.06330650162127 212.52603678536144 
gen 171 137280 210.56738764683251 1.124109924040843 206.06330650162127 212.09973478189852 
gen 172 138080 210.27815574913944 1.059738084979018 206.06330650162127 211.71163088872174 
gen 173 138880 209.922493481311 1.0333933505101318 204.6577753848065 211.22785289760643 
gen 174 139680 209.60424314763588 0.9799207866207497 204.6577753848065 210.75752824082352 
gen 175 140480 209.34965111967605 0.953094211364041 204.6577753848065 210.4952470014009 
gen 176 141280 209.1047664636145 0.9492266048059648 204.6577753848065 210.22229881901512 
gen 177 142080 208.91897483903224 0.9152162772257216 204.6577753848065 210.02268422236168 
gen 178 142880 208.68508597740873 0.9005611225167129 204.6577753848065 209.70013390231367 
gen 179 143680 208.5338906704793 0.8651329657296926 204.6577753848065 209.46199899259597 
gen 180 144480 208.3723030588959 0.8786965461645879 204.6577753848065 209.1881260261028 
gen 181 145280 208.24034027527017 0.9063147388019933 204.3449381202748 209.1881260261028 
gen 182 146080 208.07049680533345 0.8812792285781784 204.3449381202748 209.09741882590956 
gen 183 146880 207.89574265536933 0.8866696360913748 204.3449381202748 208.92136548080103 
gen 184 147680 207.8020951225057 0.8504098413910597 204.3449381202748 208.77896890114502 
gen 185 148480 207.69296949780576 0.8294481129407945 204.3449381202748 208.60470270871392 
gen 186 149280 207.53471588328648 0.7855261506094453 204.3449381202748 208.44684756461913 
gen 187 150080 207.41763227598204 0.7777184221959726 204.3449381202748 208.2867760172883 
gen 188 150880 207.2768010917484 0.7706829006095336 204.05946412510124 208.168503822817 
gen 189 151680 207.13341583386472 0.7503497114912026 204.05946412510124 207.912688720364 
gen 190 152480 207.0334189422933 0.7494779123155095 204.05946412510124 207.76367276712247 
gen 191 153280 206.91669191327864 0.7377279504927307 204.05946412510124 207.67593236310012 
gen 192 154080 206.80492759651622 0.7345826981826103 204.05946412510124 207.67593236310012 
gen 193 154880 206.7057714457777 0.6982604033180343 204.05946412510124 207.5808586433859 
gen 194 155680 206.56163203271535 0.7047610505393964 204.05946412510124 207.3440216522139 
gen 195 156480 206.42725984904325 0.7130314686013266 204.05946412510124 207.21557028561733 
gen 196 157280 206.3136161648274 0.7114639176411321 204.05946412510124 207.13770617082642 
gen 197 158080 206.18284335293043 0.7014189655436547 203.95361410794743 207.09216998530906 
gen 198 158880 206.0423466639861 0.675855042673949 203.95361410794743 206.96819928557915 
gen 199 159680 205.87365465038195 0.6683131016103067 203.95361410794743 206.64705947697468 
gen 200 160480 205.72691436317436 0.6458786238077235 203.5714035493666 206.60298412028584 
gen 201 161280 205.56269917467085 0.6065142817765452 203.5714035493666 206.39780831757506 
gen 202 162080 205.38399709523793 0.5737524306373285 203.5714035493666 206.1506369477238 
gen 203 162880 205.22726233032387 0.5104271098758018 203.5714035493666 206.01097837214604 
gen 204 163680 205.05342522994061 0.43360790879624844 202.957312256887 205.80926883668133 
gen 205 164480 204.8520674433346 0.35016537887395605 202.451156690303 205.2690471059564 
gen 206 165280 204.76245829053912 0.3464048061428558 202.451156690303 205.04882462325384 
gen 207 166080 204.6832641307252 0.33409237644204215 202.451156690303 205.04882462325384 
gen 208 166880 204.6040846460333 0.32691147188414404 202.451156690303 205.04882462325384 
gen 209 167680 204.53630788123047 0.299069991507477 202.451156690303 204.75382010660945 
gen 210 168480 204.50035048692106 0.3228134721262816 202.451156690303 204.6577753848065 
gen 211 169280 204.48264644827069 0.33079409620342626 202.451156690303 204.6577753848065 
gen 212 170080 204.4508624870223 0.35537801910397204 202.451156690303 204.6577753848065 
gen 213 170880 204.4139938086879 0.40323214797482976 202.2109999847135 204.6577753848065 
gen 214 171680 204.36596188546508 0.43172473758558827 202.2109999847135 204.6577753848065 
gen 215 172480 204.33072414760443 0.43181239311561964 202.2109999847135 204.6577753848065 
gen 216 173280 204.28708429228823 0.44380116667216135 202.2109999847135 204.6577753848065 
gen 217 174080 204.22549717359448 0.46405697404813984 202.2109999847135 204.6577753848065 
gen 218 174880 204.16013056735764 0.46756783426810977 202.2109999847135 204.6577753848065 
gen 219 175680 204.0945819680208 0.4714801688051473 202.2109999847135 204.62144827724515 
gen 220 176480 204.04745843475877 0.46211985217326007 202.2109999847135 204.47230786640037 
gen 221 177280 203.97048323483574 0.4679636457775031 202.2109999847135 204.47230786640037 
gen 222 178080 203.88610758658368 0.4983259205358997 202.2109999847135 204.38705550583492 
gen 223 178880 203.8002301821736 0.5026110058764747 202.2109999847135 204.21441776614807 
gen 224 179680 203.72074932867127 0.519846362190712 202.2109999847135 204.21441776614807 
gen 225 180480 203.64262599140352 0.5269171635178693 202.2109999847135 204.20728838043027 
gen 226 181280 203.5631716782197 0.5123087104511133 202.2109999847135 204.15137328631639 
gen 227 182080 203.45611259818597 0.49902989849941165 202.2109999847135 204.11862344735738 
gen 228 182880 203.34056128473682 0.45642657227470496 202.2109999847135 203.91037304684497 
gen 229 183680 203.2417030480258 0.43306984147973465 202.2109999847135 203.83303624559346 
gen 230 184480 203.12780281297444 0.4095988775764494 202.2109999847135 203.5875083110615 
gen 231 185280 203.01765443699438 0.3851146473527152 202.2109999847135 203.5714035493666 
gen 232 186080 202.9040854681789 0.2970558063751437 202.2109999847135 203.5714035493666 
gen 233 186880 202.8384566310002 0.26759294896914115 201.92987094689886 202.957312256887 
gen 234 187680 202.81675277374023 0.28602021751541434 201.92987094689886 202.957312256887 
gen 235 188480 202.79813752650648 0.30014944210408 201.92987094689886 202.957312256887 
gen 236 189280 202.77154502735092 0.31751563750483447 201.92987094689886 202.957312256887 
gen 237 190080 202.74165585072416 0.3317614437251111 201.92987094689886 202.957312256887 
gen 238 190880 202.7064031640786 0.3453977268157854 201.92987094689886 202.957312256887 
gen 239 191680 202.64715938929177 0.358930706306257 201.92987094689886 202.957312256887 
gen 240 192480 202.57546014496148 0.36234112800839907 201.92987094689886 202.957312256887 
gen 241 193280 202.49215563107646 0.3475510750487861 201.92987094689886 202.957312256887 
gen 242 194080 202.35046697959586 0.2676026332840453 201.92987094689886 202.957312256887 
gen 243 194880 202.21044435157796 0.028782400044571478 201.92987094689886 202.2280238129598 
gen 244 195680 202.20818869433532 0.027971986083144964 201.92987094689886 202.2109999847135 
gen 245 196480 202.20818869433532 0.027971986083144964 201.92987094689886 202.2109999847135 
gen 246 197280 202.20818869433532 0.027971986083144964 201.92987094689886 202.2109999847135 
gen 247 198080 202.20818869433532 0.027971986083144964 201.92987094689886 202.2109999847135 
gen 248 198880 202.20818869433532 0.027971986083144964 201.92987094689886 202.2109999847135 
gen 249 199680 202.20818869433532 0.027971986083144964 201.92987094689886 202.2109999847135 
gen 250 200480 202.20818869433532 0.027971986083144964 201.92987094689886 202.2109999847135 
gen 251 201280 202.20818869433532 0.027971986083144964 201.92987094689886 202.2109999847135 
gen 252 202080 202.20818869433532 0.027971986083144964 201.92987094689886 202.2109999847135 
gen 253 202880 202.20818869433532 0.027971986083144964 201.92987094689886 202.2109999847135 
gen 254 203680 202.2065210495486 0.036420905065102004 201.87747102736603 202.2109999847135 
gen 255 204480 202.20498440456072 0.04226161064876138 201.87747102736603 202.2109999847135 
gen 256 205280 202.20498440456072 0.04226161064876138 201.87747102736603 202.2109999847135 
gen 257 206080 202.20428158196617 0.04443734739476847 201.87747102736603 202.2109999847135 
gen 258 206880 202.20428158196617 0.04443734739476847 201.87747102736603 202.2109999847135 
gen 259 207680 202.2034477595728 0.04733796138255343 201.87747102736603 202.2109999847135 
gen 260 208480 202.2034477595728 0.04733796138255343 201.87747102736603 202.2109999847135 
gen 261 209280 202.2034477595728 0.04733796138255343 201.87747102736603 202.2109999847135 
gen 262 210080 202.20191111458487 0.05187483865466021 201.87747102736603 202.2109999847135 
gen 263 210880 202.20024346979815 0.05669313591153873 201.87747102736603 202.2109999847135 
gen 264 211680 202.19857582501143 0.061087333836499315 201.87747102736603 202.2109999847135 
gen 265 212480 202.19370389045002 0.07193726871314318 201.87747102736603 202.2109999847135 
gen 266 213280 202.19287006805666 0.07364465725473342 201.87747102736603 202.2109999847135 
gen 267 214080 202.19120242326994 0.07691874809164184 201.87747102736603 202.2109999847135 
gen 268 214880 202.19036860087658 0.07849131902028114 201.87747102736603 202.2109999847135 
gen 269 215680 202.1840910211261 0.08857606858434634 201.87747102736603 202.2109999847135 
gen 270 216480 202.18242337633936 0.09115589683604994 201.87747102736603 202.2109999847135 
gen 271 217280 202.18088673135145 0.0932464465775324 201.87747102736603 202.2109999847135 
gen 272 218080 202.17684861918343 0.09871874975639332 201.87747102736603 202.2109999847135 
gen 273 218880 202.16951880221032 0.10763419649364668 201.87747102736603 202.2109999847135 
gen 274 219680 202.1599059328864 0.11743463443598219 201.87747102736603 202.2109999847135 
gen 275 220480 202.15011823350153 0.12607540335366002 201.87747102736603 202.2109999847135 
gen 276 221280 202.13528401498806 0.13698804162000977 201.87747102736603 202.2109999847135 
gen 277 222080 202.11311598616325 0.14825512928718534 201.87747102736603 202.2109999847135 
gen 278 222880 202.07782920721206 0.15948190751434904 201.87747102736603 202.2109999847135 
gen 279 223680 202.0287997929065 0.16063829412111738 201.87747102736603 202.2109999847135 
gen 280 224480 201.9275889824468 0.10871849839972061 201.87747102736603 202.2109999847135 
gen 281 225280 201.87747102736606 2.842170943040401e-14 201.87747102736603 201.87747102736603 
gen 282 226080 201.87747102736606 2.842170943040401e-14 201.87747102736603 201.87747102736603 
gen 283 226880 201.87747102736606 2.842170943040401e-14 201.87747102736603 201.87747102736603 
gen 284 227680 201.87747102736606 2.842170943040401e-14 201.87747102736603 201.87747102736603 
gen 285 228480 201.87747102736606 2.842170943040401e-14 201.87747102736603 201.87747102736603 
gen 286 229280 201.87747102736606 2.842170943040401e-14 201.87747102736603 201.87747102736603 
gen 287 230080 201.87747102736606 2.842170943040401e-14 201.87747102736603 201.87747102736603 
gen 288 230880 201.87747102736606 2.842170943040401e-14 201.87747102736603 201.87747102736603 
gen 289 231680 201.87747102736606 2.842170943040401e-14 201.87747102736603 201.87747102736603 
gen 290 232480 201.87747102736606 2.842170943040401e-14 201.87747102736603 201.87747102736603 
gen 291 233280 201.87747102736606 2.842170943040401e-14 201.87747102736603 201.87747102736603 
gen 292 234080 201.87747102736606 2.842170943040401e-14 201.87747102736603 201.87747102736603 
gen 293 234880 201.87747102736606 2.842170943040401e-14 201.87747102736603 201.87747102736603 
gen 294 235680 201.87747102736606 2.842170943040401e-14 201.87747102736603 201.87747102736603 
gen 295 236480 201.87747102736606 2.842170943040401e-14 201.87747102736603 201.87747102736603 
gen 296 237280 201.87747102736606 2.842170943040401e-14 201.87747102736603 201.87747102736603 
gen 297 238080 201.87747102736606 2.842170943040401e-14 201.87747102736603 201.87747102736603 
gen 298 238880 201.87747102736606 2.842170943040401e-14 201.87747102736603 201.87747102736603 
gen 299 239680 201.87747102736606 2.842170943040401e-14 201.87747102736603 201.87747102736603 
gen 300 240480 201.87747102736606 2.842170943040401e-14 201.87747102736603 201.87747102736603 
gen 301 241280 201.87747102736606 2.842170943040401e-14 201.87747102736603 201.87747102736603 
gen 302 242080 201.87747102736606 2.842170943040401e-14 201.87747102736603 201.87747102736603 
gen 303 242880 201.87747102736606 2.842170943040401e-14 201.87747102736603 201.87747102736603 
gen 304 243680 201.87747102736606 2.842170943040401e-14 201.87747102736603 201.87747102736603 
gen 305 244480 201.87747102736606 2.842170943040401e-14 201.87747102736603 201.87747102736603 
gen 306 245280 201.87747102736606 2.842170943040401e-14 201.87747102736603 201.87747102736603 
gen 307 246080 201.87747102736606 2.842170943040401e-14 201.87747102736603 201.87747102736603 
gen 308 246880 201.87747102736606 2.842170943040401e-14 201.87747102736603 201.87747102736603 
gen 309 247680 201.87747102736606 2.842170943040401e-14 201.87747102736603 201.87747102736603 
gen 310 248480 201.87747102736606 2.842170943040401e-14 201.87747102736603 201.87747102736603 
gen 311 249280 201.87747102736606 2.842170943040401e-14 201.87747102736603 201.87747102736603 
gen 312 250080 201.87747102736606 2.842170943040401e-14 201.87747102736603 201.87747102736603 
gen 313 250880 201.87747102736606 2.842170943040401e-14 201.87747102736603 201.87747102736603 
gen 314 251680 201.87747102736606 2.842170943040401e-14 201.87747102736603 201.87747102736603 
gen 315 252480 201.87747102736606 2.842170943040401e-14 201.87747102736603 201.87747102736603 
gen 316 253280 201.87747102736606 2.842170943040401e-14 201.87747102736603 201.87747102736603 
gen 317 254080 201.87747102736606 2.842170943040401e-14 201.87747102736603 201.87747102736603 
gen 318 254880 201.87747102736606 2.842170943040401e-14 201.87747102736603 201.87747102736603 
gen 319 255680 201.87747102736606 2.842170943040401e-14 201.87747102736603 201.87747102736603 
gen 320 256480 201.87747102736606 2.842170943040401e-14 201.87747102736603 201.87747102736603 
gen 321 257280 201.87747102736606 2.842170943040401e-14 201.87747102736603 201.87747102736603 
gen 322 258080 201.87747102736606 2.842170943040401e-14 201.87747102736603 201.87747102736603 
gen 323 258880 201.87747102736606 2.842170943040401e-14 201.87747102736603 201.87747102736603 
gen 324 259680 201.87747102736606 2.842170943040401e-14 201.87747102736603 201.87747102736603 
gen 325 260480 201.87747102736606 2.842170943040401e-14 201.87747102736603 201.87747102736603 
gen 326 261280 201.87747102736606 2.842170943040401e-14 201.87747102736603 201.87747102736603 
gen 327 262080 201.87747102736606 2.842170943040401e-14 201.87747102736603 201.87747102736603 
gen 328 262880 201.87747102736606 2.842170943040401e-14 201.87747102736603 201.87747102736603 
gen 329 263680 201.87747102736606 2.842170943040401e-14 201.87747102736603 201.87747102736603 
gen 330 264480 201.87747102736606 2.842170943040401e-14 201.87747102736603 201.87747102736603 
gen 331 265280 201.87747102736606 2.842170943040401e-14 201.87747102736603 201.87747102736603 
gen 332 266080 201.87747102736606 2.842170943040401e-14 201.87747102736603 201.87747102736603 
gen 333 266880 201.87747102736606 2.842170943040401e-14 201.87747102736603 201.87747102736603 
gen 334 267680 201.87747102736606 2.842170943040401e-14 201.87747102736603 201.87747102736603 
gen 335 268480 201.87747102736606 2.842170943040401e-14 201.87747102736603 201.87747102736603 
gen 336 269280 201.87747102736606 2.842170943040401e-14 201.87747102736603 201.87747102736603 
gen 337 270080 201.87747102736606 2.842170943040401e-14 201.87747102736603 201.87747102736603 
gen 338 270880 201.87747102736606 2.842170943040401e-14 201.87747102736603 201.87747102736603 
gen 339 271680 201.87747102736606 2.842170943040401e-14 201.87747102736603 201.87747102736603 
gen 340 272480 201.87747102736606 2.842170943040401e-14 201.87747102736603 201.87747102736603 
gen 341 273280 201.87747102736606 2.842170943040401e-14 201.87747102736603 201.87747102736603 
gen 342 274080 201.87747102736606 2.842170943040401e-14 201.87747102736603 201.87747102736603 
gen 343 274880 201.87747102736606 2.842170943040401e-14 201.87747102736603 201.87747102736603 
gen 344 275680 201.87747102736606 2.842170943040401e-14 201.87747102736603 201.87747102736603 
gen 345 276480 201.87747102736606 2.842170943040401e-14 201.87747102736603 201.87747102736603 
gen 346 277280 201.87747102736606 2.842170943040401e-14 201.87747102736603 201.87747102736603 
gen 347 278080 201.87747102736606 2.842170943040401e-14 201.87747102736603 201.87747102736603 
gen 348 278880 201.87747102736606 2.842170943040401e-14 201.87747102736603 201.87747102736603 
gen 349 279680 201.87747102736606 2.842170943040401e-14 201.87747102736603 201.87747102736603 
gen 350 280480 201.87747102736606 2.842170943040401e-14 201.87747102736603 201.87747102736603 
[2, 5, 19, 14, 0, 3, 9, 11, 7, 15, 4, 16, 6, 10, 8, 1, 17, 18, 12, 13, 13, 12, 4, 7, 15, 10, 18, 5, 11, 1, 9, 2, 0, 16, 8, 6, 17, 14, 19, 3, 10, 17, 3, 12, 6, 13, 19, 8, 14, 16, 4, 7, 5, 2, 0, 18, 9, 1, 15, 11, 6, 12, 3, 13, 7, 0, 16, 18, 17, 9, 15, 11, 19, 4, 2, 14, 8, 1, 10, 5, 6, 18, 9, 1, 12, 5, 8, 0, 19, 3, 13, 4, 17, 14, 2, 11, 7, 10, 16, 15, 1, 12, 3, 13, 9, 4, 14, 15, 16, 2, 0, 5, 10, 19, 8, 17, 11, 6, 18, 7, 16, 3, 11, 8, 6, 13, 10, 2, 9, 0, 15, 17, 18, 1, 19, 4, 5, 12, 7, 14, 8, 9, 16, 4, 14, 18, 13, 7, 6, 2, 19, 17, 15, 0, 10, 5, 12, 3, 11, 1, 19, 14, 3, 9, 8, 0, 18, 10, 16, 15, 7, 2, 5, 17, 1, 13, 4, 6, 12, 11, 15, 12, 2, 17, 9, 7, 14, 19, 3, 1, 11, 10, 18, 0, 5, 8, 16, 6, 13, 4, 16, 3, 17, 2, 6, 14, 13, 18, 15, 7, 5, 10, 11, 12, 0, 19, 9, 1, 8, 4, 14, 7, 18, 2, 0, 17, 6, 4, 3, 8, 16, 12, 11, 9, 1, 19, 10, 5, 13, 15, 7, 12, 2, 19, 1, 16, 18, 17, 3, 10, 4, 13, 14, 5, 11, 9, 15, 6, 0, 8, 6, 12, 9, 15, 2, 4, 13, 5, 8, 17, 19, 3, 1, 14, 7, 16, 0, 11, 10, 18, 11, 16, 3, 17, 13, 10, 6, 7, 2, 4, 5, 8, 12, 1, 18, 9, 14, 15, 19, 0, 10, 2, 8, 5, 3, 9, 7, 4, 14, 17, 12, 18, 16, 6, 15, 13, 19, 0, 1, 11, 9, 0, 5, 16, 18, 12, 6, 8, 19, 2, 4, 14, 15, 11, 7, 3, 10, 17, 13, 1, 13, 4, 14, 3, 17, 2, 1, 15, 18, 16, 19, 12, 11, 0, 5, 9, 6, 7, 10, 8, 4, 10, 14, 3, 5, 1, 15, 13, 11, 6, 0, 16, 8, 7, 18, 9, 17, 12, 2, 19, 11, 19, 10, 8, 3, 12, 1, 15, 4, 2, 5, 6, 18, 7, 0, 17, 16, 9, 14, 13]
min  201.87747102736603
NFE 280480
LSNFE 80
VLSNFE 9
runTime 1138.5227763652802
