gen 0 400 325000000000475.5 1773238562630446.2 363.29698083169814 1e+16 
gen 1 1200 445.6865146052584 22.452536170451026 363.29698083169814 475.5282807478439 
gen 2 2000 425.99005530580706 18.149811791880474 360.2691366705106 449.1152146062288 
gen 3 2800 412.2599706298593 16.823405991976163 345.5713285018357 433.0676883698531 
gen 4 3610 400.8851838522878 16.98514927237181 335.76917617320515 421.41871147345626 
gen 5 4410 393.6308926947975 16.364076900792117 328.4535745432479 413.13113811348 
gen 6 5210 386.2697012484871 15.224929894637295 328.4535745432479 405.1817178489139 
gen 7 6030 379.9776532382672 14.351722884938887 318.4575558658151 397.74809850723375 
gen 8 6830 375.07562184316345 13.586696806806016 318.4575558658151 391.45865884075783 
gen 9 7630 369.8972970601094 14.063184694682471 296.0341400255623 386.42686956514257 
gen 10 8430 365.06453955764374 14.653349907814187 293.34355227493046 381.88399070385657 
gen 11 9230 361.497596159673 13.925087262535785 293.34355227493046 377.8874376868024 
gen 12 10030 357.86353632151395 13.359540952740517 293.34355227493046 372.8360707764925 
gen 13 10840 354.6823446681399 13.896332663279553 293.0405352370559 370.22425027989283 
gen 14 11640 352.21948771675613 13.67129014365982 293.0405352370559 367.6852153835126 
gen 15 12440 349.3212729609475 13.625987061616641 288.0299856446901 364.5305121288738 
gen 16 13240 346.5001177767536 13.802445566938339 288.0299856446901 362.0226028935292 
gen 17 14040 344.2477132391166 14.339559309815 266.9308818953228 360.0892044300267 
gen 18 14840 342.55321119831626 13.835685206468444 266.9308818953228 357.8368585491691 
gen 19 15660 340.32947709291795 13.743379912505365 258.9680289547828 354.908971525633 
gen 20 16460 338.5155997471928 13.471769977348961 258.9680289547828 353.0946523258394 
gen 21 17260 336.57013547402516 13.159111955328054 258.9680289547828 351.00705327311465 
gen 22 18060 334.7263318298481 13.056111838860641 258.9680289547828 348.7871063903075 
gen 23 18860 333.2591015872764 12.801380925928482 258.9680289547828 347.1531450436384 
gen 24 19660 331.30248003748653 12.875614272904349 258.9680289547828 345.6451658483617 
gen 25 20460 330.08112648424145 12.622142844241063 258.9680289547828 344.0255951167777 
gen 26 21270 328.45790583495443 12.603170814587862 255.97114682518136 342.5986936765327 
gen 27 22070 327.6221252227678 12.229101288485055 255.97114682518136 341.3019706266884 
gen 28 22870 326.2413675808507 12.09540169964009 255.97114682518136 339.3484989427495 
gen 29 23670 324.6614196391272 11.92992988163204 255.97114682518136 337.32993627953806 
gen 30 24470 322.932752431691 12.03774837844092 255.97114682518136 335.63797162943314 
gen 31 25270 321.635545639617 11.922566156878135 255.97114682518136 334.4824393499588 
gen 32 26070 320.66071952257266 11.6885500569312 255.97114682518136 333.25999867283525 
gen 33 26870 319.4165729322971 11.418601359532268 255.97114682518136 331.91394735835576 
gen 34 27670 318.01905556837005 11.407523604859009 255.97114682518136 330.8430772924327 
gen 35 28470 317.0344841104901 11.292233700074915 255.97114682518136 330.11098458780145 
gen 36 29270 315.689401885321 11.109783728928486 255.97114682518136 328.430955542882 
gen 37 30070 314.3177987382246 10.992726578214722 255.97114682518136 327.03387962401564 
gen 38 30870 313.4574312604274 10.645800190325687 255.97114682518136 325.7125440297293 
gen 39 31670 312.87167262805025 10.579164707613831 255.97114682518136 324.7265816740629 
gen 40 32470 311.6769272192227 10.375549741174403 255.97114682518136 323.3904004605943 
gen 41 33270 310.72455073708613 10.149462545395274 255.97114682518136 322.0112223632932 
gen 42 34090 309.318348812326 10.219502417816821 250.00300135884117 320.77599575282414 
gen 43 34900 308.13124079953263 10.003183493580597 245.7238658633444 319.363962142566 
gen 44 35700 307.0702746084208 9.96113938218924 245.7238658633444 318.1211510050282 
gen 45 36510 305.5013285884036 10.326209748699414 239.48816447602746 317.10872985514305 
gen 46 37310 303.89706302122505 10.265182865475142 239.48816447602746 315.3324146341262 
gen 47 38110 302.10915783230803 10.095020696778445 239.48816447602746 313.88829474265094 
gen 48 38910 299.9388960430775 10.075566128611241 239.48816447602746 311.50740664094934 
gen 49 39710 298.4829177393522 9.994675809399894 239.48816447602746 309.68214306876206 
gen 50 40510 296.82251513398114 9.960082050449733 239.48816447602746 307.9405886092766 
gen 51 41310 294.7363800513953 10.038910947932349 239.48816447602746 305.8244859543468 
gen 52 42110 293.1080367122195 10.105351125324393 239.48816447602746 304.5120370903569 
gen 53 42910 291.29212341413427 10.16420962587786 239.48816447602746 302.898743200635 
gen 54 43710 289.3799892759197 10.069952062565495 239.48816447602746 300.4474937182781 
gen 55 44510 287.0304108586092 9.821689258300704 239.48816447602746 298.53963186798194 
gen 56 45310 285.53131763212 9.438017799920068 239.48816447602746 296.46523863198115 
gen 57 46110 283.58611425916433 9.269433395012118 239.48816447602746 294.5192011277174 
gen 58 46910 281.9142932581188 9.020188059722306 239.48816447602746 292.51234175162784 
gen 59 47710 280.138271613071 8.770194732880046 239.48816447602746 290.80600409937273 
gen 60 48510 278.5595774506174 8.746009423526734 233.9296695890481 289.02657333615707 
gen 61 49320 277.0442433917097 8.345249640391513 229.04938618126363 287.17934329509353 
gen 62 50120 275.86326598630194 8.076961757691322 229.04938618126363 285.73916481790377 
gen 63 50920 274.6534716822564 8.080504988233614 229.04938618126363 284.26009112479903 
gen 64 51720 273.61054690207465 7.727458859165838 229.04938618126363 282.60490585863477 
gen 65 52520 271.7832597533035 7.909185505160387 229.04938618126363 280.9989183345559 
gen 66 53320 270.65889290482323 7.7520916721310344 229.04938618126363 279.51654278361343 
gen 67 54120 269.36717696635964 7.718098228444124 229.04938618126363 278.41052287516214 
gen 68 54920 268.1099285744489 7.757303352504992 227.87494485034512 276.92649964880803 
gen 69 55720 266.6197808184217 7.845029374851424 227.87494485034512 275.90107939594964 
gen 70 56520 264.54374575674547 8.524433198905085 221.220769949574 274.030529063243 
gen 71 57320 263.4742448126897 8.335810944534472 221.220769949574 272.7349154199992 
gen 72 58120 262.5050300492076 8.227413903208847 221.220769949574 271.70681764250816 
gen 73 58920 261.332256711929 8.222123635522216 221.220769949574 270.1850309138585 
gen 74 59720 260.1278315177883 8.065604502295459 221.220769949574 268.8877955736805 
gen 75 60520 258.8967408615247 8.534387003963365 221.220769949574 268.08143030432217 
gen 76 61320 257.6974120621858 8.554107012087915 221.220769949574 266.99288034879754 
gen 77 62120 256.6520243995263 8.528702457480884 221.220769949574 265.83039651507704 
gen 78 62920 255.87419215063676 8.419990560924974 221.220769949574 264.7904013459168 
gen 79 63720 254.90726033983358 8.241487980878649 221.220769949574 263.8900870482733 
gen 80 64520 254.0520541321982 8.2215498532972 221.220769949574 263.13930380997 
gen 81 65320 253.0403739397681 8.124643181859888 221.220769949574 262.0817122928664 
gen 82 66120 252.2732590648922 8.059857131544488 221.220769949574 261.3570148808961 
gen 83 66920 251.66461488091514 7.830762623629044 221.220769949574 260.60401727851763 
gen 84 67720 251.04988379099447 7.592463114065175 221.220769949574 260.0399023975964 
gen 85 68520 250.20469115974984 7.5593865995643545 221.220769949574 259.36453928721926 
gen 86 69320 249.50253705885297 7.3088708300451435 221.220769949574 258.1072640409202 
gen 87 70120 249.07955570297656 7.248489164889061 221.220769949574 257.3942271153471 
gen 88 70920 248.4796772210969 7.231081880076923 221.220769949574 256.7140827161559 
gen 89 71720 248.07309827107682 7.14709433673044 221.220769949574 256.3333441642673 
gen 90 72520 247.6464692623548 7.21389201957423 218.65667806913464 255.96636939783605 
gen 91 73320 246.9615903605176 7.237066031454774 218.65667806913464 255.16736399393412 
gen 92 74120 246.3381984636768 7.210500287405841 218.65667806913464 254.59507467524216 
gen 93 74920 245.76678049985654 7.0371290600174445 218.65667806913464 253.894338658242 
gen 94 75720 245.15302505913766 7.013138607028842 218.65667806913464 253.1070174318618 
gen 95 76520 244.40597502895943 7.141086942565664 215.16559303786525 252.53824788482746 
gen 96 77320 243.49299646169567 7.018365292273759 215.16559303786525 251.5769795218196 
gen 97 78120 242.48801566178955 7.095315427005181 208.51794121717631 250.5974402039645 
gen 98 78920 242.00621540881835 6.895996839362087 208.51794121717631 249.93265708283138 
gen 99 79720 241.01643795733062 7.091247267152953 208.51794121717631 249.1402660995414 
gen 100 80520 240.20941257474632 6.883476627664487 208.51794121717631 248.15872484712895 
gen 101 81320 239.1717191201702 6.766847011372365 208.51794121717631 247.29473167031048 
gen 102 82120 238.2185997280662 6.493729828134888 208.51794121717631 245.87505368061554 
gen 103 82920 237.35266715414417 6.566470244497306 208.51794121717631 245.0149007329115 
gen 104 83720 236.4395389977861 6.407181587059169 208.51794121717631 243.95125566865062 
gen 105 84520 235.3070150298663 6.390547274895006 208.51794121717631 242.80845499394877 
gen 106 85320 233.8697755054118 6.329093828083094 208.51794121717631 241.28132357734165 
gen 107 86120 231.952767102011 6.033510436550211 208.51794121717631 239.39174130041877 
gen 108 86920 229.72686767224076 5.975415039623143 203.80338145495742 236.96086705906686 
gen 109 87720 227.87341362034036 5.697297201394273 203.80338145495742 234.51608389996167 
gen 110 88520 225.40290385444584 5.635514105108476 203.80338145495742 232.15218552083255 
gen 111 89320 222.95759708326645 5.256800615672324 203.80338145495742 229.1734813160421 
gen 112 90120 220.83904314026725 4.948561468675685 203.80338145495742 227.0264384811222 
gen 113 90920 218.2193939617169 4.835873388949914 203.80338145495742 224.30366867031466 
gen 114 91720 216.39744919778042 4.562529840481222 203.80338145495742 221.86316152565678 
gen 115 92520 214.35627208194376 4.478319937058747 188.30982662181955 219.87519604387373 
gen 116 93320 212.50279705748164 4.109079686114027 188.30982662181955 217.8373394204637 
gen 117 94120 210.87954160036344 3.6180761179642067 188.30982662181955 215.8404285080856 
gen 118 94920 209.39242749311597 3.2423129066692717 188.30982662181955 214.1044112302031 
gen 119 95720 208.15258602010462 2.8249559242863667 188.30982662181955 211.9143738610972 
gen 120 96520 207.26862644738537 2.565588882682937 188.30982662181955 210.27058471364631 
gen 121 97320 206.63219602711447 2.666615328865237 188.30982662181955 208.76345523710933 
gen 122 98120 206.12184666025414 2.9072006231256178 188.30982662181955 207.69089848839235 
gen 123 98920 205.72048495911767 3.069676234666708 188.30982662181955 207.69089848839235 
gen 124 99720 205.31206897863893 3.1340061370132064 188.30982662181955 207.69089848839235 
gen 125 100520 204.77027650070053 3.2186077577382393 188.30982662181955 207.69089848839235 
gen 126 101320 204.1342324957054 3.1913499085836925 188.30982662181955 207.69089848839235 
gen 127 102120 203.5069845894841 3.0107824697708905 188.30982662181955 207.30940495432324 
gen 128 102920 202.70557827936094 2.800542140710628 188.30982662181955 206.4839400121082 
gen 129 103720 202.1103540326126 2.682799970703496 188.30982662181955 205.57748972497063 
gen 130 104520 201.5616547084689 2.5588169640803806 188.30982662181955 204.80322323423061 
gen 131 105320 201.13264235325073 2.483679781768075 188.30982662181955 203.81939469402627 
gen 132 106120 200.83290558192246 2.409905473698103 188.30982662181955 203.23012371797097 
gen 133 106920 200.40905353816234 2.5543632221258536 188.30982662181955 202.4810958395401 
gen 134 107720 200.00541242429088 2.626227512465952 188.30982662181955 202.16619726179056 
gen 135 108520 199.61158169725343 2.7142554390158162 188.30982662181955 202.16619726179056 
gen 136 109320 199.1117518679797 2.777883206588293 184.92443590079588 202.16619726179056 
gen 137 110120 198.7117192133601 2.6685125960444864 184.92443590079588 202.16619726179056 
gen 138 110920 198.16020708049692 2.540956557849689 184.92443590079588 201.366540137096 
gen 139 111720 197.78509923657774 2.411176049477768 184.92443590079588 200.78711673194917 
gen 140 112520 197.32012757030392 2.353088210677616 184.92443590079588 200.02863183099385 
gen 141 113320 196.92961990680865 2.298172851742333 184.92443590079588 199.66754996612133 
gen 142 114120 196.63614823588375 2.2431009176934 184.92443590079588 199.0244777489724 
gen 143 114920 196.27632900319716 2.267370688754769 184.92443590079588 198.74458005987753 
gen 144 115720 196.01297805528404 2.2140103603551617 184.92443590079588 198.0375553336554 
gen 145 116520 195.77453436226824 2.21478941602463 184.92443590079588 197.93034967833262 
gen 146 117320 195.46134450411904 2.177562621404011 184.92443590079588 197.91446798171603 
gen 147 118120 195.1262867325243 2.049342425403505 184.92443590079588 197.77981272811107 
gen 148 118920 194.63635053083016 1.9127086869722556 184.92443590079588 197.11135782407192 
gen 149 119720 194.30064216856485 1.810729792480583 184.92443590079588 196.45549728519774 
gen 150 120520 194.0790258873388 1.7356159656310646 184.92443590079588 195.68853204516367 
gen 151 121320 193.80348587431217 1.7315493663433434 184.92443590079588 195.08032336270088 
gen 152 122120 193.53272325170008 1.8261725327671412 181.9861601174986 195.08032336270088 
gen 153 122920 193.28217859207922 1.8815440267600871 181.9861601174986 194.64480750508258 
gen 154 123720 193.0106643379134 1.9098813830433632 181.9861601174986 194.63243158970383 
gen 155 124520 192.73157010510303 2.0057505998834166 181.9861601174986 194.1266664918077 
gen 156 125320 192.38149480071607 2.1218173002952536 181.9861601174986 194.1266664918077 
gen 157 126120 192.00061445411836 2.2122473925879835 181.9861601174986 194.1266664918077 
gen 158 126920 191.42346175969385 2.2310166836410543 181.9861601174986 193.83647314075847 
gen 159 127720 190.98550844037288 2.1733793595035107 181.9861601174986 193.0635788795773 
gen 160 128520 190.32855664417193 2.160283254611615 181.9861601174986 192.86294270394825 
gen 161 129320 189.60528283055498 2.018734607292573 181.9861601174986 192.11055234727525 
gen 162 130120 188.95580111252747 1.8337161101385826 181.9861601174986 191.40371461428953 
gen 163 130920 188.39514465749315 1.7048983100654291 181.9861601174986 190.4596892558717 
gen 164 131720 187.8497766238192 1.5608119431616971 181.9861601174986 189.87874330487458 
gen 165 132520 187.34039121535199 1.3675178349464605 181.9861601174986 189.36807238714422 
gen 166 133320 186.72875145860846 1.1028290580603355 181.73391494354493 188.20609756084644 
gen 167 134120 186.2705200447816 0.9751356583174398 181.73391494354493 187.61648946986662 
gen 168 134920 185.78905334919037 0.7179186265071997 181.73391494354493 186.68996218300785 
gen 169 135720 185.52580640095172 0.6428945157738059 181.73391494354493 185.83332746330387 
gen 170 136520 185.42159415490184 0.6846903636471722 181.73391494354493 185.83332746330387 
gen 171 137320 185.3113983099152 0.7003180965707921 181.73391494354493 185.83332746330387 
gen 172 138120 185.11201065579436 0.7334823209554705 181.23955388889294 185.83332746330387 
gen 173 138920 184.87205505070884 0.6940546982461241 181.23955388889294 185.5262688192554 
gen 174 139720 184.71603870106716 0.6442673335669531 181.23955388889294 185.1997109290398 
gen 175 140520 184.6322971607704 0.6881449772905763 181.0418034804165 184.92443590079588 
gen 176 141320 184.53043031943443 0.7361308554722193 181.0418034804165 184.92443590079588 
gen 177 142120 184.39103422394786 0.7832276425365419 181.0418034804165 184.92443590079588 
gen 178 142920 184.18666457202892 0.8230368525027142 181.0418034804165 184.92443590079588 
gen 179 143720 183.83239088034804 0.7524701745852111 181.0418034804165 184.92443590079588 
gen 180 144520 183.56895154137666 0.664045237112819 181.0418034804165 184.37414880565132 
gen 181 145320 183.30160328917583 0.5994811912835013 181.0418034804165 183.83352215807767 
gen 182 146120 183.0746849974313 0.5450150323392617 181.0418034804165 183.83352215807767 
gen 183 146920 182.76060276604971 0.3921644406179237 178.906374731695 183.23530447145905 
gen 184 147720 182.7522893075298 0.39627238115132785 178.906374731695 182.87158627414695 
gen 185 148520 182.73922330400043 0.41146373589722296 178.906374731695 182.87158627414695 
gen 186 149320 182.71129330976768 0.47630141536835485 178.3550624772646 182.87158627414695 
gen 187 150120 182.6543046810972 0.5538212523943383 178.3550624772646 182.87158627414695 
gen 188 150920 182.6164313987414 0.5767002474922953 178.3550624772646 182.87158627414695 
gen 189 151720 182.59010462268327 0.586354595949551 178.3550624772646 182.87158627414695 
gen 190 152520 182.5163411918583 0.6416105397900255 178.3550624772646 182.87158627414695 
gen 191 153320 182.41781195644796 0.6987682897957681 178.3550624772646 182.87158627414695 
gen 192 154120 182.33078972971973 0.7053780715012699 178.3550624772646 182.87158627414695 
gen 193 154920 182.1888913012279 0.6924702519974003 178.3550624772646 182.87158627414695 
gen 194 155720 181.95512803056718 0.6052051162820838 178.3550624772646 182.83314611724072 
gen 195 156520 181.72883288267414 0.47014890059460657 178.3550624772646 182.06604031554804 
gen 196 157320 181.64297154622818 0.48389981787326786 178.3550624772646 181.94350751245196 
gen 197 158120 181.535502336859 0.4523935852623408 178.3550624772646 181.8943285263055 
gen 198 158920 181.4731455626973 0.5082017648220035 178.3550624772646 181.73391494354493 
gen 199 159720 181.41063220766074 0.5537649581986573 178.3550624772646 181.73391494354493 
gen 200 160520 181.28869746608547 0.5895343183779082 178.3550624772646 181.73391494354493 
gen 201 161320 181.10535335134918 0.5459499872905307 178.3550624772646 181.73391494354493 
gen 202 162120 180.92771274449188 0.48017074443639457 178.3550624772646 181.0418034804165 
gen 203 162920 180.90889672868462 0.5164927072227112 178.3550624772646 181.0418034804165 
gen 204 163720 180.88441710715392 0.5475594537586049 178.3550624772646 181.0418034804165 
gen 205 164520 180.8467979596124 0.5991289010323747 178.3550624772646 181.0418034804165 
gen 206 165320 180.80780997071182 0.6458035778640319 178.3550624772646 181.0418034804165 
gen 207 166120 180.74198893491732 0.7230304696585788 178.3550624772646 181.0418034804165 
gen 208 166920 180.63571955423902 0.828545881623267 177.62121474655157 181.0418034804165 
gen 209 167720 180.48959791704462 0.9206045302761878 177.62121474655157 181.0418034804165 
gen 210 168520 180.22930062046925 1.026085425469805 177.62121474655157 181.0418034804165 
gen 211 169320 179.71898459534142 1.0464097360288371 177.42609844401414 181.0418034804165 
gen 212 170120 178.81055524093006 0.378074249428113 176.62994198778577 179.32600534548672 
gen 213 170920 178.47310012220748 0.29900232909677504 176.62994198778577 178.90058634914726 
gen 214 171720 178.26396175900953 0.2512413544610901 176.62994198778577 178.4530123812459 
gen 215 172520 178.08897278205734 0.28578710656454603 176.6029080382486 178.39676158245697 
gen 216 173320 177.93736715623527 0.30083639711971416 176.6029080382486 178.2241743437189 
gen 217 174120 177.72594753297676 0.3053430847382187 176.5541905434545 178.07912653821577 
gen 218 174920 177.4499554846094 0.1920902201427109 176.30550113054755 177.90767137194834 
gen 219 175720 177.31365103316756 0.18449891757479922 176.30550113054755 177.42609844401414 
gen 220 176520 177.194096937585 0.17828956610392213 176.30550113054755 177.42609844401414 
gen 221 177320 177.1475281286071 0.22258303340037353 176.30550113054755 177.23938014816915 
gen 222 178120 177.07120419010116 0.2753415935367886 176.30550113054755 177.23938014816915 
gen 223 178920 176.9623483611038 0.30353395134716726 176.30550113054755 177.23938014816915 
gen 224 179720 176.7673707314649 0.25460244484542616 176.30550113054755 177.23938014816915 
gen 225 180520 176.6262954230636 0.05732647368141244 176.30550113054755 176.63766030461738 
gen 226 181320 176.6252563507255 0.05962272503160196 176.30550113054755 176.63766030461738 
gen 227 182120 176.61846839920196 0.0745014000566482 176.30550113054755 176.63766030461738 
gen 228 182920 176.61257843048742 0.08497678038281556 176.30550113054755 176.63766030461738 
gen 229 183720 176.60412968309348 0.09740410694856333 176.30550113054755 176.63766030461738 
gen 230 184520 176.5890474497158 0.11495448119644883 176.30550113054755 176.63766030461738 
gen 231 185320 176.55792230343678 0.13940736374830126 176.30550113054755 176.63766030461738 
gen 232 186120 176.50895755483637 0.15894307811903738 176.30550113054755 176.63766030461738 
gen 233 186920 176.42459331187914 0.1551238792826435 176.30550113054755 176.63766030461738 
gen 234 187720 176.30550113054755 0.0 176.30550113054755 176.30550113054755 
gen 235 188520 176.30550113054755 0.0 176.30550113054755 176.30550113054755 
gen 236 189320 176.30550113054755 0.0 176.30550113054755 176.30550113054755 
gen 237 190120 176.30550113054755 0.0 176.30550113054755 176.30550113054755 
gen 238 190920 176.30550113054755 0.0 176.30550113054755 176.30550113054755 
gen 239 191720 176.30550113054755 0.0 176.30550113054755 176.30550113054755 
gen 240 192520 176.30550113054755 0.0 176.30550113054755 176.30550113054755 
gen 241 193320 176.30550113054755 0.0 176.30550113054755 176.30550113054755 
gen 242 194120 176.30550113054755 0.0 176.30550113054755 176.30550113054755 
gen 243 194920 176.30550113054755 0.0 176.30550113054755 176.30550113054755 
gen 244 195720 176.30550113054755 0.0 176.30550113054755 176.30550113054755 
gen 245 196520 176.30550113054755 0.0 176.30550113054755 176.30550113054755 
gen 246 197320 176.30550113054755 0.0 176.30550113054755 176.30550113054755 
gen 247 198120 176.30550113054755 0.0 176.30550113054755 176.30550113054755 
gen 248 198920 176.30550113054755 0.0 176.30550113054755 176.30550113054755 
gen 249 199720 176.30550113054755 0.0 176.30550113054755 176.30550113054755 
gen 250 200520 176.30550113054755 0.0 176.30550113054755 176.30550113054755 
gen 251 201320 176.30550113054755 0.0 176.30550113054755 176.30550113054755 
gen 252 202120 176.30550113054755 0.0 176.30550113054755 176.30550113054755 
gen 253 202920 176.30550113054755 0.0 176.30550113054755 176.30550113054755 
gen 254 203720 176.30550113054755 0.0 176.30550113054755 176.30550113054755 
gen 255 204520 176.30550113054755 0.0 176.30550113054755 176.30550113054755 
gen 256 205320 176.30550113054755 0.0 176.30550113054755 176.30550113054755 
gen 257 206120 176.30550113054755 0.0 176.30550113054755 176.30550113054755 
gen 258 206920 176.30550113054755 0.0 176.30550113054755 176.30550113054755 
gen 259 207720 176.30550113054755 0.0 176.30550113054755 176.30550113054755 
gen 260 208520 176.30550113054755 0.0 176.30550113054755 176.30550113054755 
gen 261 209320 176.30550113054755 0.0 176.30550113054755 176.30550113054755 
gen 262 210120 176.30550113054755 0.0 176.30550113054755 176.30550113054755 
gen 263 210920 176.30550113054755 0.0 176.30550113054755 176.30550113054755 
gen 264 211720 176.30550113054755 0.0 176.30550113054755 176.30550113054755 
gen 265 212520 176.30550113054755 0.0 176.30550113054755 176.30550113054755 
gen 266 213320 176.30550113054755 0.0 176.30550113054755 176.30550113054755 
gen 267 214120 176.30550113054755 0.0 176.30550113054755 176.30550113054755 
gen 268 214920 176.30550113054755 0.0 176.30550113054755 176.30550113054755 
gen 269 215720 176.30550113054755 0.0 176.30550113054755 176.30550113054755 
gen 270 216520 176.30550113054755 0.0 176.30550113054755 176.30550113054755 
gen 271 217320 176.30550113054755 0.0 176.30550113054755 176.30550113054755 
gen 272 218120 176.30550113054755 0.0 176.30550113054755 176.30550113054755 
gen 273 218920 176.30550113054755 0.0 176.30550113054755 176.30550113054755 
gen 274 219720 176.30550113054755 0.0 176.30550113054755 176.30550113054755 
gen 275 220520 176.30550113054755 0.0 176.30550113054755 176.30550113054755 
gen 276 221320 176.30550113054755 0.0 176.30550113054755 176.30550113054755 
gen 277 222120 176.30550113054755 0.0 176.30550113054755 176.30550113054755 
gen 278 222920 176.30550113054755 0.0 176.30550113054755 176.30550113054755 
gen 279 223720 176.30550113054755 0.0 176.30550113054755 176.30550113054755 
gen 280 224520 176.30550113054755 0.0 176.30550113054755 176.30550113054755 
gen 281 225320 176.30550113054755 0.0 176.30550113054755 176.30550113054755 
gen 282 226120 176.30550113054755 0.0 176.30550113054755 176.30550113054755 
gen 283 226920 176.30550113054755 0.0 176.30550113054755 176.30550113054755 
gen 284 227720 176.30550113054755 0.0 176.30550113054755 176.30550113054755 
gen 285 228520 176.30550113054755 0.0 176.30550113054755 176.30550113054755 
gen 286 229320 176.30550113054755 0.0 176.30550113054755 176.30550113054755 
gen 287 230120 176.30550113054755 0.0 176.30550113054755 176.30550113054755 
gen 288 230920 176.30550113054755 0.0 176.30550113054755 176.30550113054755 
gen 289 231720 176.30550113054755 0.0 176.30550113054755 176.30550113054755 
gen 290 232520 176.30550113054755 0.0 176.30550113054755 176.30550113054755 
gen 291 233320 176.30550113054755 0.0 176.30550113054755 176.30550113054755 
gen 292 234120 176.30550113054755 0.0 176.30550113054755 176.30550113054755 
gen 293 234920 176.30550113054755 0.0 176.30550113054755 176.30550113054755 
gen 294 235720 176.30550113054755 0.0 176.30550113054755 176.30550113054755 
gen 295 236520 176.30550113054755 0.0 176.30550113054755 176.30550113054755 
gen 296 237320 176.30550113054755 0.0 176.30550113054755 176.30550113054755 
gen 297 238120 176.30550113054755 0.0 176.30550113054755 176.30550113054755 
gen 298 238920 176.30550113054755 0.0 176.30550113054755 176.30550113054755 
gen 299 239720 176.30550113054755 0.0 176.30550113054755 176.30550113054755 
gen 300 240520 176.30550113054755 0.0 176.30550113054755 176.30550113054755 
gen 301 241320 176.30550113054755 0.0 176.30550113054755 176.30550113054755 
gen 302 242120 176.30550113054755 0.0 176.30550113054755 176.30550113054755 
gen 303 242920 176.30550113054755 0.0 176.30550113054755 176.30550113054755 
gen 304 243720 176.30550113054755 0.0 176.30550113054755 176.30550113054755 
gen 305 244520 176.30550113054755 0.0 176.30550113054755 176.30550113054755 
gen 306 245320 176.30550113054755 0.0 176.30550113054755 176.30550113054755 
gen 307 246120 176.30550113054755 0.0 176.30550113054755 176.30550113054755 
gen 308 246920 176.30550113054755 0.0 176.30550113054755 176.30550113054755 
gen 309 247720 176.30550113054755 0.0 176.30550113054755 176.30550113054755 
gen 310 248520 176.30550113054755 0.0 176.30550113054755 176.30550113054755 
gen 311 249320 176.30550113054755 0.0 176.30550113054755 176.30550113054755 
gen 312 250120 176.30550113054755 0.0 176.30550113054755 176.30550113054755 
gen 313 250920 176.30550113054755 0.0 176.30550113054755 176.30550113054755 
gen 314 251720 176.30550113054755 0.0 176.30550113054755 176.30550113054755 
gen 315 252520 176.30550113054755 0.0 176.30550113054755 176.30550113054755 
gen 316 253320 176.30550113054755 0.0 176.30550113054755 176.30550113054755 
gen 317 254120 176.30550113054755 0.0 176.30550113054755 176.30550113054755 
gen 318 254920 176.30550113054755 0.0 176.30550113054755 176.30550113054755 
gen 319 255720 176.30550113054755 0.0 176.30550113054755 176.30550113054755 
gen 320 256520 176.30550113054755 0.0 176.30550113054755 176.30550113054755 
gen 321 257320 176.30550113054755 0.0 176.30550113054755 176.30550113054755 
gen 322 258120 176.30550113054755 0.0 176.30550113054755 176.30550113054755 
gen 323 258920 176.30550113054755 0.0 176.30550113054755 176.30550113054755 
gen 324 259720 176.30550113054755 0.0 176.30550113054755 176.30550113054755 
gen 325 260520 176.30550113054755 0.0 176.30550113054755 176.30550113054755 
gen 326 261320 176.30550113054755 0.0 176.30550113054755 176.30550113054755 
gen 327 262120 176.30550113054755 0.0 176.30550113054755 176.30550113054755 
gen 328 262920 176.30550113054755 0.0 176.30550113054755 176.30550113054755 
gen 329 263720 176.30550113054755 0.0 176.30550113054755 176.30550113054755 
gen 330 264520 176.30550113054755 0.0 176.30550113054755 176.30550113054755 
gen 331 265320 176.30550113054755 0.0 176.30550113054755 176.30550113054755 
gen 332 266120 176.30550113054755 0.0 176.30550113054755 176.30550113054755 
gen 333 266920 176.30550113054755 0.0 176.30550113054755 176.30550113054755 
gen 334 267720 176.30550113054755 0.0 176.30550113054755 176.30550113054755 
gen 335 268520 176.30550113054755 0.0 176.30550113054755 176.30550113054755 
gen 336 269320 176.30550113054755 0.0 176.30550113054755 176.30550113054755 
gen 337 270120 176.30550113054755 0.0 176.30550113054755 176.30550113054755 
gen 338 270920 176.30550113054755 0.0 176.30550113054755 176.30550113054755 
gen 339 271720 176.30550113054755 0.0 176.30550113054755 176.30550113054755 
gen 340 272520 176.30550113054755 0.0 176.30550113054755 176.30550113054755 
gen 341 273320 176.30550113054755 0.0 176.30550113054755 176.30550113054755 
gen 342 274120 176.30550113054755 0.0 176.30550113054755 176.30550113054755 
gen 343 274920 176.30550113054755 0.0 176.30550113054755 176.30550113054755 
gen 344 275720 176.30550113054755 0.0 176.30550113054755 176.30550113054755 
gen 345 276520 176.30550113054755 0.0 176.30550113054755 176.30550113054755 
gen 346 277320 176.30550113054755 0.0 176.30550113054755 176.30550113054755 
gen 347 278120 176.30550113054755 0.0 176.30550113054755 176.30550113054755 
gen 348 278920 176.30550113054755 0.0 176.30550113054755 176.30550113054755 
gen 349 279720 176.30550113054755 0.0 176.30550113054755 176.30550113054755 
gen 350 280520 176.30550113054755 0.0 176.30550113054755 176.30550113054755 
[11, 17, 16, 1, 2, 15, 13, 10, 5, 8, 12, 4, 19, 18, 9, 7, 14, 0, 6, 3, 1, 8, 0, 18, 4, 12, 13, 15, 3, 5, 17, 10, 2, 16, 14, 6, 9, 19, 11, 7, 3, 5, 13, 17, 16, 15, 11, 9, 18, 2, 10, 1, 0, 4, 12, 8, 6, 14, 19, 7, 3, 7, 2, 12, 11, 15, 16, 18, 1, 5, 17, 8, 14, 9, 0, 6, 13, 19, 10, 4, 8, 1, 9, 7, 15, 18, 12, 19, 17, 13, 14, 0, 5, 10, 3, 2, 11, 6, 4, 16, 12, 13, 0, 14, 16, 18, 17, 10, 4, 5, 2, 7, 9, 8, 6, 15, 1, 3, 11, 19, 10, 4, 16, 8, 5, 15, 13, 18, 6, 14, 3, 12, 9, 17, 2, 1, 19, 11, 7, 0, 6, 2, 12, 4, 19, 8, 16, 10, 11, 9, 1, 14, 17, 0, 7, 13, 3, 18, 5, 15, 19, 16, 5, 0, 12, 18, 4, 7, 1, 11, 8, 14, 2, 10, 3, 9, 13, 6, 15, 17, 18, 12, 0, 1, 14, 7, 15, 9, 11, 3, 17, 8, 6, 19, 13, 2, 16, 4, 10, 5, 14, 13, 2, 5, 0, 17, 4, 12, 1, 11, 18, 19, 8, 15, 3, 6, 16, 10, 9, 7, 14, 5, 6, 11, 19, 9, 7, 2, 15, 17, 10, 13, 0, 3, 1, 12, 16, 18, 4, 8, 14, 13, 2, 0, 6, 12, 19, 15, 4, 5, 17, 9, 7, 11, 16, 18, 8, 3, 10, 1, 8, 15, 6, 5, 3, 18, 10, 2, 17, 13, 0, 14, 7, 9, 4, 16, 12, 11, 19, 1, 2, 7, 8, 18, 5, 10, 11, 19, 17, 9, 15, 14, 1, 6, 0, 12, 13, 4, 3, 16, 10, 7, 5, 1, 12, 3, 0, 14, 6, 19, 11, 18, 4, 13, 16, 8, 2, 9, 17, 15, 9, 2, 0, 5, 3, 7, 14, 11, 4, 19, 1, 18, 12, 6, 17, 8, 16, 10, 13, 15, 3, 12, 15, 16, 14, 1, 9, 4, 13, 0, 6, 19, 8, 10, 18, 5, 11, 2, 7, 17, 6, 11, 15, 4, 5, 2, 19, 1, 18, 13, 9, 3, 12, 14, 7, 10, 17, 8, 16, 0, 12, 13, 19, 1, 8, 15, 11, 2, 16, 7, 0, 6, 14, 3, 10, 4, 17, 5, 18, 9]
min  176.30550113054755
NFE 280520
LSNFE 120
VLSNFE 21
runTime 1034.989979505539
