gen 0 400 375000000000473.8 1899835519196239.2 361.8709226850817 1e+16 
gen 1 1200 443.36260415777883 23.172441793020187 349.7127516730298 472.8020354345949 
gen 2 2000 421.3877844104744 20.45785992906358 332.8605800227101 445.42397493580074 
gen 3 2800 407.950651721623 18.745188533455064 323.21246888538724 429.104548854834 
gen 4 3600 397.5606636541203 17.11742376479863 323.21246888538724 417.7676650351763 
gen 5 4400 389.33087974354225 16.569587982025197 321.9693692835328 408.7025658051787 
gen 6 5200 382.9193583963081 16.711444967656064 316.6996472611602 401.184736963679 
gen 7 6010 376.6966962262539 16.601081204824663 304.7527246919121 395.2255465865298 
gen 8 6810 371.5526682139068 15.312294272521834 304.7527246919121 389.44364864896295 
gen 9 7610 366.6316412293805 14.713115696339962 304.7527246919121 384.10707012617627 
gen 10 8410 361.596648865252 14.782062507659345 304.7527246919121 378.82955216523794 
gen 11 9210 357.5663428480072 13.91474624825768 304.7527246919121 373.8977958996714 
gen 12 10010 353.65282801083725 13.94959078419406 297.8755055161082 370.46305870069017 
gen 13 10810 350.793980639106 13.052855272749861 297.8755055161082 366.5135959050693 
gen 14 11610 348.2907001124657 12.754374762523437 297.8755055161082 364.03424386486745 
gen 15 12410 345.3788484899333 12.501232412179998 296.14127570750213 360.5430131500302 
gen 16 13210 342.4665119481407 12.672157359435516 296.14127570750213 357.2248615847744 
gen 17 14010 339.76633840713276 12.901921490225815 287.85794094364405 353.86262278177327 
gen 18 14810 337.4698761990333 13.005235914354177 287.85794094364405 351.6962472243508 
gen 19 15610 333.7951862704333 13.399738596717008 269.1973558959453 348.47529567436004 
gen 20 16410 332.1523770662195 13.163833684514136 269.1973558959453 346.38472523892483 
gen 21 17210 330.02335129739805 13.204463770227624 269.1973558959453 344.1370195453952 
gen 22 18010 328.40000759739326 13.100325266945015 269.1973558959453 342.643794275339 
gen 23 18820 326.4553026048303 12.882229515151398 259.6645474730005 340.7794437873788 
gen 24 19620 324.53438000715215 12.729744734936181 259.6645474730005 338.7088141474849 
gen 25 20420 323.24066469564735 12.415193215152964 259.6645474730005 336.7698714993485 
gen 26 21220 321.32894586601526 12.38721542382096 259.6645474730005 334.74862797407405 
gen 27 22020 319.98573416696547 12.378605280010383 259.6645474730005 333.41245941308506 
gen 28 22820 318.9037058556243 12.147332421482762 259.6645474730005 332.55437507055194 
gen 29 23620 317.213780165215 11.810109203622067 259.6645474730005 330.642128526374 
gen 30 24420 316.28491085131446 11.526910708251297 259.6645474730005 329.45869060559716 
gen 31 25220 315.0744888218271 11.78866199712184 259.6645474730005 328.3105613047673 
gen 32 26020 313.8969568556852 11.902566468812687 259.6645474730005 326.96087873535146 
gen 33 26830 312.326008325487 11.78037533637381 256.7808085383106 325.2127213475625 
gen 34 27630 311.3826808435396 11.47517365591676 256.7808085383106 324.4234140311007 
gen 35 28430 309.81828652814914 11.443606732230144 256.7808085383106 322.91717882708525 
gen 36 29230 309.02723874076787 11.145919927503027 256.7808085383106 321.69965165941085 
gen 37 30030 307.85435315955334 10.937388228244881 256.7808085383106 320.248371279605 
gen 38 30830 307.2103800818663 10.74244122506337 256.7808085383106 319.58855153201193 
gen 39 31630 306.2676696169527 10.453745018265044 256.7808085383106 318.7275530121333 
gen 40 32430 304.95628418306313 10.207519055810502 256.7808085383106 317.2143953044081 
gen 41 33230 303.9603081617973 9.976227528867517 256.7808085383106 315.8002258478945 
gen 42 34030 303.06565696333035 9.654176014322788 256.7808085383106 314.9675544760608 
gen 43 34830 302.1870834241215 9.45333634977324 256.7808085383106 314.1062522456613 
gen 44 35630 300.939092527997 9.157983128415378 256.7808085383106 312.20527852572314 
gen 45 36430 300.24816019960423 9.078347250551829 256.7808085383106 311.06229066819094 
gen 46 37230 299.3224143631869 9.074535521658127 256.7808085383106 309.7059707514207 
gen 47 38030 298.4312944666578 9.007787315715415 256.7808085383106 308.901069713145 
gen 48 38830 297.62255926230335 8.931156112095032 256.7808085383106 307.90065790953815 
gen 49 39630 296.4973558073731 9.047900131143155 256.29605124708957 306.9347581939742 
gen 50 40430 295.5596337479645 8.946855180773673 256.29605124708957 306.08893938608884 
gen 51 41230 294.4564377360972 9.242548914835597 256.29605124708957 304.94280224610924 
gen 52 42030 293.7077459422462 9.134736365974325 256.29605124708957 304.1714669773233 
gen 53 42830 293.25550974102964 9.051718355613682 256.29605124708957 303.6939698398029 
gen 54 43630 292.43373946658807 9.344918414290769 251.91654527791556 302.8998219514355 
gen 55 44430 291.6176002416593 9.33208554377784 251.91654527791556 301.79947494900165 
gen 56 45230 291.17403786147804 9.150543863266916 251.91654527791556 301.2324248648008 
gen 57 46030 290.77742846649966 9.201012088250659 251.91654527791556 300.82394088458926 
gen 58 46830 290.2715391168479 8.99376235083232 251.91654527791556 300.0097652508864 
gen 59 47630 289.79476671376005 8.990315890763737 251.91654527791556 299.5244702795402 
gen 60 48460 289.6057692353612 8.98828970440044 246.48312403667646 299.38976618198046 
gen 61 49280 289.143154603836 8.948249675114722 243.04941368209384 298.7887994202806 
gen 62 50080 288.4902679435991 8.941972457912998 243.04941368209384 298.2130267335879 
gen 63 50880 287.8054515310173 9.006011396114541 243.04941368209384 297.7487083511099 
gen 64 51680 287.027886152497 9.007299811432778 243.04941368209384 297.2490210704202 
gen 65 52480 286.31264848961047 8.814411320952377 243.04941368209384 296.6275255745751 
gen 66 53280 285.9934331927936 8.668101135112625 243.04941368209384 296.14127570750213 
gen 67 54080 285.38233609001503 8.801386419052866 238.20420482634688 295.6686903423904 
gen 68 54880 284.8291665530836 8.637216267871015 238.20420482634688 295.0731994466667 
gen 69 55680 284.1357351271062 8.575724313508053 238.20420482634688 294.1833187684409 
gen 70 56480 283.75204411339297 8.355721461323187 238.20420482634688 293.499786773719 
gen 71 57280 283.41117496512624 8.207426975750973 238.20420482634688 292.9700525212467 
gen 72 58080 282.6477226238198 8.14898933709054 238.20420482634688 291.97180080332373 
gen 73 58880 282.10294802435624 8.10656898876549 238.20420482634688 291.25828912929836 
gen 74 59680 281.61305717718 8.209297714938089 238.20420482634688 290.8258709119673 
gen 75 60480 281.00790331853045 8.232518889037095 238.20420482634688 290.04416175789754 
gen 76 61280 280.163511346114 8.210363015548072 238.20420482634688 289.27963986479335 
gen 77 62080 279.680847528476 8.287806390245079 238.20420482634688 288.7068991748821 
gen 78 62880 278.8869633769792 8.201399893034017 238.20420482634688 287.9516112513025 
gen 79 63680 278.3332636303496 8.163068027374997 238.20420482634688 287.18475192235434 
gen 80 64480 277.872839781754 8.348181976502042 238.20420482634688 286.83651825643085 
gen 81 65280 277.5293673661204 8.321846256534105 238.20420482634688 286.4110633051937 
gen 82 66080 277.2730909982743 8.29425376736568 238.20420482634688 286.04561643944095 
gen 83 66880 277.00827868222774 8.178238964816689 238.20420482634688 285.8032887435609 
gen 84 67680 276.7426199157552 8.082420107313846 238.20420482634688 285.46008350534254 
gen 85 68480 276.4114703022062 8.03346941415901 238.20420482634688 285.1012027166978 
gen 86 69280 276.12727087888265 7.947362422940957 238.20420482634688 284.70149916643635 
gen 87 70080 275.5967928347491 8.141462935781348 238.20420482634688 284.17057740983347 
gen 88 70880 275.14283524415856 8.195547905348525 238.20420482634688 283.7476620621169 
gen 89 71680 274.73506030391553 8.199850023799476 238.20420482634688 283.56811554198487 
gen 90 72480 274.25226007413215 8.140868457471958 238.20420482634688 283.08324354918557 
gen 91 73280 273.8384196995878 8.300746018987448 231.59717000679186 282.5561613513236 
gen 92 74080 273.5235959374777 8.294897729013258 231.59717000679186 282.2837885641023 
gen 93 74880 273.17082194239885 8.16656389875873 231.59717000679186 281.93920252488863 
gen 94 75680 272.6525557142332 8.140554474394087 231.59717000679186 281.56823098868915 
gen 95 76480 272.1645125063613 8.05384685440632 231.59717000679186 281.0727604966501 
gen 96 77280 271.9158853128008 8.103898685719138 231.59717000679186 280.93961709315005 
gen 97 78080 271.51661104940524 8.001323866148525 231.59717000679186 280.4069561563363 
gen 98 78880 271.1984434064528 7.961907434168912 231.59717000679186 280.107755714036 
gen 99 79680 271.05863535077987 7.88680515301134 231.59717000679186 279.76462373496105 
gen 100 80480 270.76991900145543 7.864054486857129 231.59717000679186 279.44069359548223 
gen 101 81280 270.28040359683877 7.871460700158505 231.59717000679186 278.88395571843154 
gen 102 82080 269.873078229591 7.926597169917106 231.59717000679186 278.5658883817876 
gen 103 82880 269.4900124295325 7.797861445947826 231.59717000679186 277.87834704227356 
gen 104 83680 269.2467655276283 7.7919899950420275 231.59717000679186 277.5886727478351 
gen 105 84480 268.7009556309484 7.632681728293618 231.59717000679186 276.9202929010245 
gen 106 85280 268.3587024737651 7.833787733224155 231.59717000679186 276.6564723646628 
gen 107 86080 268.07965210707135 7.889322675632362 231.59717000679186 276.5257812783309 
gen 108 86880 267.7737483270872 7.826459565020623 231.59717000679186 276.1672293198669 
gen 109 87680 267.3953622119616 7.797743815845389 231.59717000679186 275.8672314593141 
gen 110 88480 267.0442573776287 7.90455592364976 231.59717000679186 275.5438927653536 
gen 111 89280 266.78731042149366 7.841648675570481 231.59717000679186 275.1720462790844 
gen 112 90080 266.25619621149434 7.967944519873892 231.59717000679186 274.86024319821917 
gen 113 90880 265.906968319354 7.86150400984653 231.59717000679186 274.3331810731913 
gen 114 91680 265.6383169428151 7.763383284949194 231.59717000679186 274.00690691257614 
gen 115 92480 265.45159683397486 7.745718745825813 231.59717000679186 273.8345923450532 
gen 116 93280 265.17440121319214 7.684120965585514 231.59717000679186 273.5994140817574 
gen 117 94080 265.02626184426407 7.597188575739919 231.59717000679186 273.1880664417072 
gen 118 94880 264.7548918717559 7.501581840979213 231.59717000679186 272.91774674624816 
gen 119 95680 264.4380259061044 7.404970768264184 231.59717000679186 272.7092640450967 
gen 120 96480 264.18574477475306 7.402496454203561 231.59717000679186 272.4643522520781 
gen 121 97280 264.05512311433364 7.365183709751206 231.59717000679186 272.24130226537966 
gen 122 98080 263.6517488098351 7.3176118055489265 231.59717000679186 271.84493951453817 
gen 123 98880 263.3776733532416 7.253798711090983 231.59717000679186 271.51066605766175 
gen 124 99680 263.194713780781 7.190752594408504 231.59717000679186 271.30861664980426 
gen 125 100480 262.97744007053547 7.143972218965649 231.59717000679186 271.1272760095395 
gen 126 101280 262.8585411601127 7.109972305051673 231.59717000679186 270.9222552984956 
gen 127 102080 262.7599453314368 7.069404992276749 231.59717000679186 270.8203079579576 
gen 128 102880 262.4748127287384 7.060610559513673 231.59717000679186 270.2573382913759 
gen 129 103680 262.3363826288153 7.011380992283203 231.59717000679186 270.0629640946205 
gen 130 104480 262.12005347624165 6.954814099167203 231.59717000679186 269.7711419397423 
gen 131 105280 261.8732176828934 6.919205673749578 231.59717000679186 269.5182153174001 
gen 132 106080 261.5476550028032 6.911943167750487 231.59717000679186 269.2939003223836 
gen 133 106880 261.3998670319491 6.848629556489061 231.59717000679186 269.0644160972995 
gen 134 107680 261.22535384066896 6.78106835028205 231.59717000679186 268.91936472003675 
gen 135 108480 261.0688765951519 6.748739125858808 231.59717000679186 268.73347156355976 
gen 136 109280 260.93128549374336 6.737326499989868 231.59717000679186 268.70326218174773 
gen 137 110080 260.83844653734667 6.703849488846911 231.59717000679186 268.55789020472133 
gen 138 110880 260.58094727755866 6.878128910886344 227.60043168467828 268.393314303265 
gen 139 111680 260.35900030187133 6.8139912430040654 227.60043168467828 268.2056115144294 
gen 140 112480 259.99042249191035 6.8714175740542665 227.60043168467828 267.96837354997 
gen 141 113280 259.75051350970904 6.926876916138748 227.60043168467828 267.6483042453898 
gen 142 114080 259.6440578325919 6.922006436367971 227.60043168467828 267.55109676508914 
gen 143 114880 259.37994746937375 6.857792408081522 227.60043168467828 267.1235057643142 
gen 144 115680 259.03714789785886 6.86754133633728 227.60043168467828 266.7109125616795 
gen 145 116480 258.8567113323704 6.8007540227234635 227.60043168467828 266.51444177729326 
gen 146 117280 258.6623130394772 6.759479543539156 227.60043168467828 266.32401765847766 
gen 147 118080 258.5122568193469 6.705552800953171 227.60043168467828 266.04379787758353 
gen 148 118880 258.43274441958334 6.729073251122569 227.60043168467828 265.87335730723294 
gen 149 119680 258.24028016741835 6.645635743957994 227.60043168467828 265.62898399822086 
gen 150 120480 258.109138006459 6.607920681182312 227.60043168467828 265.41807081667395 
gen 151 121280 257.8117658616044 6.674435111032032 227.60043168467828 265.1914247146703 
gen 152 122080 257.56645131038226 6.659277989128366 227.60043168467828 264.8297841461966 
gen 153 122880 257.46835713652484 6.643751198325218 227.60043168467828 264.78673525477865 
gen 154 123680 257.2932480316925 6.5639856698374475 227.60043168467828 264.6352435348658 
gen 155 124480 257.1417083928334 6.473042593394132 227.60043168467828 264.3104337044629 
gen 156 125290 256.9569128661895 6.45054916741492 226.65901810939346 264.11273739437377 
gen 157 126090 256.84345681056504 6.420474861469037 226.65901810939346 264.0775699682447 
gen 158 126890 256.6585448361175 6.423820951092611 226.65901810939346 263.85525719172057 
gen 159 127690 256.42596092105055 6.30379200698041 226.65901810939346 263.5844691261995 
gen 160 128490 256.0967475476467 6.2338981905781194 226.65901810939346 263.33414610264526 
gen 161 129300 255.86250922019107 6.2525185072831295 223.83608287644364 263.1025170624867 
gen 162 130100 255.75193528362695 6.239030464702668 223.83608287644364 262.9985847007416 
gen 163 130900 255.58685418030646 6.344145059400996 223.83608287644364 262.81655938672367 
gen 164 131700 255.45420303195567 6.283007202600187 223.83608287644364 262.63132916908916 
gen 165 132500 255.19392170681735 6.241507868090031 223.83608287644364 262.38435473442075 
gen 166 133300 255.01461825831458 6.33928590719573 223.83608287644364 262.2028270712217 
gen 167 134100 254.9066846731404 6.309744481126643 223.83608287644364 262.06485388314974 
gen 168 134900 254.66123541029057 6.441934589433479 223.83608287644364 261.98492456757816 
gen 169 135700 254.45842518410663 6.436881023990199 223.83608287644364 261.83386935143125 
gen 170 136500 254.42467560371608 6.433511922873957 223.83608287644364 261.8213067249271 
gen 171 137300 254.03758189864087 6.472241967176488 223.83608287644364 261.52221919798416 
gen 172 138100 253.8393622089687 6.51216312630128 223.83608287644364 261.40954858697177 
gen 173 138900 253.70695762066163 6.463106024730153 223.83608287644364 261.2393010004935 
gen 174 139700 253.6304689956738 6.474865080298711 223.83608287644364 261.1808379042433 
gen 175 140500 253.4718625082422 6.422614560816224 223.83608287644364 261.04445275792597 
gen 176 141300 253.35856749303662 6.366393606655263 223.83608287644364 260.8262859262535 
gen 177 142100 253.27994296909858 6.332028129117772 223.83608287644364 260.66665496683316 
gen 178 142910 253.16146791273925 6.338413020915954 222.328843692634 260.5350441353924 
gen 179 143710 252.9883659394457 6.325524625515101 222.328843692634 260.2563888564395 
gen 180 144510 252.8856333458316 6.2739512681118645 222.328843692634 260.0640300867884 
gen 181 145310 252.62068687960328 6.315046289772802 222.328843692634 259.6082771354615 
gen 182 146110 252.40487810726697 6.35334497029379 222.328843692634 259.55109245997124 
gen 183 146910 252.3134659829129 6.306688356501255 222.328843692634 259.41140111127834 
gen 184 147710 252.0603304178442 6.296143113404242 222.328843692634 259.12577115807835 
gen 185 148510 251.63551256168597 6.467834524809175 222.328843692634 258.8377443826952 
gen 186 149310 251.47605678683803 6.415274645027677 222.328843692634 258.68776471610835 
gen 187 150110 251.2170473827752 6.3221338116519865 222.328843692634 258.43583654099945 
gen 188 150910 250.94564036105905 6.436159897140083 222.328843692634 258.04694486034714 
gen 189 151710 250.73441962329682 6.467372703068336 222.328843692634 257.83994291331953 
gen 190 152510 250.49084828874925 6.4195118615097195 222.328843692634 257.6341662739177 
gen 191 153310 250.27233346788142 6.41486812078189 222.328843692634 257.39876528749176 
gen 192 154110 250.01834301166306 6.508171603199524 222.328843692634 257.07087337291586 
gen 193 154910 249.7969122787899 6.514400971061305 222.328843692634 256.7893445235511 
gen 194 155710 249.5212938867315 6.570670910597676 222.328843692634 256.5730947320844 
gen 195 156510 249.2973050496752 6.553232540681615 222.328843692634 256.23256942485295 
gen 196 157310 249.08246418268692 6.531024975679948 222.328843692634 255.9464891880294 
gen 197 158110 248.60135524972648 6.5874664760964174 222.328843692634 255.57867888466131 
gen 198 158910 248.05131322534237 6.594988804333395 222.328843692634 255.57867888466131 
gen 199 159710 247.83443892322822 6.786534527695292 214.15580642130357 255.42036580551306 
gen 200 160510 247.47363507537682 6.816464935967851 214.15580642130357 254.99591258441663 
gen 201 161310 247.2115663313838 6.802089733314964 214.15580642130357 254.8038223473109 
gen 202 162120 246.65145945466872 7.159407762968083 211.97993418275126 254.3814483837113 
gen 203 162920 246.2231216447728 7.039119276236499 211.97993418275126 253.83581125886852 
gen 204 163720 245.91367145239957 6.917230111859131 211.97993418275126 253.45405646831207 
gen 205 164520 245.3506837361099 6.9063870876002 211.97993418275126 253.0594085306232 
gen 206 165320 244.80753389465397 6.9270282765929245 211.97993418275126 252.5720200424861 
gen 207 166120 244.52400174630048 6.874916629232121 211.97993418275126 252.36952644657842 
gen 208 166920 244.03541834401733 6.836140827062927 211.97993418275126 251.82384776077677 
gen 209 167720 243.82571959467583 6.73228109324346 211.97993418275126 251.39652637171724 
gen 210 168520 243.08921106429858 6.783631712637186 211.97993418275126 250.835843936486 
gen 211 169320 242.46815498048403 6.694716289124862 211.97993418275126 250.07187564604533 
gen 212 170120 241.82192191937023 6.643685589245437 211.97993418275126 249.3487567388796 
gen 213 170920 240.8728477194593 6.749904854150569 211.97993418275126 248.75431103437188 
gen 214 171720 240.1560202592904 6.676775964213401 211.97993418275126 248.03080538453688 
gen 215 172520 238.8423561914995 6.644039629118321 211.97993418275126 246.7297978722863 
gen 216 173320 237.23472407641492 6.710255575676055 198.85972571854305 245.32400260703054 
gen 217 174120 235.99470123380814 6.438610857036904 198.85972571854305 243.91962116427692 
gen 218 174920 234.30564492664425 6.691925207588213 198.85972571854305 242.23454260010024 
gen 219 175720 232.85432313337827 6.696248732750641 198.85972571854305 240.65016212086994 
gen 220 176520 231.3555627292507 6.806977537014877 198.85972571854305 239.2262174539024 
gen 221 177320 229.718542571515 6.739160558529579 198.85972571854305 237.21197566790104 
gen 222 178120 227.82470476111 6.656206364826363 198.85972571854305 235.43969005333656 
gen 223 178920 225.5865949819936 6.3812116758791175 198.85972571854305 233.1788155147613 
gen 224 179720 223.94063144054402 6.148143927464834 198.85972571854305 231.289209226553 
gen 225 180520 222.30401411981182 5.70038630892222 198.85972571854305 229.60084582287493 
gen 226 181320 221.032187905143 5.513089108900888 198.85972571854305 227.98073046850286 
gen 227 182120 219.92199655366264 5.08888798875536 198.85972571854305 226.41146498359404 
gen 228 182920 218.7581429676108 4.857092498200771 198.85972571854305 225.1115226590928 
gen 229 183720 217.47530352867295 4.654808452506265 196.48842855877928 223.48604354467375 
gen 230 184520 216.34418181747557 4.434949713171043 195.4378862801393 221.9778970314672 
gen 231 185320 215.2407682218698 4.066665196333728 195.4378862801393 220.49197940671587 
gen 232 186120 214.4910050303506 3.7987778363758262 195.4378862801393 219.1795305957478 
gen 233 186920 213.6672676423224 3.6802336413473955 195.4378862801393 218.09440703059892 
gen 234 187720 213.00088410731382 3.5272441679770297 195.4378862801393 217.24341891739297 
gen 235 188520 212.2211956582321 3.4803500735434234 195.4378862801393 216.22329680343833 
gen 236 189320 211.62096290363283 3.415468053881609 195.4378862801393 215.70162469774806 
gen 237 190120 211.14447663862416 3.448929814674825 195.4378862801393 215.076159883972 
gen 238 190920 210.62233026590184 3.556870824388826 190.27409304223056 214.22157269745367 
gen 239 191720 210.12922300142543 3.5637047966110718 190.27409304223056 213.77699722199014 
gen 240 192520 209.43965909075138 3.680897936078119 190.27409304223056 213.57026953340946 
gen 241 193320 208.9174618438718 3.6167829576065667 190.27409304223056 213.1643833041653 
gen 242 194120 208.37717551146764 3.517311079701036 190.27409304223056 212.3811272460714 
gen 243 194920 208.01833033394007 3.487323033408746 190.27409304223056 211.8750674053647 
gen 244 195720 207.6511300411408 3.525206038282316 190.27409304223056 211.33128853134411 
gen 245 196520 207.23239526261182 3.557532807021737 190.27409304223056 211.08771762206865 
gen 246 197320 206.85877373672704 3.526937821437864 190.27409304223056 210.87789068453927 
gen 247 198120 206.57641044710545 3.538123914470448 190.27409304223056 210.5928451838934 
gen 248 198920 206.20311099528763 3.5164741081305237 190.27409304223056 210.20757109084494 
gen 249 199720 205.81797608283927 3.4567663393792625 190.27409304223056 209.81145740701456 
gen 250 200520 205.52344057228984 3.341666257150329 190.27409304223056 209.38356765044605 
gen 251 201320 205.14509519042022 3.43275590259064 190.27409304223056 208.95567601573646 
gen 252 202120 204.85581843917524 3.4545285266443218 190.27409304223056 208.6667198567749 
gen 253 202920 204.69451574732167 3.4147389731396265 190.27409304223056 208.37420426440644 
gen 254 203720 204.39864119859348 3.361267830831296 190.27409304223056 208.1053453358677 
gen 255 204520 204.1357197141543 3.4056521178064556 190.27409304223056 207.87894249833093 
gen 256 205320 203.8262716474218 3.4831089023049406 188.48086116818575 207.5627116229766 
gen 257 206120 203.60795511706968 3.5497426464095123 188.48086116818575 207.3282812590771 
gen 258 206920 203.41203438490646 3.4653192570233045 188.48086116818575 206.89353074448587 
gen 259 207720 203.21692692417346 3.4206383079947296 188.48086116818575 206.70036813205593 
gen 260 208520 202.86203025084208 3.4626548208223604 188.48086116818575 206.40734586869237 
gen 261 209320 202.60081208891904 3.3946366782819486 188.48086116818575 206.20709865942285 
gen 262 210130 202.47645382684897 3.3427374884597483 188.02359449723662 205.97433801782125 
gen 263 210930 202.22062747887878 3.2959173438423863 188.02359449723662 205.7238711767775 
gen 264 211730 201.93872817068453 3.328710083988186 188.0195132655486 205.4782349930702 
gen 265 212530 201.73635353799764 3.349365056860636 188.0195132655486 205.26813733951332 
gen 266 213330 201.56959039699098 3.3903820583498554 188.0195132655486 205.15690149222692 
gen 267 214130 201.35464829317797 3.342571145186412 188.0195132655486 204.82166800588126 
gen 268 214930 201.17646738397872 3.2979620990391196 188.0195132655486 204.70944397168932 
gen 269 215730 200.94403676597148 3.25605267514469 188.0195132655486 204.53396132414989 
gen 270 216530 200.7035504454414 3.3281604113410093 188.0195132655486 204.35804954411026 
gen 271 217330 200.37961782556314 3.361619250852735 186.4128405347745 204.07524173922465 
gen 272 218130 200.00702181383073 3.317836438338361 186.4128405347745 203.7994973863725 
gen 273 218930 199.60540738559553 3.380539419682379 186.4128405347745 203.45054377519423 
gen 274 219730 199.26985852697595 3.398914592705423 186.4128405347745 203.2502042794898 
gen 275 220530 198.95426255416294 3.4580989036479637 186.4128405347745 203.00328689558674 
gen 276 221330 198.59224898880612 3.44524549510597 186.4128405347745 202.69454121178757 
gen 277 222130 198.28972967313072 3.420670343512746 186.4128405347745 202.37750922462624 
gen 278 222930 198.0858734493203 3.384045782356318 186.4128405347745 202.14758060719277 
gen 279 223730 197.67683692516823 3.3775733556180003 186.4128405347745 201.8195230133435 
gen 280 224530 197.3332679013768 3.313814101549272 186.4128405347745 201.3412096221691 
gen 281 225330 197.03403249766845 3.204287921373057 186.4128405347745 201.1289315639505 
gen 282 226130 196.672614042579 3.118992113985561 186.4128405347745 200.7155588356656 
gen 283 226940 196.09026056296352 3.111745476586076 183.73491788709384 199.84590369074553 
gen 284 227740 195.54264027907342 2.9868876594146627 183.73491788709384 199.2774446661809 
gen 285 228540 194.93707803648206 2.8447518516576413 183.73491788709384 198.33231308679228 
gen 286 229340 194.28574105378888 2.755606308111298 183.73491788709384 197.24258110208746 
gen 287 230140 193.43465965278855 2.7083304216132724 181.32616714415286 196.8108850099086 
gen 288 230940 192.56930708508793 2.5329049847105782 181.32616714415286 195.8898392643114 
gen 289 231740 191.48190682128973 2.255290364268882 181.32616714415286 194.6265120036432 
gen 290 232540 190.52104925626455 2.1856321683811943 181.32616714415286 193.0921739435322 
gen 291 233340 189.90927890497863 2.037966206125264 181.32616714415286 191.8479450623668 
gen 292 234140 189.13642172297267 2.247851547956407 179.85924818827647 190.88663067416297 
gen 293 234940 188.50812658142462 2.3196385343015438 179.85924818827647 190.88663067416297 
gen 294 235740 187.7877596606682 2.1835482459243534 179.85924818827647 190.77116414738452 
gen 295 236540 187.01401708559172 1.9629008051292651 179.85924818827647 189.84294987999715 
gen 296 237340 186.42342355977763 1.7211988967498546 179.85924818827647 188.7373118160789 
gen 297 238140 185.90237163332887 1.6535001509826517 179.85924818827647 187.88787756349237 
gen 298 238940 185.37772991919775 1.6632770796181668 179.26061488812053 186.98949246685677 
gen 299 239740 185.02181423194045 1.681196009723104 179.26061488812053 186.77438537399252 
gen 300 240540 184.57210670877947 1.6590690398374717 179.26061488812053 186.31989848346026 
gen 301 241340 184.10444807917426 1.6924881275455426 179.26061488812053 186.08054826026083 
gen 302 242140 183.77136394320962 1.6394184424607072 178.7118364204601 185.76037555503322 
gen 303 242940 183.32202178068616 1.549461350207299 178.7118364204601 185.51440742249977 
gen 304 243740 182.90608942770095 1.39698679466608 178.03277111285712 184.8627561244565 
gen 305 244540 182.46483488405553 1.2021384099044796 178.03277111285712 184.34614411194048 
gen 306 245340 182.18254956420475 1.127749790984957 178.03277111285712 183.6339220303789 
gen 307 246140 181.83987371353862 0.9934280371041146 178.03277111285712 183.5142398495878 
gen 308 246940 181.56913851194426 0.9672975967484339 177.72323951608095 182.2044879128773 
gen 309 247740 181.4282844948979 1.0077697998854491 177.72323951608095 182.2044879128773 
gen 310 248540 181.21421703214222 1.0458993834599457 177.72323951608095 182.2044879128773 
gen 311 249340 180.93233358268938 1.0278223187590638 177.72323951608095 182.2044879128773 
gen 312 250140 180.71134566203528 0.9832442247912607 177.72323951608095 182.03229612530427 
gen 313 250940 180.47775742719583 0.9307296617339481 177.72323951608095 181.6767160603753 
gen 314 251740 180.22796246838567 0.8485922738615344 177.1229278455695 181.6767160603753 
gen 315 252540 180.0267935548789 0.7587175499309428 177.1229278455695 181.32336783456273 
gen 316 253340 179.8477570409653 0.7079418967603521 176.40330303849555 180.92024979302454 
gen 317 254140 179.63246337948686 0.5835994643329597 176.40330303849555 180.46299604479614 
gen 318 254940 179.5327981201773 0.6067574996734088 176.40330303849555 179.85924818827647 
gen 319 255740 179.46795080156969 0.6370043017180801 176.40330303849555 179.85924818827647 
gen 320 256540 179.39648781919618 0.6546266553448781 176.40330303849555 179.85924818827647 
gen 321 257340 179.27447624357478 0.6740811875685464 176.40330303849555 179.85924818827647 
gen 322 258140 179.13123869811633 0.6651198574522696 176.40330303849555 179.85924818827647 
gen 323 258940 179.00007936241556 0.6049449440143172 176.40330303849555 179.85924818827647 
gen 324 259740 178.79008380360466 0.543008768259598 176.40330303849555 179.3127860296835 
gen 325 260540 178.64924674580513 0.5186553142006146 176.40330303849555 179.26061488812053 
gen 326 261340 178.43543851177756 0.5243824375383185 176.40330303849555 178.7118364204601 
gen 327 262140 178.26186151640272 0.6438553898254694 176.40330303849555 178.7118364204601 
gen 328 262940 177.98215456446377 0.7143490322550845 176.40330303849555 178.7118364204601 
gen 329 263740 177.46355927573643 0.5370455757041415 176.40330303849555 178.62706944774635 
gen 330 264540 177.1162400607753 0.0671228765098417 176.40330303849555 177.1229278455695 
gen 331 265340 177.1162400607753 0.0671228765098417 176.40330303849555 177.1229278455695 
gen 332 266140 177.1162400607753 0.0671228765098417 176.40330303849555 177.1229278455695 
gen 333 266940 177.1162400607753 0.0671228765098417 176.40330303849555 177.1229278455695 
gen 334 267740 177.1162400607753 0.0671228765098417 176.40330303849555 177.1229278455695 
gen 335 268540 177.1162400607753 0.0671228765098417 176.40330303849555 177.1229278455695 
gen 336 269340 177.1162400607753 0.0671228765098417 176.40330303849555 177.1229278455695 
gen 337 270140 177.1162400607753 0.0671228765098417 176.40330303849555 177.1229278455695 
gen 338 270940 177.1162400607753 0.0671228765098417 176.40330303849555 177.1229278455695 
gen 339 271740 177.11494946203416 0.07178307918172154 176.40330303849555 177.1229278455695 
gen 340 272540 177.11494946203416 0.07178307918172154 176.40330303849555 177.1229278455695 
gen 341 273340 177.11494946203416 0.07178307918172154 176.40330303849555 177.1229278455695 
gen 342 274140 177.11494946203416 0.07178307918172154 176.40330303849555 177.1229278455695 
gen 343 274940 177.11494946203416 0.07178307918172154 176.40330303849555 177.1229278455695 
gen 344 275740 177.11494946203416 0.07178307918172154 176.40330303849555 177.1229278455695 
gen 345 276540 177.11236826455192 0.08023388559613356 176.40330303849555 177.1229278455695 
gen 346 277340 177.11056920253424 0.08769774654367035 176.40330303849555 177.1229278455695 
gen 347 278140 177.10697107849882 0.10088761919059143 176.40330303849555 177.1229278455695 
gen 348 278940 177.10568047975772 0.10393130682371272 176.40330303849555 177.1229278455695 
gen 349 279740 177.10388141774004 0.1096862407499582 176.40330303849555 177.1229278455695 
gen 350 280540 177.10388141774004 0.1096862407499582 176.40330303849555 177.1229278455695 
[9, 11, 2, 1, 15, 14, 4, 19, 10, 12, 13, 3, 16, 18, 5, 7, 6, 17, 0, 8, 14, 7, 11, 0, 18, 1, 3, 6, 15, 4, 10, 17, 8, 13, 12, 5, 19, 2, 16, 9, 10, 9, 3, 6, 11, 17, 19, 4, 8, 14, 12, 7, 18, 15, 16, 1, 5, 2, 0, 13, 3, 12, 17, 13, 7, 1, 18, 9, 5, 8, 4, 2, 6, 14, 19, 10, 11, 16, 15, 0, 8, 5, 7, 4, 14, 11, 15, 10, 3, 12, 1, 0, 19, 9, 16, 13, 18, 6, 2, 17, 1, 19, 17, 18, 2, 5, 10, 6, 12, 8, 0, 16, 7, 4, 14, 11, 3, 9, 15, 13, 16, 2, 13, 4, 15, 3, 14, 11, 12, 18, 17, 1, 9, 7, 5, 10, 0, 8, 19, 6, 14, 9, 4, 13, 3, 18, 17, 11, 1, 0, 2, 6, 8, 16, 7, 5, 15, 10, 19, 12, 19, 16, 17, 13, 14, 7, 15, 1, 6, 4, 8, 9, 3, 5, 11, 18, 0, 10, 2, 12, 17, 6, 9, 8, 4, 11, 16, 10, 2, 19, 18, 7, 12, 13, 14, 15, 1, 3, 0, 5, 3, 6, 2, 9, 10, 13, 14, 15, 8, 1, 17, 11, 7, 12, 16, 0, 5, 4, 18, 19, 18, 12, 6, 11, 8, 3, 10, 15, 13, 4, 19, 5, 14, 9, 7, 16, 0, 1, 17, 2, 5, 0, 1, 14, 7, 12, 18, 3, 4, 19, 16, 10, 8, 2, 11, 15, 9, 6, 13, 17, 14, 13, 17, 16, 10, 12, 19, 15, 8, 7, 5, 1, 2, 0, 9, 6, 3, 4, 11, 18, 10, 14, 13, 19, 15, 6, 17, 16, 7, 9, 2, 3, 11, 1, 5, 0, 8, 18, 4, 12, 4, 17, 12, 19, 8, 0, 16, 10, 3, 6, 18, 5, 9, 15, 7, 2, 11, 13, 14, 1, 9, 0, 6, 1, 5, 7, 16, 11, 12, 17, 2, 4, 3, 8, 13, 19, 10, 14, 18, 15, 8, 4, 3, 12, 5, 17, 6, 1, 10, 13, 11, 18, 16, 14, 15, 2, 19, 9, 7, 0, 15, 12, 8, 5, 16, 1, 3, 18, 0, 11, 6, 9, 4, 17, 7, 19, 10, 14, 13, 2, 12, 3, 17, 13, 18, 15, 2, 1, 8, 14, 4, 19, 10, 7, 16, 11, 0, 9, 6, 5]
min  176.40330303849555
NFE 280540
LSNFE 140
VLSNFE 18
runTime 1235.933699131012
