gen 0 400 400000000000466.56 1959591794226447.5 360.32799371270426 1e+16 
gen 1 1200 440.5967594121949 22.155693417813684 360.32799371270426 469.4814986213376 
gen 2 2000 423.24819897010093 19.24343529367406 352.3424438752392 447.6813749310338 
gen 3 2800 408.01030715216126 17.827557305607343 340.2420876591875 430.34396527023017 
gen 4 3620 397.61233921469875 16.86848609474542 322.46111352952636 417.0780285122248 
gen 5 4420 390.69898263365934 15.514456847778046 322.46111352952636 408.18084965729116 
gen 6 5220 384.77819350033343 15.274190480669166 318.49448635085963 402.71650498216667 
gen 7 6020 378.4731018048375 15.120008462243872 318.49448635085963 396.61699134178974 
gen 8 6820 373.37643897021405 14.536997913549335 318.49448635085963 390.4414375611343 
gen 9 7620 368.7702030141683 14.581695095061356 316.84644187162627 385.3200064575448 
gen 10 8420 365.0217978972911 14.29122036032849 316.84644187162627 380.92941436595675 
gen 11 9220 362.4146066867342 13.429285542422756 316.84644187162627 377.6522720671968 
gen 12 10020 359.0337262831037 12.881311285054197 313.50059113002294 374.1450844373285 
gen 13 10820 356.3375784894056 12.971476957246061 312.359067291072 371.30190988628243 
gen 14 11620 353.4277283837025 12.89083856365969 306.00613936713813 368.32305619221205 
gen 15 12420 350.5259352033351 12.806668274278291 305.3014577571067 364.98356644558686 
gen 16 13220 348.4897750905344 12.63678057496568 305.3014577571067 362.508121159884 
gen 17 14040 346.8632416685488 12.466108344660514 281.67056715924537 360.5770248685697 
gen 18 14840 345.5203345144514 12.158444129128961 281.67056715924537 359.25065369048326 
gen 19 15640 343.4506846183636 11.647875273557068 281.67056715924537 357.2806180657824 
gen 20 16440 341.35799605838764 11.019530128290869 281.67056715924537 354.31995767373314 
gen 21 17240 339.5395690232799 11.230494798469431 281.67056715924537 352.20796235082116 
gen 22 18060 338.40651318900217 10.886082922584265 276.518407555189 350.7334267764684 
gen 23 18860 336.7831181636473 10.67743306974441 276.518407555189 348.83576408690163 
gen 24 19660 334.91548569539873 11.086806509112344 276.518407555189 347.5808551646862 
gen 25 20460 333.2098319155673 11.02933577501902 276.518407555189 345.19211370493105 
gen 26 21260 331.15619975795454 10.969890022391152 276.518407555189 343.4853762218599 
gen 27 22060 329.6799624640428 11.364659288422757 267.37007520828274 342.1200717310201 
gen 28 22860 328.6665451457931 11.093107732868734 267.37007520828274 340.2595448715731 
gen 29 23660 327.5422060627483 11.047483418058066 267.37007520828274 339.1114715107549 
gen 30 24460 325.8852461522481 11.004375278750029 267.37007520828274 337.4655303862042 
gen 31 25260 324.0421353419247 11.346501620655358 267.37007520828274 336.1100527656875 
gen 32 26060 322.5745137822585 11.081961248804134 267.37007520828274 334.485465048365 
gen 33 26860 320.8626070633351 10.847625641324903 267.37007520828274 332.8430626094435 
gen 34 27660 319.53119326231155 10.814137534333272 267.37007520828274 331.604256982416 
gen 35 28460 317.8360266548079 10.988888055469985 267.37007520828274 329.6791111850648 
gen 36 29260 316.4876570495233 11.207148879563794 267.37007520828274 328.6935003265251 
gen 37 30060 314.8631617927174 11.290918634036515 267.37007520828274 327.28283721588343 
gen 38 30860 313.65643804841136 11.342886577325213 267.37007520828274 326.38865466417116 
gen 39 31670 312.299475262307 11.322552464587664 267.35791506812575 324.80178352296684 
gen 40 32470 310.77850133671416 11.084580867787444 267.35791506812575 323.49997531341637 
gen 41 33280 309.6865699049789 11.206111286719846 254.10955550966386 322.46111352952636 
gen 42 34080 308.41326550471354 11.154909586444244 254.10955550966386 321.16691986084743 
gen 43 34880 307.292240507683 11.091458397867651 254.10955550966386 320.18664724579423 
gen 44 35690 306.1138801538763 10.883366367637667 249.90245282672262 318.60127968091257 
gen 45 36490 305.2675330361133 10.586483906484412 249.90245282672262 317.77932278378677 
gen 46 37290 303.7802947065474 10.401916466282476 249.90245282672262 316.24162585695956 
gen 47 38090 302.47376805622196 10.442785393859268 249.90245282672262 315.05177549459745 
gen 48 38890 301.21255431253667 10.542390009706008 249.90245282672262 313.25478209016296 
gen 49 39690 300.1843360759988 10.673141382956008 249.90245282672262 312.16499661870654 
gen 50 40490 299.36117193320234 10.570564385303909 249.90245282672262 311.1461834103568 
gen 51 41290 298.54395190474344 10.518466147766372 249.90245282672262 310.2536056828439 
gen 52 42090 297.7066764191252 10.374594989696778 249.90245282672262 309.4167341676755 
gen 53 42890 296.8097388072777 10.382099893073088 249.90245282672262 308.1495077963941 
gen 54 43690 295.8722297415383 10.575557250379191 249.90245282672262 307.3893191045335 
gen 55 44500 294.72644446655744 10.69026310865508 244.38104942500524 306.56153205198484 
gen 56 45300 294.45109932201655 10.520962891314271 244.38104942500524 306.1227608112327 
gen 57 46100 293.65703962753787 10.405521583371081 244.38104942500524 305.34341509959194 
gen 58 46900 292.8147716614824 10.268987346951413 244.38104942500524 304.34929544621855 
gen 59 47700 292.282193544754 10.219136144376444 244.38104942500524 303.82795598298674 
gen 60 48500 291.2407059107874 10.097858920223592 244.38104942500524 302.71994074498775 
gen 61 49300 290.3834794598833 9.956351769590604 244.38104942500524 301.8037105289722 
gen 62 50100 289.4952982257882 9.894927945044538 244.38104942500524 301.09380400792486 
gen 63 50900 288.69897925713053 9.777735058566622 244.38104942500524 300.29765309851706 
gen 64 51700 287.7791655532748 9.494270637221256 244.38104942500524 299.38318420005373 
gen 65 52500 286.7552707015394 9.644300246772875 242.14789161659635 297.9135116837524 
gen 66 53310 286.25886305160674 9.527676119708955 238.2155588130502 297.12034483423554 
gen 67 54110 285.5908741497519 9.1537212758493 238.2155588130502 296.3354837334963 
gen 68 54910 284.9008134774389 9.246276536233058 238.2155588130502 295.49389864898814 
gen 69 55710 284.43521309844897 9.091636119594533 238.2155588130502 294.86751337631154 
gen 70 56510 283.87625957779767 8.967887843390677 238.2155588130502 294.0186424830951 
gen 71 57310 283.10819426023164 8.936222283366606 238.2155588130502 293.0003361515599 
gen 72 58110 282.3380474115409 9.022416054515288 238.2155588130502 292.1118956486962 
gen 73 58910 281.77852323039116 8.906735897708765 238.2155588130502 291.4703961365848 
gen 74 59710 281.05763710968137 8.980277771676453 238.2155588130502 290.8662661642148 
gen 75 60510 280.3023436714183 8.977543211922047 238.2155588130502 290.2110345221554 
gen 76 61310 279.84195231673243 9.065497668128835 238.2155588130502 289.7984901185961 
gen 77 62110 279.3334020629033 8.892841920589637 238.2155588130502 289.06850229817275 
gen 78 62910 278.82309330514596 8.841306461763708 238.2155588130502 288.73659785659584 
gen 79 63710 278.0309489462897 9.03519168833531 238.2155588130502 288.01141113854925 
gen 80 64510 277.14929972159456 9.446233176664972 233.41628048489565 286.9667595464601 
gen 81 65310 276.06574491425977 9.54367247039443 233.41628048489565 286.2824184037296 
gen 82 66110 275.49602897382726 9.489202174553986 233.41628048489565 285.75909108502003 
gen 83 66910 274.5214244082347 9.321361353347118 233.41628048489565 284.7077775218601 
gen 84 67710 273.77672118541193 9.140341511625381 233.41628048489565 283.70902442212224 
gen 85 68510 272.764475462435 9.146308578158665 233.41628048489565 282.79188284741707 
gen 86 69310 271.9608496050191 9.154494397085218 233.41628048489565 281.74813348011406 
gen 87 70110 271.2759712053377 8.951898267020285 233.41628048489565 281.0828637592843 
gen 88 70910 270.3038470234224 8.71639051378149 233.41628048489565 280.06414415800845 
gen 89 71710 269.7490574174912 8.471347303847185 233.41628048489565 279.37368782326143 
gen 90 72510 268.70592438523363 8.428268616516188 233.41628048489565 278.31499205558197 
gen 91 73310 267.98834891846013 8.233454852493422 233.41628048489565 277.26683571167956 
gen 92 74110 266.9043466843813 8.199893216369809 233.41628048489565 276.27873099715913 
gen 93 74910 266.4830632737481 8.04269654854097 233.41628048489565 275.8710931676289 
gen 94 75710 265.81437710437683 7.8252767199298106 233.41628048489565 274.66867381228576 
gen 95 76510 265.232765611947 7.667996912260583 233.41628048489565 273.98526568612556 
gen 96 77310 264.5223816526603 7.640381875477537 233.41628048489565 273.36967105797714 
gen 97 78110 263.6133624062581 7.521522126239554 233.41628048489565 272.45655444163816 
gen 98 78910 262.8103217583914 7.553903393353468 233.41628048489565 271.6970545987952 
gen 99 79710 261.9212476823442 7.414475349662493 233.41628048489565 270.67338512554164 
gen 100 80510 261.1751353296554 7.215606695264864 233.41628048489565 269.59543534275605 
gen 101 81310 260.2999389209506 7.1665995736708865 233.41628048489565 268.62851980917543 
gen 102 82110 259.84081184960445 7.048254230897493 233.41628048489565 267.96917130399856 
gen 103 82910 258.9492157456702 7.154345509767296 233.41628048489565 267.191203360398 
gen 104 83710 258.17285702709245 7.131388647771259 233.41628048489565 266.56880336233434 
gen 105 84510 257.7014315221069 6.925155431727368 233.41628048489565 265.7769413901435 
gen 106 85310 256.61978255926937 6.912525019942898 231.36731658834023 264.8314817395547 
gen 107 86110 255.82253533591287 7.265266321820682 217.97125904940495 264.09799474380856 
gen 108 86910 255.41404692153657 7.098002935290574 217.97125904940495 263.5304463831912 
gen 109 87710 254.71225851717787 6.992725301019163 217.97125904940495 262.4580789664873 
gen 110 88510 254.39044045443862 6.840945530624526 217.97125904940495 261.97342561067035 
gen 111 89310 253.779200780009 6.744689206186837 217.97125904940495 261.3987723624334 
gen 112 90110 253.12948183625107 6.787831357926724 217.97125904940495 260.8467433032102 
gen 113 90910 252.65091587559903 6.719667417128677 217.97125904940495 260.23181197783356 
gen 114 91710 252.28668185770556 6.585079308298548 217.97125904940495 259.64195974075363 
gen 115 92510 251.66857285595114 6.473413091474712 217.97125904940495 259.04700286215683 
gen 116 93310 250.88521275931748 6.4616374217188515 217.97125904940495 258.3837369795749 
gen 117 94110 250.3706431979165 6.400882021194714 217.97125904940495 257.9177027574218 
gen 118 94910 249.76821597169445 6.602391839996693 217.97125904940495 257.5090331845142 
gen 119 95710 249.21045793961332 6.575915101208534 217.97125904940495 256.98788934398567 
gen 120 96510 248.52391062745673 6.32746254709799 217.97125904940495 256.0500280818215 
gen 121 97310 247.93252402017518 6.337358616529571 217.97125904940495 255.28048038375377 
gen 122 98110 247.34342142486784 6.46983948922117 217.97125904940495 254.66535996329887 
gen 123 98910 246.75342987876172 6.465188905895241 217.935929375609 254.11823053004065 
gen 124 99710 246.02110234973262 6.658054156367795 217.935929375609 253.5656253458805 
gen 125 100510 245.53599571792785 6.613768050287927 217.935929375609 253.10364126164757 
gen 126 101310 245.03602499858542 6.522914485335905 217.935929375609 252.5108444301723 
gen 127 102110 244.186548723052 6.508259820424292 217.935929375609 251.70056622210183 
gen 128 102910 243.5938040537991 6.402308147419181 217.935929375609 251.07358325352666 
gen 129 103710 243.0022656376077 6.463468027579734 217.935929375609 250.36640174356978 
gen 130 104510 242.4118929838401 6.423375632733748 217.935929375609 249.6230375205189 
gen 131 105310 241.5994750238876 6.42911343147256 216.12562764909256 248.79694813132517 
gen 132 106110 241.02528092240783 6.383679943620307 216.12562764909256 248.25679768695673 
gen 133 106910 240.5397945935461 6.334269199072287 216.12562764909256 247.77408322000733 
gen 134 107710 239.93469629978412 6.191201230982321 216.12562764909256 246.93273434782722 
gen 135 108510 239.1725007888046 6.302471236338608 216.12562764909256 246.32787777141024 
gen 136 109310 238.6540571382011 6.275118284994266 216.12562764909256 245.7719848603142 
gen 137 110110 237.76777312704633 6.189192459171509 216.12562764909256 244.8824825084982 
gen 138 110910 236.9429596058162 5.892744383442129 216.12562764909256 243.61329186597504 
gen 139 111710 236.13891316069734 5.970759958845476 205.6283743264289 242.88484366515954 
gen 140 112510 235.33970271454638 5.966841284472289 205.6283743264289 242.0673662333193 
gen 141 113310 234.42830756291093 5.809576821157144 205.6283743264289 241.2693469377033 
gen 142 114110 233.5244945608948 5.543249794441868 205.6283743264289 240.19537297553708 
gen 143 114910 232.31185266014768 5.406086599243812 205.6283743264289 238.8644098718604 
gen 144 115710 230.8257953706592 5.303260657506479 205.6283743264289 237.11158341123436 
gen 145 116510 229.88396769438572 5.189170769372616 205.6283743264289 236.12386728429377 
gen 146 117310 229.17379305836153 4.963207170432518 205.6283743264289 235.07199989180748 
gen 147 118110 228.3328896266872 4.871666788605108 205.6283743264289 233.91153327080647 
gen 148 118910 227.65035850703964 4.818530753151397 205.6283743264289 233.17131515336663 
gen 149 119710 226.65501450072125 4.879746037431029 205.6283743264289 232.37910746265078 
gen 150 120510 225.62876489012953 4.723836262760395 205.6283743264289 231.28609440982447 
gen 151 121310 225.0386124317231 4.672511596910331 203.5943093843433 230.65016702453377 
gen 152 122110 224.27441177184758 4.669805099018351 203.5943093843433 229.80180854239853 
gen 153 122910 223.55657904731692 4.597948036802749 203.5943093843433 228.9489789622277 
gen 154 123710 222.9800221219483 4.460926066246639 203.5943093843433 228.2736545629909 
gen 155 124510 222.33236714666472 4.31412138133602 203.5943093843433 227.6629724120287 
gen 156 125310 221.6614739876127 4.3259401051377475 203.5943093843433 226.7256674681049 
gen 157 126110 221.21627969212597 4.183228279299335 203.5943093843433 225.9842553522095 
gen 158 126910 220.47722774895286 4.316258511676988 201.73358237089644 225.25621491346536 
gen 159 127710 219.81478488125032 4.405497529423824 201.73358237089644 224.81744377362145 
gen 160 128510 219.3521150320846 4.34020431153924 201.73358237089644 224.2863995720458 
gen 161 129310 218.87671701304228 4.440975174313707 195.7675722396979 223.74047018197675 
gen 162 130110 218.28433464490757 4.304182729584266 195.7675722396979 223.1442226011202 
gen 163 130910 217.9044118288456 4.216142882349852 195.7675722396979 222.51533539290784 
gen 164 131710 217.42230018291914 4.171984177204047 195.7675722396979 222.02758660549895 
gen 165 132510 216.7602378229304 4.203665610087204 195.7675722396979 221.57398316832248 
gen 166 133310 216.49787771291045 4.116780900278808 195.7675722396979 221.2181333449298 
gen 167 134110 215.9606587834345 4.146757587212318 195.7675722396979 220.57356049249282 
gen 168 134910 215.48311091611123 4.160562620840225 195.7675722396979 220.18395933815037 
gen 169 135710 215.25265478084827 4.066886920159823 195.7675722396979 219.8276169829862 
gen 170 136510 214.81013639586317 4.095975632248048 195.7675722396979 219.36951466026207 
gen 171 137330 214.35810890288337 4.022213203709889 192.70648447522566 218.95304531190618 
gen 172 138130 213.95505323273247 4.132556695797598 192.70648447522566 218.6079015013034 
gen 173 138930 213.41284963581296 4.18740655958464 192.70648447522566 218.09162429025127 
gen 174 139730 212.90459657486798 4.2617748471405115 192.70648447522566 217.65042556865802 
gen 175 140530 212.42233616153183 4.220054633738326 192.70648447522566 217.09502713557822 
gen 176 141330 212.14539382993394 4.251819859005212 192.70648447522566 216.79653484012132 
gen 177 142130 211.8420191222206 4.241023578802552 192.70648447522566 216.3897346470603 
gen 178 142930 211.47097117392354 4.265018090418331 192.70648447522566 216.00658953283178 
gen 179 143730 211.18544512491087 4.18701171345316 192.70648447522566 215.6723006562499 
gen 180 144530 210.87184654526854 4.161182201089699 192.70648447522566 215.36560760669067 
gen 181 145330 210.52999185947974 4.129645975601917 192.70648447522566 214.88719922665737 
gen 182 146130 210.1715987432625 4.101396403184796 192.70648447522566 214.60604225740457 
gen 183 146930 209.97970669895088 4.012816480189209 192.70648447522566 214.4286862017771 
gen 184 147730 209.65757100147275 4.099832850900957 191.65760879547298 214.15153533211128 
gen 185 148530 209.34847691866278 4.0612503392363495 191.65760879547298 213.76451691240362 
gen 186 149330 208.81653030365408 4.076318809304203 191.65760879547298 213.34793843980037 
gen 187 150130 208.42155108910876 3.9682339319105955 191.65760879547298 212.74220555829152 
gen 188 150930 208.05591864834085 4.002603223278328 191.65760879547298 212.48406123597232 
gen 189 151730 207.61387076885097 3.8773219135788524 191.65760879547298 212.06132789465562 
gen 190 152530 207.28469830953122 3.822862467434015 191.65760879547298 211.5856170409059 
gen 191 153330 206.82835622443278 3.9432627607925843 190.44824571264513 211.30802031314974 
gen 192 154130 206.58195842448978 3.855379176346728 190.44824571264513 210.86037138136945 
gen 193 154930 206.22366546833342 3.903667277496243 190.44824571264513 210.57198327519916 
gen 194 155730 205.90759260674182 3.874104807941913 190.44824571264513 210.21563708322591 
gen 195 156530 205.50969451501885 3.7876795944308848 190.44824571264513 209.87013282016358 
gen 196 157330 205.16502857059416 3.7547376078381633 190.44824571264513 209.61028467358815 
gen 197 158130 204.89960075870593 3.675546212187314 190.44824571264513 209.29046331215866 
gen 198 158930 204.53536260941863 3.6129272248387423 190.44824571264513 208.93881457907045 
gen 199 159730 204.18159513431104 3.6387104027172694 190.44824571264513 208.63546030149206 
gen 200 160530 203.82615746119544 3.621454776750898 190.44824571264513 208.17792698270372 
gen 201 161330 203.56149613786172 3.5013930943516343 190.44824571264513 207.77072802858655 
gen 202 162130 203.30114586304575 3.436142365522164 190.44824571264513 207.32396572839613 
gen 203 162940 203.0062602282039 3.416109018324406 186.93790950676987 206.94411690497532 
gen 204 163740 202.80387715216992 3.3685338736954984 186.93790950676987 206.68346295828485 
gen 205 164540 202.5599789930121 3.3148010703980924 186.93790950676987 206.28470682202646 
gen 206 165340 202.21520472244936 3.278750795383649 186.93790950676987 205.86262490134897 
gen 207 166140 201.83708272527656 3.307854455698535 186.93790950676987 205.57789756901155 
gen 208 166940 201.52479243449875 3.3503778180764106 185.2638902839426 205.28918542980537 
gen 209 167740 201.11362536748857 3.2294086445312336 185.2638902839426 204.73961417506945 
gen 210 168540 200.58640741067677 3.334296448590023 181.22174653525252 204.31157972099777 
gen 211 169340 200.34645239234737 3.290044856966116 181.22174653525252 204.09951675078923 
gen 212 170140 199.9387043946665 3.24446064371838 181.22174653525252 203.67335946299417 
gen 213 170940 199.71732663644303 3.14232859469622 181.22174653525252 203.37376311749762 
gen 214 171740 199.38465353996006 3.0568503920363965 181.22174653525252 203.0196452397231 
gen 215 172540 198.85485430513197 3.131896106401286 181.22174653525252 202.51357069846932 
gen 216 173340 198.35890661655895 3.0974691792015654 181.22174653525252 202.0742061230278 
gen 217 174140 198.0380113415623 2.9711823570298246 181.22174653525252 201.48400962970882 
gen 218 174940 197.5494716805259 3.0231338906522245 181.22174653525252 201.15096117569172 
gen 219 175740 197.14583902384277 3.026251548099957 181.22174653525252 200.6709283171082 
gen 220 176540 196.5650961861874 2.9544346845768383 181.22174653525252 200.0167286010488 
gen 221 177340 196.11541734133013 2.763415267251871 181.22174653525252 199.47722038474208 
gen 222 178140 195.72898301102018 2.6850833446330244 181.22174653525252 198.95532321034935 
gen 223 178940 195.28616675685248 2.6641333303639856 181.22174653525252 198.30875771641587 
gen 224 179740 194.84937835689007 2.685355167856753 181.22174653525252 197.89149989252965 
gen 225 180540 194.29192925733497 2.6412957889824686 181.22174653525252 197.43610852763723 
gen 226 181340 193.8340431006862 2.569891604641706 181.22174653525252 196.76808078913757 
gen 227 182140 193.2112673452713 2.5689269793663323 181.22174653525252 196.01952533724878 
gen 228 182940 192.7372088966723 2.5830204355715196 181.22174653525252 195.67712740764298 
gen 229 183740 192.1923570321456 2.4450127552967564 181.22174653525252 195.1427931778804 
gen 230 184540 191.79309350577788 2.4267508242387956 181.22174653525252 194.59741352982286 
gen 231 185340 191.26841754139062 2.411934538390538 181.22174653525252 194.07881816860342 
gen 232 186140 190.79674745714482 2.469130395562956 181.22174653525252 193.62988236594106 
gen 233 186940 190.34341724789877 2.4354915553843903 181.22174653525252 193.07745144899482 
gen 234 187740 189.73808285090098 2.4591273463900953 180.5426572646087 192.5211717148387 
gen 235 188540 189.18705762092526 2.342919963042073 180.5426572646087 191.98554017006563 
gen 236 189340 188.70843423071835 2.240121056324966 180.5426572646087 191.4437058264077 
gen 237 190140 188.3260413431003 2.0491877285449824 180.5426572646087 190.90317573702822 
gen 238 190940 187.8824242798893 2.0076298759245668 180.5426572646087 190.38060938701835 
gen 239 191740 187.38827541110214 2.0126429472593013 180.36338071751132 189.67742991166466 
gen 240 192540 186.8631938474507 1.9693979406011843 180.05660492139137 189.0651894736725 
gen 241 193340 186.33423358909693 1.9080363751733755 180.05660492139137 188.56862066025064 
gen 242 194140 185.86920866214408 1.848721893107329 180.05660492139137 188.11297306275642 
gen 243 194940 185.37121566108328 1.7724770620896897 179.40914025421378 187.67893845957587 
gen 244 195740 184.88386834638982 1.6603682269942135 178.1990333979846 186.9869996722825 
gen 245 196540 184.47011855512682 1.546738855193045 178.1990333979846 186.44174025814306 
gen 246 197340 183.94004464257623 1.452349890325935 178.1990333979846 185.6048186673518 
gen 247 198140 183.4801199858616 1.429728059316585 177.4156558150661 185.14841456294374 
gen 248 198940 183.09388910652444 1.404629133353481 177.4156558150661 184.53575661295105 
gen 249 199740 182.72188200705645 1.4115482119642322 177.4156558150661 184.40657320199043 
gen 250 200540 182.26996981741675 1.304998587996423 177.4156558150661 183.8459336339855 
gen 251 201340 181.87287101990643 1.2360825455503586 177.4156558150661 183.37838866753478 
gen 252 202140 181.5528501288652 1.2032540937187315 177.1606438906893 183.01688935775732 
gen 253 202940 181.12992463516383 1.1448516452003545 177.1606438906893 182.65380708833231 
gen 254 203740 180.8558453678488 1.073449964584386 177.1606438906893 182.08846525943036 
gen 255 204540 180.52730751644688 1.0222976753763766 177.1606438906893 181.7938022843318 
gen 256 205340 180.2665278287851 0.9759082113851658 177.1606438906893 181.46554525186858 
gen 257 206140 180.04620344780588 0.8968682932485722 177.1606438906893 181.27614614202471 
gen 258 206940 179.80538268587938 0.8606008780863159 177.1606438906893 180.79664542088662 
gen 259 207740 179.56042706545313 0.8756855811771058 177.1606438906893 180.5426572646087 
gen 260 208540 179.28216236676212 0.8709210011606924 177.1606438906893 180.15452700287742 
gen 261 209340 179.05263905504728 0.8919886748901095 177.1606438906893 179.93785421390592 
gen 262 210140 178.8304285307895 0.9212847473682714 177.1606438906893 179.6634680738822 
gen 263 210940 178.54459281330267 0.9265016267976007 177.1606438906893 179.5659158211247 
gen 264 211740 178.0986928936185 0.7814890415157533 177.1606438906893 179.4598911873375 
gen 265 212540 177.69962712638574 0.5366718969109364 177.1606438906893 178.4964651141486 
gen 266 213340 177.33747343095692 0.2908773963097496 177.1606438906893 178.09029267769927 
gen 267 214140 177.16064389068927 2.842170943040401e-14 177.1606438906893 177.1606438906893 
gen 268 214940 177.16064389068927 2.842170943040401e-14 177.1606438906893 177.1606438906893 
gen 269 215740 177.16064389068927 2.842170943040401e-14 177.1606438906893 177.1606438906893 
gen 270 216540 177.16064389068927 2.842170943040401e-14 177.1606438906893 177.1606438906893 
gen 271 217340 177.16064389068927 2.842170943040401e-14 177.1606438906893 177.1606438906893 
gen 272 218140 177.16064389068927 2.842170943040401e-14 177.1606438906893 177.1606438906893 
gen 273 218940 177.16064389068927 2.842170943040401e-14 177.1606438906893 177.1606438906893 
gen 274 219740 177.16064389068927 2.842170943040401e-14 177.1606438906893 177.1606438906893 
gen 275 220540 177.16064389068927 2.842170943040401e-14 177.1606438906893 177.1606438906893 
gen 276 221340 177.16064389068927 2.842170943040401e-14 177.1606438906893 177.1606438906893 
gen 277 222140 177.16064389068927 2.842170943040401e-14 177.1606438906893 177.1606438906893 
gen 278 222940 177.16064389068927 2.842170943040401e-14 177.1606438906893 177.1606438906893 
gen 279 223740 177.16064389068927 2.842170943040401e-14 177.1606438906893 177.1606438906893 
gen 280 224540 177.16064389068927 2.842170943040401e-14 177.1606438906893 177.1606438906893 
gen 281 225340 177.16064389068927 2.842170943040401e-14 177.1606438906893 177.1606438906893 
gen 282 226140 177.16064389068927 2.842170943040401e-14 177.1606438906893 177.1606438906893 
gen 283 226940 177.16064389068927 2.842170943040401e-14 177.1606438906893 177.1606438906893 
gen 284 227740 177.16064389068927 2.842170943040401e-14 177.1606438906893 177.1606438906893 
gen 285 228540 177.16064389068927 2.842170943040401e-14 177.1606438906893 177.1606438906893 
gen 286 229340 177.16064389068927 2.842170943040401e-14 177.1606438906893 177.1606438906893 
gen 287 230140 177.16064389068927 2.842170943040401e-14 177.1606438906893 177.1606438906893 
gen 288 230940 177.16064389068927 2.842170943040401e-14 177.1606438906893 177.1606438906893 
gen 289 231740 177.16064389068927 2.842170943040401e-14 177.1606438906893 177.1606438906893 
gen 290 232540 177.16064389068927 2.842170943040401e-14 177.1606438906893 177.1606438906893 
gen 291 233340 177.16064389068927 2.842170943040401e-14 177.1606438906893 177.1606438906893 
gen 292 234140 177.16064389068927 2.842170943040401e-14 177.1606438906893 177.1606438906893 
gen 293 234940 177.16064389068927 2.842170943040401e-14 177.1606438906893 177.1606438906893 
gen 294 235740 177.16064389068927 2.842170943040401e-14 177.1606438906893 177.1606438906893 
gen 295 236540 177.16064389068927 2.842170943040401e-14 177.1606438906893 177.1606438906893 
gen 296 237340 177.16064389068927 2.842170943040401e-14 177.1606438906893 177.1606438906893 
gen 297 238140 177.16064389068927 2.842170943040401e-14 177.1606438906893 177.1606438906893 
gen 298 238940 177.16064389068927 2.842170943040401e-14 177.1606438906893 177.1606438906893 
gen 299 239740 177.16064389068927 2.842170943040401e-14 177.1606438906893 177.1606438906893 
gen 300 240540 177.16064389068927 2.842170943040401e-14 177.1606438906893 177.1606438906893 
gen 301 241340 177.16064389068927 2.842170943040401e-14 177.1606438906893 177.1606438906893 
gen 302 242140 177.16064389068927 2.842170943040401e-14 177.1606438906893 177.1606438906893 
gen 303 242940 177.16064389068927 2.842170943040401e-14 177.1606438906893 177.1606438906893 
gen 304 243740 177.16064389068927 2.842170943040401e-14 177.1606438906893 177.1606438906893 
gen 305 244540 177.16064389068927 2.842170943040401e-14 177.1606438906893 177.1606438906893 
gen 306 245340 177.16064389068927 2.842170943040401e-14 177.1606438906893 177.1606438906893 
gen 307 246140 177.16064389068927 2.842170943040401e-14 177.1606438906893 177.1606438906893 
gen 308 246940 177.16064389068927 2.842170943040401e-14 177.1606438906893 177.1606438906893 
gen 309 247740 177.16064389068927 2.842170943040401e-14 177.1606438906893 177.1606438906893 
gen 310 248540 177.16064389068927 2.842170943040401e-14 177.1606438906893 177.1606438906893 
gen 311 249340 177.16064389068927 2.842170943040401e-14 177.1606438906893 177.1606438906893 
gen 312 250140 177.16064389068927 2.842170943040401e-14 177.1606438906893 177.1606438906893 
gen 313 250940 177.16064389068927 2.842170943040401e-14 177.1606438906893 177.1606438906893 
gen 314 251740 177.16064389068927 2.842170943040401e-14 177.1606438906893 177.1606438906893 
gen 315 252540 177.16064389068927 2.842170943040401e-14 177.1606438906893 177.1606438906893 
gen 316 253340 177.16064389068927 2.842170943040401e-14 177.1606438906893 177.1606438906893 
gen 317 254140 177.16064389068927 2.842170943040401e-14 177.1606438906893 177.1606438906893 
gen 318 254940 177.16064389068927 2.842170943040401e-14 177.1606438906893 177.1606438906893 
gen 319 255740 177.16064389068927 2.842170943040401e-14 177.1606438906893 177.1606438906893 
gen 320 256540 177.16064389068927 2.842170943040401e-14 177.1606438906893 177.1606438906893 
gen 321 257340 177.16064389068927 2.842170943040401e-14 177.1606438906893 177.1606438906893 
gen 322 258140 177.16064389068927 2.842170943040401e-14 177.1606438906893 177.1606438906893 
gen 323 258940 177.16064389068927 2.842170943040401e-14 177.1606438906893 177.1606438906893 
gen 324 259740 177.16064389068927 2.842170943040401e-14 177.1606438906893 177.1606438906893 
gen 325 260540 177.16064389068927 2.842170943040401e-14 177.1606438906893 177.1606438906893 
gen 326 261340 177.16064389068927 2.842170943040401e-14 177.1606438906893 177.1606438906893 
gen 327 262140 177.16064389068927 2.842170943040401e-14 177.1606438906893 177.1606438906893 
gen 328 262940 177.16064389068927 2.842170943040401e-14 177.1606438906893 177.1606438906893 
gen 329 263740 177.16064389068927 2.842170943040401e-14 177.1606438906893 177.1606438906893 
gen 330 264540 177.16064389068927 2.842170943040401e-14 177.1606438906893 177.1606438906893 
gen 331 265340 177.16064389068927 2.842170943040401e-14 177.1606438906893 177.1606438906893 
gen 332 266140 177.16064389068927 2.842170943040401e-14 177.1606438906893 177.1606438906893 
gen 333 266940 177.16064389068927 2.842170943040401e-14 177.1606438906893 177.1606438906893 
gen 334 267740 177.16064389068927 2.842170943040401e-14 177.1606438906893 177.1606438906893 
gen 335 268540 177.16064389068927 2.842170943040401e-14 177.1606438906893 177.1606438906893 
gen 336 269340 177.16064389068927 2.842170943040401e-14 177.1606438906893 177.1606438906893 
gen 337 270140 177.16064389068927 2.842170943040401e-14 177.1606438906893 177.1606438906893 
gen 338 270940 177.16064389068927 2.842170943040401e-14 177.1606438906893 177.1606438906893 
gen 339 271740 177.16064389068927 2.842170943040401e-14 177.1606438906893 177.1606438906893 
gen 340 272540 177.16064389068927 2.842170943040401e-14 177.1606438906893 177.1606438906893 
gen 341 273340 177.16064389068927 2.842170943040401e-14 177.1606438906893 177.1606438906893 
gen 342 274140 177.16064389068927 2.842170943040401e-14 177.1606438906893 177.1606438906893 
gen 343 274940 177.16064389068927 2.842170943040401e-14 177.1606438906893 177.1606438906893 
gen 344 275740 177.16064389068927 2.842170943040401e-14 177.1606438906893 177.1606438906893 
gen 345 276540 177.16064389068927 2.842170943040401e-14 177.1606438906893 177.1606438906893 
gen 346 277340 177.16064389068927 2.842170943040401e-14 177.1606438906893 177.1606438906893 
gen 347 278140 177.16064389068927 2.842170943040401e-14 177.1606438906893 177.1606438906893 
gen 348 278940 177.16064389068927 2.842170943040401e-14 177.1606438906893 177.1606438906893 
gen 349 279740 177.16064389068927 2.842170943040401e-14 177.1606438906893 177.1606438906893 
gen 350 280540 177.16064389068927 2.842170943040401e-14 177.1606438906893 177.1606438906893 
[16, 14, 2, 8, 6, 11, 3, 19, 4, 7, 15, 0, 10, 17, 1, 12, 5, 18, 9, 13, 6, 8, 19, 9, 12, 3, 15, 10, 16, 7, 0, 17, 18, 5, 11, 14, 4, 2, 13, 1, 10, 13, 14, 0, 11, 5, 2, 12, 1, 17, 16, 8, 18, 4, 7, 9, 3, 19, 15, 6, 3, 0, 9, 5, 17, 8, 10, 19, 16, 1, 13, 7, 4, 12, 15, 18, 6, 2, 14, 11, 5, 7, 12, 19, 6, 18, 15, 13, 17, 14, 4, 1, 11, 0, 3, 8, 2, 9, 10, 16, 2, 8, 4, 11, 3, 13, 5, 1, 6, 15, 12, 14, 7, 18, 16, 17, 0, 10, 9, 19, 3, 9, 12, 17, 2, 8, 6, 18, 11, 7, 10, 0, 16, 4, 1, 13, 19, 14, 5, 15, 18, 3, 8, 9, 7, 0, 15, 1, 19, 11, 6, 16, 4, 10, 2, 12, 5, 17, 13, 14, 19, 11, 14, 4, 5, 15, 1, 6, 3, 8, 2, 13, 0, 7, 17, 18, 10, 16, 9, 12, 12, 2, 15, 5, 4, 7, 17, 13, 14, 19, 6, 18, 0, 1, 10, 11, 8, 16, 3, 9, 15, 12, 3, 10, 17, 13, 9, 6, 1, 7, 18, 5, 14, 16, 19, 4, 0, 8, 11, 2, 13, 14, 16, 15, 6, 1, 18, 3, 10, 19, 2, 5, 11, 8, 17, 4, 0, 7, 9, 12, 2, 0, 7, 5, 12, 10, 13, 9, 18, 11, 19, 6, 4, 16, 1, 14, 17, 3, 15, 8, 6, 12, 15, 14, 7, 19, 13, 9, 0, 18, 8, 4, 3, 16, 17, 5, 10, 1, 11, 2, 5, 12, 18, 0, 8, 14, 10, 4, 11, 3, 9, 15, 6, 7, 1, 13, 16, 2, 19, 17, 10, 17, 4, 14, 12, 8, 9, 2, 1, 19, 16, 11, 15, 0, 18, 6, 7, 5, 3, 13, 9, 16, 18, 2, 19, 6, 14, 17, 13, 7, 15, 4, 12, 11, 5, 8, 3, 10, 0, 1, 5, 3, 18, 8, 0, 14, 6, 1, 11, 19, 12, 16, 10, 17, 4, 2, 9, 7, 13, 15, 6, 12, 3, 7, 19, 18, 2, 14, 15, 17, 13, 1, 4, 0, 9, 8, 5, 16, 11, 10, 1, 9, 11, 7, 13, 4, 16, 12, 18, 6, 17, 8, 14, 2, 19, 5, 10, 0, 15, 3]
min  177.1606438906893
NFE 280540
LSNFE 140
VLSNFE 17
runTime 1162.8577375411987
