gen 0 25 2400003231.745275 4270829484.167282 2027.0755867046491 9999999999.0 
gen 1 125 2020.6752363763633 181.40830023307055 1647.7351080914063 2306.2075443107924 
gen 2 225 1831.5712306217983 87.90481133919927 1602.3936894184235 1936.553456972749 
gen 3 325 1704.015586950439 116.86409972990377 1392.3286508206227 1826.4361795081024 
gen 4 425 1643.9533801067346 118.21611549136314 1392.3286508206227 1777.3310066979616 
gen 5 535 1588.0525057661239 105.56181635464048 1392.3286508206227 1712.1542771584768 
gen 6 635 1537.690907244525 87.71053195442225 1392.3286508206227 1673.505683985366 
gen 7 735 1478.098943344078 50.32066151211873 1392.3286508206227 1566.144808731227 
gen 8 845 1430.1722600829223 26.462306618521108 1335.6698296272782 1452.5623675919055 
gen 9 945 1406.1164263096675 43.90649031856178 1267.8632599843004 1444.1650173806472 
gen 10 1055 1363.5927689401972 49.28081867426475 1267.8632599843004 1421.011101845549 
gen 11 1155 1319.4380616818933 26.221412544680305 1267.8632599843004 1364.2090618922198 
gen 12 1255 1296.0444642009309 15.905999992723116 1267.8632599843004 1315.352290016794 
gen 13 1355 1285.9234542405904 8.416838442624442 1267.8632599843004 1292.5586536425233 
gen 14 1455 1282.4085607777547 8.31759995397653 1267.8632599843004 1291.3684809875035 
gen 15 1555 1280.4978281908436 8.734701567878405 1267.8632599843004 1286.833812838238 
gen 16 1655 1275.4759438403094 8.736893477508756 1267.8632599843004 1286.833812838238 
gen 17 1755 1267.8632599843004 0.0 1267.8632599843004 1267.8632599843004 
gen 18 1855 1267.8632599843004 0.0 1267.8632599843004 1267.8632599843004 
gen 19 1955 1267.8632599843004 0.0 1267.8632599843004 1267.8632599843004 
gen 20 2055 1267.8632599843004 0.0 1267.8632599843004 1267.8632599843004 
gen 21 2165 1267.8632599843004 0.0 1267.8632599843004 1267.8632599843004 
gen 22 2265 1267.8632599843004 0.0 1267.8632599843004 1267.8632599843004 
gen 23 2365 1267.8632599843004 0.0 1267.8632599843004 1267.8632599843004 
gen 24 2465 1267.8632599843004 0.0 1267.8632599843004 1267.8632599843004 
gen 25 2565 1267.8632599843004 0.0 1267.8632599843004 1267.8632599843004 
gen 26 2665 1267.8632599843004 0.0 1267.8632599843004 1267.8632599843004 
gen 27 2765 1267.8632599843004 0.0 1267.8632599843004 1267.8632599843004 
gen 28 2865 1267.8632599843004 0.0 1267.8632599843004 1267.8632599843004 
gen 29 2975 1267.8632599843004 0.0 1267.8632599843004 1267.8632599843004 
gen 30 3075 1267.8632599843004 0.0 1267.8632599843004 1267.8632599843004 
gen 31 3175 1267.8632599843004 0.0 1267.8632599843004 1267.8632599843004 
gen 32 3275 1267.8632599843004 0.0 1267.8632599843004 1267.8632599843004 
gen 33 3395 1266.840674323313 5.0096261754125075 1242.2986184596107 1267.8632599843004 
gen 34 3495 1261.727746018375 10.918227121769641 1242.2986184596107 1267.8632599843004 
gen 35 3595 1242.2986184596107 0.0 1242.2986184596107 1242.2986184596107 
gen 36 3695 1242.2986184596107 0.0 1242.2986184596107 1242.2986184596107 
gen 37 3795 1242.2986184596107 0.0 1242.2986184596107 1242.2986184596107 
gen 38 3905 1242.2986184596107 0.0 1242.2986184596107 1242.2986184596107 
gen 39 4005 1242.2986184596107 0.0 1242.2986184596107 1242.2986184596107 
gen 40 4115 1242.2986184596107 0.0 1242.2986184596107 1242.2986184596107 
gen 41 4215 1242.2986184596107 0.0 1242.2986184596107 1242.2986184596107 
gen 42 4315 1242.2986184596107 0.0 1242.2986184596107 1242.2986184596107 
gen 43 4415 1242.2986184596107 0.0 1242.2986184596107 1242.2986184596107 
gen 44 4515 1242.2986184596107 0.0 1242.2986184596107 1242.2986184596107 
gen 45 4615 1242.2986184596107 0.0 1242.2986184596107 1242.2986184596107 
gen 46 4715 1242.2986184596107 0.0 1242.2986184596107 1242.2986184596107 
gen 47 4815 1242.2986184596107 0.0 1242.2986184596107 1242.2986184596107 
gen 48 4915 1242.2986184596107 0.0 1242.2986184596107 1242.2986184596107 
gen 49 5015 1242.2986184596107 0.0 1242.2986184596107 1242.2986184596107 
gen 50 5115 1242.2986184596107 0.0 1242.2986184596107 1242.2986184596107 
gen 51 5215 1242.2986184596107 0.0 1242.2986184596107 1242.2986184596107 
gen 52 5315 1242.2986184596107 0.0 1242.2986184596107 1242.2986184596107 
gen 53 5415 1242.2986184596107 0.0 1242.2986184596107 1242.2986184596107 
gen 54 5515 1242.2986184596107 0.0 1242.2986184596107 1242.2986184596107 
gen 55 5625 1242.2986184596107 0.0 1242.2986184596107 1242.2986184596107 
gen 56 5725 1242.2986184596107 0.0 1242.2986184596107 1242.2986184596107 
gen 57 5825 1242.2986184596107 0.0 1242.2986184596107 1242.2986184596107 
gen 58 5935 1242.2986184596107 0.0 1242.2986184596107 1242.2986184596107 
gen 59 6045 1242.2986184596107 0.0 1242.2986184596107 1242.2986184596107 
gen 60 6145 1242.2986184596107 0.0 1242.2986184596107 1242.2986184596107 
gen 61 6255 1242.2986184596107 0.0 1242.2986184596107 1242.2986184596107 
gen 62 6355 1242.2986184596107 0.0 1242.2986184596107 1242.2986184596107 
gen 63 6455 1242.2986184596107 0.0 1242.2986184596107 1242.2986184596107 
gen 64 6555 1242.2986184596107 0.0 1242.2986184596107 1242.2986184596107 
gen 65 6655 1242.2986184596107 0.0 1242.2986184596107 1242.2986184596107 
gen 66 6765 1242.2986184596107 0.0 1242.2986184596107 1242.2986184596107 
gen 67 6865 1242.2986184596107 0.0 1242.2986184596107 1242.2986184596107 
gen 68 6975 1242.2986184596107 0.0 1242.2986184596107 1242.2986184596107 
gen 69 7075 1242.2986184596107 0.0 1242.2986184596107 1242.2986184596107 
gen 70 7185 1242.2986184596107 0.0 1242.2986184596107 1242.2986184596107 
gen 71 7285 1242.2986184596107 0.0 1242.2986184596107 1242.2986184596107 
gen 72 7385 1242.2986184596107 0.0 1242.2986184596107 1242.2986184596107 
gen 73 7485 1242.2986184596107 0.0 1242.2986184596107 1242.2986184596107 
gen 74 7585 1242.2986184596107 0.0 1242.2986184596107 1242.2986184596107 
gen 75 7695 1242.2986184596107 0.0 1242.2986184596107 1242.2986184596107 
gen 76 7795 1242.2986184596107 0.0 1242.2986184596107 1242.2986184596107 
gen 77 7895 1242.2986184596107 0.0 1242.2986184596107 1242.2986184596107 
gen 78 7995 1242.2986184596107 0.0 1242.2986184596107 1242.2986184596107 
gen 79 8095 1242.2986184596107 0.0 1242.2986184596107 1242.2986184596107 
gen 80 8195 1242.2986184596107 0.0 1242.2986184596107 1242.2986184596107 
gen 81 8295 1242.2986184596107 0.0 1242.2986184596107 1242.2986184596107 
gen 82 8395 1242.2986184596107 0.0 1242.2986184596107 1242.2986184596107 
gen 83 8495 1242.2986184596107 0.0 1242.2986184596107 1242.2986184596107 
gen 84 8595 1242.2986184596107 0.0 1242.2986184596107 1242.2986184596107 
gen 85 8695 1242.2986184596107 0.0 1242.2986184596107 1242.2986184596107 
gen 86 8795 1242.2986184596107 0.0 1242.2986184596107 1242.2986184596107 
gen 87 8905 1242.2986184596107 0.0 1242.2986184596107 1242.2986184596107 
gen 88 9005 1242.2986184596107 0.0 1242.2986184596107 1242.2986184596107 
gen 89 9125 1241.8282977831116 2.3040913458080072 1230.540601547127 1242.2986184596107 
gen 90 9225 1241.357977106612 3.1898700259053023 1230.540601547127 1242.2986184596107 
gen 91 9335 1237.125091018118 5.836526104318577 1230.540601547127 1242.2986184596107 
gen 92 9435 1230.540601547127 0.0 1230.540601547127 1230.540601547127 
gen 93 9535 1230.540601547127 0.0 1230.540601547127 1230.540601547127 
gen 94 9635 1230.540601547127 0.0 1230.540601547127 1230.540601547127 
gen 95 9735 1230.540601547127 0.0 1230.540601547127 1230.540601547127 
gen 96 9845 1230.540601547127 0.0 1230.540601547127 1230.540601547127 
gen 97 9945 1230.540601547127 0.0 1230.540601547127 1230.540601547127 
gen 98 10045 1230.540601547127 0.0 1230.540601547127 1230.540601547127 
gen 99 10145 1230.540601547127 0.0 1230.540601547127 1230.540601547127 
gen 100 10245 1230.540601547127 0.0 1230.540601547127 1230.540601547127 
gen 101 10355 1230.540601547127 0.0 1230.540601547127 1230.540601547127 
gen 102 10455 1230.540601547127 0.0 1230.540601547127 1230.540601547127 
gen 103 10555 1230.540601547127 0.0 1230.540601547127 1230.540601547127 
gen 104 10655 1230.540601547127 0.0 1230.540601547127 1230.540601547127 
gen 105 10755 1230.540601547127 0.0 1230.540601547127 1230.540601547127 
gen 106 10855 1230.540601547127 0.0 1230.540601547127 1230.540601547127 
gen 107 10955 1230.540601547127 0.0 1230.540601547127 1230.540601547127 
gen 108 11055 1230.540601547127 0.0 1230.540601547127 1230.540601547127 
gen 109 11155 1230.540601547127 0.0 1230.540601547127 1230.540601547127 
gen 110 11255 1230.540601547127 0.0 1230.540601547127 1230.540601547127 
gen 111 11355 1230.540601547127 0.0 1230.540601547127 1230.540601547127 
gen 112 11455 1230.540601547127 0.0 1230.540601547127 1230.540601547127 
gen 113 11555 1230.540601547127 0.0 1230.540601547127 1230.540601547127 
gen 114 11655 1230.540601547127 0.0 1230.540601547127 1230.540601547127 
gen 115 11755 1230.540601547127 0.0 1230.540601547127 1230.540601547127 
gen 116 11855 1230.540601547127 0.0 1230.540601547127 1230.540601547127 
gen 117 11955 1230.540601547127 0.0 1230.540601547127 1230.540601547127 
gen 118 12055 1230.540601547127 0.0 1230.540601547127 1230.540601547127 
gen 119 12165 1230.540601547127 0.0 1230.540601547127 1230.540601547127 
gen 120 12265 1230.540601547127 0.0 1230.540601547127 1230.540601547127 
gen 121 12365 1230.540601547127 0.0 1230.540601547127 1230.540601547127 
gen 122 12485 1230.293484234905 1.2106226431032003 1224.3626687415804 1230.540601547127 
gen 123 12585 1229.0578976737957 2.638490880024479 1224.3626687415804 1230.540601547127 
gen 124 12695 1224.6097860538023 1.2106226431032003 1224.3626687415804 1230.540601547127 
gen 125 12795 1224.3626687415804 0.0 1224.3626687415804 1224.3626687415804 
gen 126 12895 1224.3626687415804 0.0 1224.3626687415804 1224.3626687415804 
gen 127 12995 1224.3626687415804 0.0 1224.3626687415804 1224.3626687415804 
gen 128 13095 1224.3626687415804 0.0 1224.3626687415804 1224.3626687415804 
gen 129 13195 1224.3626687415804 0.0 1224.3626687415804 1224.3626687415804 
gen 130 13305 1224.3626687415804 0.0 1224.3626687415804 1224.3626687415804 
gen 131 13405 1224.3626687415804 0.0 1224.3626687415804 1224.3626687415804 
gen 132 13515 1224.3626687415804 0.0 1224.3626687415804 1224.3626687415804 
gen 133 13615 1224.3626687415804 0.0 1224.3626687415804 1224.3626687415804 
gen 134 13735 1224.3233342883043 0.192698679675031 1223.3793074096807 1224.3626687415804 
gen 135 13835 1224.1659964752005 0.3933445327598747 1223.3793074096807 1224.3626687415804 
gen 136 13935 1223.3793074096807 0.0 1223.3793074096807 1223.3793074096807 
gen 137 14035 1223.3793074096807 0.0 1223.3793074096807 1223.3793074096807 
gen 138 14135 1223.3793074096807 0.0 1223.3793074096807 1223.3793074096807 
gen 139 14235 1223.3793074096807 0.0 1223.3793074096807 1223.3793074096807 
gen 140 14335 1223.3793074096807 0.0 1223.3793074096807 1223.3793074096807 
gen 141 14435 1223.3793074096807 0.0 1223.3793074096807 1223.3793074096807 
gen 142 14535 1223.3793074096807 0.0 1223.3793074096807 1223.3793074096807 
gen 143 14635 1223.3793074096807 0.0 1223.3793074096807 1223.3793074096807 
gen 144 14735 1223.3793074096807 0.0 1223.3793074096807 1223.3793074096807 
gen 145 14835 1223.3793074096807 0.0 1223.3793074096807 1223.3793074096807 
gen 146 14945 1223.3793074096807 0.0 1223.3793074096807 1223.3793074096807 
gen 147 15045 1223.3793074096807 0.0 1223.3793074096807 1223.3793074096807 
gen 148 15145 1223.3793074096807 0.0 1223.3793074096807 1223.3793074096807 
gen 149 15255 1223.3793074096807 0.0 1223.3793074096807 1223.3793074096807 
gen 150 15355 1223.3793074096807 0.0 1223.3793074096807 1223.3793074096807 
gen 151 15455 1223.3793074096807 0.0 1223.3793074096807 1223.3793074096807 
gen 152 15555 1223.3793074096807 0.0 1223.3793074096807 1223.3793074096807 
gen 153 15655 1223.3793074096807 0.0 1223.3793074096807 1223.3793074096807 
gen 154 15755 1223.3793074096807 0.0 1223.3793074096807 1223.3793074096807 
gen 155 15855 1223.3793074096807 0.0 1223.3793074096807 1223.3793074096807 
gen 156 15955 1223.3793074096807 0.0 1223.3793074096807 1223.3793074096807 
gen 157 16055 1223.3793074096807 0.0 1223.3793074096807 1223.3793074096807 
gen 158 16165 1223.3793074096807 0.0 1223.3793074096807 1223.3793074096807 
gen 159 16265 1223.3793074096807 0.0 1223.3793074096807 1223.3793074096807 
gen 160 16365 1223.3793074096807 0.0 1223.3793074096807 1223.3793074096807 
gen 161 16465 1223.3793074096807 0.0 1223.3793074096807 1223.3793074096807 
gen 162 16565 1223.3793074096807 0.0 1223.3793074096807 1223.3793074096807 
gen 163 16665 1223.3793074096807 0.0 1223.3793074096807 1223.3793074096807 
gen 164 16765 1223.3793074096807 0.0 1223.3793074096807 1223.3793074096807 
gen 165 16865 1223.3793074096807 0.0 1223.3793074096807 1223.3793074096807 
gen 166 16975 1223.3793074096807 0.0 1223.3793074096807 1223.3793074096807 
gen 167 17075 1223.3793074096807 0.0 1223.3793074096807 1223.3793074096807 
gen 168 17175 1223.3793074096807 0.0 1223.3793074096807 1223.3793074096807 
gen 169 17275 1223.3793074096807 0.0 1223.3793074096807 1223.3793074096807 
gen 170 17375 1223.3793074096807 0.0 1223.3793074096807 1223.3793074096807 
gen 171 17475 1223.3793074096807 0.0 1223.3793074096807 1223.3793074096807 
gen 172 17575 1223.3793074096807 0.0 1223.3793074096807 1223.3793074096807 
[2, 1, 4, 3, 0, 0, 2, 1, 4, 3, 0, 2, 1, 4, 3, 0, 2, 1, 4, 3, 0, 1, 4, 3, 2]
min  1223.3793074096807
NFE 17575
LSNFE 350
VLSNFE 4
runTime 10.483339786529541
