gen 0 25 800000000002981.2 2712931993249228.0 1498.2185211129345 1e+16 
gen 1 525 1658.1763554030808 106.11357950360075 1472.5501241422683 1792.6895823377406 
gen 2 1025 1520.4993652006256 58.39238636251074 1304.42038742775 1602.07585717553 
gen 3 1545 1403.3895783855396 83.53272700619003 1245.2655059737804 1472.5501241422683 
gen 4 2045 1259.5507195172715 9.23981227702908 1245.2655059737804 1266.3744745140907 
gen 5 2555 1232.124341197784 16.438293524510254 1186.5385810415153 1245.2655059737804 
gen 6 3065 1201.4067446140662 5.852807153211498 1186.5385810415153 1206.943539256796 
gen 7 3565 1188.9181050864627 4.234394071748865 1186.5385810415153 1196.4532645621293 
gen 8 4075 1186.538581041515 2.2737367544323206e-13 1186.5385810415153 1186.5385810415153 
gen 9 4585 1186.538581041515 2.2737367544323206e-13 1186.5385810415153 1186.5385810415153 
gen 10 5085 1186.538581041515 2.2737367544323206e-13 1186.5385810415153 1186.5385810415153 
gen 11 5585 1186.538581041515 2.2737367544323206e-13 1186.5385810415153 1186.5385810415153 
gen 12 6095 1186.538581041515 2.2737367544323206e-13 1186.5385810415153 1186.5385810415153 
gen 13 6605 1186.538581041515 2.2737367544323206e-13 1186.5385810415153 1186.5385810415153 
gen 14 7115 1186.538581041515 2.2737367544323206e-13 1186.5385810415153 1186.5385810415153 
gen 15 7625 1186.538581041515 2.2737367544323206e-13 1186.5385810415153 1186.5385810415153 
gen 16 8125 1186.538581041515 2.2737367544323206e-13 1186.5385810415153 1186.5385810415153 
gen 17 8625 1186.538581041515 2.2737367544323206e-13 1186.5385810415153 1186.5385810415153 
gen 18 9135 1186.538581041515 2.2737367544323206e-13 1186.5385810415153 1186.5385810415153 
gen 19 9645 1186.538581041515 2.2737367544323206e-13 1186.5385810415153 1186.5385810415153 
gen 20 10145 1186.538581041515 2.2737367544323206e-13 1186.5385810415153 1186.5385810415153 
gen 21 10655 1186.538581041515 2.2737367544323206e-13 1186.5385810415153 1186.5385810415153 
gen 22 11155 1186.538581041515 2.2737367544323206e-13 1186.5385810415153 1186.5385810415153 
gen 23 11655 1186.538581041515 2.2737367544323206e-13 1186.5385810415153 1186.5385810415153 
gen 24 12165 1186.538581041515 2.2737367544323206e-13 1186.5385810415153 1186.5385810415153 
gen 25 12665 1186.538581041515 2.2737367544323206e-13 1186.5385810415153 1186.5385810415153 
gen 26 13165 1186.538581041515 2.2737367544323206e-13 1186.5385810415153 1186.5385810415153 
gen 27 13665 1186.538581041515 2.2737367544323206e-13 1186.5385810415153 1186.5385810415153 
gen 28 14165 1186.538581041515 2.2737367544323206e-13 1186.5385810415153 1186.5385810415153 
gen 29 14665 1186.538581041515 2.2737367544323206e-13 1186.5385810415153 1186.5385810415153 
gen 30 15165 1186.538581041515 2.2737367544323206e-13 1186.5385810415153 1186.5385810415153 
gen 31 15675 1186.538581041515 2.2737367544323206e-13 1186.5385810415153 1186.5385810415153 
gen 32 16175 1186.538581041515 2.2737367544323206e-13 1186.5385810415153 1186.5385810415153 
gen 33 16675 1186.538581041515 2.2737367544323206e-13 1186.5385810415153 1186.5385810415153 
gen 34 17175 1186.538581041515 2.2737367544323206e-13 1186.5385810415153 1186.5385810415153 
gen 35 17675 1186.538581041515 2.2737367544323206e-13 1186.5385810415153 1186.5385810415153 
[0, 2, 1, 4, 3, 2, 1, 4, 3, 0, 0, 2, 1, 4, 3, 0, 2, 1, 4, 3, 0, 2, 1, 4, 3]
min  1186.5385810415153
NFE 17675
LSNFE 150
VLSNFE 1
runTime 12.553407669067383
