gen 0 25 3200002826.040916 4664759576.542776 1639.540634319813 9999999999.0 
gen 1 125 1952.5479487549057 187.51572462526875 1603.395191038965 2236.392977629131 
gen 2 225 1813.5231754269562 129.9723629558197 1435.0950121935907 1997.235385858928 
gen 3 325 1748.512273788002 100.34893342041865 1435.0950121935907 1877.2011732986925 
gen 4 425 1665.0241989299172 121.5067433215459 1381.6191311981447 1793.2139564179593 
gen 5 535 1550.5625994915579 105.57444687253262 1319.1764550594905 1684.8767895831274 
gen 6 635 1422.3317501506908 60.01421883615724 1292.1768093029714 1498.638596687033 
gen 7 735 1365.9300657135616 45.677571855986635 1262.9473636800512 1431.8362485162247 
gen 8 835 1312.0097846101066 32.243537204524614 1219.0267687380788 1351.555559425109 
gen 9 935 1289.775754603426 27.117050846833138 1219.0267687380788 1319.1764550594905 
gen 10 1035 1277.7139875960452 27.607431166547393 1219.0267687380788 1304.6216431613389 
gen 11 1135 1247.41153531436 20.8552162773817 1183.2764777572108 1262.9473636800512 
gen 12 1235 1239.9936160392506 17.751619812635322 1183.2764777572108 1262.9473636800512 
gen 13 1335 1228.5505511677713 14.82962059987823 1183.2764777572108 1236.569572519798 
gen 14 1435 1220.4206779953404 20.997260233820498 1172.2562066179196 1236.569572519798 
gen 15 1535 1207.2428568391263 18.745711714018274 1172.2562066179196 1236.569572519798 
gen 16 1635 1192.2038003949835 10.21249424051743 1169.442009420068 1199.9580566086697 
gen 17 1735 1186.5614509439736 10.15710215223183 1165.3139670475516 1199.9580566086697 
gen 18 1845 1177.8328269941487 6.662083626070405 1165.3139670475516 1189.1586577971798 
gen 19 1945 1169.9958173756124 8.277956433922723 1134.5034737461535 1176.6168666327362 
gen 20 2045 1162.6170198758134 11.533582043005428 1134.5034737461535 1172.1954157573753 
gen 21 2145 1146.4344272810924 11.938256645221829 1134.5034737461535 1165.3139670475516 
gen 22 2245 1135.7937431480955 2.580538803883883 1134.5034737461535 1140.9548207558632 
gen 23 2345 1134.5034737461535 0.0 1134.5034737461535 1134.5034737461535 
gen 24 2445 1134.5034737461535 0.0 1134.5034737461535 1134.5034737461535 
gen 25 2545 1134.5034737461535 0.0 1134.5034737461535 1134.5034737461535 
gen 26 2645 1134.5034737461535 0.0 1134.5034737461535 1134.5034737461535 
gen 27 2755 1134.5034737461535 0.0 1134.5034737461535 1134.5034737461535 
gen 28 2855 1134.5034737461535 0.0 1134.5034737461535 1134.5034737461535 
gen 29 2955 1134.5034737461535 0.0 1134.5034737461535 1134.5034737461535 
gen 30 3065 1134.5034737461535 0.0 1134.5034737461535 1134.5034737461535 
gen 31 3165 1134.5034737461535 0.0 1134.5034737461535 1134.5034737461535 
gen 32 3265 1134.5034737461535 0.0 1134.5034737461535 1134.5034737461535 
gen 33 3365 1134.5034737461535 0.0 1134.5034737461535 1134.5034737461535 
gen 34 3475 1134.5034737461535 0.0 1134.5034737461535 1134.5034737461535 
gen 35 3585 1134.5034737461535 0.0 1134.5034737461535 1134.5034737461535 
gen 36 3685 1134.5034737461535 0.0 1134.5034737461535 1134.5034737461535 
gen 37 3785 1134.5034737461535 0.0 1134.5034737461535 1134.5034737461535 
gen 38 3895 1134.5034737461535 0.0 1134.5034737461535 1134.5034737461535 
gen 39 3995 1134.5034737461535 0.0 1134.5034737461535 1134.5034737461535 
gen 40 4095 1134.5034737461535 0.0 1134.5034737461535 1134.5034737461535 
gen 41 4205 1134.5034737461535 0.0 1134.5034737461535 1134.5034737461535 
gen 42 4315 1134.5034737461535 0.0 1134.5034737461535 1134.5034737461535 
gen 43 4415 1134.5034737461535 0.0 1134.5034737461535 1134.5034737461535 
gen 44 4525 1134.5034737461535 0.0 1134.5034737461535 1134.5034737461535 
gen 45 4625 1134.5034737461535 0.0 1134.5034737461535 1134.5034737461535 
gen 46 4725 1134.5034737461535 0.0 1134.5034737461535 1134.5034737461535 
gen 47 4825 1134.5034737461535 0.0 1134.5034737461535 1134.5034737461535 
gen 48 4925 1134.5034737461535 0.0 1134.5034737461535 1134.5034737461535 
gen 49 5035 1134.5034737461535 0.0 1134.5034737461535 1134.5034737461535 
gen 50 5145 1134.5034737461535 0.0 1134.5034737461535 1134.5034737461535 
gen 51 5245 1134.5034737461535 0.0 1134.5034737461535 1134.5034737461535 
gen 52 5345 1134.5034737461535 0.0 1134.5034737461535 1134.5034737461535 
gen 53 5445 1134.5034737461535 0.0 1134.5034737461535 1134.5034737461535 
gen 54 5545 1134.5034737461535 0.0 1134.5034737461535 1134.5034737461535 
gen 55 5645 1134.5034737461535 0.0 1134.5034737461535 1134.5034737461535 
gen 56 5745 1134.5034737461535 0.0 1134.5034737461535 1134.5034737461535 
gen 57 5855 1134.5034737461535 0.0 1134.5034737461535 1134.5034737461535 
gen 58 5965 1134.5034737461535 0.0 1134.5034737461535 1134.5034737461535 
gen 59 6065 1134.5034737461535 0.0 1134.5034737461535 1134.5034737461535 
gen 60 6165 1134.5034737461535 0.0 1134.5034737461535 1134.5034737461535 
gen 61 6265 1134.5034737461535 0.0 1134.5034737461535 1134.5034737461535 
gen 62 6375 1134.5034737461535 0.0 1134.5034737461535 1134.5034737461535 
gen 63 6485 1134.5034737461535 0.0 1134.5034737461535 1134.5034737461535 
gen 64 6585 1134.5034737461535 0.0 1134.5034737461535 1134.5034737461535 
gen 65 6685 1134.5034737461535 0.0 1134.5034737461535 1134.5034737461535 
gen 66 6785 1134.5034737461535 0.0 1134.5034737461535 1134.5034737461535 
gen 67 6885 1134.5034737461535 0.0 1134.5034737461535 1134.5034737461535 
gen 68 6985 1134.5034737461535 0.0 1134.5034737461535 1134.5034737461535 
gen 69 7085 1134.5034737461535 0.0 1134.5034737461535 1134.5034737461535 
gen 70 7195 1134.5034737461535 0.0 1134.5034737461535 1134.5034737461535 
gen 71 7295 1134.5034737461535 0.0 1134.5034737461535 1134.5034737461535 
gen 72 7395 1134.5034737461535 0.0 1134.5034737461535 1134.5034737461535 
gen 73 7505 1134.5034737461535 0.0 1134.5034737461535 1134.5034737461535 
gen 74 7605 1134.5034737461535 0.0 1134.5034737461535 1134.5034737461535 
gen 75 7705 1134.5034737461535 0.0 1134.5034737461535 1134.5034737461535 
gen 76 7805 1134.5034737461535 0.0 1134.5034737461535 1134.5034737461535 
gen 77 7905 1134.5034737461535 0.0 1134.5034737461535 1134.5034737461535 
gen 78 8005 1134.5034737461535 0.0 1134.5034737461535 1134.5034737461535 
gen 79 8105 1134.5034737461535 0.0 1134.5034737461535 1134.5034737461535 
gen 80 8205 1134.5034737461535 0.0 1134.5034737461535 1134.5034737461535 
gen 81 8305 1134.5034737461535 0.0 1134.5034737461535 1134.5034737461535 
gen 82 8405 1134.5034737461535 0.0 1134.5034737461535 1134.5034737461535 
gen 83 8505 1134.5034737461535 0.0 1134.5034737461535 1134.5034737461535 
gen 84 8605 1134.5034737461535 0.0 1134.5034737461535 1134.5034737461535 
gen 85 8705 1134.5034737461535 0.0 1134.5034737461535 1134.5034737461535 
gen 86 8805 1134.5034737461535 0.0 1134.5034737461535 1134.5034737461535 
gen 87 8915 1134.5034737461535 0.0 1134.5034737461535 1134.5034737461535 
gen 88 9015 1134.5034737461535 0.0 1134.5034737461535 1134.5034737461535 
gen 89 9115 1134.5034737461535 0.0 1134.5034737461535 1134.5034737461535 
gen 90 9215 1134.5034737461535 0.0 1134.5034737461535 1134.5034737461535 
gen 91 9325 1134.5034737461535 0.0 1134.5034737461535 1134.5034737461535 
gen 92 9425 1134.5034737461535 0.0 1134.5034737461535 1134.5034737461535 
gen 93 9525 1134.5034737461535 0.0 1134.5034737461535 1134.5034737461535 
gen 94 9635 1134.5034737461535 0.0 1134.5034737461535 1134.5034737461535 
gen 95 9735 1134.5034737461535 0.0 1134.5034737461535 1134.5034737461535 
gen 96 9835 1134.5034737461535 0.0 1134.5034737461535 1134.5034737461535 
gen 97 9935 1134.5034737461535 0.0 1134.5034737461535 1134.5034737461535 
gen 98 10035 1134.5034737461535 0.0 1134.5034737461535 1134.5034737461535 
gen 99 10145 1134.5034737461535 0.0 1134.5034737461535 1134.5034737461535 
gen 100 10245 1134.5034737461535 0.0 1134.5034737461535 1134.5034737461535 
gen 101 10355 1134.5034737461535 0.0 1134.5034737461535 1134.5034737461535 
gen 102 10455 1134.5034737461535 0.0 1134.5034737461535 1134.5034737461535 
gen 103 10565 1134.5034737461535 0.0 1134.5034737461535 1134.5034737461535 
gen 104 10675 1134.5034737461535 0.0 1134.5034737461535 1134.5034737461535 
gen 105 10775 1134.5034737461535 0.0 1134.5034737461535 1134.5034737461535 
gen 106 10885 1134.5034737461535 0.0 1134.5034737461535 1134.5034737461535 
gen 107 10995 1134.5034737461535 0.0 1134.5034737461535 1134.5034737461535 
gen 108 11095 1134.5034737461535 0.0 1134.5034737461535 1134.5034737461535 
gen 109 11195 1134.5034737461535 0.0 1134.5034737461535 1134.5034737461535 
gen 110 11295 1134.5034737461535 0.0 1134.5034737461535 1134.5034737461535 
gen 111 11395 1134.5034737461535 0.0 1134.5034737461535 1134.5034737461535 
gen 112 11495 1134.5034737461535 0.0 1134.5034737461535 1134.5034737461535 
gen 113 11605 1134.5034737461535 0.0 1134.5034737461535 1134.5034737461535 
gen 114 11705 1134.5034737461535 0.0 1134.5034737461535 1134.5034737461535 
gen 115 11805 1134.5034737461535 0.0 1134.5034737461535 1134.5034737461535 
gen 116 11905 1134.5034737461535 0.0 1134.5034737461535 1134.5034737461535 
gen 117 12015 1134.5034737461535 0.0 1134.5034737461535 1134.5034737461535 
gen 118 12125 1134.5034737461535 0.0 1134.5034737461535 1134.5034737461535 
gen 119 12235 1134.5034737461535 0.0 1134.5034737461535 1134.5034737461535 
gen 120 12335 1134.5034737461535 0.0 1134.5034737461535 1134.5034737461535 
gen 121 12445 1134.5034737461535 0.0 1134.5034737461535 1134.5034737461535 
gen 122 12545 1134.5034737461535 0.0 1134.5034737461535 1134.5034737461535 
gen 123 12645 1134.5034737461535 0.0 1134.5034737461535 1134.5034737461535 
gen 124 12745 1134.5034737461535 0.0 1134.5034737461535 1134.5034737461535 
gen 125 12845 1134.5034737461535 0.0 1134.5034737461535 1134.5034737461535 
gen 126 12945 1134.5034737461535 0.0 1134.5034737461535 1134.5034737461535 
gen 127 13045 1134.5034737461535 0.0 1134.5034737461535 1134.5034737461535 
gen 128 13145 1134.5034737461535 0.0 1134.5034737461535 1134.5034737461535 
gen 129 13255 1134.5034737461535 0.0 1134.5034737461535 1134.5034737461535 
gen 130 13355 1134.5034737461535 0.0 1134.5034737461535 1134.5034737461535 
gen 131 13455 1134.5034737461535 0.0 1134.5034737461535 1134.5034737461535 
gen 132 13555 1134.5034737461535 0.0 1134.5034737461535 1134.5034737461535 
gen 133 13655 1134.5034737461535 0.0 1134.5034737461535 1134.5034737461535 
gen 134 13755 1134.5034737461535 0.0 1134.5034737461535 1134.5034737461535 
gen 135 13855 1134.5034737461535 0.0 1134.5034737461535 1134.5034737461535 
gen 136 13955 1134.5034737461535 0.0 1134.5034737461535 1134.5034737461535 
gen 137 14055 1134.5034737461535 0.0 1134.5034737461535 1134.5034737461535 
gen 138 14155 1134.5034737461535 0.0 1134.5034737461535 1134.5034737461535 
gen 139 14255 1134.5034737461535 0.0 1134.5034737461535 1134.5034737461535 
gen 140 14355 1134.5034737461535 0.0 1134.5034737461535 1134.5034737461535 
gen 141 14455 1134.5034737461535 0.0 1134.5034737461535 1134.5034737461535 
gen 142 14555 1134.5034737461535 0.0 1134.5034737461535 1134.5034737461535 
gen 143 14655 1134.5034737461535 0.0 1134.5034737461535 1134.5034737461535 
gen 144 14765 1134.5034737461535 0.0 1134.5034737461535 1134.5034737461535 
gen 145 14875 1134.5034737461535 0.0 1134.5034737461535 1134.5034737461535 
gen 146 14975 1134.5034737461535 0.0 1134.5034737461535 1134.5034737461535 
gen 147 15075 1134.5034737461535 0.0 1134.5034737461535 1134.5034737461535 
gen 148 15185 1134.5034737461535 0.0 1134.5034737461535 1134.5034737461535 
gen 149 15285 1134.5034737461535 0.0 1134.5034737461535 1134.5034737461535 
gen 150 15385 1134.5034737461535 0.0 1134.5034737461535 1134.5034737461535 
gen 151 15485 1134.5034737461535 0.0 1134.5034737461535 1134.5034737461535 
gen 152 15595 1134.5034737461535 0.0 1134.5034737461535 1134.5034737461535 
gen 153 15695 1134.5034737461535 0.0 1134.5034737461535 1134.5034737461535 
gen 154 15805 1134.5034737461535 0.0 1134.5034737461535 1134.5034737461535 
gen 155 15905 1134.5034737461535 0.0 1134.5034737461535 1134.5034737461535 
gen 156 16005 1134.5034737461535 0.0 1134.5034737461535 1134.5034737461535 
gen 157 16105 1134.5034737461535 0.0 1134.5034737461535 1134.5034737461535 
gen 158 16205 1134.5034737461535 0.0 1134.5034737461535 1134.5034737461535 
gen 159 16305 1134.5034737461535 0.0 1134.5034737461535 1134.5034737461535 
gen 160 16405 1134.5034737461535 0.0 1134.5034737461535 1134.5034737461535 
gen 161 16505 1134.5034737461535 0.0 1134.5034737461535 1134.5034737461535 
gen 162 16605 1134.5034737461535 0.0 1134.5034737461535 1134.5034737461535 
gen 163 16705 1134.5034737461535 0.0 1134.5034737461535 1134.5034737461535 
gen 164 16805 1134.5034737461535 0.0 1134.5034737461535 1134.5034737461535 
gen 165 16905 1134.5034737461535 0.0 1134.5034737461535 1134.5034737461535 
gen 166 17005 1134.5034737461535 0.0 1134.5034737461535 1134.5034737461535 
gen 167 17105 1134.5034737461535 0.0 1134.5034737461535 1134.5034737461535 
gen 168 17215 1134.5034737461535 0.0 1134.5034737461535 1134.5034737461535 
gen 169 17315 1134.5034737461535 0.0 1134.5034737461535 1134.5034737461535 
gen 170 17415 1134.5034737461535 0.0 1134.5034737461535 1134.5034737461535 
gen 171 17515 1134.5034737461535 0.0 1134.5034737461535 1134.5034737461535 
[4, 3, 1, 2, 0, 4, 3, 1, 2, 0, 4, 3, 1, 2, 0, 4, 3, 1, 2, 0, 4, 3, 1, 2, 0]
min  1134.5034737461535
NFE 17515
LSNFE 390
VLSNFE 0
runTime 9.731251239776611
