gen 0 25 400002866.04869324 1959591208.9929614 1702.6334641508342 9999999999.0 
gen 1 125 2090.142579370004 170.6934763258492 1702.6334641508342 2298.8916430661193 
gen 2 225 1869.1863329287019 136.2160820698789 1572.8617987287907 2058.968707558486 
gen 3 325 1766.3814525921812 100.3430447313103 1572.8617987287907 1906.7284466043302 
gen 4 425 1660.6895340472613 119.09691249087203 1336.1137545927834 1804.7837587438325 
gen 5 545 1603.7402190277894 100.98092930663246 1274.2974473159513 1743.0814483652016 
gen 6 645 1557.978531811979 82.9153384691449 1274.2974473159513 1634.5499583287744 
gen 7 745 1525.410335100859 79.33702548856824 1274.2974473159513 1592.7705145405362 
gen 8 845 1468.5981243497943 70.89903981409778 1274.2974473159513 1548.9702733935712 
gen 9 955 1387.4165622699927 48.35901785024824 1274.2974473159513 1453.2078283670478 
gen 10 1055 1323.9172272345565 30.74170506444425 1274.2974473159513 1365.6308953200712 
gen 11 1155 1291.7873184552016 16.837895128053045 1261.3613599451755 1316.974700374291 
gen 12 1255 1269.005989666823 10.503941168461026 1239.669779548226 1288.7030058440023 
gen 13 1355 1256.0020494267305 10.081538194638178 1226.303341626525 1261.3613599451755 
gen 14 1455 1238.773709515626 3.77363714131578 1226.303341626525 1244.00090457663 
gen 15 1555 1238.6004645144899 3.6262237073573935 1226.303341626525 1239.669779548226 
gen 16 1655 1237.5311494807538 4.900217083849821 1226.303341626525 1239.669779548226 
gen 17 1755 1235.3925194132817 6.235124522149932 1226.303341626525 1239.669779548226 
gen 18 1855 1226.837999143393 2.6192762069403632 1226.303341626525 1239.669779548226 
gen 19 1965 1226.303341626525 0.0 1226.303341626525 1226.303341626525 
gen 20 2075 1226.303341626525 0.0 1226.303341626525 1226.303341626525 
gen 21 2175 1226.303341626525 0.0 1226.303341626525 1226.303341626525 
gen 22 2275 1226.303341626525 0.0 1226.303341626525 1226.303341626525 
gen 23 2375 1226.303341626525 0.0 1226.303341626525 1226.303341626525 
gen 24 2475 1226.303341626525 0.0 1226.303341626525 1226.303341626525 
gen 25 2575 1226.303341626525 0.0 1226.303341626525 1226.303341626525 
gen 26 2675 1226.303341626525 0.0 1226.303341626525 1226.303341626525 
gen 27 2785 1226.303341626525 0.0 1226.303341626525 1226.303341626525 
gen 28 2885 1226.303341626525 0.0 1226.303341626525 1226.303341626525 
gen 29 2985 1226.303341626525 0.0 1226.303341626525 1226.303341626525 
gen 30 3085 1226.303341626525 0.0 1226.303341626525 1226.303341626525 
gen 31 3185 1226.303341626525 0.0 1226.303341626525 1226.303341626525 
gen 32 3285 1226.303341626525 0.0 1226.303341626525 1226.303341626525 
gen 33 3395 1226.303341626525 0.0 1226.303341626525 1226.303341626525 
gen 34 3495 1226.303341626525 0.0 1226.303341626525 1226.303341626525 
gen 35 3605 1226.303341626525 0.0 1226.303341626525 1226.303341626525 
gen 36 3705 1226.303341626525 0.0 1226.303341626525 1226.303341626525 
gen 37 3805 1226.303341626525 0.0 1226.303341626525 1226.303341626525 
gen 38 3915 1226.303341626525 0.0 1226.303341626525 1226.303341626525 
gen 39 4015 1226.303341626525 0.0 1226.303341626525 1226.303341626525 
gen 40 4115 1226.303341626525 0.0 1226.303341626525 1226.303341626525 
gen 41 4215 1226.303341626525 0.0 1226.303341626525 1226.303341626525 
gen 42 4315 1226.303341626525 0.0 1226.303341626525 1226.303341626525 
gen 43 4415 1226.303341626525 0.0 1226.303341626525 1226.303341626525 
gen 44 4515 1226.303341626525 0.0 1226.303341626525 1226.303341626525 
gen 45 4635 1226.0933413026619 1.0287872785671088 1221.0533335299501 1226.303341626525 
gen 46 4735 1225.463340331073 1.9246847601348416 1221.0533335299501 1226.303341626525 
gen 47 4835 1222.1033351492651 2.1000032386299607 1221.0533335299501 1226.303341626525 
gen 48 4935 1221.0533335299501 0.0 1221.0533335299501 1221.0533335299501 
gen 49 5035 1221.0533335299501 0.0 1221.0533335299501 1221.0533335299501 
gen 50 5135 1221.0533335299501 0.0 1221.0533335299501 1221.0533335299501 
gen 51 5235 1221.0533335299501 0.0 1221.0533335299501 1221.0533335299501 
gen 52 5335 1221.0533335299501 0.0 1221.0533335299501 1221.0533335299501 
gen 53 5435 1221.0533335299501 0.0 1221.0533335299501 1221.0533335299501 
gen 54 5535 1221.0533335299501 0.0 1221.0533335299501 1221.0533335299501 
gen 55 5635 1221.0533335299501 0.0 1221.0533335299501 1221.0533335299501 
gen 56 5735 1221.0533335299501 0.0 1221.0533335299501 1221.0533335299501 
gen 57 5835 1221.0533335299501 0.0 1221.0533335299501 1221.0533335299501 
gen 58 5935 1221.0533335299501 0.0 1221.0533335299501 1221.0533335299501 
gen 59 6035 1221.0533335299501 0.0 1221.0533335299501 1221.0533335299501 
gen 60 6135 1221.0533335299501 0.0 1221.0533335299501 1221.0533335299501 
gen 61 6235 1221.0533335299501 0.0 1221.0533335299501 1221.0533335299501 
gen 62 6335 1221.0533335299501 0.0 1221.0533335299501 1221.0533335299501 
gen 63 6435 1221.0533335299501 0.0 1221.0533335299501 1221.0533335299501 
gen 64 6545 1221.0533335299501 0.0 1221.0533335299501 1221.0533335299501 
gen 65 6665 1220.4053958577408 3.1742333640799156 1204.8548917247128 1221.0533335299501 
gen 66 6765 1220.4053958577408 3.1742333640799156 1204.8548917247128 1221.0533335299501 
gen 67 6865 1218.4615828411122 5.938446857026957 1204.8548917247128 1221.0533335299501 
gen 68 6965 1206.150767069132 4.394527101422824 1204.8548917247128 1221.0533335299501 
gen 69 7065 1204.8548917247128 0.0 1204.8548917247128 1204.8548917247128 
gen 70 7165 1204.8548917247128 0.0 1204.8548917247128 1204.8548917247128 
gen 71 7265 1204.8548917247128 0.0 1204.8548917247128 1204.8548917247128 
gen 72 7365 1204.8548917247128 0.0 1204.8548917247128 1204.8548917247128 
gen 73 7465 1204.8548917247128 0.0 1204.8548917247128 1204.8548917247128 
gen 74 7565 1204.8548917247128 0.0 1204.8548917247128 1204.8548917247128 
gen 75 7665 1204.8548917247128 0.0 1204.8548917247128 1204.8548917247128 
gen 76 7775 1204.8548917247128 0.0 1204.8548917247128 1204.8548917247128 
gen 77 7875 1204.8548917247128 0.0 1204.8548917247128 1204.8548917247128 
gen 78 7975 1204.8548917247128 0.0 1204.8548917247128 1204.8548917247128 
gen 79 8075 1204.8548917247128 0.0 1204.8548917247128 1204.8548917247128 
gen 80 8175 1204.8548917247128 0.0 1204.8548917247128 1204.8548917247128 
gen 81 8275 1204.8548917247128 0.0 1204.8548917247128 1204.8548917247128 
gen 82 8375 1204.8548917247128 0.0 1204.8548917247128 1204.8548917247128 
gen 83 8475 1204.8548917247128 0.0 1204.8548917247128 1204.8548917247128 
gen 84 8575 1204.8548917247128 0.0 1204.8548917247128 1204.8548917247128 
gen 85 8675 1204.8548917247128 0.0 1204.8548917247128 1204.8548917247128 
gen 86 8775 1204.8548917247128 0.0 1204.8548917247128 1204.8548917247128 
gen 87 8875 1204.8548917247128 0.0 1204.8548917247128 1204.8548917247128 
gen 88 8975 1204.8548917247128 0.0 1204.8548917247128 1204.8548917247128 
gen 89 9075 1204.8548917247128 0.0 1204.8548917247128 1204.8548917247128 
gen 90 9175 1204.8548917247128 0.0 1204.8548917247128 1204.8548917247128 
gen 91 9275 1204.8548917247128 0.0 1204.8548917247128 1204.8548917247128 
gen 92 9385 1204.8548917247128 0.0 1204.8548917247128 1204.8548917247128 
gen 93 9485 1204.8548917247128 0.0 1204.8548917247128 1204.8548917247128 
gen 94 9605 1204.748946972888 0.5190211657944943 1202.2062729290858 1204.8548917247128 
gen 95 9705 1204.3251679655875 1.0594475182508178 1202.2062729290858 1204.8548917247128 
gen 96 9815 1202.5241071845612 0.8606992325965901 1202.2062729290858 1204.8548917247128 
gen 97 9925 1202.2062729290858 0.0 1202.2062729290858 1202.2062729290858 
gen 98 10025 1202.2062729290858 0.0 1202.2062729290858 1202.2062729290858 
gen 99 10135 1202.2062729290858 0.0 1202.2062729290858 1202.2062729290858 
gen 100 10235 1202.2062729290858 0.0 1202.2062729290858 1202.2062729290858 
gen 101 10335 1202.2062729290858 0.0 1202.2062729290858 1202.2062729290858 
gen 102 10435 1202.2062729290858 0.0 1202.2062729290858 1202.2062729290858 
gen 103 10535 1202.2062729290858 0.0 1202.2062729290858 1202.2062729290858 
gen 104 10635 1202.2062729290858 0.0 1202.2062729290858 1202.2062729290858 
gen 105 10735 1202.2062729290858 0.0 1202.2062729290858 1202.2062729290858 
gen 106 10835 1202.2062729290858 0.0 1202.2062729290858 1202.2062729290858 
gen 107 10945 1202.2062729290858 0.0 1202.2062729290858 1202.2062729290858 
gen 108 11045 1202.2062729290858 0.0 1202.2062729290858 1202.2062729290858 
gen 109 11145 1202.2062729290858 0.0 1202.2062729290858 1202.2062729290858 
gen 110 11245 1202.2062729290858 0.0 1202.2062729290858 1202.2062729290858 
gen 111 11345 1202.2062729290858 0.0 1202.2062729290858 1202.2062729290858 
gen 112 11445 1202.2062729290858 0.0 1202.2062729290858 1202.2062729290858 
gen 113 11545 1202.2062729290858 0.0 1202.2062729290858 1202.2062729290858 
gen 114 11645 1202.2062729290858 0.0 1202.2062729290858 1202.2062729290858 
gen 115 11745 1202.2062729290858 0.0 1202.2062729290858 1202.2062729290858 
gen 116 11855 1202.2062729290858 0.0 1202.2062729290858 1202.2062729290858 
gen 117 11955 1202.2062729290858 0.0 1202.2062729290858 1202.2062729290858 
gen 118 12065 1202.2062729290858 0.0 1202.2062729290858 1202.2062729290858 
gen 119 12165 1202.2062729290858 0.0 1202.2062729290858 1202.2062729290858 
gen 120 12275 1202.2062729290858 0.0 1202.2062729290858 1202.2062729290858 
gen 121 12375 1202.2062729290858 0.0 1202.2062729290858 1202.2062729290858 
gen 122 12475 1202.2062729290858 0.0 1202.2062729290858 1202.2062729290858 
gen 123 12575 1202.2062729290858 0.0 1202.2062729290858 1202.2062729290858 
gen 124 12685 1202.2062729290858 0.0 1202.2062729290858 1202.2062729290858 
gen 125 12785 1202.2062729290858 0.0 1202.2062729290858 1202.2062729290858 
gen 126 12885 1202.2062729290858 0.0 1202.2062729290858 1202.2062729290858 
gen 127 12995 1202.2062729290858 0.0 1202.2062729290858 1202.2062729290858 
gen 128 13095 1202.2062729290858 0.0 1202.2062729290858 1202.2062729290858 
gen 129 13195 1202.2062729290858 0.0 1202.2062729290858 1202.2062729290858 
gen 130 13305 1202.2062729290858 0.0 1202.2062729290858 1202.2062729290858 
gen 131 13405 1202.2062729290858 0.0 1202.2062729290858 1202.2062729290858 
gen 132 13505 1202.2062729290858 0.0 1202.2062729290858 1202.2062729290858 
gen 133 13605 1202.2062729290858 0.0 1202.2062729290858 1202.2062729290858 
gen 134 13715 1202.2062729290858 0.0 1202.2062729290858 1202.2062729290858 
gen 135 13825 1202.2062729290858 0.0 1202.2062729290858 1202.2062729290858 
gen 136 13925 1202.2062729290858 0.0 1202.2062729290858 1202.2062729290858 
gen 137 14025 1202.2062729290858 0.0 1202.2062729290858 1202.2062729290858 
gen 138 14125 1202.2062729290858 0.0 1202.2062729290858 1202.2062729290858 
gen 139 14225 1202.2062729290858 0.0 1202.2062729290858 1202.2062729290858 
gen 140 14335 1202.2062729290858 0.0 1202.2062729290858 1202.2062729290858 
gen 141 14445 1202.2062729290858 0.0 1202.2062729290858 1202.2062729290858 
gen 142 14545 1202.2062729290858 0.0 1202.2062729290858 1202.2062729290858 
gen 143 14645 1202.2062729290858 0.0 1202.2062729290858 1202.2062729290858 
gen 144 14745 1202.2062729290858 0.0 1202.2062729290858 1202.2062729290858 
gen 145 14855 1202.2062729290858 0.0 1202.2062729290858 1202.2062729290858 
gen 146 14955 1202.2062729290858 0.0 1202.2062729290858 1202.2062729290858 
gen 147 15055 1202.2062729290858 0.0 1202.2062729290858 1202.2062729290858 
gen 148 15155 1202.2062729290858 0.0 1202.2062729290858 1202.2062729290858 
gen 149 15255 1202.2062729290858 0.0 1202.2062729290858 1202.2062729290858 
gen 150 15355 1202.2062729290858 0.0 1202.2062729290858 1202.2062729290858 
gen 151 15455 1202.2062729290858 0.0 1202.2062729290858 1202.2062729290858 
gen 152 15565 1202.2062729290858 0.0 1202.2062729290858 1202.2062729290858 
gen 153 15665 1202.2062729290858 0.0 1202.2062729290858 1202.2062729290858 
gen 154 15765 1202.2062729290858 0.0 1202.2062729290858 1202.2062729290858 
gen 155 15865 1202.2062729290858 0.0 1202.2062729290858 1202.2062729290858 
gen 156 15975 1202.2062729290858 0.0 1202.2062729290858 1202.2062729290858 
gen 157 16075 1202.2062729290858 0.0 1202.2062729290858 1202.2062729290858 
gen 158 16175 1202.2062729290858 0.0 1202.2062729290858 1202.2062729290858 
gen 159 16275 1202.2062729290858 0.0 1202.2062729290858 1202.2062729290858 
gen 160 16385 1202.2062729290858 0.0 1202.2062729290858 1202.2062729290858 
gen 161 16485 1202.2062729290858 0.0 1202.2062729290858 1202.2062729290858 
gen 162 16585 1202.2062729290858 0.0 1202.2062729290858 1202.2062729290858 
gen 163 16695 1202.2062729290858 0.0 1202.2062729290858 1202.2062729290858 
gen 164 16795 1202.2062729290858 0.0 1202.2062729290858 1202.2062729290858 
gen 165 16905 1202.2062729290858 0.0 1202.2062729290858 1202.2062729290858 
gen 166 17005 1202.2062729290858 0.0 1202.2062729290858 1202.2062729290858 
gen 167 17105 1202.2062729290858 0.0 1202.2062729290858 1202.2062729290858 
gen 168 17215 1202.2062729290858 0.0 1202.2062729290858 1202.2062729290858 
gen 169 17325 1202.2062729290858 0.0 1202.2062729290858 1202.2062729290858 
gen 170 17435 1202.2062729290858 0.0 1202.2062729290858 1202.2062729290858 
gen 171 17535 1202.2062729290858 0.0 1202.2062729290858 1202.2062729290858 
[2, 1, 4, 3, 0, 0, 2, 1, 4, 3, 0, 2, 1, 4, 3, 0, 1, 4, 3, 2, 0, 2, 1, 4, 3]
min  1202.2062729290858
NFE 17535
LSNFE 410
VLSNFE 4
runTime 9.844371557235718
