gen 0 25 1200003899.8044086 3249613921.387998 1835.8430850720156 9999999999.0 
gen 1 125 2079.32298577224 163.444844608054 1812.7265939351753 2385.8799959613907 
gen 2 225 1800.449636902708 149.46943778814014 1436.8961671551433 2002.7619327773045 
gen 3 325 1664.5422669273446 108.23527818723709 1413.43794699581 1798.120002488115 
gen 4 425 1594.657675391146 102.61201491082934 1399.817828101392 1714.9669619504805 
gen 5 525 1537.1829862033296 82.18899463107475 1383.4795087113728 1645.7484736505735 
gen 6 625 1494.3216419094742 74.79768516994932 1305.076303043455 1579.463822384634 
gen 7 745 1462.8018714890743 68.92776717135214 1251.5674144394561 1549.5671389288439 
gen 8 855 1413.047072081283 62.019566879860335 1251.5674144394561 1488.7452024401282 
gen 9 955 1369.952034264385 53.41409228761743 1251.5674144394561 1436.8961671551433 
gen 10 1055 1316.077737957527 27.32789896902566 1251.5674144394561 1364.2040866464536 
gen 11 1155 1293.8677136787164 16.588184916495795 1251.5674144394561 1324.6268743574724 
gen 12 1255 1280.0025860576538 13.523578684680503 1251.5674144394561 1289.7441621331964 
gen 13 1355 1277.0012432532894 13.941005945912044 1251.5674144394561 1289.7441621331964 
gen 14 1455 1262.1515005160645 6.705056343666571 1251.5674144394561 1270.937483127449 
gen 15 1555 1250.8434474580383 7.162031146035171 1216.3298200450308 1257.1989691615906 
gen 16 1655 1246.2319314322738 11.702930642983135 1216.3298200450308 1251.5674144394561 
gen 17 1755 1227.7410369280997 12.351235596834194 1216.3298200450308 1251.5674144394561 
gen 18 1865 1216.60711714047 0.5545941908786517 1216.3298200450308 1217.7163055222275 
gen 19 1965 1216.3298200450308 0.0 1216.3298200450308 1216.3298200450308 
gen 20 2065 1216.3298200450308 0.0 1216.3298200450308 1216.3298200450308 
gen 21 2175 1216.3298200450308 0.0 1216.3298200450308 1216.3298200450308 
gen 22 2275 1216.3298200450308 0.0 1216.3298200450308 1216.3298200450308 
gen 23 2375 1216.3298200450308 0.0 1216.3298200450308 1216.3298200450308 
gen 24 2485 1216.3298200450308 0.0 1216.3298200450308 1216.3298200450308 
gen 25 2585 1216.3298200450308 0.0 1216.3298200450308 1216.3298200450308 
gen 26 2685 1216.3298200450308 0.0 1216.3298200450308 1216.3298200450308 
gen 27 2785 1216.3298200450308 0.0 1216.3298200450308 1216.3298200450308 
gen 28 2885 1216.3298200450308 0.0 1216.3298200450308 1216.3298200450308 
gen 29 2985 1216.3298200450308 0.0 1216.3298200450308 1216.3298200450308 
gen 30 3085 1216.3298200450308 0.0 1216.3298200450308 1216.3298200450308 
gen 31 3185 1216.3298200450308 0.0 1216.3298200450308 1216.3298200450308 
gen 32 3285 1216.3298200450308 0.0 1216.3298200450308 1216.3298200450308 
gen 33 3385 1216.3298200450308 0.0 1216.3298200450308 1216.3298200450308 
gen 34 3495 1216.3298200450308 0.0 1216.3298200450308 1216.3298200450308 
gen 35 3595 1216.3298200450308 0.0 1216.3298200450308 1216.3298200450308 
gen 36 3695 1216.3298200450308 0.0 1216.3298200450308 1216.3298200450308 
gen 37 3805 1216.3298200450308 0.0 1216.3298200450308 1216.3298200450308 
gen 38 3905 1216.3298200450308 0.0 1216.3298200450308 1216.3298200450308 
gen 39 4015 1216.3298200450308 0.0 1216.3298200450308 1216.3298200450308 
gen 40 4115 1216.3298200450308 0.0 1216.3298200450308 1216.3298200450308 
gen 41 4225 1216.3298200450308 0.0 1216.3298200450308 1216.3298200450308 
gen 42 4325 1216.3298200450308 0.0 1216.3298200450308 1216.3298200450308 
gen 43 4425 1216.3298200450308 0.0 1216.3298200450308 1216.3298200450308 
gen 44 4525 1216.3298200450308 0.0 1216.3298200450308 1216.3298200450308 
gen 45 4625 1216.3298200450308 0.0 1216.3298200450308 1216.3298200450308 
gen 46 4725 1216.3298200450308 0.0 1216.3298200450308 1216.3298200450308 
gen 47 4835 1216.3298200450308 0.0 1216.3298200450308 1216.3298200450308 
gen 48 4945 1216.3298200450308 0.0 1216.3298200450308 1216.3298200450308 
gen 49 5045 1216.3298200450308 0.0 1216.3298200450308 1216.3298200450308 
gen 50 5145 1216.3298200450308 0.0 1216.3298200450308 1216.3298200450308 
gen 51 5245 1216.3298200450308 0.0 1216.3298200450308 1216.3298200450308 
gen 52 5345 1216.3298200450308 0.0 1216.3298200450308 1216.3298200450308 
gen 53 5445 1216.3298200450308 0.0 1216.3298200450308 1216.3298200450308 
gen 54 5545 1216.3298200450308 0.0 1216.3298200450308 1216.3298200450308 
gen 55 5645 1216.3298200450308 0.0 1216.3298200450308 1216.3298200450308 
gen 56 5745 1216.3298200450308 0.0 1216.3298200450308 1216.3298200450308 
gen 57 5845 1216.3298200450308 0.0 1216.3298200450308 1216.3298200450308 
gen 58 5945 1216.3298200450308 0.0 1216.3298200450308 1216.3298200450308 
gen 59 6045 1216.3298200450308 0.0 1216.3298200450308 1216.3298200450308 
gen 60 6155 1216.3298200450308 0.0 1216.3298200450308 1216.3298200450308 
gen 61 6265 1216.3298200450308 0.0 1216.3298200450308 1216.3298200450308 
gen 62 6375 1216.3298200450308 0.0 1216.3298200450308 1216.3298200450308 
gen 63 6475 1216.3298200450308 0.0 1216.3298200450308 1216.3298200450308 
gen 64 6575 1216.3298200450308 0.0 1216.3298200450308 1216.3298200450308 
gen 65 6675 1216.3298200450308 0.0 1216.3298200450308 1216.3298200450308 
gen 66 6785 1216.3298200450308 0.0 1216.3298200450308 1216.3298200450308 
gen 67 6885 1216.3298200450308 0.0 1216.3298200450308 1216.3298200450308 
gen 68 6985 1216.3298200450308 0.0 1216.3298200450308 1216.3298200450308 
gen 69 7085 1216.3298200450308 0.0 1216.3298200450308 1216.3298200450308 
gen 70 7185 1216.3298200450308 0.0 1216.3298200450308 1216.3298200450308 
gen 71 7285 1216.3298200450308 0.0 1216.3298200450308 1216.3298200450308 
gen 72 7385 1216.3298200450308 0.0 1216.3298200450308 1216.3298200450308 
gen 73 7485 1216.3298200450308 0.0 1216.3298200450308 1216.3298200450308 
gen 74 7595 1216.3298200450308 0.0 1216.3298200450308 1216.3298200450308 
gen 75 7695 1216.3298200450308 0.0 1216.3298200450308 1216.3298200450308 
gen 76 7795 1216.3298200450308 0.0 1216.3298200450308 1216.3298200450308 
gen 77 7895 1216.3298200450308 0.0 1216.3298200450308 1216.3298200450308 
gen 78 7995 1216.3298200450308 0.0 1216.3298200450308 1216.3298200450308 
gen 79 8095 1216.3298200450308 0.0 1216.3298200450308 1216.3298200450308 
gen 80 8195 1216.3298200450308 0.0 1216.3298200450308 1216.3298200450308 
gen 81 8295 1216.3298200450308 0.0 1216.3298200450308 1216.3298200450308 
gen 82 8395 1216.3298200450308 0.0 1216.3298200450308 1216.3298200450308 
gen 83 8515 1214.9749784729859 6.6373410676398015 1182.4587807439116 1216.3298200450308 
gen 84 8625 1209.555612184807 13.548415720447702 1182.4587807439116 1216.3298200450308 
gen 85 8725 1182.4587807439116 0.0 1182.4587807439116 1182.4587807439116 
gen 86 8835 1182.4587807439116 0.0 1182.4587807439116 1182.4587807439116 
gen 87 8935 1182.4587807439116 0.0 1182.4587807439116 1182.4587807439116 
gen 88 9045 1182.4587807439116 0.0 1182.4587807439116 1182.4587807439116 
gen 89 9145 1182.4587807439116 0.0 1182.4587807439116 1182.4587807439116 
gen 90 9245 1182.4587807439116 0.0 1182.4587807439116 1182.4587807439116 
gen 91 9345 1182.4587807439116 0.0 1182.4587807439116 1182.4587807439116 
gen 92 9445 1182.4587807439116 0.0 1182.4587807439116 1182.4587807439116 
gen 93 9555 1182.4587807439116 0.0 1182.4587807439116 1182.4587807439116 
gen 94 9655 1182.4587807439116 0.0 1182.4587807439116 1182.4587807439116 
gen 95 9755 1182.4587807439116 0.0 1182.4587807439116 1182.4587807439116 
gen 96 9865 1182.4587807439116 0.0 1182.4587807439116 1182.4587807439116 
gen 97 9965 1182.4587807439116 0.0 1182.4587807439116 1182.4587807439116 
gen 98 10065 1182.4587807439116 0.0 1182.4587807439116 1182.4587807439116 
gen 99 10175 1182.4587807439116 0.0 1182.4587807439116 1182.4587807439116 
gen 100 10275 1182.4587807439116 0.0 1182.4587807439116 1182.4587807439116 
gen 101 10385 1182.4587807439116 0.0 1182.4587807439116 1182.4587807439116 
gen 102 10485 1182.4587807439116 0.0 1182.4587807439116 1182.4587807439116 
gen 103 10595 1182.4587807439116 0.0 1182.4587807439116 1182.4587807439116 
gen 104 10695 1182.4587807439116 0.0 1182.4587807439116 1182.4587807439116 
gen 105 10805 1182.4587807439116 0.0 1182.4587807439116 1182.4587807439116 
gen 106 10905 1182.4587807439116 0.0 1182.4587807439116 1182.4587807439116 
gen 107 11005 1182.4587807439116 0.0 1182.4587807439116 1182.4587807439116 
gen 108 11115 1182.4587807439116 0.0 1182.4587807439116 1182.4587807439116 
gen 109 11215 1182.4587807439116 0.0 1182.4587807439116 1182.4587807439116 
gen 110 11315 1182.4587807439116 0.0 1182.4587807439116 1182.4587807439116 
gen 111 11415 1182.4587807439116 0.0 1182.4587807439116 1182.4587807439116 
gen 112 11515 1182.4587807439116 0.0 1182.4587807439116 1182.4587807439116 
gen 113 11615 1182.4587807439116 0.0 1182.4587807439116 1182.4587807439116 
gen 114 11715 1182.4587807439116 0.0 1182.4587807439116 1182.4587807439116 
gen 115 11815 1182.4587807439116 0.0 1182.4587807439116 1182.4587807439116 
gen 116 11925 1182.4587807439116 0.0 1182.4587807439116 1182.4587807439116 
gen 117 12025 1182.4587807439116 0.0 1182.4587807439116 1182.4587807439116 
gen 118 12125 1182.4587807439116 0.0 1182.4587807439116 1182.4587807439116 
gen 119 12225 1182.4587807439116 0.0 1182.4587807439116 1182.4587807439116 
gen 120 12325 1182.4587807439116 0.0 1182.4587807439116 1182.4587807439116 
gen 121 12435 1182.4587807439116 0.0 1182.4587807439116 1182.4587807439116 
gen 122 12545 1182.4587807439116 0.0 1182.4587807439116 1182.4587807439116 
gen 123 12645 1182.4587807439116 0.0 1182.4587807439116 1182.4587807439116 
gen 124 12755 1182.4587807439116 0.0 1182.4587807439116 1182.4587807439116 
gen 125 12855 1182.4587807439116 0.0 1182.4587807439116 1182.4587807439116 
gen 126 12955 1182.4587807439116 0.0 1182.4587807439116 1182.4587807439116 
gen 127 13055 1182.4587807439116 0.0 1182.4587807439116 1182.4587807439116 
gen 128 13155 1182.4587807439116 0.0 1182.4587807439116 1182.4587807439116 
gen 129 13255 1182.4587807439116 0.0 1182.4587807439116 1182.4587807439116 
gen 130 13355 1182.4587807439116 0.0 1182.4587807439116 1182.4587807439116 
gen 131 13455 1182.4587807439116 0.0 1182.4587807439116 1182.4587807439116 
gen 132 13555 1182.4587807439116 0.0 1182.4587807439116 1182.4587807439116 
gen 133 13665 1182.4587807439116 0.0 1182.4587807439116 1182.4587807439116 
gen 134 13775 1182.4587807439116 0.0 1182.4587807439116 1182.4587807439116 
gen 135 13875 1182.4587807439116 0.0 1182.4587807439116 1182.4587807439116 
gen 136 13975 1182.4587807439116 0.0 1182.4587807439116 1182.4587807439116 
gen 137 14075 1182.4587807439116 0.0 1182.4587807439116 1182.4587807439116 
gen 138 14175 1182.4587807439116 0.0 1182.4587807439116 1182.4587807439116 
gen 139 14275 1182.4587807439116 0.0 1182.4587807439116 1182.4587807439116 
gen 140 14375 1182.4587807439116 0.0 1182.4587807439116 1182.4587807439116 
gen 141 14475 1182.4587807439116 0.0 1182.4587807439116 1182.4587807439116 
gen 142 14585 1182.4587807439116 0.0 1182.4587807439116 1182.4587807439116 
gen 143 14695 1182.4587807439116 0.0 1182.4587807439116 1182.4587807439116 
gen 144 14795 1182.4587807439116 0.0 1182.4587807439116 1182.4587807439116 
gen 145 14895 1182.4587807439116 0.0 1182.4587807439116 1182.4587807439116 
gen 146 14995 1182.4587807439116 0.0 1182.4587807439116 1182.4587807439116 
gen 147 15105 1182.4587807439116 0.0 1182.4587807439116 1182.4587807439116 
gen 148 15215 1182.4587807439116 0.0 1182.4587807439116 1182.4587807439116 
gen 149 15315 1182.4587807439116 0.0 1182.4587807439116 1182.4587807439116 
gen 150 15415 1182.4587807439116 0.0 1182.4587807439116 1182.4587807439116 
gen 151 15515 1182.4587807439116 0.0 1182.4587807439116 1182.4587807439116 
gen 152 15615 1182.4587807439116 0.0 1182.4587807439116 1182.4587807439116 
gen 153 15715 1182.4587807439116 0.0 1182.4587807439116 1182.4587807439116 
gen 154 15815 1182.4587807439116 0.0 1182.4587807439116 1182.4587807439116 
gen 155 15925 1182.4587807439116 0.0 1182.4587807439116 1182.4587807439116 
gen 156 16025 1182.4587807439116 0.0 1182.4587807439116 1182.4587807439116 
gen 157 16125 1182.4587807439116 0.0 1182.4587807439116 1182.4587807439116 
gen 158 16225 1182.4587807439116 0.0 1182.4587807439116 1182.4587807439116 
gen 159 16325 1182.4587807439116 0.0 1182.4587807439116 1182.4587807439116 
gen 160 16425 1182.4587807439116 0.0 1182.4587807439116 1182.4587807439116 
gen 161 16525 1182.4587807439116 0.0 1182.4587807439116 1182.4587807439116 
gen 162 16635 1182.4587807439116 0.0 1182.4587807439116 1182.4587807439116 
gen 163 16745 1182.4587807439116 0.0 1182.4587807439116 1182.4587807439116 
gen 164 16845 1182.4587807439116 0.0 1182.4587807439116 1182.4587807439116 
gen 165 16945 1182.4587807439116 0.0 1182.4587807439116 1182.4587807439116 
gen 166 17055 1182.4587807439116 0.0 1182.4587807439116 1182.4587807439116 
gen 167 17155 1182.4587807439116 0.0 1182.4587807439116 1182.4587807439116 
gen 168 17265 1182.4587807439116 0.0 1182.4587807439116 1182.4587807439116 
gen 169 17365 1182.4587807439116 0.0 1182.4587807439116 1182.4587807439116 
gen 170 17465 1182.4587807439116 0.0 1182.4587807439116 1182.4587807439116 
gen 171 17565 1182.4587807439116 0.0 1182.4587807439116 1182.4587807439116 
[0, 1, 2, 3, 4, 0, 1, 2, 3, 4, 0, 1, 2, 3, 4, 0, 1, 2, 3, 4, 0, 1, 2, 3, 4]
min  1182.4587807439116
NFE 17565
LSNFE 440
VLSNFE 3
runTime 9.89838457107544
