gen 0 25 800003483.3688639 2712930965.7665515 1615.5567526278219 9999999999.0 
gen 1 125 1951.591025461653 189.53161150396565 1568.3320078548672 2246.23844676013 
gen 2 225 1707.0748784667821 102.38499313177142 1508.3899631488039 1865.0898879060935 
gen 3 325 1608.2813385820423 82.06301071650613 1353.9219290248998 1712.6005348578917 
gen 4 425 1535.1114813017077 68.91984345486289 1353.9219290248998 1621.8304510870817 
gen 5 525 1471.9797303555927 60.903674777171126 1338.639379408694 1550.3830823928704 
gen 6 625 1425.3722820810344 52.86899715362073 1319.866411497041 1494.1459180818495 
gen 7 725 1402.1898334537289 46.64531252033989 1319.866411497041 1473.2716913367026 
gen 8 825 1359.6734183214967 28.119640156419667 1285.8495679917125 1398.3278103297275 
gen 9 925 1332.6241070609155 19.876342939975782 1285.8495679917125 1353.9219290248998 
gen 10 1025 1315.5592620153423 13.3964637319718 1285.8495679917125 1322.14659749169 
gen 11 1125 1304.646265570676 24.69845260863061 1225.6796505132286 1322.14659749169 
gen 12 1235 1275.159919396695 20.013854785933134 1225.6796505132286 1285.8495679917125 
gen 13 1335 1257.7992720489717 22.319528307703674 1219.9819018497271 1285.8495679917125 
gen 14 1435 1227.2630934118172 6.4747523836998875 1219.9819018497271 1240.8048114243343 
gen 15 1535 1208.7690601256807 12.27951387421798 1190.9891536713233 1222.9857475076383 
gen 16 1635 1191.8501625783474 1.9728192452347693 1190.9891536713233 1196.3704593402244 
gen 17 1735 1190.9891536713233 0.0 1190.9891536713233 1190.9891536713233 
gen 18 1835 1190.9891536713233 0.0 1190.9891536713233 1190.9891536713233 
gen 19 1945 1190.9891536713233 0.0 1190.9891536713233 1190.9891536713233 
gen 20 2045 1190.9891536713233 0.0 1190.9891536713233 1190.9891536713233 
gen 21 2145 1190.9891536713233 0.0 1190.9891536713233 1190.9891536713233 
gen 22 2245 1190.9891536713233 0.0 1190.9891536713233 1190.9891536713233 
gen 23 2345 1190.9891536713233 0.0 1190.9891536713233 1190.9891536713233 
gen 24 2455 1190.9891536713233 0.0 1190.9891536713233 1190.9891536713233 
gen 25 2555 1190.9891536713233 0.0 1190.9891536713233 1190.9891536713233 
gen 26 2655 1190.9891536713233 0.0 1190.9891536713233 1190.9891536713233 
gen 27 2755 1190.9891536713233 0.0 1190.9891536713233 1190.9891536713233 
gen 28 2855 1190.9891536713233 0.0 1190.9891536713233 1190.9891536713233 
gen 29 2955 1190.9891536713233 0.0 1190.9891536713233 1190.9891536713233 
gen 30 3055 1190.9891536713233 0.0 1190.9891536713233 1190.9891536713233 
gen 31 3155 1190.9891536713233 0.0 1190.9891536713233 1190.9891536713233 
gen 32 3255 1190.9891536713233 0.0 1190.9891536713233 1190.9891536713233 
gen 33 3355 1190.9891536713233 0.0 1190.9891536713233 1190.9891536713233 
gen 34 3455 1190.9891536713233 0.0 1190.9891536713233 1190.9891536713233 
gen 35 3555 1190.9891536713233 0.0 1190.9891536713233 1190.9891536713233 
gen 36 3655 1190.9891536713233 0.0 1190.9891536713233 1190.9891536713233 
gen 37 3755 1190.9891536713233 0.0 1190.9891536713233 1190.9891536713233 
gen 38 3855 1190.9891536713233 0.0 1190.9891536713233 1190.9891536713233 
gen 39 3955 1190.9891536713233 0.0 1190.9891536713233 1190.9891536713233 
gen 40 4055 1190.9891536713233 0.0 1190.9891536713233 1190.9891536713233 
gen 41 4155 1190.9891536713233 0.0 1190.9891536713233 1190.9891536713233 
gen 42 4255 1190.9891536713233 0.0 1190.9891536713233 1190.9891536713233 
gen 43 4355 1190.9891536713233 0.0 1190.9891536713233 1190.9891536713233 
gen 44 4465 1190.9891536713233 0.0 1190.9891536713233 1190.9891536713233 
gen 45 4565 1190.9891536713233 0.0 1190.9891536713233 1190.9891536713233 
gen 46 4665 1190.9891536713233 0.0 1190.9891536713233 1190.9891536713233 
gen 47 4775 1190.9891536713233 0.0 1190.9891536713233 1190.9891536713233 
gen 48 4875 1190.9891536713233 0.0 1190.9891536713233 1190.9891536713233 
gen 49 4985 1190.9891536713233 0.0 1190.9891536713233 1190.9891536713233 
gen 50 5085 1190.9891536713233 0.0 1190.9891536713233 1190.9891536713233 
gen 51 5185 1190.9891536713233 0.0 1190.9891536713233 1190.9891536713233 
gen 52 5285 1190.9891536713233 0.0 1190.9891536713233 1190.9891536713233 
gen 53 5385 1190.9891536713233 0.0 1190.9891536713233 1190.9891536713233 
gen 54 5485 1190.9891536713233 0.0 1190.9891536713233 1190.9891536713233 
gen 55 5595 1190.9891536713233 0.0 1190.9891536713233 1190.9891536713233 
gen 56 5695 1190.9891536713233 0.0 1190.9891536713233 1190.9891536713233 
gen 57 5795 1190.9891536713233 0.0 1190.9891536713233 1190.9891536713233 
gen 58 5895 1190.9891536713233 0.0 1190.9891536713233 1190.9891536713233 
gen 59 5995 1190.9891536713233 0.0 1190.9891536713233 1190.9891536713233 
gen 60 6105 1190.9891536713233 0.0 1190.9891536713233 1190.9891536713233 
gen 61 6205 1190.9891536713233 0.0 1190.9891536713233 1190.9891536713233 
gen 62 6305 1190.9891536713233 0.0 1190.9891536713233 1190.9891536713233 
gen 63 6405 1190.9891536713233 0.0 1190.9891536713233 1190.9891536713233 
gen 64 6505 1190.9891536713233 0.0 1190.9891536713233 1190.9891536713233 
gen 65 6605 1190.9891536713233 0.0 1190.9891536713233 1190.9891536713233 
gen 66 6715 1190.9891536713233 0.0 1190.9891536713233 1190.9891536713233 
gen 67 6825 1190.9891536713233 0.0 1190.9891536713233 1190.9891536713233 
gen 68 6925 1190.9891536713233 0.0 1190.9891536713233 1190.9891536713233 
gen 69 7035 1190.9891536713233 0.0 1190.9891536713233 1190.9891536713233 
gen 70 7145 1190.9891536713233 0.0 1190.9891536713233 1190.9891536713233 
gen 71 7245 1190.9891536713233 0.0 1190.9891536713233 1190.9891536713233 
gen 72 7345 1190.9891536713233 0.0 1190.9891536713233 1190.9891536713233 
gen 73 7445 1190.9891536713233 0.0 1190.9891536713233 1190.9891536713233 
gen 74 7545 1190.9891536713233 0.0 1190.9891536713233 1190.9891536713233 
gen 75 7655 1190.9891536713233 0.0 1190.9891536713233 1190.9891536713233 
gen 76 7765 1190.9891536713233 0.0 1190.9891536713233 1190.9891536713233 
gen 77 7865 1190.9891536713233 0.0 1190.9891536713233 1190.9891536713233 
gen 78 7965 1190.9891536713233 0.0 1190.9891536713233 1190.9891536713233 
gen 79 8065 1190.9891536713233 0.0 1190.9891536713233 1190.9891536713233 
gen 80 8165 1190.9891536713233 0.0 1190.9891536713233 1190.9891536713233 
gen 81 8265 1190.9891536713233 0.0 1190.9891536713233 1190.9891536713233 
gen 82 8365 1190.9891536713233 0.0 1190.9891536713233 1190.9891536713233 
gen 83 8465 1190.9891536713233 0.0 1190.9891536713233 1190.9891536713233 
gen 84 8565 1190.9891536713233 0.0 1190.9891536713233 1190.9891536713233 
gen 85 8665 1190.9891536713233 0.0 1190.9891536713233 1190.9891536713233 
gen 86 8765 1190.9891536713233 0.0 1190.9891536713233 1190.9891536713233 
gen 87 8865 1190.9891536713233 0.0 1190.9891536713233 1190.9891536713233 
gen 88 8965 1190.9891536713233 0.0 1190.9891536713233 1190.9891536713233 
gen 89 9075 1190.9891536713233 0.0 1190.9891536713233 1190.9891536713233 
gen 90 9175 1190.9891536713233 0.0 1190.9891536713233 1190.9891536713233 
gen 91 9285 1190.9891536713233 0.0 1190.9891536713233 1190.9891536713233 
gen 92 9385 1190.9891536713233 0.0 1190.9891536713233 1190.9891536713233 
gen 93 9485 1190.9891536713233 0.0 1190.9891536713233 1190.9891536713233 
gen 94 9585 1190.9891536713233 0.0 1190.9891536713233 1190.9891536713233 
gen 95 9685 1190.9891536713233 0.0 1190.9891536713233 1190.9891536713233 
gen 96 9785 1190.9891536713233 0.0 1190.9891536713233 1190.9891536713233 
gen 97 9885 1190.9891536713233 0.0 1190.9891536713233 1190.9891536713233 
gen 98 9985 1190.9891536713233 0.0 1190.9891536713233 1190.9891536713233 
gen 99 10095 1190.9891536713233 0.0 1190.9891536713233 1190.9891536713233 
gen 100 10205 1190.9891536713233 0.0 1190.9891536713233 1190.9891536713233 
gen 101 10315 1190.9891536713233 0.0 1190.9891536713233 1190.9891536713233 
gen 102 10415 1190.9891536713233 0.0 1190.9891536713233 1190.9891536713233 
gen 103 10525 1190.9891536713233 0.0 1190.9891536713233 1190.9891536713233 
gen 104 10625 1190.9891536713233 0.0 1190.9891536713233 1190.9891536713233 
gen 105 10725 1190.9891536713233 0.0 1190.9891536713233 1190.9891536713233 
gen 106 10825 1190.9891536713233 0.0 1190.9891536713233 1190.9891536713233 
gen 107 10925 1190.9891536713233 0.0 1190.9891536713233 1190.9891536713233 
gen 108 11025 1190.9891536713233 0.0 1190.9891536713233 1190.9891536713233 
gen 109 11125 1190.9891536713233 0.0 1190.9891536713233 1190.9891536713233 
gen 110 11225 1190.9891536713233 0.0 1190.9891536713233 1190.9891536713233 
gen 111 11325 1190.9891536713233 0.0 1190.9891536713233 1190.9891536713233 
gen 112 11425 1190.9891536713233 0.0 1190.9891536713233 1190.9891536713233 
gen 113 11525 1190.9891536713233 0.0 1190.9891536713233 1190.9891536713233 
gen 114 11635 1190.9891536713233 0.0 1190.9891536713233 1190.9891536713233 
gen 115 11735 1190.9891536713233 0.0 1190.9891536713233 1190.9891536713233 
gen 116 11835 1190.9891536713233 0.0 1190.9891536713233 1190.9891536713233 
gen 117 11945 1190.9891536713233 0.0 1190.9891536713233 1190.9891536713233 
gen 118 12045 1190.9891536713233 0.0 1190.9891536713233 1190.9891536713233 
gen 119 12145 1190.9891536713233 0.0 1190.9891536713233 1190.9891536713233 
gen 120 12245 1190.9891536713233 0.0 1190.9891536713233 1190.9891536713233 
gen 121 12345 1190.9891536713233 0.0 1190.9891536713233 1190.9891536713233 
gen 122 12445 1190.9891536713233 0.0 1190.9891536713233 1190.9891536713233 
gen 123 12545 1190.9891536713233 0.0 1190.9891536713233 1190.9891536713233 
gen 124 12645 1190.9891536713233 0.0 1190.9891536713233 1190.9891536713233 
gen 125 12745 1190.9891536713233 0.0 1190.9891536713233 1190.9891536713233 
gen 126 12845 1190.9891536713233 0.0 1190.9891536713233 1190.9891536713233 
gen 127 12945 1190.9891536713233 0.0 1190.9891536713233 1190.9891536713233 
gen 128 13045 1190.9891536713233 0.0 1190.9891536713233 1190.9891536713233 
gen 129 13145 1190.9891536713233 0.0 1190.9891536713233 1190.9891536713233 
gen 130 13245 1190.9891536713233 0.0 1190.9891536713233 1190.9891536713233 
gen 131 13345 1190.9891536713233 0.0 1190.9891536713233 1190.9891536713233 
gen 132 13445 1190.9891536713233 0.0 1190.9891536713233 1190.9891536713233 
gen 133 13545 1190.9891536713233 0.0 1190.9891536713233 1190.9891536713233 
gen 134 13645 1190.9891536713233 0.0 1190.9891536713233 1190.9891536713233 
gen 135 13755 1190.9891536713233 0.0 1190.9891536713233 1190.9891536713233 
gen 136 13855 1190.9891536713233 0.0 1190.9891536713233 1190.9891536713233 
gen 137 13955 1190.9891536713233 0.0 1190.9891536713233 1190.9891536713233 
gen 138 14055 1190.9891536713233 0.0 1190.9891536713233 1190.9891536713233 
gen 139 14155 1190.9891536713233 0.0 1190.9891536713233 1190.9891536713233 
gen 140 14255 1190.9891536713233 0.0 1190.9891536713233 1190.9891536713233 
gen 141 14355 1190.9891536713233 0.0 1190.9891536713233 1190.9891536713233 
gen 142 14455 1190.9891536713233 0.0 1190.9891536713233 1190.9891536713233 
gen 143 14555 1190.9891536713233 0.0 1190.9891536713233 1190.9891536713233 
gen 144 14655 1190.9891536713233 0.0 1190.9891536713233 1190.9891536713233 
gen 145 14765 1190.9891536713233 0.0 1190.9891536713233 1190.9891536713233 
gen 146 14865 1190.9891536713233 0.0 1190.9891536713233 1190.9891536713233 
gen 147 14965 1190.9891536713233 0.0 1190.9891536713233 1190.9891536713233 
gen 148 15065 1190.9891536713233 0.0 1190.9891536713233 1190.9891536713233 
gen 149 15175 1190.9891536713233 0.0 1190.9891536713233 1190.9891536713233 
gen 150 15275 1190.9891536713233 0.0 1190.9891536713233 1190.9891536713233 
gen 151 15375 1190.9891536713233 0.0 1190.9891536713233 1190.9891536713233 
gen 152 15475 1190.9891536713233 0.0 1190.9891536713233 1190.9891536713233 
gen 153 15575 1190.9891536713233 0.0 1190.9891536713233 1190.9891536713233 
gen 154 15675 1190.9891536713233 0.0 1190.9891536713233 1190.9891536713233 
gen 155 15775 1190.9891536713233 0.0 1190.9891536713233 1190.9891536713233 
gen 156 15875 1190.9891536713233 0.0 1190.9891536713233 1190.9891536713233 
gen 157 15975 1190.9891536713233 0.0 1190.9891536713233 1190.9891536713233 
gen 158 16075 1190.9891536713233 0.0 1190.9891536713233 1190.9891536713233 
gen 159 16175 1190.9891536713233 0.0 1190.9891536713233 1190.9891536713233 
gen 160 16275 1190.9891536713233 0.0 1190.9891536713233 1190.9891536713233 
gen 161 16375 1190.9891536713233 0.0 1190.9891536713233 1190.9891536713233 
gen 162 16485 1190.9891536713233 0.0 1190.9891536713233 1190.9891536713233 
gen 163 16585 1190.9891536713233 0.0 1190.9891536713233 1190.9891536713233 
gen 164 16685 1190.9891536713233 0.0 1190.9891536713233 1190.9891536713233 
gen 165 16785 1190.9891536713233 0.0 1190.9891536713233 1190.9891536713233 
gen 166 16885 1190.9891536713233 0.0 1190.9891536713233 1190.9891536713233 
gen 167 16985 1190.9891536713233 0.0 1190.9891536713233 1190.9891536713233 
gen 168 17085 1190.9891536713233 0.0 1190.9891536713233 1190.9891536713233 
gen 169 17185 1190.9891536713233 0.0 1190.9891536713233 1190.9891536713233 
gen 170 17285 1190.9891536713233 0.0 1190.9891536713233 1190.9891536713233 
gen 171 17385 1190.9891536713233 0.0 1190.9891536713233 1190.9891536713233 
gen 172 17485 1190.9891536713233 0.0 1190.9891536713233 1190.9891536713233 
gen 173 17585 1190.9891536713233 0.0 1190.9891536713233 1190.9891536713233 
[4, 3, 0, 2, 1, 4, 3, 0, 2, 1, 4, 3, 0, 2, 1, 4, 3, 0, 2, 1, 4, 3, 0, 2, 1]
min  1190.9891536713233
NFE 17585
LSNFE 260
VLSNFE 0
runTime 9.901244163513184
