gen 0 25 2400003382.653158 4270829399.3646803 1708.6227767836226 9999999999.0 
gen 1 125 2044.8138709291677 265.9473807023962 1463.0114327187955 2426.425540012234 
gen 2 245 1841.7356004761232 153.548900195498 1370.9145386948783 2047.8694301851124 
gen 3 345 1710.8334754708083 111.75002990800066 1370.9145386948783 1836.0306694346327 
gen 4 445 1658.0139177368844 87.62764156573144 1370.9145386948783 1777.383567505122 
gen 5 555 1589.683638961438 75.6130003591408 1370.9145386948783 1655.0485743101053 
gen 6 655 1555.4842286708358 72.47129825397003 1370.9145386948783 1635.2681894832747 
gen 7 755 1493.676340491571 60.15435462129586 1370.9145386948783 1580.1483166791136 
gen 8 855 1453.1697344794295 57.44671922181466 1350.3209541932533 1542.0675614528836 
gen 9 965 1421.5868028968675 37.46101617580067 1350.3209541932533 1476.0730715324407 
gen 10 1065 1383.486187732165 27.157831727765696 1319.9376817860962 1419.1045460136331 
gen 11 1165 1360.219847060855 18.146945067250194 1319.9376817860962 1378.2389574789297 
gen 12 1265 1341.8203801944694 28.25833082428008 1242.2499849389897 1370.9145386948783 
gen 13 1375 1307.8372077627062 29.34274971434786 1242.2499849389897 1334.7030361272325 
gen 14 1475 1264.5256107234259 23.37844021461737 1242.2499849389897 1301.0537262442804 
gen 15 1575 1242.2499849389897 0.0 1242.2499849389897 1242.2499849389897 
gen 16 1675 1242.2499849389897 0.0 1242.2499849389897 1242.2499849389897 
gen 17 1775 1242.2499849389897 0.0 1242.2499849389897 1242.2499849389897 
gen 18 1875 1242.2499849389897 0.0 1242.2499849389897 1242.2499849389897 
gen 19 1975 1242.2499849389897 0.0 1242.2499849389897 1242.2499849389897 
gen 20 2075 1242.2499849389897 0.0 1242.2499849389897 1242.2499849389897 
gen 21 2175 1242.2499849389897 0.0 1242.2499849389897 1242.2499849389897 
gen 22 2275 1242.2499849389897 0.0 1242.2499849389897 1242.2499849389897 
gen 23 2375 1242.2499849389897 0.0 1242.2499849389897 1242.2499849389897 
gen 24 2475 1242.2499849389897 0.0 1242.2499849389897 1242.2499849389897 
gen 25 2575 1242.2499849389897 0.0 1242.2499849389897 1242.2499849389897 
gen 26 2675 1242.2499849389897 0.0 1242.2499849389897 1242.2499849389897 
gen 27 2775 1242.2499849389897 0.0 1242.2499849389897 1242.2499849389897 
gen 28 2875 1242.2499849389897 0.0 1242.2499849389897 1242.2499849389897 
gen 29 2975 1242.2499849389897 0.0 1242.2499849389897 1242.2499849389897 
gen 30 3075 1242.2499849389897 0.0 1242.2499849389897 1242.2499849389897 
gen 31 3175 1242.2499849389897 0.0 1242.2499849389897 1242.2499849389897 
gen 32 3285 1242.2499849389897 0.0 1242.2499849389897 1242.2499849389897 
gen 33 3385 1242.2499849389897 0.0 1242.2499849389897 1242.2499849389897 
gen 34 3485 1242.2499849389897 0.0 1242.2499849389897 1242.2499849389897 
gen 35 3595 1242.2499849389897 0.0 1242.2499849389897 1242.2499849389897 
gen 36 3695 1242.2499849389897 0.0 1242.2499849389897 1242.2499849389897 
gen 37 3795 1242.2499849389897 0.0 1242.2499849389897 1242.2499849389897 
gen 38 3895 1242.2499849389897 0.0 1242.2499849389897 1242.2499849389897 
gen 39 3995 1242.2499849389897 0.0 1242.2499849389897 1242.2499849389897 
gen 40 4095 1242.2499849389897 0.0 1242.2499849389897 1242.2499849389897 
gen 41 4195 1242.2499849389897 0.0 1242.2499849389897 1242.2499849389897 
gen 42 4295 1242.2499849389897 0.0 1242.2499849389897 1242.2499849389897 
gen 43 4395 1242.2499849389897 0.0 1242.2499849389897 1242.2499849389897 
gen 44 4495 1242.2499849389897 0.0 1242.2499849389897 1242.2499849389897 
gen 45 4605 1242.2499849389897 0.0 1242.2499849389897 1242.2499849389897 
gen 46 4715 1242.2499849389897 0.0 1242.2499849389897 1242.2499849389897 
gen 47 4815 1242.2499849389897 0.0 1242.2499849389897 1242.2499849389897 
gen 48 4925 1242.2499849389897 0.0 1242.2499849389897 1242.2499849389897 
gen 49 5025 1242.2499849389897 0.0 1242.2499849389897 1242.2499849389897 
gen 50 5125 1242.2499849389897 0.0 1242.2499849389897 1242.2499849389897 
gen 51 5225 1242.2499849389897 0.0 1242.2499849389897 1242.2499849389897 
gen 52 5325 1242.2499849389897 0.0 1242.2499849389897 1242.2499849389897 
gen 53 5425 1242.2499849389897 0.0 1242.2499849389897 1242.2499849389897 
gen 54 5525 1242.2499849389897 0.0 1242.2499849389897 1242.2499849389897 
gen 55 5625 1242.2499849389897 0.0 1242.2499849389897 1242.2499849389897 
gen 56 5725 1242.2499849389897 0.0 1242.2499849389897 1242.2499849389897 
gen 57 5825 1242.2499849389897 0.0 1242.2499849389897 1242.2499849389897 
gen 58 5925 1242.2499849389897 0.0 1242.2499849389897 1242.2499849389897 
gen 59 6035 1242.2499849389897 0.0 1242.2499849389897 1242.2499849389897 
gen 60 6135 1242.2499849389897 0.0 1242.2499849389897 1242.2499849389897 
gen 61 6245 1242.2499849389897 0.0 1242.2499849389897 1242.2499849389897 
gen 62 6345 1242.2499849389897 0.0 1242.2499849389897 1242.2499849389897 
gen 63 6445 1242.2499849389897 0.0 1242.2499849389897 1242.2499849389897 
gen 64 6545 1242.2499849389897 0.0 1242.2499849389897 1242.2499849389897 
gen 65 6655 1242.2499849389897 0.0 1242.2499849389897 1242.2499849389897 
gen 66 6765 1242.2499849389897 0.0 1242.2499849389897 1242.2499849389897 
gen 67 6865 1242.2499849389897 0.0 1242.2499849389897 1242.2499849389897 
gen 68 6965 1242.2499849389897 0.0 1242.2499849389897 1242.2499849389897 
gen 69 7065 1242.2499849389897 0.0 1242.2499849389897 1242.2499849389897 
gen 70 7175 1242.2499849389897 0.0 1242.2499849389897 1242.2499849389897 
gen 71 7275 1242.2499849389897 0.0 1242.2499849389897 1242.2499849389897 
gen 72 7375 1242.2499849389897 0.0 1242.2499849389897 1242.2499849389897 
gen 73 7475 1242.2499849389897 0.0 1242.2499849389897 1242.2499849389897 
gen 74 7575 1242.2499849389897 0.0 1242.2499849389897 1242.2499849389897 
gen 75 7675 1242.2499849389897 0.0 1242.2499849389897 1242.2499849389897 
gen 76 7775 1242.2499849389897 0.0 1242.2499849389897 1242.2499849389897 
gen 77 7885 1242.2499849389897 0.0 1242.2499849389897 1242.2499849389897 
gen 78 7995 1242.2499849389897 0.0 1242.2499849389897 1242.2499849389897 
gen 79 8095 1242.2499849389897 0.0 1242.2499849389897 1242.2499849389897 
gen 80 8205 1242.2499849389897 0.0 1242.2499849389897 1242.2499849389897 
gen 81 8305 1242.2499849389897 0.0 1242.2499849389897 1242.2499849389897 
gen 82 8405 1242.2499849389897 0.0 1242.2499849389897 1242.2499849389897 
gen 83 8505 1242.2499849389897 0.0 1242.2499849389897 1242.2499849389897 
gen 84 8615 1242.2499849389897 0.0 1242.2499849389897 1242.2499849389897 
gen 85 8715 1242.2499849389897 0.0 1242.2499849389897 1242.2499849389897 
gen 86 8815 1242.2499849389897 0.0 1242.2499849389897 1242.2499849389897 
gen 87 8915 1242.2499849389897 0.0 1242.2499849389897 1242.2499849389897 
gen 88 9015 1242.2499849389897 0.0 1242.2499849389897 1242.2499849389897 
gen 89 9115 1242.2499849389897 0.0 1242.2499849389897 1242.2499849389897 
gen 90 9225 1242.2499849389897 0.0 1242.2499849389897 1242.2499849389897 
gen 91 9325 1242.2499849389897 0.0 1242.2499849389897 1242.2499849389897 
gen 92 9435 1242.2499849389897 0.0 1242.2499849389897 1242.2499849389897 
gen 93 9535 1242.2499849389897 0.0 1242.2499849389897 1242.2499849389897 
gen 94 9635 1242.2499849389897 0.0 1242.2499849389897 1242.2499849389897 
gen 95 9735 1242.2499849389897 0.0 1242.2499849389897 1242.2499849389897 
gen 96 9835 1242.2499849389897 0.0 1242.2499849389897 1242.2499849389897 
gen 97 9935 1242.2499849389897 0.0 1242.2499849389897 1242.2499849389897 
gen 98 10035 1242.2499849389897 0.0 1242.2499849389897 1242.2499849389897 
gen 99 10135 1242.2499849389897 0.0 1242.2499849389897 1242.2499849389897 
gen 100 10245 1242.2499849389897 0.0 1242.2499849389897 1242.2499849389897 
gen 101 10345 1242.2499849389897 0.0 1242.2499849389897 1242.2499849389897 
gen 102 10445 1242.2499849389897 0.0 1242.2499849389897 1242.2499849389897 
gen 103 10555 1242.2499849389897 0.0 1242.2499849389897 1242.2499849389897 
gen 104 10655 1242.2499849389897 0.0 1242.2499849389897 1242.2499849389897 
gen 105 10755 1242.2499849389897 0.0 1242.2499849389897 1242.2499849389897 
gen 106 10855 1242.2499849389897 0.0 1242.2499849389897 1242.2499849389897 
gen 107 10965 1242.2499849389897 0.0 1242.2499849389897 1242.2499849389897 
gen 108 11065 1242.2499849389897 0.0 1242.2499849389897 1242.2499849389897 
gen 109 11165 1242.2499849389897 0.0 1242.2499849389897 1242.2499849389897 
gen 110 11275 1242.2499849389897 0.0 1242.2499849389897 1242.2499849389897 
gen 111 11385 1242.2499849389897 0.0 1242.2499849389897 1242.2499849389897 
gen 112 11485 1242.2499849389897 0.0 1242.2499849389897 1242.2499849389897 
gen 113 11585 1242.2499849389897 0.0 1242.2499849389897 1242.2499849389897 
gen 114 11685 1242.2499849389897 0.0 1242.2499849389897 1242.2499849389897 
gen 115 11785 1242.2499849389897 0.0 1242.2499849389897 1242.2499849389897 
gen 116 11885 1242.2499849389897 0.0 1242.2499849389897 1242.2499849389897 
gen 117 11985 1242.2499849389897 0.0 1242.2499849389897 1242.2499849389897 
gen 118 12085 1242.2499849389897 0.0 1242.2499849389897 1242.2499849389897 
gen 119 12185 1242.2499849389897 0.0 1242.2499849389897 1242.2499849389897 
gen 120 12285 1242.2499849389897 0.0 1242.2499849389897 1242.2499849389897 
gen 121 12385 1242.2499849389897 0.0 1242.2499849389897 1242.2499849389897 
gen 122 12485 1242.2499849389897 0.0 1242.2499849389897 1242.2499849389897 
gen 123 12585 1242.2499849389897 0.0 1242.2499849389897 1242.2499849389897 
gen 124 12695 1242.2499849389897 0.0 1242.2499849389897 1242.2499849389897 
gen 125 12795 1242.2499849389897 0.0 1242.2499849389897 1242.2499849389897 
gen 126 12895 1242.2499849389897 0.0 1242.2499849389897 1242.2499849389897 
gen 127 12995 1242.2499849389897 0.0 1242.2499849389897 1242.2499849389897 
gen 128 13095 1242.2499849389897 0.0 1242.2499849389897 1242.2499849389897 
gen 129 13195 1242.2499849389897 0.0 1242.2499849389897 1242.2499849389897 
gen 130 13295 1242.2499849389897 0.0 1242.2499849389897 1242.2499849389897 
gen 131 13395 1242.2499849389897 0.0 1242.2499849389897 1242.2499849389897 
gen 132 13505 1242.2499849389897 0.0 1242.2499849389897 1242.2499849389897 
gen 133 13605 1242.2499849389897 0.0 1242.2499849389897 1242.2499849389897 
gen 134 13705 1242.2499849389897 0.0 1242.2499849389897 1242.2499849389897 
gen 135 13805 1242.2499849389897 0.0 1242.2499849389897 1242.2499849389897 
gen 136 13905 1242.2499849389897 0.0 1242.2499849389897 1242.2499849389897 
gen 137 14005 1242.2499849389897 0.0 1242.2499849389897 1242.2499849389897 
gen 138 14105 1242.2499849389897 0.0 1242.2499849389897 1242.2499849389897 
gen 139 14205 1242.2499849389897 0.0 1242.2499849389897 1242.2499849389897 
gen 140 14305 1242.2499849389897 0.0 1242.2499849389897 1242.2499849389897 
gen 141 14405 1242.2499849389897 0.0 1242.2499849389897 1242.2499849389897 
gen 142 14505 1242.2499849389897 0.0 1242.2499849389897 1242.2499849389897 
gen 143 14605 1242.2499849389897 0.0 1242.2499849389897 1242.2499849389897 
gen 144 14705 1242.2499849389897 0.0 1242.2499849389897 1242.2499849389897 
gen 145 14815 1242.2499849389897 0.0 1242.2499849389897 1242.2499849389897 
gen 146 14915 1242.2499849389897 0.0 1242.2499849389897 1242.2499849389897 
gen 147 15015 1242.2499849389897 0.0 1242.2499849389897 1242.2499849389897 
gen 148 15125 1242.2499849389897 0.0 1242.2499849389897 1242.2499849389897 
gen 149 15235 1242.2499849389897 0.0 1242.2499849389897 1242.2499849389897 
gen 150 15335 1242.2499849389897 0.0 1242.2499849389897 1242.2499849389897 
gen 151 15435 1242.2499849389897 0.0 1242.2499849389897 1242.2499849389897 
gen 152 15535 1242.2499849389897 0.0 1242.2499849389897 1242.2499849389897 
gen 153 15635 1242.2499849389897 0.0 1242.2499849389897 1242.2499849389897 
gen 154 15735 1242.2499849389897 0.0 1242.2499849389897 1242.2499849389897 
gen 155 15835 1242.2499849389897 0.0 1242.2499849389897 1242.2499849389897 
gen 156 15935 1242.2499849389897 0.0 1242.2499849389897 1242.2499849389897 
gen 157 16035 1242.2499849389897 0.0 1242.2499849389897 1242.2499849389897 
gen 158 16145 1242.2499849389897 0.0 1242.2499849389897 1242.2499849389897 
gen 159 16255 1242.2499849389897 0.0 1242.2499849389897 1242.2499849389897 
gen 160 16355 1242.2499849389897 0.0 1242.2499849389897 1242.2499849389897 
gen 161 16455 1242.2499849389897 0.0 1242.2499849389897 1242.2499849389897 
gen 162 16555 1242.2499849389897 0.0 1242.2499849389897 1242.2499849389897 
gen 163 16665 1242.2499849389897 0.0 1242.2499849389897 1242.2499849389897 
gen 164 16765 1242.2499849389897 0.0 1242.2499849389897 1242.2499849389897 
gen 165 16865 1242.2499849389897 0.0 1242.2499849389897 1242.2499849389897 
gen 166 16965 1242.2499849389897 0.0 1242.2499849389897 1242.2499849389897 
gen 167 17065 1242.2499849389897 0.0 1242.2499849389897 1242.2499849389897 
gen 168 17165 1242.2499849389897 0.0 1242.2499849389897 1242.2499849389897 
gen 169 17265 1242.2499849389897 0.0 1242.2499849389897 1242.2499849389897 
gen 170 17365 1242.2499849389897 0.0 1242.2499849389897 1242.2499849389897 
gen 171 17465 1242.2499849389897 0.0 1242.2499849389897 1242.2499849389897 
gen 172 17565 1242.2499849389897 0.0 1242.2499849389897 1242.2499849389897 
[0, 1, 4, 2, 3, 0, 2, 1, 4, 3, 0, 2, 1, 4, 3, 2, 1, 4, 3, 0, 2, 1, 4, 3, 0]
min  1242.2499849389897
NFE 17565
LSNFE 340
VLSNFE 3
runTime 9.372090339660645
