gen 0 25 1600004608.683827 3666058544.136957 1809.6656763065562 9999999999.0 
gen 1 125 2033.9106705661363 162.9137509417201 1732.402917570861 2280.0904154183218 
gen 2 225 1902.5423760779856 100.01986803123602 1687.66990682292 2025.9181771405333 
gen 3 325 1801.8026217004997 110.00752599943638 1463.890734545108 1920.0540237057535 
gen 4 425 1735.8773051225032 107.8475900505015 1463.890734545108 1880.2537901711062 
gen 5 525 1698.0399335962136 93.50311459785786 1463.890734545108 1809.6656763065562 
gen 6 645 1655.842358035271 106.58917027324568 1301.0942847446136 1754.4998898611918 
gen 7 745 1604.178669547265 97.85238819629134 1301.0942847446136 1710.556398434508 
gen 8 855 1579.1254239560762 85.67353917290927 1301.0942847446136 1701.5329705047016 
gen 9 955 1502.4015523401183 74.32677373065228 1301.0942847446136 1580.0911425931874 
gen 10 1055 1430.7211248540275 70.95045229551417 1287.7548594395357 1509.7329399618127 
gen 11 1165 1344.3843772477726 47.28221411133331 1237.264918827785 1402.1642904024475 
gen 12 1265 1291.3932585779085 26.37994596301097 1229.433927365632 1327.8946860702854 
gen 13 1375 1259.0370861579338 19.846883817911422 1213.8422986275104 1287.7548594395357 
gen 14 1485 1249.2155429131244 13.246587718220402 1213.8422986275104 1264.4901900483185 
gen 15 1585 1231.2660164953052 12.105089256069894 1204.9942355967557 1248.8936480131033 
gen 16 1695 1221.1718184626 7.682812798477373 1204.9942355967557 1229.433927365632 
gen 17 1805 1213.1138540074558 1.6782797691590488 1204.9942355967557 1214.473709384824 
gen 18 1905 1212.3354388467624 3.6198791113027724 1196.5124998516726 1213.3425754661143 
gen 19 2005 1211.879079670074 4.1451925720221965 1196.5124998516726 1213.3425754661143 
gen 20 2105 1211.422720493386 4.5656533750991946 1196.5124998516726 1213.3425754661143 
gen 21 2205 1208.5925313598905 5.780953756555901 1196.5124998516726 1213.3425754661143 
gen 22 2305 1203.5725804163196 4.219248637385809 1196.5124998516726 1213.3425754661143 
gen 23 2405 1201.6807999066996 1.069551147136754 1196.5124998516726 1201.933596048908 
gen 24 2505 1201.312589443373 1.49003738773306 1196.5124998516726 1201.933596048908 
gen 25 2605 1200.236352909551 1.9950399381322128 1196.5124998516726 1201.933596048908 
gen 26 2705 1197.474172599303 1.5421071170701037 1196.5124998516726 1199.9470453789238 
gen 27 2805 1196.5124998516726 0.0 1196.5124998516726 1196.5124998516726 
gen 28 2905 1196.5124998516726 0.0 1196.5124998516726 1196.5124998516726 
gen 29 3005 1196.5124998516726 0.0 1196.5124998516726 1196.5124998516726 
gen 30 3115 1196.5124998516726 0.0 1196.5124998516726 1196.5124998516726 
gen 31 3225 1196.5124998516726 0.0 1196.5124998516726 1196.5124998516726 
gen 32 3325 1196.5124998516726 0.0 1196.5124998516726 1196.5124998516726 
gen 33 3425 1196.5124998516726 0.0 1196.5124998516726 1196.5124998516726 
gen 34 3525 1196.5124998516726 0.0 1196.5124998516726 1196.5124998516726 
gen 35 3625 1196.5124998516726 0.0 1196.5124998516726 1196.5124998516726 
gen 36 3725 1196.5124998516726 0.0 1196.5124998516726 1196.5124998516726 
gen 37 3835 1196.5124998516726 0.0 1196.5124998516726 1196.5124998516726 
gen 38 3945 1196.5124998516726 0.0 1196.5124998516726 1196.5124998516726 
gen 39 4045 1196.5124998516726 0.0 1196.5124998516726 1196.5124998516726 
gen 40 4155 1196.5124998516726 0.0 1196.5124998516726 1196.5124998516726 
gen 41 4255 1196.5124998516726 0.0 1196.5124998516726 1196.5124998516726 
gen 42 4355 1196.5124998516726 0.0 1196.5124998516726 1196.5124998516726 
gen 43 4455 1196.5124998516726 0.0 1196.5124998516726 1196.5124998516726 
gen 44 4565 1196.5124998516726 0.0 1196.5124998516726 1196.5124998516726 
gen 45 4665 1196.5124998516726 0.0 1196.5124998516726 1196.5124998516726 
gen 46 4765 1196.5124998516726 0.0 1196.5124998516726 1196.5124998516726 
gen 47 4865 1196.5124998516726 0.0 1196.5124998516726 1196.5124998516726 
gen 48 4965 1196.5124998516726 0.0 1196.5124998516726 1196.5124998516726 
gen 49 5065 1196.5124998516726 0.0 1196.5124998516726 1196.5124998516726 
gen 50 5165 1196.5124998516726 0.0 1196.5124998516726 1196.5124998516726 
gen 51 5265 1196.5124998516726 0.0 1196.5124998516726 1196.5124998516726 
gen 52 5365 1196.5124998516726 0.0 1196.5124998516726 1196.5124998516726 
gen 53 5465 1196.5124998516726 0.0 1196.5124998516726 1196.5124998516726 
gen 54 5565 1196.5124998516726 0.0 1196.5124998516726 1196.5124998516726 
gen 55 5675 1196.5124998516726 0.0 1196.5124998516726 1196.5124998516726 
gen 56 5775 1196.5124998516726 0.0 1196.5124998516726 1196.5124998516726 
gen 57 5885 1196.5124998516726 0.0 1196.5124998516726 1196.5124998516726 
gen 58 5985 1196.5124998516726 0.0 1196.5124998516726 1196.5124998516726 
gen 59 6085 1196.5124998516726 0.0 1196.5124998516726 1196.5124998516726 
gen 60 6185 1196.5124998516726 0.0 1196.5124998516726 1196.5124998516726 
gen 61 6285 1196.5124998516726 0.0 1196.5124998516726 1196.5124998516726 
gen 62 6385 1196.5124998516726 0.0 1196.5124998516726 1196.5124998516726 
gen 63 6485 1196.5124998516726 0.0 1196.5124998516726 1196.5124998516726 
gen 64 6595 1196.5124998516726 0.0 1196.5124998516726 1196.5124998516726 
gen 65 6705 1196.5124998516726 0.0 1196.5124998516726 1196.5124998516726 
gen 66 6805 1196.5124998516726 0.0 1196.5124998516726 1196.5124998516726 
gen 67 6905 1196.5124998516726 0.0 1196.5124998516726 1196.5124998516726 
gen 68 7005 1196.5124998516726 0.0 1196.5124998516726 1196.5124998516726 
gen 69 7105 1196.5124998516726 0.0 1196.5124998516726 1196.5124998516726 
gen 70 7205 1196.5124998516726 0.0 1196.5124998516726 1196.5124998516726 
gen 71 7305 1196.5124998516726 0.0 1196.5124998516726 1196.5124998516726 
gen 72 7415 1196.5124998516726 0.0 1196.5124998516726 1196.5124998516726 
gen 73 7515 1196.5124998516726 0.0 1196.5124998516726 1196.5124998516726 
gen 74 7615 1196.5124998516726 0.0 1196.5124998516726 1196.5124998516726 
gen 75 7715 1196.5124998516726 0.0 1196.5124998516726 1196.5124998516726 
gen 76 7815 1196.5124998516726 0.0 1196.5124998516726 1196.5124998516726 
gen 77 7915 1196.5124998516726 0.0 1196.5124998516726 1196.5124998516726 
gen 78 8015 1196.5124998516726 0.0 1196.5124998516726 1196.5124998516726 
gen 79 8115 1196.5124998516726 0.0 1196.5124998516726 1196.5124998516726 
gen 80 8215 1196.5124998516726 0.0 1196.5124998516726 1196.5124998516726 
gen 81 8315 1196.5124998516726 0.0 1196.5124998516726 1196.5124998516726 
gen 82 8425 1196.5124998516726 0.0 1196.5124998516726 1196.5124998516726 
gen 83 8525 1196.5124998516726 0.0 1196.5124998516726 1196.5124998516726 
gen 84 8625 1196.5124998516726 0.0 1196.5124998516726 1196.5124998516726 
gen 85 8725 1196.5124998516726 0.0 1196.5124998516726 1196.5124998516726 
gen 86 8825 1196.5124998516726 0.0 1196.5124998516726 1196.5124998516726 
gen 87 8925 1196.5124998516726 0.0 1196.5124998516726 1196.5124998516726 
gen 88 9025 1196.5124998516726 0.0 1196.5124998516726 1196.5124998516726 
gen 89 9125 1196.5124998516726 0.0 1196.5124998516726 1196.5124998516726 
gen 90 9225 1196.5124998516726 0.0 1196.5124998516726 1196.5124998516726 
gen 91 9325 1196.5124998516726 0.0 1196.5124998516726 1196.5124998516726 
gen 92 9425 1196.5124998516726 0.0 1196.5124998516726 1196.5124998516726 
gen 93 9535 1196.5124998516726 0.0 1196.5124998516726 1196.5124998516726 
gen 94 9635 1196.5124998516726 0.0 1196.5124998516726 1196.5124998516726 
gen 95 9735 1196.5124998516726 0.0 1196.5124998516726 1196.5124998516726 
gen 96 9835 1196.5124998516726 0.0 1196.5124998516726 1196.5124998516726 
gen 97 9935 1196.5124998516726 0.0 1196.5124998516726 1196.5124998516726 
gen 98 10035 1196.5124998516726 0.0 1196.5124998516726 1196.5124998516726 
gen 99 10135 1196.5124998516726 0.0 1196.5124998516726 1196.5124998516726 
gen 100 10235 1196.5124998516726 0.0 1196.5124998516726 1196.5124998516726 
gen 101 10335 1196.5124998516726 0.0 1196.5124998516726 1196.5124998516726 
gen 102 10435 1196.5124998516726 0.0 1196.5124998516726 1196.5124998516726 
gen 103 10545 1196.5124998516726 0.0 1196.5124998516726 1196.5124998516726 
gen 104 10645 1196.5124998516726 0.0 1196.5124998516726 1196.5124998516726 
gen 105 10745 1196.5124998516726 0.0 1196.5124998516726 1196.5124998516726 
gen 106 10845 1196.5124998516726 0.0 1196.5124998516726 1196.5124998516726 
gen 107 10945 1196.5124998516726 0.0 1196.5124998516726 1196.5124998516726 
gen 108 11045 1196.5124998516726 0.0 1196.5124998516726 1196.5124998516726 
gen 109 11145 1196.5124998516726 0.0 1196.5124998516726 1196.5124998516726 
gen 110 11245 1196.5124998516726 0.0 1196.5124998516726 1196.5124998516726 
gen 111 11345 1196.5124998516726 0.0 1196.5124998516726 1196.5124998516726 
gen 112 11445 1196.5124998516726 0.0 1196.5124998516726 1196.5124998516726 
gen 113 11545 1196.5124998516726 0.0 1196.5124998516726 1196.5124998516726 
gen 114 11645 1196.5124998516726 0.0 1196.5124998516726 1196.5124998516726 
gen 115 11745 1196.5124998516726 0.0 1196.5124998516726 1196.5124998516726 
gen 116 11845 1196.5124998516726 0.0 1196.5124998516726 1196.5124998516726 
gen 117 11945 1196.5124998516726 0.0 1196.5124998516726 1196.5124998516726 
gen 118 12045 1196.5124998516726 0.0 1196.5124998516726 1196.5124998516726 
gen 119 12145 1196.5124998516726 0.0 1196.5124998516726 1196.5124998516726 
gen 120 12255 1196.5124998516726 0.0 1196.5124998516726 1196.5124998516726 
gen 121 12365 1196.5124998516726 0.0 1196.5124998516726 1196.5124998516726 
gen 122 12475 1196.5124998516726 0.0 1196.5124998516726 1196.5124998516726 
gen 123 12575 1196.5124998516726 0.0 1196.5124998516726 1196.5124998516726 
gen 124 12685 1196.5124998516726 0.0 1196.5124998516726 1196.5124998516726 
gen 125 12785 1196.5124998516726 0.0 1196.5124998516726 1196.5124998516726 
gen 126 12895 1196.5124998516726 0.0 1196.5124998516726 1196.5124998516726 
gen 127 12995 1196.5124998516726 0.0 1196.5124998516726 1196.5124998516726 
gen 128 13095 1196.5124998516726 0.0 1196.5124998516726 1196.5124998516726 
gen 129 13195 1196.5124998516726 0.0 1196.5124998516726 1196.5124998516726 
gen 130 13295 1196.5124998516726 0.0 1196.5124998516726 1196.5124998516726 
gen 131 13395 1196.5124998516726 0.0 1196.5124998516726 1196.5124998516726 
gen 132 13495 1196.5124998516726 0.0 1196.5124998516726 1196.5124998516726 
gen 133 13595 1196.5124998516726 0.0 1196.5124998516726 1196.5124998516726 
gen 134 13695 1196.5124998516726 0.0 1196.5124998516726 1196.5124998516726 
gen 135 13795 1196.5124998516726 0.0 1196.5124998516726 1196.5124998516726 
gen 136 13895 1196.5124998516726 0.0 1196.5124998516726 1196.5124998516726 
gen 137 13995 1196.5124998516726 0.0 1196.5124998516726 1196.5124998516726 
gen 138 14095 1196.5124998516726 0.0 1196.5124998516726 1196.5124998516726 
gen 139 14205 1196.5124998516726 0.0 1196.5124998516726 1196.5124998516726 
gen 140 14315 1196.5124998516726 0.0 1196.5124998516726 1196.5124998516726 
gen 141 14415 1196.5124998516726 0.0 1196.5124998516726 1196.5124998516726 
gen 142 14515 1196.5124998516726 0.0 1196.5124998516726 1196.5124998516726 
gen 143 14625 1196.5124998516726 0.0 1196.5124998516726 1196.5124998516726 
gen 144 14725 1196.5124998516726 0.0 1196.5124998516726 1196.5124998516726 
gen 145 14825 1196.5124998516726 0.0 1196.5124998516726 1196.5124998516726 
gen 146 14925 1196.5124998516726 0.0 1196.5124998516726 1196.5124998516726 
gen 147 15025 1196.5124998516726 0.0 1196.5124998516726 1196.5124998516726 
gen 148 15135 1196.5124998516726 0.0 1196.5124998516726 1196.5124998516726 
gen 149 15235 1196.5124998516726 0.0 1196.5124998516726 1196.5124998516726 
gen 150 15335 1196.5124998516726 0.0 1196.5124998516726 1196.5124998516726 
gen 151 15435 1196.5124998516726 0.0 1196.5124998516726 1196.5124998516726 
gen 152 15545 1196.5124998516726 0.0 1196.5124998516726 1196.5124998516726 
gen 153 15655 1196.5124998516726 0.0 1196.5124998516726 1196.5124998516726 
gen 154 15755 1196.5124998516726 0.0 1196.5124998516726 1196.5124998516726 
gen 155 15855 1196.5124998516726 0.0 1196.5124998516726 1196.5124998516726 
gen 156 15955 1196.5124998516726 0.0 1196.5124998516726 1196.5124998516726 
gen 157 16065 1196.5124998516726 0.0 1196.5124998516726 1196.5124998516726 
gen 158 16165 1196.5124998516726 0.0 1196.5124998516726 1196.5124998516726 
gen 159 16265 1196.5124998516726 0.0 1196.5124998516726 1196.5124998516726 
gen 160 16375 1196.5124998516726 0.0 1196.5124998516726 1196.5124998516726 
gen 161 16475 1196.5124998516726 0.0 1196.5124998516726 1196.5124998516726 
gen 162 16575 1196.5124998516726 0.0 1196.5124998516726 1196.5124998516726 
gen 163 16675 1196.5124998516726 0.0 1196.5124998516726 1196.5124998516726 
gen 164 16775 1196.5124998516726 0.0 1196.5124998516726 1196.5124998516726 
gen 165 16875 1196.5124998516726 0.0 1196.5124998516726 1196.5124998516726 
gen 166 16975 1196.5124998516726 0.0 1196.5124998516726 1196.5124998516726 
gen 167 17075 1196.5124998516726 0.0 1196.5124998516726 1196.5124998516726 
gen 168 17175 1196.5124998516726 0.0 1196.5124998516726 1196.5124998516726 
gen 169 17275 1196.5124998516726 0.0 1196.5124998516726 1196.5124998516726 
gen 170 17375 1196.5124998516726 0.0 1196.5124998516726 1196.5124998516726 
gen 171 17475 1196.5124998516726 0.0 1196.5124998516726 1196.5124998516726 
gen 172 17575 1196.5124998516726 0.0 1196.5124998516726 1196.5124998516726 
[1, 2, 3, 4, 0, 0, 1, 2, 3, 4, 0, 1, 2, 3, 4, 0, 1, 2, 3, 4, 0, 1, 2, 3, 4]
min  1196.5124998516726
NFE 17575
LSNFE 350
VLSNFE 1
runTime 9.800313234329224
