gen 0 121 743.3013569121584 117.71090429195858 483.69169902378667 1164.9473557309636 
gen 1 884 582.3555517053148 35.726934488425734 483.69169902378667 625.3194733114296 
gen 2 1648 532.3809428077619 26.049116050652067 413.9966514304661 565.0089912711702 
gen 3 2406 500.8823758504915 18.929312569749406 413.9966514304661 525.5546930283183 
gen 4 3156 481.5370703381312 17.23828223553335 401.0221151230526 500.23607442018624 
gen 5 3914 466.25805433178647 17.03189825735786 401.0221151230526 484.8298831389323 
gen 6 4685 453.00255217814123 15.021407087149628 401.0221151230526 470.8559390072995 
gen 7 5448 442.84547677004474 13.078991498858388 401.0221151230526 456.95423048930917 
gen 8 6206 432.96391354486974 12.704533774899655 386.0263204523852 447.5863968938868 
gen 9 6959 426.3079047702794 12.605258131774887 375.91885045778537 439.36898181568245 
gen 10 7709 414.27673113972963 13.138330860537197 354.3729269372761 429.1558376730469 
gen 11 8473 401.4603046520622 11.978284627281113 354.3729269372761 413.9966514304661 
gen 12 9236 392.3774280382716 11.249094062014244 354.3729269372761 403.67071515125156 
gen 13 10009 383.6389236344864 10.573755083071635 354.3729269372761 395.086965456455 
gen 14 10769 374.6225918575813 7.607390186558896 354.3729269372761 383.33332916139983 
gen 15 11531 368.9108040397796 7.110857962650227 354.3729269372761 377.13410127742117 
gen 16 12287 359.03500872366817 4.3659759484365965 341.44533372057725 366.4630105147789 
gen 17 13040 353.13730391437434 3.2054073401669183 341.44533372057725 356.1538024193723 
gen 18 13794 347.7455346404904 3.096263893164733 336.13550105496023 351.71397968279723 
gen 19 14562 343.04492392843537 2.918713955502949 334.72661437638135 346.5650498414469 
gen 20 15322 338.25462723512015 2.377881375223358 330.1216117314293 341.49007654986633 
gen 21 16088 333.53184580529614 1.9542336967516145 326.420294375408 335.83724127450415 
gen 22 16855 329.8122488393365 1.3111234171912838 325.7889017209695 331.19249707423745 
gen 23 17626 327.4191791621687 0.8310490802048409 324.8411833607378 328.5546364669673 
gen 24 18391 325.97736176193195 0.7621864215359239 323.1361801078413 326.5286298971208 
gen 25 19153 324.69432247703827 0.6792632546284673 321.2805152506014 325.61721543945583 
gen 26 19926 323.5635099574127 0.6865382381460982 320.6704422896519 324.23389602586684 
gen 27 20692 322.660762667833 0.8906036782190458 320.53091633391034 323.4405353006828 
gen 28 21458 321.36139863705193 0.6905792208888148 320.11817899617796 322.31641167284863 
gen 29 22211 320.5657370729309 0.16367961863360544 319.6423084739314 320.6704422896519 
gen 30 22971 320.3887607395241 0.21136157525920687 319.5853734490653 320.58453585066854 
gen 31 23732 320.06620524269204 0.21133549626546463 319.3794204992115 320.41591587400467 
gen 32 24489 319.8011198675706 0.2084290272391541 319.04171062870796 320.00571148426195 
gen 33 25249 319.5301788577851 0.16200507482927376 319.04171062870796 319.6423084739314 
gen 34 26014 319.3337767357244 0.19837598759573377 318.89741635327715 319.57884451270183 
gen 35 26765 319.01242148185423 0.07772639308081855 318.89741635327715 319.1231618090908 
gen 36 27525 318.8974163532772 5.684341886080802e-14 318.89741635327715 318.89741635327715 
gen 37 28285 318.8910065631844 0.07021573245350887 318.1218317520537 318.89741635327715 
gen 38 29042 318.87818698299895 0.12059948091824058 318.1218317520537 318.89741635327715 
gen 39 29794 318.8397282424424 0.20350452649868747 318.1218317520537 318.89741635327715 
gen 40 30562 318.6342022795109 0.3606276735207016 318.1218317520537 318.89741635327715 
gen 41 31320 318.1218317520537 0.0 318.1218317520537 318.1218317520537 
gen 42 32087 318.1218317520537 0.0 318.1218317520537 318.1218317520537 
gen 43 32845 318.1218317520537 0.0 318.1218317520537 318.1218317520537 
gen 44 33600 318.1218317520537 0.0 318.1218317520537 318.1218317520537 
gen 45 34361 318.1218317520537 0.0 318.1218317520537 318.1218317520537 
gen 46 35142 318.10949154207816 0.13518022735899954 316.62866634501415 318.1218317520537 
gen 47 35895 318.04476823564147 0.3141949350917593 316.62866634501415 318.1218317520537 
gen 48 36651 317.65281431542513 0.6225650343163721 316.5741770159718 318.1218317520537 
gen 49 37415 316.6448307782766 0.09126100228314092 316.5741770159718 317.00449046614676 
gen 50 38169 316.578351572272 0.015524979254023493 316.5344050378572 316.62866634501415 
gen 51 38928 316.5728622398359 0.007110739161269132 316.5344050378572 316.5741770159718 
gen 52 39679 316.56826052335987 0.014152940678692707 316.5344050378572 316.5741770159718 
gen 53 40445 316.5416363066053 0.01533983750512218 316.5344050378572 316.5741770159718 
gen 54 41200 316.5344050378572 0.0 316.5344050378572 316.5344050378572 
gen 55 41968 316.5344050378572 0.0 316.5344050378572 316.5344050378572 
gen 56 42727 316.5344050378572 0.0 316.5344050378572 316.5344050378572 
gen 57 43485 316.5344050378572 0.0 316.5344050378572 316.5344050378572 
gen 58 44250 316.5344050378572 0.0 316.5344050378572 316.5344050378572 
gen 59 45013 316.5344050378572 0.0 316.5344050378572 316.5344050378572 
gen 60 45786 316.5344050378572 0.0 316.5344050378572 316.5344050378572 
gen 61 46547 316.5344050378572 0.0 316.5344050378572 316.5344050378572 
gen 62 47310 316.5344050378572 0.0 316.5344050378572 316.5344050378572 
gen 63 48070 316.5344050378572 0.0 316.5344050378572 316.5344050378572 
gen 64 48834 316.5344050378572 0.0 316.5344050378572 316.5344050378572 
gen 65 49595 316.5344050378572 0.0 316.5344050378572 316.5344050378572 
gen 66 50355 316.5344050378572 0.0 316.5344050378572 316.5344050378572 
gen 67 51104 316.5344050378572 0.0 316.5344050378572 316.5344050378572 
gen 68 51856 316.5344050378572 0.0 316.5344050378572 316.5344050378572 
gen 69 52629 316.5344050378572 0.0 316.5344050378572 316.5344050378572 
gen 70 53385 316.5344050378572 0.0 316.5344050378572 316.5344050378572 
gen 71 54147 316.5344050378572 0.0 316.5344050378572 316.5344050378572 
gen 72 54910 316.5344050378572 0.0 316.5344050378572 316.5344050378572 
gen 73 55661 316.5344050378572 0.0 316.5344050378572 316.5344050378572 
gen 74 56432 316.5344050378572 0.0 316.5344050378572 316.5344050378572 
gen 75 57191 316.5344050378572 0.0 316.5344050378572 316.5344050378572 
gen 76 57958 316.5344050378572 0.0 316.5344050378572 316.5344050378572 
gen 77 58724 316.5344050378572 0.0 316.5344050378572 316.5344050378572 
gen 78 59492 316.5344050378572 0.0 316.5344050378572 316.5344050378572 
gen 79 60253 316.5344050378572 0.0 316.5344050378572 316.5344050378572 
gen 80 61010 316.5344050378572 0.0 316.5344050378572 316.5344050378572 
gen 81 61776 316.5344050378572 0.0 316.5344050378572 316.5344050378572 
gen 82 62543 316.5344050378572 0.0 316.5344050378572 316.5344050378572 
gen 83 63301 316.5344050378572 0.0 316.5344050378572 316.5344050378572 
gen 84 64071 316.5344050378572 0.0 316.5344050378572 316.5344050378572 
gen 85 64833 316.5344050378572 0.0 316.5344050378572 316.5344050378572 
gen 86 65594 316.5344050378572 0.0 316.5344050378572 316.5344050378572 
gen 87 66361 316.5344050378572 0.0 316.5344050378572 316.5344050378572 
gen 88 67126 316.5344050378572 0.0 316.5344050378572 316.5344050378572 
gen 89 67887 316.5344050378572 0.0 316.5344050378572 316.5344050378572 
gen 90 68646 316.5344050378572 0.0 316.5344050378572 316.5344050378572 
gen 91 69409 316.5344050378572 0.0 316.5344050378572 316.5344050378572 
gen 92 70163 316.5344050378572 0.0 316.5344050378572 316.5344050378572 
gen 93 70928 316.5344050378572 0.0 316.5344050378572 316.5344050378572 
gen 94 71699 316.5344050378572 0.0 316.5344050378572 316.5344050378572 
gen 95 72468 316.5344050378572 0.0 316.5344050378572 316.5344050378572 
gen 96 73215 316.5344050378572 0.0 316.5344050378572 316.5344050378572 
gen 97 73987 316.5344050378572 0.0 316.5344050378572 316.5344050378572 
gen 98 74747 316.5344050378572 0.0 316.5344050378572 316.5344050378572 
gen 99 75508 316.5344050378572 0.0 316.5344050378572 316.5344050378572 
gen 100 76271 316.5344050378572 0.0 316.5344050378572 316.5344050378572 
gen 101 77042 316.5344050378572 0.0 316.5344050378572 316.5344050378572 
gen 102 77803 316.5344050378572 0.0 316.5344050378572 316.5344050378572 
gen 103 78566 316.5344050378572 0.0 316.5344050378572 316.5344050378572 
gen 104 79328 316.5344050378572 0.0 316.5344050378572 316.5344050378572 
gen 105 80085 316.5344050378572 0.0 316.5344050378572 316.5344050378572 
gen 106 80859 316.5344050378572 0.0 316.5344050378572 316.5344050378572 
gen 107 81619 316.5344050378572 0.0 316.5344050378572 316.5344050378572 
gen 108 82383 316.5344050378572 0.0 316.5344050378572 316.5344050378572 
gen 109 83153 316.5344050378572 0.0 316.5344050378572 316.5344050378572 
gen 110 83914 316.5344050378572 0.0 316.5344050378572 316.5344050378572 
gen 111 84676 316.5344050378572 0.0 316.5344050378572 316.5344050378572 
gen 112 85438 316.5344050378572 0.0 316.5344050378572 316.5344050378572 
[3, 2, 7, 10, 6, 5, 9, 4, 0, 8, 1, 3, 0, 4, 5, 10, 2, 6, 8, 7, 9, 1, 9, 7, 3, 8, 2, 4, 5, 0, 10, 6, 1, 1, 0, 4, 7, 10, 9, 6, 5, 2, 3, 8, 3, 4, 0, 10, 9, 7, 5, 8, 6, 1, 2, 9, 0, 4, 8, 3, 5, 2, 10, 6, 1, 7, 9, 0, 5, 6, 8, 2, 10, 7, 3, 4, 1, 10, 7, 0, 1, 8, 5, 6, 9, 4, 3, 2, 3, 0, 9, 7, 10, 4, 1, 8, 6, 2, 5, 8, 5, 1, 9, 4, 0, 2, 10, 3, 6, 7, 10, 7, 0, 4, 3, 5, 6, 8, 9, 2, 1]
min  316.5344050378572
NFE 85438
LSNFE 0
VLSNFE 0
runTime 163.28130769729614
