gen 0 391 1e+16 0.0 1e+16 1e+16 
gen 1 2848 9846547314578026.0 1229218909534151.0 1072.9230182860897 1e+16 
gen 2 5304 9616368286445062.0 1920714409771478.8 966.3166623974689 1e+16 
gen 3 7773 9488491048593414.0 2203054267760139.0 966.3166623974689 1e+16 
gen 4 10252 9258312020460452.0 2620453918007546.0 966.3166623974689 1e+16 
gen 5 12709 8976982097186826.0 3030447722475050.5 966.3166623974689 1e+16 
gen 6 15178 8465473145780240.0 3604233049606272.0 958.7826602742093 1e+16 
gen 7 17647 8030690537084640.0 3976797061508571.5 958.7826602742093 1e+16 
gen 8 20112 7237851662404426.0 4471243667825587.5 958.7826602742093 1e+16 
gen 9 22581 5856777493606634.0 4926046317935326.0 923.6351717860338 1e+16 
gen 10 25026 4322250639386865.5 4953852622371978.0 876.7602307221383 1e+16 
gen 11 27493 1687979539642924.5 3745733635773678.0 777.9702324874307 1e+16 
gen 12 29956 1115.8106055359253 102.34315681820091 777.9702324874307 1293.4074331339605 
gen 13 32406 1047.602023173471 69.3428296557063 777.9702324874307 1153.942969124373 
gen 14 34877 994.5525969962213 49.20540264835903 777.9702324874307 1062.2597281069222 
gen 15 37322 947.0748557526409 42.9593725150726 777.9702324874307 998.9340782865609 
gen 16 39760 915.9691581327374 35.49339382291582 777.9702324874307 957.0902729158947 
gen 17 42220 891.0620253162487 31.72288752648191 769.1429146113178 925.3157176657905 
gen 18 44650 865.5865432015984 30.80001792419974 750.6861969935507 900.1286066813585 
gen 19 47109 837.2342296491406 27.02039275502003 727.9313613694264 869.176887713709 
gen 20 49555 812.6624576350408 24.444156384783234 715.7344007400563 840.5497054147532 
gen 21 52018 790.414889845696 21.648101557291533 707.8366181286309 814.4392741315644 
gen 22 54479 771.9907198683046 17.71377635332648 707.8366181286309 795.3680977011602 
gen 23 56934 755.0724103356314 15.830490144703829 682.186820771495 773.7977725488606 
gen 24 59380 743.136417550173 14.56119770238858 682.186820771495 761.3056727103598 
gen 25 61836 731.0874778784963 13.79530590178919 665.1704127957488 747.2524007841915 
gen 26 64305 721.8741778562618 13.58035819103444 665.1704127957488 737.2086419951953 
gen 27 66770 715.1464462045228 13.056409242622307 656.0599289661739 730.0285436066421 
gen 28 69248 706.1161100539659 11.67821468942789 656.0599289661739 719.4763099103737 
gen 29 71713 699.0193974355478 11.159532191522354 656.0599289661739 711.4039275883526 
gen 30 74171 692.6575212603135 11.706584849964607 635.0260245448255 705.4558523955229 
gen 31 76628 686.7587839353406 11.975475304813994 635.0260245448255 700.0471973690031 
gen 32 79087 681.3494496302515 11.129350760404943 635.0260245448255 694.3941374991209 
gen 33 81548 676.9841795338647 10.590249275808903 635.0260245448255 689.2994824701549 
gen 34 84015 671.4438794457554 10.079293309759306 635.0260245448255 683.5763264451527 
gen 35 86483 666.6948218465606 9.547935855036634 616.8972514477794 678.2489038906198 
gen 36 88956 661.3602676930466 8.703060798146726 616.8972514477794 671.9966249809806 
gen 37 91425 655.3339214478011 8.728874794270176 616.0925414024687 665.1649781112633 
gen 38 93874 646.1245751664161 8.650921596783549 597.968604068244 655.318952206917 
gen 39 96314 633.2213538418493 8.168054193418548 597.968604068244 642.3819137352506 
gen 40 98778 619.3979961428403 7.997047426969441 586.6620889811421 628.2347927973169 
gen 41 101258 607.5678686153466 6.851640246561826 580.2382567912197 615.4712385995207 
gen 42 103721 597.27583338355 5.549187271085075 575.6929197403514 604.3158832474984 
gen 43 106178 589.5341861126572 4.295828410828108 571.6854787013596 594.6857030057562 
gen 44 108640 582.7687201439243 3.4468366375268578 566.9153094995894 586.7348587850872 
gen 45 111103 576.9547056641462 3.1867823110867337 558.8624271614871 580.5962216215719 
gen 46 113558 571.7387070148724 3.013887558820982 558.8624271614871 575.318835494879 
gen 47 116023 567.2468943783222 2.9493874154610906 555.7206262927025 570.690514598623 
gen 48 118474 563.8053655252231 2.7466491582078407 552.8515350395065 566.8451541363378 
gen 49 120942 560.6898435152876 2.823870265865707 550.3279461559836 563.8997122429256 
gen 50 123394 557.9991781739152 2.6626938209314877 547.5718814166519 561.1726431944395 
gen 51 125837 555.941428861415 2.205841313606998 544.9667834786796 558.6062800150396 
gen 52 128295 554.0854381668122 2.0986339606303392 544.41416197798 556.5828646025507 
gen 53 130750 552.3090296107108 2.199774824140416 540.6534937131071 554.7422181235434 
gen 54 133204 550.5684968309163 2.3138437157873093 537.021734806181 553.1689235968661 
gen 55 135676 549.1754481895861 2.1771257514149167 537.021734806181 551.5994086357208 
gen 56 138136 547.7149500744788 2.0663510868823827 537.021734806181 550.0672836439745 
gen 57 140594 546.3841562487097 1.9272335634587028 537.021734806181 548.5992900590943 
gen 58 143058 545.1595752991828 1.914132895935228 536.7713690253044 547.3080870435135 
gen 59 145517 543.9722802195322 1.9806795045958485 535.7944987516906 546.1917842561497 
gen 60 147968 542.8584214474647 1.9440157231622734 534.323333498366 544.9667834786796 
gen 61 150427 541.5959173732946 1.889725580763222 532.8386941985879 543.7004598615932 
gen 62 152886 540.5074727648557 1.7316683493113614 532.8386941985879 542.5486138008474 
gen 63 155353 539.5354682493979 1.664185766803984 532.3628273284437 541.547055153593 
gen 64 157823 538.6060987838385 1.6902111604056018 526.5588998757524 540.4183755439469 
gen 65 160279 537.7619637323572 1.7054769011663327 526.5588998757524 539.5277947822426 
gen 66 162742 536.7013113270904 1.6517479729673263 526.5588998757524 538.5594152604646 
gen 67 165184 535.5814271391893 1.9202861531073245 524.6950587002362 537.5047714117902 
gen 68 167635 534.2474345299025 2.2594544875112805 523.2623662038736 536.4684421455297 
gen 69 170093 532.0637905731853 2.2962923217886657 523.2623662038736 534.6266477232509 
gen 70 172561 529.3861960497618 1.9862015304846572 522.4058951795733 531.9952962439962 
gen 71 175022 527.2305549646507 1.5487723052144684 521.2332464264109 529.0813928633647 
gen 72 177513 525.7697694816438 1.4560167526823717 519.9730319267882 527.5616302630332 
gen 73 179968 524.6886127016011 1.3176665483630277 519.0950837015754 526.3141117608042 
gen 74 182422 523.8402623691027 1.2468119746271253 519.0950837015754 525.2524847399917 
gen 75 184870 522.8838249645072 1.172563434545138 518.6503803905027 524.3124551927513 
gen 76 187340 522.1792039656306 1.0295358009482927 518.3454633095376 523.4889397825343 
gen 77 189804 521.4603223271848 1.008272682798967 516.2044119790288 522.660460245075 
gen 78 192255 520.7821141453602 0.9794066343031631 516.2044119790288 521.9279192624155 
gen 79 194725 520.0518873090443 1.0332734296969408 515.6698825871119 521.2457187720833 
gen 80 197187 519.5384139597726 0.9677967471295608 515.6698825871119 520.6824739591018 
gen 81 199638 518.9807468036767 0.9492730969123339 515.5687770814542 520.018292711348 
gen 82 202105 518.5197078767352 0.9531242964356367 512.4839833727867 519.5577474444163 
gen 83 204580 518.0820997672106 0.9449214454548983 512.4839833727867 519.1128055270957 
gen 84 207039 517.5668927016516 0.9928757231726127 512.4839833727867 518.6315006909592 
gen 85 209498 517.0737598903295 1.0142077688244049 512.4839833727867 518.1478091126666 
gen 86 211974 516.5921945293265 0.9933136073201819 512.0341393022928 517.6629063701171 
gen 87 214439 516.0890860312527 0.9591344045750594 512.0341393022928 517.1625464451395 
gen 88 216901 515.6103641511535 0.8568398201234997 512.0341393022928 516.6010728652644 
gen 89 219373 515.0954550229462 0.8296081615633 512.0341393022928 516.0637257780562 
gen 90 221822 514.6283712763227 0.7703617566238798 511.865305419242 515.5633047363619 
gen 91 224275 514.2590348523919 0.7097238146489586 510.63498109849434 515.1366969881716 
gen 92 226741 513.8770870083749 0.6841105091886861 510.63498109849434 514.6908770708548 
gen 93 229190 513.5495347222875 0.648724667227755 510.63498109849434 514.281476621534 
gen 94 231657 513.382346773432 0.6280646814301837 510.63498109849434 514.0965416990052 
gen 95 234125 513.1424405919315 0.615643691234866 510.63498109849434 513.8441458280998 
gen 96 236584 512.9424607001041 0.5961889701958121 510.63498109849434 513.6453291448108 
gen 97 239032 512.751083385091 0.5753468738312913 510.63498109849434 513.4426637018494 
gen 98 241494 512.5962776520569 0.5519270329586798 510.63498109849434 513.2420303148979 
gen 99 243964 512.4279707302196 0.5335451224739723 510.530193735549 513.0661241076225 
gen 100 246435 512.3108141104036 0.4983112633567147 510.530193735549 512.907949907441 
gen 101 248904 512.1994155557987 0.47621663588714114 510.530193735549 512.7920304053303 
gen 102 251374 512.0135181949012 0.4594586644704014 510.07201687480676 512.5991109162208 
gen 103 253831 511.86620380266015 0.4633127069131919 509.43934832437157 512.4017849200959 
gen 104 256295 511.75360473031634 0.4446872802941902 509.43934832437157 512.2740685573725 
gen 105 258761 511.6469287730067 0.41963558307079185 509.43934832437157 512.1347554734394 
gen 106 261218 511.5552739399874 0.40194425498839365 509.43934832437157 512.0152849121658 
gen 107 263687 511.46385091235055 0.3949008230693535 509.43934832437157 511.9225405283081 
gen 108 266140 511.38518694838564 0.3863242254734246 509.43934832437157 511.8284230990066 
gen 109 268627 511.2954706269151 0.38493898997301873 509.43934832437157 511.6922230670516 
gen 110 271094 511.2008205445928 0.3950950491596917 509.43934832437157 511.6179196736395 
gen 111 273566 511.0805373106833 0.3800219233981703 509.43934832437157 511.5236618465524 
gen 112 276031 510.9956191390116 0.3783520591860829 508.5109327276481 511.45226979925866 
[3, 8, 17, 16, 10, 0, 2, 22, 5, 21, 13, 12, 19, 11, 15, 1, 14, 6, 7, 4, 9, 20, 18, 10, 7, 20, 1, 21, 16, 12, 15, 11, 14, 18, 8, 0, 19, 17, 9, 13, 4, 3, 5, 22, 2, 6, 3, 4, 11, 8, 9, 16, 20, 18, 0, 1, 7, 15, 22, 2, 14, 12, 5, 19, 17, 6, 21, 10, 13, 21, 19, 1, 9, 5, 17, 15, 14, 6, 4, 0, 7, 3, 16, 2, 13, 18, 12, 22, 20, 11, 10, 8, 10, 19, 7, 9, 1, 14, 21, 16, 6, 11, 15, 0, 22, 4, 20, 5, 12, 18, 2, 8, 13, 3, 17, 2, 17, 22, 12, 21, 15, 7, 8, 1, 16, 20, 13, 11, 3, 9, 4, 18, 10, 6, 5, 19, 0, 14, 11, 20, 13, 17, 15, 12, 9, 7, 22, 10, 19, 3, 14, 4, 2, 18, 0, 8, 1, 21, 16, 6, 5, 14, 20, 13, 17, 22, 10, 0, 7, 9, 1, 18, 21, 4, 3, 16, 11, 8, 6, 2, 5, 19, 15, 12, 4, 6, 1, 15, 9, 5, 14, 0, 11, 7, 17, 16, 19, 8, 22, 21, 18, 12, 2, 10, 13, 20, 3, 3, 21, 9, 18, 19, 2, 10, 8, 15, 17, 4, 13, 20, 7, 22, 1, 6, 11, 0, 14, 5, 16, 12, 14, 20, 17, 10, 5, 3, 22, 1, 15, 13, 4, 16, 9, 2, 12, 0, 7, 19, 8, 11, 6, 21, 18, 15, 21, 11, 1, 16, 0, 10, 7, 9, 22, 2, 4, 18, 13, 14, 12, 3, 20, 5, 17, 8, 19, 6, 11, 13, 8, 0, 15, 1, 16, 19, 10, 2, 14, 22, 17, 18, 6, 21, 12, 7, 5, 20, 3, 4, 9, 6, 16, 21, 19, 14, 13, 8, 17, 4, 22, 2, 9, 10, 0, 12, 7, 1, 18, 15, 3, 11, 5, 20, 14, 13, 17, 22, 8, 11, 20, 12, 9, 6, 19, 4, 15, 10, 16, 21, 7, 18, 2, 0, 5, 1, 3, 2, 13, 9, 4, 21, 0, 12, 16, 18, 15, 1, 5, 22, 19, 11, 3, 6, 14, 10, 20, 7, 17, 8, 3, 20, 13, 22, 4, 0, 15, 6, 11, 1, 5, 16, 14, 8, 19, 17, 9, 10, 12, 18, 7, 2, 21]
min  508.5109327276481
NFE 276031
LSNFE 0
VLSNFE 0
runTime 1111.0041213035583
