gen 0 391 1e+16 0.0 1e+16 1e+16 
gen 1 2878 9948849104859342.0 713367042505350.2 1145.4012036957924 1e+16 
gen 2 5343 9820971867007696.0 1325982751592229.8 1140.926035116725 1e+16 
gen 3 7802 9616368286445062.0 1920714409771479.0 1059.7944216297255 1e+16 
gen 4 10262 9386189258312096.0 2400279939979254.5 943.2063576323958 1e+16 
gen 5 12731 9156010230179132.0 2779852328208348.0 943.2063576323958 1e+16 
gen 6 15202 8618925831202214.0 3450126929296327.0 932.6137601620784 1e+16 
gen 7 17661 7928388746803317.0 4052719993731768.0 932.6137601620784 1e+16 
gen 8 20116 6879795396419812.0 4633181333338373.0 932.6137601620784 1e+16 
gen 9 22578 5421994884911033.0 4982160205884939.0 920.0644995899089 1e+16 
gen 10 25042 3350383631714338.5 4720038753810839.0 920.0644995899089 1e+16 
gen 11 27507 153452685423149.78 1229218909534169.5 838.8579598784229 1e+16 
gen 12 29966 1071.3995353070288 88.16213797492772 746.2776272745369 1215.2024672277214 
gen 13 32444 1001.7467504470058 63.86240793440646 746.2776272745369 1094.4359324875495 
gen 14 34909 960.836540163916 49.47541192649828 746.2776272745369 1025.7909759229099 
gen 15 37374 923.2747979268449 45.05568130205854 746.2776272745369 977.3077407425446 
gen 16 39835 893.0274124593316 39.676294403979824 746.2776272745369 941.9220106961142 
gen 17 42294 867.3353536670614 32.30352535897603 746.2776272745369 908.3700174592934 
gen 18 44758 847.6524855993093 27.5162692632711 746.2776272745369 881.8810117686169 
gen 19 47215 833.6764930210247 25.81762621771751 726.4535007537976 860.9010336687791 
gen 20 49685 819.4652919894944 25.586367833069392 719.3316284959704 846.7767254541455 
gen 21 52143 806.5666358496014 24.835943329041935 719.3316284959704 834.57633410007 
gen 22 54601 794.9457309969786 23.756762372720658 719.3316284959704 824.1961902854409 
gen 23 57072 782.771923674415 22.542144994734734 719.3316284959704 808.6749552000017 
gen 24 59540 769.9791268833411 21.530825864433886 684.9180821762677 796.0646740879714 
gen 25 61997 758.9302433849302 19.614292079278915 684.9180821762677 784.4920671950744 
gen 26 64448 747.8496072571119 19.407083867239084 666.6725940226542 771.2652555249717 
gen 27 66910 734.9248160261728 20.07351339274175 648.0725068915366 758.2820163557094 
gen 28 69347 723.2001563589884 20.122758232611705 648.0725068915366 747.5744794871941 
gen 29 71798 709.2118463275544 17.948690082624925 635.3377335434404 730.8034889448384 
gen 30 74260 697.4801991318791 17.394230989720665 635.1682897494284 718.082535191598 
gen 31 76705 684.5252949935128 17.453930522702024 616.4976946390539 703.9563452389631 
gen 32 79182 673.9286641996396 15.62480344897364 615.9871114335074 693.2452144530104 
gen 33 81650 661.6482500353144 14.874352358424732 608.6999240105407 679.503935369759 
gen 34 84094 650.991323042903 13.73976971933236 606.5665066806258 668.1664036212309 
gen 35 86571 640.7331825543046 13.255292262603549 579.9478814224324 657.0832009415869 
gen 36 89042 632.6118036729633 12.865571448854126 575.8680781560518 648.0226474711502 
gen 37 91494 625.9710461014761 12.607840302198403 575.8680781560518 640.8214539423952 
gen 38 93970 620.2966395577449 11.787734363914637 567.4247075847657 634.1046409931855 
gen 39 96409 614.492332438577 11.553026052701028 557.619925168844 627.6004564440593 
gen 40 98883 609.1651891556637 10.912949775713226 557.619925168844 621.7437877894762 
gen 41 101362 603.0804522254399 10.98238214367029 544.6461896216348 615.4463089233998 
gen 42 103810 597.6341867149554 11.94209044756402 524.7576636025915 609.7750318608314 
gen 43 106272 590.6181844954256 12.176430019254493 524.7576636025915 603.8005136819123 
gen 44 108746 583.4108082825546 12.12105638273658 524.7576636025915 595.7815109616485 
gen 45 111215 575.4719649688705 12.037409255462352 524.7576636025915 589.0463444139971 
gen 46 113667 567.4601102965711 10.944328200907444 521.648193558332 579.9478814224324 
gen 47 116146 558.640589518832 10.15902546933591 518.2602007543062 570.4776761512012 
gen 48 118610 549.446869506656 9.718173360608946 496.81755403404406 561.0491464511894 
gen 49 121062 541.8396793525001 8.08983274110857 496.81755403404406 550.9339552978505 
gen 50 123523 535.886072717619 7.927491186191969 496.81755403404406 544.6461896216348 
gen 51 125975 531.358236542555 7.363643609537843 496.81755403404406 539.4100286728731 
gen 52 128418 527.3673794083116 7.140342720116139 496.81755403404406 535.2451574258087 
gen 53 130886 523.8998461647507 6.7662500338118985 495.2897579059527 531.442430899998 
gen 54 133358 520.5210352961434 6.695064270767247 494.68597757417945 528.1161256297861 
gen 55 135819 517.2750344012145 6.491445234355748 491.01710325054535 524.6851602207103 
gen 56 138290 514.2860740705789 6.447558159972338 485.4537281271398 521.2420138718945 
gen 57 140755 511.7531818573653 6.112587263055984 484.91810280334204 518.4339734514282 
gen 58 143200 509.25820594030444 6.30508616692111 472.68788904711477 515.9958883073919 
gen 59 145660 506.9084577826969 6.107528207025174 472.68788904711477 513.6392858894063 
gen 60 148133 504.7888210899943 6.01453785238709 472.68788904711477 511.4144706762381 
gen 61 150597 502.14172243406756 6.143879394027647 472.68788904711477 508.7694556575986 
gen 62 153067 499.848847684958 5.881610888817984 472.68788904711477 506.76330557931294 
gen 63 155538 497.8347016344003 5.930833397303563 456.7052330293974 504.5234724567441 
gen 64 158014 495.37410043474404 5.883584421539568 456.7052330293974 501.94695512630796 
gen 65 160475 493.147548987248 5.805491428492922 456.7052330293974 499.6719626395799 
gen 66 162943 490.99710115593325 5.520353731729402 456.7052330293974 497.28896115663537 
gen 67 165408 489.0447073353802 5.231937473435721 456.7052330293974 494.68597757417945 
gen 68 167866 486.98053877126887 4.961720716658203 456.7052330293974 492.7295292121625 
gen 69 170332 484.6474160002975 4.461161572224084 456.7052330293974 490.3144549181781 
gen 70 172802 482.14287758208894 4.278978184945187 456.7052330293974 486.78388609911974 
gen 71 175253 478.7392008670851 4.406811996561773 456.7052330293974 483.73675271631384 
gen 72 177718 475.17154158377525 4.0874066134613924 456.7052330293974 480.03991526067375 
gen 73 180175 471.23220777024596 3.5152670886677235 455.47508828188154 475.4672527496233 
gen 74 182626 466.8628961321917 3.455703510314084 453.1557026552569 470.7772986039355 
gen 75 185071 462.94233881905205 2.9476169003620023 453.1557026552569 466.5693949815418 
gen 76 187525 459.43301881461053 2.3930484365100755 447.1889207288314 462.65547641945585 
gen 77 189993 456.78187930163057 2.103449216755827 444.0466827341257 458.9475517206129 
gen 78 192465 454.72655069335417 2.2687356171416875 444.0466827341257 456.9117870975958 
gen 79 194922 452.66691567264485 2.838075446614435 440.68022009272596 455.2758130156119 
gen 80 197381 449.8512213707996 3.2587539886419035 436.0369548899135 453.2418276941478 
gen 81 199849 445.46479884767024 2.39717358816507 436.0369548899135 448.74352553621554 
gen 82 202314 442.31102437001596 1.6552286034360661 436.0369548899135 444.5429623347217 
gen 83 204778 440.634515275799 1.243355579866355 436.0369548899135 442.1072084793292 
gen 84 207215 439.19094061145415 1.1258667143152448 435.265795459138 440.5899996325797 
gen 85 209668 438.0024902129092 1.01174189123407 433.1775191529525 439.2501455715403 
gen 86 212147 437.1540270584153 0.888729800766683 433.1775191529525 438.25231166509786 
gen 87 214607 436.39881264172584 0.848909601248668 433.10218129015163 437.4250706233555 
gen 88 217070 435.849380387852 0.8554252762473864 431.26149610086134 436.7946323242603 
gen 89 219531 435.24879808780435 0.9173156470030118 431.26149610086134 436.27065472350444 
gen 90 221975 434.5968430243031 0.8938589521322113 431.26149610086134 435.6781498247347 
gen 91 224455 433.9596013341604 0.8663494468737178 429.8877668556076 435.03741323324675 
gen 92 226914 433.41442681721037 0.7958609695007611 429.8877668556076 434.380343684974 
gen 93 229387 432.89478140672827 0.7634596391372865 429.8877668556076 433.8357255989501 
gen 94 231861 432.41132750452385 0.7877023617167742 429.5866342850573 433.33843561130993 
gen 95 234320 431.98622688931835 0.7620277459868318 429.5223907866145 432.89417947069853 
gen 96 236783 431.5819894824593 0.7908087497467451 427.94719088762406 432.46527501587394 
gen 97 239232 431.2190497979807 0.7612005096552982 427.8982458577185 432.1523313437676 
gen 98 241712 430.82601341880536 0.7517429168036526 427.838067181875 431.7239674056202 
gen 99 244171 430.38633781229214 0.7681913467524113 426.25508550518896 431.29681151126954 
gen 100 246628 429.99558273391096 0.7606848043409504 426.25508550518896 430.8840025166741 
gen 101 249094 429.6991769661692 0.7309065731445658 426.25508550518896 430.57871768912156 
gen 102 251562 429.4253881409987 0.6401084142326592 426.25508550518896 430.18661073906753 
gen 103 254033 429.1431172734397 0.6289745574346953 426.097168503034 429.78402646960274 
gen 104 256507 428.9186628947217 0.6434084571048402 426.097168503034 429.53974326552355 
gen 105 258977 428.5533985628108 0.6635981666406283 426.097168503034 429.384398741317 
gen 106 261443 428.18090756696307 0.6635595203975944 425.7549264944143 428.9727341967388 
gen 107 263911 427.75623998593295 0.6792915250047646 424.8589742555671 428.5375101634701 
gen 108 266373 427.3807238134374 0.6853236786528241 424.8589742555671 427.8982458577185 
gen 109 268827 426.83738443080085 0.6056359020968847 424.8589742555671 427.7150669668108 
gen 110 271275 426.38046186684863 0.436319625644351 424.79234040640245 426.8600733269838 
gen 111 273727 426.1594937363668 0.45143245498884854 424.654088922812 426.59953464809246 
[20, 17, 3, 21, 9, 8, 6, 12, 2, 18, 7, 10, 11, 15, 1, 22, 19, 4, 0, 13, 5, 14, 16, 9, 10, 6, 7, 1, 17, 12, 4, 5, 3, 14, 16, 2, 18, 20, 21, 8, 19, 0, 11, 22, 13, 15, 21, 16, 4, 22, 18, 11, 9, 1, 20, 7, 8, 12, 13, 17, 2, 0, 15, 10, 19, 6, 5, 3, 14, 12, 5, 2, 6, 11, 21, 13, 0, 20, 10, 9, 19, 14, 1, 17, 4, 18, 15, 3, 8, 22, 16, 7, 9, 21, 8, 20, 17, 19, 12, 0, 13, 18, 7, 6, 16, 14, 15, 5, 10, 3, 22, 11, 1, 4, 2, 13, 2, 14, 0, 8, 1, 10, 5, 18, 3, 11, 20, 4, 22, 16, 9, 17, 19, 21, 6, 15, 7, 12, 13, 2, 17, 8, 11, 3, 7, 22, 12, 20, 18, 4, 16, 9, 5, 1, 0, 6, 19, 15, 10, 21, 14, 21, 17, 3, 16, 22, 13, 15, 7, 5, 4, 0, 2, 18, 1, 11, 20, 9, 19, 14, 6, 10, 12, 8, 19, 4, 7, 10, 6, 3, 17, 16, 21, 20, 15, 18, 9, 8, 13, 14, 12, 11, 22, 1, 0, 5, 2, 9, 1, 5, 0, 12, 18, 20, 13, 3, 15, 22, 17, 2, 4, 10, 14, 6, 8, 7, 21, 19, 16, 11, 17, 18, 2, 12, 11, 4, 3, 20, 6, 5, 14, 10, 9, 8, 1, 22, 0, 15, 7, 19, 16, 13, 21, 15, 1, 11, 16, 20, 14, 0, 5, 3, 22, 8, 19, 18, 7, 4, 10, 2, 9, 21, 12, 17, 6, 13, 13, 2, 14, 19, 11, 7, 0, 16, 22, 20, 9, 3, 18, 17, 5, 8, 12, 1, 10, 15, 4, 21, 6, 16, 8, 15, 19, 22, 20, 3, 10, 18, 9, 14, 21, 2, 0, 7, 12, 17, 13, 5, 1, 11, 4, 6, 11, 14, 3, 17, 16, 10, 8, 1, 4, 20, 22, 12, 15, 19, 18, 21, 5, 2, 13, 9, 6, 0, 7, 13, 20, 15, 7, 17, 5, 3, 21, 14, 18, 8, 4, 9, 6, 0, 16, 12, 11, 22, 2, 1, 10, 19, 13, 2, 3, 19, 8, 14, 5, 0, 12, 18, 9, 11, 10, 16, 20, 22, 21, 1, 4, 15, 7, 6, 17]
min  424.654088922812
NFE 273727
LSNFE 0
VLSNFE 0
runTime 998.6146111488342
