gen 0 20 175.39777967540942 28.48281514374465 128.13021891344115 260.0362863786081 
gen 1 147 135.17200892391787 11.776050152321458 105.174675764062 148.54208954010392 
gen 2 274 121.33670091629537 9.77141984324021 105.174675764062 133.18462588019247 
gen 3 398 108.67874558246906 4.398521021256988 105.174675764062 117.59597566307674 
gen 4 522 105.19123018052956 0.07215902845139895 105.174675764062 105.50576409341329 
gen 5 642 105.174675764062 0.0 105.174675764062 105.174675764062 
gen 6 764 105.174675764062 0.0 105.174675764062 105.174675764062 
gen 7 884 105.174675764062 0.0 105.174675764062 105.174675764062 
gen 8 1004 105.174675764062 0.0 105.174675764062 105.174675764062 
gen 9 1124 105.174675764062 0.0 105.174675764062 105.174675764062 
gen 10 1244 105.174675764062 0.0 105.174675764062 105.174675764062 
gen 11 1364 105.174675764062 0.0 105.174675764062 105.174675764062 
gen 12 1484 105.174675764062 0.0 105.174675764062 105.174675764062 
gen 13 1604 105.174675764062 0.0 105.174675764062 105.174675764062 
gen 14 1724 105.174675764062 0.0 105.174675764062 105.174675764062 
gen 15 1844 105.174675764062 0.0 105.174675764062 105.174675764062 
gen 16 1965 105.174675764062 0.0 105.174675764062 105.174675764062 
gen 17 2087 105.174675764062 0.0 105.174675764062 105.174675764062 
gen 18 2209 105.174675764062 0.0 105.174675764062 105.174675764062 
gen 19 2330 105.174675764062 0.0 105.174675764062 105.174675764062 
gen 20 2451 105.174675764062 0.0 105.174675764062 105.174675764062 
gen 21 2572 105.174675764062 0.0 105.174675764062 105.174675764062 
gen 22 2694 105.174675764062 0.0 105.174675764062 105.174675764062 
gen 23 2815 105.174675764062 0.0 105.174675764062 105.174675764062 
gen 24 2936 105.174675764062 0.0 105.174675764062 105.174675764062 
gen 25 3057 105.174675764062 0.0 105.174675764062 105.174675764062 
gen 26 3178 105.174675764062 0.0 105.174675764062 105.174675764062 
gen 27 3299 105.174675764062 0.0 105.174675764062 105.174675764062 
gen 28 3420 105.174675764062 0.0 105.174675764062 105.174675764062 
gen 29 3543 105.174675764062 0.0 105.174675764062 105.174675764062 
gen 30 3663 105.174675764062 0.0 105.174675764062 105.174675764062 
gen 31 3784 105.174675764062 0.0 105.174675764062 105.174675764062 
gen 32 3904 105.174675764062 0.0 105.174675764062 105.174675764062 
gen 33 4024 105.174675764062 0.0 105.174675764062 105.174675764062 
gen 34 4144 105.174675764062 0.0 105.174675764062 105.174675764062 
gen 35 4264 105.174675764062 0.0 105.174675764062 105.174675764062 
gen 36 4384 105.174675764062 0.0 105.174675764062 105.174675764062 
gen 37 4504 105.174675764062 0.0 105.174675764062 105.174675764062 
gen 38 4624 105.174675764062 0.0 105.174675764062 105.174675764062 
gen 39 4745 105.174675764062 0.0 105.174675764062 105.174675764062 
gen 40 4866 105.174675764062 0.0 105.174675764062 105.174675764062 
gen 41 4991 105.174675764062 0.0 105.174675764062 105.174675764062 
gen 42 5112 105.174675764062 0.0 105.174675764062 105.174675764062 
gen 43 5233 105.174675764062 0.0 105.174675764062 105.174675764062 
gen 44 5353 105.174675764062 0.0 105.174675764062 105.174675764062 
gen 45 5474 105.174675764062 0.0 105.174675764062 105.174675764062 
gen 46 5595 105.174675764062 0.0 105.174675764062 105.174675764062 
gen 47 5716 105.174675764062 0.0 105.174675764062 105.174675764062 
gen 48 5836 105.174675764062 0.0 105.174675764062 105.174675764062 
gen 49 5956 105.174675764062 0.0 105.174675764062 105.174675764062 
gen 50 6077 105.174675764062 0.0 105.174675764062 105.174675764062 
gen 51 6198 105.174675764062 0.0 105.174675764062 105.174675764062 
gen 52 6319 105.174675764062 0.0 105.174675764062 105.174675764062 
gen 53 6441 105.174675764062 0.0 105.174675764062 105.174675764062 
gen 54 6562 105.174675764062 0.0 105.174675764062 105.174675764062 
gen 55 6682 105.174675764062 0.0 105.174675764062 105.174675764062 
gen 56 6805 105.174675764062 0.0 105.174675764062 105.174675764062 
gen 57 6926 105.174675764062 0.0 105.174675764062 105.174675764062 
gen 58 7047 105.174675764062 0.0 105.174675764062 105.174675764062 
gen 59 7167 105.174675764062 0.0 105.174675764062 105.174675764062 
gen 60 7288 105.174675764062 0.0 105.174675764062 105.174675764062 
gen 61 7409 105.174675764062 0.0 105.174675764062 105.174675764062 
gen 62 7531 105.174675764062 0.0 105.174675764062 105.174675764062 
gen 63 7651 105.174675764062 0.0 105.174675764062 105.174675764062 
gen 64 7771 105.174675764062 0.0 105.174675764062 105.174675764062 
gen 65 7892 105.174675764062 0.0 105.174675764062 105.174675764062 
gen 66 8014 105.174675764062 0.0 105.174675764062 105.174675764062 
gen 67 8135 105.174675764062 0.0 105.174675764062 105.174675764062 
gen 68 8255 105.174675764062 0.0 105.174675764062 105.174675764062 
gen 69 8376 105.174675764062 0.0 105.174675764062 105.174675764062 
gen 70 8499 105.174675764062 0.0 105.174675764062 105.174675764062 
gen 71 8619 105.174675764062 0.0 105.174675764062 105.174675764062 
gen 72 8740 105.174675764062 0.0 105.174675764062 105.174675764062 
gen 73 8860 105.174675764062 0.0 105.174675764062 105.174675764062 
gen 74 8981 105.174675764062 0.0 105.174675764062 105.174675764062 
gen 75 9102 105.174675764062 0.0 105.174675764062 105.174675764062 
gen 76 9223 105.174675764062 0.0 105.174675764062 105.174675764062 
gen 77 9344 105.174675764062 0.0 105.174675764062 105.174675764062 
gen 78 9467 105.174675764062 0.0 105.174675764062 105.174675764062 
gen 79 9587 105.174675764062 0.0 105.174675764062 105.174675764062 
gen 80 9707 105.174675764062 0.0 105.174675764062 105.174675764062 
gen 81 9828 105.174675764062 0.0 105.174675764062 105.174675764062 
gen 82 9949 105.174675764062 0.0 105.174675764062 105.174675764062 
gen 83 10069 105.174675764062 0.0 105.174675764062 105.174675764062 
gen 84 10190 105.174675764062 0.0 105.174675764062 105.174675764062 
gen 85 10311 105.174675764062 0.0 105.174675764062 105.174675764062 
gen 86 10431 105.174675764062 0.0 105.174675764062 105.174675764062 
gen 87 10552 105.174675764062 0.0 105.174675764062 105.174675764062 
gen 88 10674 105.174675764062 0.0 105.174675764062 105.174675764062 
gen 89 10795 105.174675764062 0.0 105.174675764062 105.174675764062 
gen 90 10916 105.174675764062 0.0 105.174675764062 105.174675764062 
gen 91 11036 105.174675764062 0.0 105.174675764062 105.174675764062 
gen 92 11158 105.174675764062 0.0 105.174675764062 105.174675764062 
gen 93 11278 105.174675764062 0.0 105.174675764062 105.174675764062 
gen 94 11398 105.174675764062 0.0 105.174675764062 105.174675764062 
gen 95 11520 105.174675764062 0.0 105.174675764062 105.174675764062 
gen 96 11641 105.174675764062 0.0 105.174675764062 105.174675764062 
gen 97 11762 105.174675764062 0.0 105.174675764062 105.174675764062 
gen 98 11883 105.174675764062 0.0 105.174675764062 105.174675764062 
gen 99 12004 105.174675764062 0.0 105.174675764062 105.174675764062 
gen 100 12124 105.174675764062 0.0 105.174675764062 105.174675764062 
gen 101 12246 105.174675764062 0.0 105.174675764062 105.174675764062 
gen 102 12366 105.174675764062 0.0 105.174675764062 105.174675764062 
gen 103 12488 105.174675764062 0.0 105.174675764062 105.174675764062 
gen 104 12611 105.174675764062 0.0 105.174675764062 105.174675764062 
gen 105 12733 105.174675764062 0.0 105.174675764062 105.174675764062 
gen 106 12854 105.174675764062 0.0 105.174675764062 105.174675764062 
gen 107 12975 105.174675764062 0.0 105.174675764062 105.174675764062 
gen 108 13096 105.174675764062 0.0 105.174675764062 105.174675764062 
gen 109 13217 105.174675764062 0.0 105.174675764062 105.174675764062 
gen 110 13341 105.174675764062 0.0 105.174675764062 105.174675764062 
gen 111 13463 105.174675764062 0.0 105.174675764062 105.174675764062 
gen 112 13584 105.174675764062 0.0 105.174675764062 105.174675764062 
gen 113 13705 105.174675764062 0.0 105.174675764062 105.174675764062 
gen 114 13825 105.174675764062 0.0 105.174675764062 105.174675764062 
gen 115 13945 105.174675764062 0.0 105.174675764062 105.174675764062 
gen 116 14065 105.174675764062 0.0 105.174675764062 105.174675764062 
[2, 1, 3, 0, 0, 1, 2, 3, 3, 0, 2, 1, 2, 1, 0, 3, 1, 0, 2, 3]
min  105.174675764062
NFE 14065
LSNFE 0
VLSNFE 0
runTime 4.407853603363037
