gen 0 121 731.3827666202712 130.52612580250954 516.2689880100286 1318.068416906904 
gen 1 615 559.7771928597492 36.50403996197909 415.4489057774103 612.3448234784623 
gen 2 1099 520.1261103014608 24.773550270737537 415.4489057774103 549.0824584856042 
gen 3 1583 491.3627528159773 26.174150498071192 409.4814729158872 521.1233626748877 
gen 4 2107 470.13431492045913 23.757088809514382 360.94117435914336 499.13613451702304 
gen 5 2601 455.9192820827825 21.987803346394966 360.94117435914336 483.31234453075564 
gen 6 3085 443.9049529608069 18.853231986494983 360.94117435914336 464.9920625495107 
gen 7 3569 432.4061752158157 16.551613340265515 360.94117435914336 451.71122027066775 
gen 8 4073 420.44792902642115 15.397705513685347 350.31571102403313 438.87448156326434 
gen 9 4557 409.3451701810122 16.242068547481427 350.31571102403313 428.43930713298494 
gen 10 5041 399.2801344636723 14.23229494557775 350.31571102403313 416.5653635546351 
gen 11 5525 392.5986482825045 12.965696650253417 350.31571102403313 408.2794148729321 
gen 12 6009 388.05554477499095 12.308437324123522 350.31571102403313 402.65229155957775 
gen 13 6493 381.642337942522 13.280031878599145 330.6379926215953 396.2966366307303 
gen 14 6977 378.184581500931 12.221255617186523 330.6379926215953 391.81944655431226 
gen 15 7471 373.7135844855369 10.966945528425706 330.6379926215953 387.20460627486676 
gen 16 7955 368.4135503146403 9.537492683471907 330.6379926215953 380.6552698063495 
gen 17 8439 364.23846582520827 8.165061152123846 330.6379926215953 375.12306852665506 
gen 18 8923 359.9192999496063 6.992395515425749 330.6379926215953 369.00099126049207 
gen 19 9407 356.46683781814517 6.391135706885433 328.2793550186306 364.8238784856834 
gen 20 9891 353.25300092927876 6.179553757594643 328.2793550186306 360.50706226044844 
gen 21 10375 349.2756160437044 6.134770382804513 327.3358215512669 356.78987842515215 
gen 22 10859 346.7479605277163 5.774643438760939 327.3358215512669 353.34749712525365 
gen 23 11343 344.5381426860436 6.116219518001378 323.9372704401409 351.2712191037725 
gen 24 11827 343.0594615967217 5.793759816062118 323.9372704401409 349.63380717765483 
gen 25 12321 340.54319528426316 5.769778060780428 315.01486175147363 347.090558028093 
gen 26 12805 337.7993271005734 5.531691996217518 311.214352969279 344.0942757552706 
gen 27 13289 335.8359992393016 5.4079054242542925 311.214352969279 342.0061594246219 
gen 28 13773 333.00053274091835 5.204446458743981 311.214352969279 339.0664923346545 
gen 29 14257 331.1827911654165 4.818611078219932 311.214352969279 335.82848356481054 
gen 30 14741 328.79524826439064 5.3266034039460255 310.6820451730293 334.5643642404957 
gen 31 15225 326.2673051021969 6.055527324516979 298.15898903711326 332.4103744021603 
gen 32 15709 323.08445379843494 6.9646959993075015 298.15898903711326 330.1038021610863 
gen 33 16193 318.4613870399469 7.630029972225247 294.96649288466966 326.40848754138943 
gen 34 16677 312.08549201402815 8.827945125812592 283.1399144932883 322.05186556581504 
gen 35 17161 305.0620898516643 6.808987006730358 283.1399144932883 313.956410810751 
gen 36 17645 298.3980308736698 4.567518725596643 283.1399144932883 304.4819018067671 
gen 37 18129 294.0368227550712 3.5024224334974488 282.7615264451336 298.7783477264948 
gen 38 18613 291.69746244245283 3.3557635276479316 278.89458336499405 294.96649288466966 
gen 39 19097 289.7916242601878 3.2432779923360435 278.89458336499405 293.50918727730334 
gen 40 19581 288.5386610346654 3.0029005436471774 278.89458336499405 292.15931996334564 
gen 41 20065 286.9174348953277 2.958336993664356 276.96432989722473 290.77362369076855 
gen 42 20549 286.08115663469056 2.9624705770665294 276.6157026091292 289.6731074223623 
gen 43 21053 284.676537009202 2.864856790095343 275.45965721292646 288.4355678392555 
gen 44 21547 283.18496952789286 2.1312673581547448 275.45965721292646 286.0135357502473 
gen 45 22031 282.09154793910955 2.0478815563828325 275.03285730422425 283.7687685022969 
gen 46 22515 281.34099297007333 2.4095794734435856 274.1457761392661 283.1399144932883 
gen 47 22999 280.19024420044013 2.5621597633644315 271.9734511097734 283.1399144932883 
gen 48 23493 278.3557602641575 2.512166724537386 270.5629813155397 281.16350192235694 
gen 49 23977 275.95764812111616 1.7630378778506268 269.7958401349691 278.46222821042005 
gen 50 24471 273.987664972796 1.635742949280304 269.7958401349691 275.45965721292646 
gen 51 24955 272.1916080210312 1.4519103259015493 268.67646083831613 273.4058282513502 
gen 52 25439 269.9556757226604 0.7422113138287211 268.67646083831613 271.47969556886574 
gen 53 25933 269.2111556696358 0.47383363840762366 268.6496804270551 269.7958401349691 
gen 54 26417 268.6746902326129 0.006654510076392865 268.6496804270551 268.67646083831613 
gen 55 26911 268.67181299834516 0.010142418326092098 268.6496804270551 268.67646083831613 
gen 56 27395 268.6645092498194 0.013312700235851438 268.6496804270551 268.67646083831613 
gen 57 27879 268.64990175276796 0.002424501710236545 268.6496804270551 268.67646083831613 
gen 58 28363 268.64968042705505 5.684341886080802e-14 268.6496804270551 268.6496804270551 
gen 59 28847 268.64968042705505 5.684341886080802e-14 268.6496804270551 268.6496804270551 
gen 60 29331 268.64968042705505 5.684341886080802e-14 268.6496804270551 268.6496804270551 
gen 61 29815 268.64968042705505 5.684341886080802e-14 268.6496804270551 268.6496804270551 
gen 62 30299 268.64968042705505 5.684341886080802e-14 268.6496804270551 268.6496804270551 
gen 63 30793 268.64968042705505 5.684341886080802e-14 268.6496804270551 268.6496804270551 
gen 64 31277 268.64968042705505 5.684341886080802e-14 268.6496804270551 268.6496804270551 
gen 65 31761 268.64968042705505 5.684341886080802e-14 268.6496804270551 268.6496804270551 
gen 66 32245 268.64968042705505 5.684341886080802e-14 268.6496804270551 268.6496804270551 
gen 67 32729 268.64968042705505 5.684341886080802e-14 268.6496804270551 268.6496804270551 
gen 68 33213 268.64968042705505 5.684341886080802e-14 268.6496804270551 268.6496804270551 
gen 69 33697 268.64968042705505 5.684341886080802e-14 268.6496804270551 268.6496804270551 
gen 70 34181 268.64968042705505 5.684341886080802e-14 268.6496804270551 268.6496804270551 
gen 71 34665 268.64968042705505 5.684341886080802e-14 268.6496804270551 268.6496804270551 
gen 72 35159 268.64968042705505 5.684341886080802e-14 268.6496804270551 268.6496804270551 
gen 73 35643 268.64968042705505 5.684341886080802e-14 268.6496804270551 268.6496804270551 
gen 74 36127 268.64968042705505 5.684341886080802e-14 268.6496804270551 268.6496804270551 
gen 75 36611 268.64968042705505 5.684341886080802e-14 268.6496804270551 268.6496804270551 
gen 76 37095 268.64968042705505 5.684341886080802e-14 268.6496804270551 268.6496804270551 
gen 77 37589 268.64968042705505 5.684341886080802e-14 268.6496804270551 268.6496804270551 
gen 78 38073 268.64968042705505 5.684341886080802e-14 268.6496804270551 268.6496804270551 
gen 79 38567 268.64968042705505 5.684341886080802e-14 268.6496804270551 268.6496804270551 
gen 80 39051 268.64968042705505 5.684341886080802e-14 268.6496804270551 268.6496804270551 
gen 81 39535 268.64968042705505 5.684341886080802e-14 268.6496804270551 268.6496804270551 
gen 82 40019 268.64968042705505 5.684341886080802e-14 268.6496804270551 268.6496804270551 
gen 83 40513 268.64968042705505 5.684341886080802e-14 268.6496804270551 268.6496804270551 
gen 84 40997 268.64968042705505 5.684341886080802e-14 268.6496804270551 268.6496804270551 
gen 85 41481 268.64968042705505 5.684341886080802e-14 268.6496804270551 268.6496804270551 
gen 86 41975 268.64968042705505 5.684341886080802e-14 268.6496804270551 268.6496804270551 
gen 87 42459 268.64968042705505 5.684341886080802e-14 268.6496804270551 268.6496804270551 
gen 88 42943 268.64968042705505 5.684341886080802e-14 268.6496804270551 268.6496804270551 
gen 89 43427 268.64968042705505 5.684341886080802e-14 268.6496804270551 268.6496804270551 
gen 90 43911 268.64968042705505 5.684341886080802e-14 268.6496804270551 268.6496804270551 
gen 91 44405 268.64968042705505 5.684341886080802e-14 268.6496804270551 268.6496804270551 
gen 92 44889 268.64968042705505 5.684341886080802e-14 268.6496804270551 268.6496804270551 
gen 93 45383 268.64968042705505 5.684341886080802e-14 268.6496804270551 268.6496804270551 
gen 94 45867 268.64968042705505 5.684341886080802e-14 268.6496804270551 268.6496804270551 
gen 95 46351 268.64968042705505 5.684341886080802e-14 268.6496804270551 268.6496804270551 
gen 96 46835 268.64968042705505 5.684341886080802e-14 268.6496804270551 268.6496804270551 
gen 97 47319 268.64968042705505 5.684341886080802e-14 268.6496804270551 268.6496804270551 
gen 98 47813 268.64968042705505 5.684341886080802e-14 268.6496804270551 268.6496804270551 
gen 99 48297 268.64968042705505 5.684341886080802e-14 268.6496804270551 268.6496804270551 
gen 100 48781 268.64968042705505 5.684341886080802e-14 268.6496804270551 268.6496804270551 
gen 101 49265 268.64968042705505 5.684341886080802e-14 268.6496804270551 268.6496804270551 
gen 102 49749 268.64968042705505 5.684341886080802e-14 268.6496804270551 268.6496804270551 
gen 103 50233 268.64968042705505 5.684341886080802e-14 268.6496804270551 268.6496804270551 
gen 104 50717 268.64968042705505 5.684341886080802e-14 268.6496804270551 268.6496804270551 
gen 105 51201 268.64968042705505 5.684341886080802e-14 268.6496804270551 268.6496804270551 
gen 106 51685 268.64968042705505 5.684341886080802e-14 268.6496804270551 268.6496804270551 
gen 107 52169 268.64968042705505 5.684341886080802e-14 268.6496804270551 268.6496804270551 
gen 108 52663 268.64968042705505 5.684341886080802e-14 268.6496804270551 268.6496804270551 
gen 109 53147 268.64968042705505 5.684341886080802e-14 268.6496804270551 268.6496804270551 
gen 110 53631 268.64968042705505 5.684341886080802e-14 268.6496804270551 268.6496804270551 
gen 111 54115 268.64968042705505 5.684341886080802e-14 268.6496804270551 268.6496804270551 
gen 112 54599 268.64968042705505 5.684341886080802e-14 268.6496804270551 268.6496804270551 
gen 113 55083 268.64968042705505 5.684341886080802e-14 268.6496804270551 268.6496804270551 
gen 114 55567 268.64968042705505 5.684341886080802e-14 268.6496804270551 268.6496804270551 
gen 115 56061 268.64968042705505 5.684341886080802e-14 268.6496804270551 268.6496804270551 
gen 116 56545 268.64968042705505 5.684341886080802e-14 268.6496804270551 268.6496804270551 
gen 117 57039 268.64968042705505 5.684341886080802e-14 268.6496804270551 268.6496804270551 
gen 118 57523 268.64968042705505 5.684341886080802e-14 268.6496804270551 268.6496804270551 
gen 119 58007 268.64968042705505 5.684341886080802e-14 268.6496804270551 268.6496804270551 
gen 120 58491 268.64968042705505 5.684341886080802e-14 268.6496804270551 268.6496804270551 
gen 121 58975 268.64968042705505 5.684341886080802e-14 268.6496804270551 268.6496804270551 
gen 122 59459 268.64968042705505 5.684341886080802e-14 268.6496804270551 268.6496804270551 
gen 123 59943 268.64968042705505 5.684341886080802e-14 268.6496804270551 268.6496804270551 
gen 124 60437 268.64968042705505 5.684341886080802e-14 268.6496804270551 268.6496804270551 
gen 125 60921 268.64968042705505 5.684341886080802e-14 268.6496804270551 268.6496804270551 
gen 126 61405 268.64968042705505 5.684341886080802e-14 268.6496804270551 268.6496804270551 
gen 127 61899 268.64968042705505 5.684341886080802e-14 268.6496804270551 268.6496804270551 
gen 128 62383 268.64968042705505 5.684341886080802e-14 268.6496804270551 268.6496804270551 
gen 129 62877 268.64968042705505 5.684341886080802e-14 268.6496804270551 268.6496804270551 
gen 130 63361 268.64968042705505 5.684341886080802e-14 268.6496804270551 268.6496804270551 
gen 131 63845 268.64968042705505 5.684341886080802e-14 268.6496804270551 268.6496804270551 
gen 132 64329 268.64968042705505 5.684341886080802e-14 268.6496804270551 268.6496804270551 
gen 133 64823 268.64968042705505 5.684341886080802e-14 268.6496804270551 268.6496804270551 
gen 134 65317 268.64968042705505 5.684341886080802e-14 268.6496804270551 268.6496804270551 
gen 135 65801 268.64968042705505 5.684341886080802e-14 268.6496804270551 268.6496804270551 
gen 136 66295 268.64968042705505 5.684341886080802e-14 268.6496804270551 268.6496804270551 
gen 137 66779 268.64968042705505 5.684341886080802e-14 268.6496804270551 268.6496804270551 
gen 138 67263 268.64968042705505 5.684341886080802e-14 268.6496804270551 268.6496804270551 
gen 139 67747 268.64968042705505 5.684341886080802e-14 268.6496804270551 268.6496804270551 
gen 140 68231 268.64968042705505 5.684341886080802e-14 268.6496804270551 268.6496804270551 
gen 141 68715 268.64968042705505 5.684341886080802e-14 268.6496804270551 268.6496804270551 
gen 142 69199 268.64968042705505 5.684341886080802e-14 268.6496804270551 268.6496804270551 
gen 143 69683 268.64968042705505 5.684341886080802e-14 268.6496804270551 268.6496804270551 
gen 144 70167 268.64968042705505 5.684341886080802e-14 268.6496804270551 268.6496804270551 
gen 145 70651 268.64968042705505 5.684341886080802e-14 268.6496804270551 268.6496804270551 
gen 146 71135 268.64968042705505 5.684341886080802e-14 268.6496804270551 268.6496804270551 
gen 147 71619 268.64968042705505 5.684341886080802e-14 268.6496804270551 268.6496804270551 
gen 148 72103 268.64968042705505 5.684341886080802e-14 268.6496804270551 268.6496804270551 
gen 149 72587 268.64968042705505 5.684341886080802e-14 268.6496804270551 268.6496804270551 
gen 150 73081 268.64968042705505 5.684341886080802e-14 268.6496804270551 268.6496804270551 
gen 151 73565 268.64968042705505 5.684341886080802e-14 268.6496804270551 268.6496804270551 
gen 152 74059 268.64968042705505 5.684341886080802e-14 268.6496804270551 268.6496804270551 
gen 153 74553 268.64968042705505 5.684341886080802e-14 268.6496804270551 268.6496804270551 
gen 154 75037 268.64968042705505 5.684341886080802e-14 268.6496804270551 268.6496804270551 
gen 155 75521 268.64968042705505 5.684341886080802e-14 268.6496804270551 268.6496804270551 
gen 156 76005 268.64968042705505 5.684341886080802e-14 268.6496804270551 268.6496804270551 
gen 157 76489 268.64968042705505 5.684341886080802e-14 268.6496804270551 268.6496804270551 
gen 158 76973 268.64968042705505 5.684341886080802e-14 268.6496804270551 268.6496804270551 
gen 159 77457 268.64968042705505 5.684341886080802e-14 268.6496804270551 268.6496804270551 
gen 160 77941 268.64968042705505 5.684341886080802e-14 268.6496804270551 268.6496804270551 
gen 161 78435 268.64968042705505 5.684341886080802e-14 268.6496804270551 268.6496804270551 
gen 162 78919 268.64968042705505 5.684341886080802e-14 268.6496804270551 268.6496804270551 
gen 163 79403 268.64968042705505 5.684341886080802e-14 268.6496804270551 268.6496804270551 
gen 164 79887 268.64968042705505 5.684341886080802e-14 268.6496804270551 268.6496804270551 
gen 165 80371 268.64968042705505 5.684341886080802e-14 268.6496804270551 268.6496804270551 
gen 166 80855 268.64968042705505 5.684341886080802e-14 268.6496804270551 268.6496804270551 
gen 167 81339 268.64968042705505 5.684341886080802e-14 268.6496804270551 268.6496804270551 
gen 168 81823 268.64968042705505 5.684341886080802e-14 268.6496804270551 268.6496804270551 
gen 169 82307 268.64968042705505 5.684341886080802e-14 268.6496804270551 268.6496804270551 
gen 170 82791 268.64968042705505 5.684341886080802e-14 268.6496804270551 268.6496804270551 
gen 171 83275 268.64968042705505 5.684341886080802e-14 268.6496804270551 268.6496804270551 
gen 172 83759 268.64968042705505 5.684341886080802e-14 268.6496804270551 268.6496804270551 
gen 173 84243 268.64968042705505 5.684341886080802e-14 268.6496804270551 268.6496804270551 
gen 174 84737 268.64968042705505 5.684341886080802e-14 268.6496804270551 268.6496804270551 
[6, 10, 2, 5, 1, 0, 9, 7, 4, 3, 8, 3, 0, 4, 8, 9, 7, 10, 2, 6, 5, 1, 5, 0, 4, 10, 3, 8, 1, 9, 2, 7, 6, 1, 10, 6, 7, 5, 0, 4, 3, 2, 8, 9, 3, 1, 8, 0, 2, 5, 6, 9, 7, 4, 10, 4, 10, 0, 9, 3, 2, 7, 5, 6, 1, 8, 6, 10, 3, 2, 5, 4, 0, 7, 8, 1, 9, 10, 0, 9, 4, 8, 6, 2, 7, 5, 1, 3, 3, 8, 9, 7, 1, 2, 6, 10, 0, 5, 4, 3, 1, 4, 9, 0, 5, 10, 2, 8, 6, 7, 10, 4, 0, 9, 7, 5, 3, 1, 8, 2, 6]
min  268.6496804270551
NFE 84737
LSNFE 400
VLSNFE 10
runTime 182.49578213691711
