gen 0 121 715.6632985690668 118.26240824526789 467.0927548822722 1105.6217959026756 
gen 1 605 558.6187917756702 30.64512500614407 467.0927548822722 602.4733283159211 
gen 2 1099 512.9795259678148 26.724570306539448 431.4568287757053 544.9571709020571 
gen 3 1583 492.530393029672 21.185994516709712 431.4568287757053 521.8250913111573 
gen 4 2087 473.9047582722595 19.089254109424935 389.1871224618958 498.77840707365476 
gen 5 2591 458.6339938347567 16.68368650517177 389.1601435559244 479.68116949642285 
gen 6 3075 447.0521842125072 16.75886872638298 389.1601435559244 466.7811235486533 
gen 7 3559 433.6595802515686 16.993753407322867 380.59030650876866 453.9513096413078 
gen 8 4043 424.4961116275411 14.471290412962807 380.59030650876866 441.71870159206856 
gen 9 4537 415.7637702415303 12.225298798374741 380.59030650876866 431.062109665376 
gen 10 5021 412.68389866752284 11.273496066752536 380.59030650876866 425.44020376343684 
gen 11 5505 404.9479187983028 10.623409730550668 373.8368545504707 419.0418555813788 
gen 12 5989 400.7828565538219 10.080364726069853 373.8368545504707 413.6107171036671 
gen 13 6473 395.36663560037556 8.508091837252879 373.8368545504707 406.6731069913148 
gen 14 6957 391.3718470485842 8.382094618397694 364.9612259278163 401.64723798192915 
gen 15 7441 388.77958989686744 8.232485152929076 354.9543409706581 398.5859670993762 
gen 16 7925 384.5299408389484 7.650919733245775 354.9543409706581 393.4814102956291 
gen 17 8409 382.25543921197556 8.09399222584103 354.9543409706581 391.20780613200003 
gen 18 8893 379.6898526746812 7.968711491059032 354.9543409706581 389.1959719443958 
gen 19 9377 377.10425425825 7.956928927403753 346.081175396539 386.65916823378427 
gen 20 9861 374.226136982154 7.255347260845111 346.081175396539 382.8806222045971 
gen 21 10345 370.4727353365603 7.798074718016395 341.2018430801764 379.972578251988 
gen 22 10829 367.16771559931544 7.807179165593898 340.38115247691235 376.97761701350055 
gen 23 11313 364.8522812343751 6.890574947085561 340.38115247691235 373.56629088321444 
gen 24 11797 362.0137794941746 6.833264531773218 331.3086697787416 369.6725656003352 
gen 25 12281 359.4955174557818 6.869773019561613 331.3086697787416 366.59634416661794 
gen 26 12765 356.78657517412944 7.239836238669514 331.3086697787416 364.16803501143494 
gen 27 13249 352.79955836044843 8.302846966614593 323.4582834017225 361.7008648822252 
gen 28 13733 348.0486265316759 7.612843758676781 323.4582834017225 357.30697335243747 
gen 29 14217 342.90805054011446 6.7623619493297795 323.4582834017225 351.7896487292666 
gen 30 14711 338.97500580279166 5.930588978507773 323.4582834017225 347.1199616047668 
gen 31 15195 335.8317205739034 5.217821390688129 322.60082464224956 342.36541904328124 
gen 32 15689 334.0130335147933 4.419524689231675 322.60082464224956 340.4664623608126 
gen 33 16173 332.49615885565134 3.9086967800344175 321.34791618918746 337.4526315385985 
gen 34 16657 330.43796211088824 4.077220059408417 317.4138526868645 335.6493173947719 
gen 35 17141 329.1186404868814 3.768880549715757 316.7554332966977 333.4534969356993 
gen 36 17625 327.9978383249977 3.5236308471535445 316.7554332966977 332.64825488996877 
gen 37 18119 326.57849010479 3.6068574265383013 314.91356031398016 330.70100956907015 
gen 38 18603 325.58630563983996 3.329853553685695 314.91356031398016 329.56196841237545 
gen 39 19087 324.2474835578863 3.5924008445284636 310.51405482923724 328.5580796606928 
gen 40 19571 322.9292377784614 3.3013415174950977 310.51405482923724 326.5739145206573 
gen 41 20055 321.7369257588188 3.160529903411394 310.51405482923724 325.4533906083474 
gen 42 20539 320.7847453400956 3.02506695092629 310.51405482923724 324.2909022340662 
gen 43 21023 319.63675756199945 3.1969795297510064 309.9032935956845 323.20153527978897 
gen 44 21507 317.95451341553843 3.155239068072176 308.7842017751184 321.66572747691197 
gen 45 21991 316.9202256411721 3.0090821057138717 308.7842017751184 320.5489751255826 
gen 46 22475 315.88563611762095 2.9237379503517804 305.7381147466249 319.7486673382955 
gen 47 22959 314.78969914061287 2.62678124076362 305.7381147466249 318.3415471308313 
gen 48 23453 313.5631978644718 2.4763139730540726 305.4027850111881 316.91952725625623 
gen 49 23937 312.8299267181784 2.2978997771881655 305.4027850111881 315.95421746724185 
gen 50 24421 312.08863842443475 2.1649553830122232 305.4027850111881 314.8494714236349 
gen 51 24905 311.39767541730856 1.9958839752914457 305.4027850111881 314.02007358739155 
gen 52 25389 310.8482086304261 1.7995186093666944 305.4027850111881 313.38897493119174 
gen 53 25873 310.2838220719547 1.6842396285816132 303.3733556223714 312.379313135947 
gen 54 26357 309.56910589689255 1.7410470085361653 303.2846342466151 311.76835933993567 
gen 55 26841 309.1362038368146 1.7649773688695543 303.2846342466151 311.34271886027483 
gen 56 27325 308.73365655992905 1.9652973922130712 301.78867864257126 311.0812173261875 
gen 57 27809 308.31976206313783 1.8885626576253192 301.78867864257126 310.5914714235049 
gen 58 28293 307.8097275565353 1.8117847887366245 301.78867864257126 310.1387918492688 
gen 59 28777 307.54663707954364 1.771249945966538 301.78867864257126 309.8336295386488 
gen 60 29281 307.33374672520705 1.7650196565291651 301.7031645922482 309.59776358749195 
gen 61 29765 306.8738010218264 1.7152742282469966 301.7031645922482 309.03590777281346 
gen 62 30249 306.6623701257115 1.617957101890428 301.7031645922482 308.6940138109224 
gen 63 30743 306.4188140795702 1.549800524335608 301.7031645922482 308.2265083995648 
gen 64 31227 306.2260471936823 1.5101325555195242 301.7031645922482 308.02835392658864 
gen 65 31711 305.893425535796 1.4364100620025486 301.7031645922482 307.7912745942041 
gen 66 32195 305.7017453256514 1.351751615307172 301.7031645922482 307.3518918053195 
gen 67 32679 305.4606486441249 1.2825827012496092 301.7031645922482 307.05146671704284 
gen 68 33163 304.97030512074053 1.147318228784328 301.7031645922482 306.78353835260225 
gen 69 33647 304.39999081051667 0.8692987362666269 301.7031645922482 305.6818761296429 
gen 70 34141 303.8786397577708 0.5867819442013228 301.7031645922482 304.52476258868086 
gen 71 34625 303.39911621899984 0.36254740454870554 301.7031645922482 304.0122319719513 
gen 72 35119 303.21414123508697 0.28076616665154536 301.7031645922482 303.2846342466151 
gen 73 35603 303.1909423562764 0.3282860058389654 301.7031645922482 303.2846342466151 
gen 74 36087 303.1781945795386 0.3522716794561292 301.7031645922482 303.2846342466151 
gen 75 36571 303.15372928767295 0.39214387280873725 301.7031645922482 303.2846342466151 
gen 76 37065 303.12063965820283 0.4304830657847017 301.7031645922482 303.2846342466151 
gen 77 37549 302.9964474964746 0.5549664529830871 301.7031645922482 303.2846342466151 
gen 78 38033 302.770882457776 0.6640591026239863 301.7031645922482 303.2846342466151 
gen 79 38517 302.2387285488148 0.6325294408895193 301.55379762953214 303.2530677035992 
gen 80 39011 301.7666885920992 0.035517187600909904 301.55379762953214 301.77371980436476 
gen 81 39495 301.7430605898445 0.07461395827065558 301.55379762953214 301.77371980436476 
gen 82 39979 301.6667239671753 0.10884501414731297 301.55379762953214 301.77371980436476 
gen 83 40463 301.55379762953214 0.0 301.55379762953214 301.55379762953214 
gen 84 40947 301.55379762953214 0.0 301.55379762953214 301.55379762953214 
gen 85 41431 301.55379762953214 0.0 301.55379762953214 301.55379762953214 
gen 86 41925 301.55379762953214 0.0 301.55379762953214 301.55379762953214 
gen 87 42409 301.55379762953214 0.0 301.55379762953214 301.55379762953214 
gen 88 42893 301.55379762953214 0.0 301.55379762953214 301.55379762953214 
gen 89 43377 301.55379762953214 0.0 301.55379762953214 301.55379762953214 
gen 90 43861 301.55379762953214 0.0 301.55379762953214 301.55379762953214 
gen 91 44345 301.55379762953214 0.0 301.55379762953214 301.55379762953214 
gen 92 44829 301.55379762953214 0.0 301.55379762953214 301.55379762953214 
gen 93 45313 301.55379762953214 0.0 301.55379762953214 301.55379762953214 
gen 94 45797 301.55379762953214 0.0 301.55379762953214 301.55379762953214 
gen 95 46281 301.55379762953214 0.0 301.55379762953214 301.55379762953214 
gen 96 46765 301.55379762953214 0.0 301.55379762953214 301.55379762953214 
gen 97 47249 301.55379762953214 0.0 301.55379762953214 301.55379762953214 
gen 98 47733 301.55379762953214 0.0 301.55379762953214 301.55379762953214 
gen 99 48217 301.55379762953214 0.0 301.55379762953214 301.55379762953214 
gen 100 48701 301.55379762953214 0.0 301.55379762953214 301.55379762953214 
gen 101 49185 301.55379762953214 0.0 301.55379762953214 301.55379762953214 
gen 102 49669 301.55379762953214 0.0 301.55379762953214 301.55379762953214 
gen 103 50153 301.55379762953214 0.0 301.55379762953214 301.55379762953214 
gen 104 50637 301.55379762953214 0.0 301.55379762953214 301.55379762953214 
gen 105 51121 301.55379762953214 0.0 301.55379762953214 301.55379762953214 
gen 106 51605 301.55379762953214 0.0 301.55379762953214 301.55379762953214 
gen 107 52089 301.55379762953214 0.0 301.55379762953214 301.55379762953214 
gen 108 52573 301.55379762953214 0.0 301.55379762953214 301.55379762953214 
gen 109 53057 301.55379762953214 0.0 301.55379762953214 301.55379762953214 
gen 110 53541 301.55379762953214 0.0 301.55379762953214 301.55379762953214 
gen 111 54025 301.55379762953214 0.0 301.55379762953214 301.55379762953214 
gen 112 54509 301.55379762953214 0.0 301.55379762953214 301.55379762953214 
gen 113 55003 301.55379762953214 0.0 301.55379762953214 301.55379762953214 
gen 114 55487 301.55379762953214 0.0 301.55379762953214 301.55379762953214 
gen 115 55981 301.55379762953214 0.0 301.55379762953214 301.55379762953214 
gen 116 56465 301.55379762953214 0.0 301.55379762953214 301.55379762953214 
gen 117 56949 301.55379762953214 0.0 301.55379762953214 301.55379762953214 
gen 118 57453 301.5490159941368 0.052380191355307935 300.97521974670207 301.55379762953214 
gen 119 57937 301.53945272334624 0.08996593309100444 300.97521974670207 301.55379762953214 
gen 120 58421 301.49163636939335 0.17916782083593719 300.97521974670207 301.55379762953214 
gen 121 58915 301.3003709535818 0.2870574673140802 300.97521974670207 301.55379762953214 
gen 122 59419 300.97328967555217 0.021142870127550686 300.74168113756696 300.97521974670207 
gen 123 59913 300.96942953325237 0.03631407198084375 300.74168113756696 300.97521974670207 
gen 124 60397 300.95398896405334 0.06713762967770474 300.74168113756696 300.97521974670207 
gen 125 60881 300.8960868295571 0.11053765345332021 300.74168113756696 300.97521974670207 
gen 126 61375 300.74168113756696 0.0 300.74168113756696 300.74168113756696 
gen 127 61859 300.74168113756696 0.0 300.74168113756696 300.74168113756696 
gen 128 62343 300.74168113756696 0.0 300.74168113756696 300.74168113756696 
gen 129 62827 300.74168113756696 0.0 300.74168113756696 300.74168113756696 
gen 130 63311 300.74168113756696 0.0 300.74168113756696 300.74168113756696 
gen 131 63795 300.74168113756696 0.0 300.74168113756696 300.74168113756696 
gen 132 64279 300.74168113756696 0.0 300.74168113756696 300.74168113756696 
gen 133 64763 300.74168113756696 0.0 300.74168113756696 300.74168113756696 
gen 134 65247 300.74168113756696 0.0 300.74168113756696 300.74168113756696 
gen 135 65731 300.74168113756696 0.0 300.74168113756696 300.74168113756696 
gen 136 66215 300.74168113756696 0.0 300.74168113756696 300.74168113756696 
gen 137 66699 300.74168113756696 0.0 300.74168113756696 300.74168113756696 
gen 138 67183 300.74168113756696 0.0 300.74168113756696 300.74168113756696 
gen 139 67667 300.74168113756696 0.0 300.74168113756696 300.74168113756696 
gen 140 68151 300.74168113756696 0.0 300.74168113756696 300.74168113756696 
gen 141 68635 300.74168113756696 0.0 300.74168113756696 300.74168113756696 
gen 142 69119 300.74168113756696 0.0 300.74168113756696 300.74168113756696 
gen 143 69603 300.74168113756696 0.0 300.74168113756696 300.74168113756696 
gen 144 70097 300.74168113756696 0.0 300.74168113756696 300.74168113756696 
gen 145 70581 300.74168113756696 0.0 300.74168113756696 300.74168113756696 
gen 146 71065 300.74168113756696 0.0 300.74168113756696 300.74168113756696 
gen 147 71559 300.74168113756696 0.0 300.74168113756696 300.74168113756696 
gen 148 72043 300.74168113756696 0.0 300.74168113756696 300.74168113756696 
gen 149 72527 300.74168113756696 0.0 300.74168113756696 300.74168113756696 
gen 150 73011 300.74168113756696 0.0 300.74168113756696 300.74168113756696 
gen 151 73495 300.74168113756696 0.0 300.74168113756696 300.74168113756696 
gen 152 73979 300.74168113756696 0.0 300.74168113756696 300.74168113756696 
gen 153 74463 300.74168113756696 0.0 300.74168113756696 300.74168113756696 
gen 154 74957 300.74168113756696 0.0 300.74168113756696 300.74168113756696 
gen 155 75441 300.74168113756696 0.0 300.74168113756696 300.74168113756696 
gen 156 75925 300.74168113756696 0.0 300.74168113756696 300.74168113756696 
gen 157 76409 300.74168113756696 0.0 300.74168113756696 300.74168113756696 
gen 158 76893 300.74168113756696 0.0 300.74168113756696 300.74168113756696 
gen 159 77377 300.74168113756696 0.0 300.74168113756696 300.74168113756696 
gen 160 77871 300.74168113756696 0.0 300.74168113756696 300.74168113756696 
gen 161 78365 300.74168113756696 0.0 300.74168113756696 300.74168113756696 
gen 162 78849 300.74168113756696 0.0 300.74168113756696 300.74168113756696 
gen 163 79333 300.74168113756696 0.0 300.74168113756696 300.74168113756696 
gen 164 79817 300.74168113756696 0.0 300.74168113756696 300.74168113756696 
gen 165 80301 300.74168113756696 0.0 300.74168113756696 300.74168113756696 
gen 166 80785 300.74168113756696 0.0 300.74168113756696 300.74168113756696 
gen 167 81269 300.74168113756696 0.0 300.74168113756696 300.74168113756696 
gen 168 81763 300.74168113756696 0.0 300.74168113756696 300.74168113756696 
gen 169 82247 300.74168113756696 0.0 300.74168113756696 300.74168113756696 
gen 170 82731 300.74168113756696 0.0 300.74168113756696 300.74168113756696 
gen 171 83215 300.74168113756696 0.0 300.74168113756696 300.74168113756696 
gen 172 83699 300.74168113756696 0.0 300.74168113756696 300.74168113756696 
gen 173 84183 300.74168113756696 0.0 300.74168113756696 300.74168113756696 
gen 174 84667 300.74168113756696 0.0 300.74168113756696 300.74168113756696 
gen 175 85161 300.74168113756696 0.0 300.74168113756696 300.74168113756696 
[6, 0, 4, 8, 10, 5, 7, 3, 2, 9, 1, 8, 3, 2, 10, 6, 7, 9, 5, 4, 0, 1, 6, 2, 5, 4, 9, 8, 7, 1, 3, 0, 10, 3, 0, 1, 4, 2, 6, 9, 8, 5, 10, 7, 3, 10, 0, 6, 9, 2, 4, 7, 8, 1, 5, 4, 0, 3, 9, 6, 8, 5, 10, 7, 1, 2, 4, 0, 3, 8, 9, 7, 1, 10, 5, 2, 6, 10, 4, 0, 9, 3, 1, 6, 5, 7, 8, 2, 3, 6, 10, 7, 0, 8, 9, 4, 2, 5, 1, 3, 6, 7, 4, 0, 8, 9, 5, 2, 10, 1, 10, 7, 4, 0, 9, 6, 1, 5, 8, 2, 3]
min  300.74168113756696
NFE 85161
LSNFE 340
VLSNFE 8
runTime 440.7016270160675
