gen 0 391 9974424552429670.0 505074620412513.4 1128.792126031488 1e+16 
gen 1 3713 9872122762148354.0 1123574559411052.5 1127.6039954357077 1e+16 
gen 2 6915 9846547314578024.0 1229218909534163.5 1127.6039954357077 1e+16 
gen 3 9967 9795396419437366.0 1415688235610876.8 1061.3466624722141 1e+16 
gen 4 13149 9667519181585718.0 1792837050467492.8 1006.1931373162811 1e+16 
gen 5 16351 9590792838874730.0 1981065650233730.2 1002.5732950320591 1e+16 
gen 6 19553 9411764705882424.0 2352941176470304.0 946.4984831444957 1e+16 
gen 7 22495 9386189258312094.0 2400279939979265.0 946.4984831444957 1e+16 
gen 8 25587 9258312020460448.0 2620453918007561.5 946.4984831444957 1e+16 
gen 9 28429 9156010230179130.0 2779852328208354.0 946.4984831444957 1e+16 
gen 10 31621 9079283887468140.0 2891270130140337.5 946.4984831444957 1e+16 
gen 11 34693 8976982097186823.0 3030447722475060.5 895.0886659558771 1e+16 
gen 12 37695 8772378516624185.0 3281639883855458.5 895.0886659558771 1e+16 
gen 13 40687 8618925831202208.0 3450126929296339.0 895.0886659558771 1e+16 
gen 14 43789 8465473145780231.0 3604233049606293.5 895.0886659558771 1e+16 
gen 15 46861 8260869565217596.0 3790346907426225.5 882.5409859179507 1e+16 
gen 16 50213 7979539641943972.0 4015263817245637.0 882.5409859179507 1e+16 
gen 17 53485 7800511508951663.0 4142117247040058.0 882.5409859179507 1e+16 
gen 18 56617 7672634271100015.0 4225757453160199.0 882.5409859179507 1e+16 
gen 19 59669 7442455242967049.0 4362844529214833.5 882.5409859179507 1e+16 
gen 20 62901 7263427109974744.0 4458351457414298.5 882.5409859179507 1e+16 
gen 21 66083 6905370843990130.0 4622722352344854.0 882.5409859179507 1e+16 
gen 22 69105 6624040920716504.0 4728899564151724.0 882.5409859179507 1e+16 
gen 23 72127 6393861892583537.0 4801786024428751.0 882.5409859179507 1e+16 
gen 24 75329 6214833759591229.0 4850173083154155.0 882.5409859179507 1e+16 
gen 25 78531 5652173913043977.0 4957284456952205.0 882.5409859179507 1e+16 
gen 26 81553 5370843989770350.0 4986228508125747.0 882.5409859179507 1e+16 
gen 27 84565 4757033248082443.0 4994093226748637.0 882.5409859179507 1e+16 
gen 28 87687 4143222506394531.5 4926046317935352.0 882.5409859179507 1e+16 
gen 29 90829 3478260869565959.0 4762804847870468.0 871.8616021377766 1e+16 
gen 30 93921 2838874680307718.0 4508828822718468.0 871.8616021377766 1e+16 
gen 31 96863 1918158567775849.5 3937290106992048.5 855.9368432531222 1e+16 
gen 32 99785 946291560103324.6 2927020308146193.0 855.9368432531222 1e+16 
gen 33 102827 51150895141785.25 713367042505359.6 855.9368432531222 1e+16 
gen 34 106079 1095.7457679157208 100.8189705979952 829.3645213211526 1285.4846132261769 
gen 35 109191 1076.8126326011559 89.8992764494757 829.3645213211526 1228.310717560872 
gen 36 112393 1060.5087637582292 83.4148406223036 829.3645213211526 1193.975164792747 
gen 37 115385 1049.184288353334 78.16550204785558 829.3645213211526 1176.0813541044615 
gen 38 118627 1034.5336433730004 72.68138589280942 829.158706123032 1143.8334940661514 
gen 39 121659 1021.1299959390279 67.98434898957515 829.158706123032 1119.5947500933632 
gen 40 124741 1009.8436207165221 64.24250281089614 829.158706123032 1103.5953622980535 
gen 41 127743 997.0658139291509 62.80591925442543 806.41169581507 1086.4004721336848 
gen 42 131215 982.2660920043921 58.964637658068945 783.0655419408357 1066.2783028018807 
gen 43 134417 971.7812873935005 56.43308059695463 783.0655419408357 1055.5230850117891 
gen 44 137469 963.6487989404309 53.9344020072924 783.0655419408357 1039.6591582082547 
gen 45 140661 954.8315663850376 53.06739284574809 775.3060495830658 1029.8461432931426 
gen 46 143653 947.4347327438893 52.6219253937942 775.3060495830658 1021.1259308240853 
gen 47 146925 938.3490746917944 51.38277651932978 775.3060495830658 1008.752298222691 
gen 48 149857 932.8755521504078 50.70193514340996 775.3060495830658 1001.6212518233298 
gen 49 152899 924.4262309828229 49.087452308635285 769.7729918947297 992.9263610149975 
gen 50 156001 917.2928397951664 47.47167623977093 769.7729918947297 982.4451594879995 
gen 51 159093 909.19359100853 45.8533088210333 768.2782278723856 972.1393798068208 
gen 52 162155 904.2436076671753 45.87926942025546 749.8617514588005 968.5720229827803 
gen 53 165307 896.8164639802781 44.632562853679126 749.8617514588005 958.8919819947031 
gen 54 168479 888.5084578034489 43.3934959108193 743.2322239064383 949.3342445401761 
gen 55 171651 882.4100320811007 41.57665905795504 743.2322239064383 942.4783856527165 
gen 56 174703 875.9691784291738 39.883057126735046 743.2322239064383 933.6861525709909 
gen 57 177835 868.1840426368224 38.24768381365072 742.2702273615316 922.419661803621 
gen 58 180817 862.73824076059 37.712256327655666 742.2702273615316 915.4441429446638 
gen 59 183979 856.8478482893139 37.407290861219685 742.2702273615316 909.4891895287047 
gen 60 187131 850.3223042929119 36.808887459587666 711.3862575076662 900.1642037385072 
gen 61 190083 843.4517729392923 37.16041039414975 698.482858330244 891.5238907910739 
gen 62 193435 838.5143366401591 36.97047816835575 698.482858330244 886.4573962433994 
gen 63 196637 831.8439269368189 36.04137147428836 695.8393547001502 878.5917656851077 
gen 64 199739 826.7131731410911 36.61991237864217 695.8393547001502 874.228242597896 
gen 65 202741 822.0740485136895 35.864001835734655 695.8393547001502 869.1083695973574 
gen 66 205883 817.6184682078766 35.40776666080397 691.6860460659303 864.5499289372113 
gen 67 209005 812.2306694512968 34.84032105064401 691.6860460659303 857.2649678107979 
gen 68 212177 806.9449568692097 34.52253502223508 675.6062952232804 850.7606081249148 
gen 69 215289 801.8633620442621 33.472275133725596 675.6062952232804 843.257582127039 
gen 70 218281 796.3799499381909 33.03384373706254 667.2483629768185 838.7542074156964 
gen 71 221453 790.9967756608461 32.04831634928902 658.4493076639809 832.1727677123973 
gen 72 224505 786.140425541344 31.2587198279933 658.4493076639809 825.5555372110209 
gen 73 227767 781.8374097763566 30.980562862286405 648.3117772414488 821.0804097017532 
gen 74 230949 775.4416464880727 30.914685073503982 644.6556484639169 814.378466546956 
gen 75 233921 770.7866002318032 30.466362626386434 644.6556484639169 808.2410010883086 
gen 76 237153 766.8468645745513 30.27381095941199 644.6556484639169 804.3685199218377 
gen 77 240265 762.6627836479576 29.673581987370895 644.6556484639169 800.340550818046 
gen 78 243297 757.5041226928405 29.01102899946432 644.6556484639169 794.0585529172882 
gen 79 246339 752.7251140511746 28.353243329283362 644.6556484639169 789.6208902247266 
gen 80 249331 748.0052800698172 28.71205572426929 613.5164247594043 785.4483487996448 
gen 81 252613 743.4698041978085 28.939199131266047 613.5164247594043 780.9796581298 
gen 82 255585 739.7691858947721 28.459230045683782 600.8919061449889 774.7134892015684 
gen 83 258577 736.345827356257 27.720463486925166 600.8919061449889 772.3041352437896 
gen 84 261609 731.9065381635284 27.40694755468254 600.8919061449889 769.0179712423038 
gen 85 264531 728.1518233363229 26.483154059556554 600.8919061449889 765.0289390404461 
gen 86 267933 724.564973303897 25.94751237805339 600.8919061449889 758.9771692405524 
gen 87 270905 721.1255142103289 25.467634905599763 600.8919061449889 755.6621352585161 
gen 88 273997 717.8750944649054 25.079124891541777 600.8919061449889 751.1945151706369 
[20, 18, 12, 0, 15, 11, 6, 8, 9, 7, 1, 4, 21, 5, 14, 2, 10, 13, 22, 16, 3, 17, 19, 21, 15, 16, 5, 10, 0, 13, 18, 12, 11, 3, 22, 19, 20, 14, 17, 2, 8, 9, 4, 1, 7, 6, 7, 18, 21, 2, 9, 4, 8, 12, 15, 5, 1, 22, 3, 0, 6, 13, 10, 20, 14, 11, 19, 16, 17, 17, 22, 0, 8, 4, 5, 6, 19, 20, 13, 11, 12, 16, 15, 2, 3, 1, 10, 21, 7, 9, 18, 14, 1, 9, 21, 8, 16, 22, 14, 18, 7, 13, 10, 6, 11, 19, 15, 17, 5, 4, 20, 0, 2, 12, 3, 14, 2, 20, 13, 3, 9, 12, 4, 0, 5, 10, 21, 22, 19, 11, 7, 18, 15, 6, 8, 16, 17, 1, 19, 6, 4, 17, 7, 12, 9, 0, 14, 15, 20, 2, 5, 16, 13, 11, 21, 1, 3, 10, 18, 22, 8, 5, 9, 7, 3, 17, 18, 4, 14, 2, 11, 10, 8, 1, 16, 19, 21, 6, 12, 15, 13, 20, 22, 0, 4, 10, 5, 15, 17, 1, 0, 22, 12, 20, 13, 7, 14, 21, 19, 18, 2, 9, 6, 11, 8, 16, 3, 17, 7, 6, 13, 14, 8, 1, 12, 2, 5, 21, 22, 18, 9, 15, 3, 4, 10, 0, 16, 19, 20, 11, 1, 0, 8, 11, 15, 6, 10, 21, 2, 20, 7, 4, 22, 13, 5, 3, 14, 17, 16, 9, 18, 12, 19, 15, 8, 13, 22, 0, 16, 5, 14, 7, 12, 19, 3, 4, 9, 21, 10, 20, 11, 1, 2, 6, 17, 18, 17, 2, 19, 21, 6, 16, 22, 20, 13, 4, 8, 14, 10, 0, 15, 7, 5, 3, 1, 12, 9, 11, 18, 16, 15, 21, 10, 1, 14, 9, 3, 4, 19, 0, 7, 5, 17, 8, 12, 18, 22, 13, 20, 2, 11, 6, 19, 3, 4, 0, 12, 15, 18, 16, 7, 20, 9, 1, 2, 6, 5, 21, 13, 17, 8, 22, 11, 10, 14, 11, 2, 1, 10, 22, 21, 6, 5, 9, 12, 3, 8, 18, 20, 14, 16, 4, 15, 19, 17, 0, 7, 13, 14, 12, 5, 21, 16, 13, 19, 20, 7, 9, 8, 15, 22, 3, 6, 17, 11, 0, 18, 2, 10, 4, 1]
min  600.8919061449889
NFE 273997
LSNFE 204790
VLSNFE 10706
runTime 785.6984739303589
