gen 0 391 1e+16 0.0 1e+16 1e+16 
gen 1 3443 9923273657289014.0 872568905842954.4 1096.9218891092366 1e+16 
gen 2 6715 9897698209718684.0 1006256551043656.5 1096.9218891092366 1e+16 
gen 3 9917 9872122762148354.0 1123574559411051.2 1096.9218891092366 1e+16 
gen 4 13339 9820971867007696.0 1325982751592229.2 1075.5959888951838 1e+16 
gen 5 16261 9641943734015390.0 1858052305570222.8 1017.5734231820069 1e+16 
gen 6 19503 9514066496163744.0 2150163637542820.0 1017.5734231820069 1e+16 
gen 7 22455 9488491048593414.0 2203054267760137.0 1017.5734231820069 1e+16 
gen 8 25237 9462915601023084.0 2254414411359210.0 1017.5734231820069 1e+16 
gen 9 28569 9411764705882424.0 2352941176470298.5 1017.5734231820069 1e+16 
gen 10 31521 9360613810741766.0 2446435609936908.5 1017.5734231820069 1e+16 
gen 11 34703 9232736572890120.0 2661567414986415.5 1017.5734231820069 1e+16 
gen 12 37875 9181585677749458.0 2741229873549390.5 980.6596410559107 1e+16 
gen 13 40787 9002557544757151.0 2996586908618940.5 945.4521802008011 1e+16 
gen 14 43559 8925831202046163.0 3096425257137578.0 945.4521802008011 1e+16 
gen 15 46901 8874680306905503.0 3160198177215686.5 945.4521802008011 1e+16 
gen 16 49893 8746803069053855.0 3310810589829496.0 945.4521802008011 1e+16 
gen 17 53345 8567774936061549.0 3502996146958964.5 945.4521802008011 1e+16 
gen 18 56687 8439897698209902.0 3628650413838235.0 945.4521802008011 1e+16 
gen 19 59899 8286445012787924.0 3768193091910150.5 934.2970020236173 1e+16 
gen 20 63071 8132992327365948.0 3896711315540825.5 882.7618753425143 1e+16 
gen 21 66313 8005115089514300.0 3996158567771194.0 882.7618753425143 1e+16 
gen 22 69465 7647058823529688.0 4241825029957137.0 882.7618753425143 1e+16 
gen 23 72467 7416879795396721.0 4377064319221286.5 868.1029115957318 1e+16 
gen 24 75759 7084398976982438.0 4544808126285549.0 868.1029115957318 1e+16 
gen 25 79001 6828644501279142.0 4653607126513569.0 868.1029115957318 1e+16 
gen 26 82213 6419437340153866.0 4794288021945780.0 836.3694787114642 1e+16 
gen 27 85415 5984654731458265.0 4902086806637781.0 836.3694787114642 1e+16 
gen 28 88637 5652173913043980.0 4957284456952202.0 836.3694787114642 1e+16 
gen 29 91809 5294117647059362.0 4991341984845646.0 836.3694787114642 1e+16 
gen 30 94961 5063938618926394.0 4999591168586104.0 836.3694787114642 1e+16 
gen 31 98263 4501278772379140.0 4975065540986783.0 836.3694787114642 1e+16 
gen 32 101395 3887468030691228.0 4874656153746543.0 836.3694787114642 1e+16 
gen 33 104627 3248081841432986.5 4683031365010868.0 836.3694787114642 1e+16 
gen 34 108199 2506393861893425.0 4333812228049201.5 836.3694787114642 1e+16 
gen 35 111321 1841432225064851.8 3876009495748442.0 835.2974255941162 1e+16 
gen 36 114343 971867007673642.8 2962118261670494.0 831.5290249888508 1e+16 
gen 37 117515 1106.8068207811632 123.39513691878089 831.5290249888508 1490.497074147756 
gen 38 120397 1075.4625741527495 97.42502634113227 831.5290249888508 1262.9846543433725 
gen 39 123429 1058.1280567230533 87.21789279473762 831.5290249888508 1208.2070438274793 
gen 40 126561 1038.2110809848089 77.84125078848172 831.5290249888508 1162.9673155172763 
gen 41 129593 1020.5255295179246 72.5796178972026 829.7321679606961 1136.6298277889211 
gen 42 132925 1007.2101652885402 69.23317859191303 780.3126587864289 1114.42355564062 
gen 43 135977 993.607277867336 65.17340514349604 780.3126587864289 1092.5827580616044 
gen 44 138899 979.2639691614208 61.899153300023286 780.3126587864289 1067.2837509818016 
gen 45 142091 971.0801150629043 58.70084284267581 780.3126587864289 1057.120003755466 
gen 46 145253 961.08276132011 55.93749946758025 780.3126587864289 1040.9720043970995 
gen 47 148675 952.1905723429394 53.718752651081076 780.3126587864289 1028.7288929231415 
gen 48 151987 943.7524414284565 50.934589349647766 780.3126587864289 1013.9266329260323 
gen 49 154999 934.221559225885 50.1045116896909 758.025266852864 1000.4926754239729 
gen 50 158251 925.1381722173437 48.71777969164472 748.9190598858214 992.2700016756346 
gen 51 161393 917.8426811439033 46.68137128472981 748.9190598858214 978.8333830063214 
gen 52 164525 910.7805061760321 45.98367487541534 736.3475593951629 969.6116453776717 
gen 53 167647 901.3283725283961 45.154786984363575 736.3475593951629 959.3502049808901 
gen 54 170849 893.4201929370447 44.39144038302681 713.3399573300134 950.5623538683062 
gen 55 174061 887.9455765680063 44.10867763431853 713.3399573300134 944.1589177678311 
gen 56 177043 883.0446264242267 43.012876934764115 675.2765209127459 937.9652365279331 
gen 57 180255 876.5098260599407 43.32786911538712 675.2765209127459 932.0061381396818 
gen 58 183507 868.9796329550629 43.352040070760836 675.2765209127459 923.4221937203819 
gen 59 186619 863.3476977868228 42.60517321557183 675.2765209127459 918.816850584414 
gen 60 189571 857.4885276994397 42.20734643677877 669.1958890350442 911.5584514164765 
gen 61 192553 852.9538971350248 41.78984847824916 669.1958890350442 905.0804518487166 
gen 62 195555 846.3652727878447 41.442901786175284 669.1958890350442 897.356778965219 
gen 63 198637 841.0409278227517 41.13974068943309 669.1958890350442 892.1611639249438 
gen 64 201699 833.5985742246539 40.72255333816447 646.6955211286939 884.744343635726 
gen 65 204851 828.2293648974289 39.726177453550996 646.6955211286939 877.6358329505073 
gen 66 207843 821.9675463597724 39.85011760370493 646.6955211286939 871.3650868340184 
gen 67 211125 817.3894712884038 40.31756518800451 646.6955211286939 867.1741780702307 
gen 68 214377 810.6314319459547 38.31871793368841 646.6955211286939 858.632127301129 
gen 69 217489 804.607896924739 36.70218556233037 646.6955211286939 850.4882429635862 
gen 70 220501 798.69149188004 35.31098624427348 646.6955211286939 846.5223809859029 
gen 71 223643 793.1065218631613 34.55798929475237 646.6955211286939 840.2346959467169 
gen 72 226675 788.2172885415841 34.108221328907156 639.6295639589287 834.8366816661998 
gen 73 229817 782.8238162584212 33.01424991941826 639.6295639589287 827.0598831067382 
gen 74 232839 778.6489676559895 32.00188606492919 639.6295639589287 822.3963797999154 
gen 75 235621 773.4327029870642 31.133729689020864 639.6295639589287 816.4805176545061 
gen 76 238783 767.7253471343656 29.888918110485022 639.6295639589287 809.7456293980856 
gen 77 241815 761.9150993662141 29.38270218407954 633.5630179611371 801.912230815086 
gen 78 244917 755.4530261230236 27.672542483769437 633.5630179611371 793.2063910966917 
gen 79 248079 749.9250604702875 26.49535373108762 632.4725302038623 786.7700605678576 
gen 80 251131 745.1823602870577 25.291399663202657 632.4725302038623 780.25869400109 
gen 81 254423 739.7987845598954 25.243168559972556 632.4725302038623 773.3286773872742 
gen 82 257495 734.8626265400351 24.842146913201052 632.4725302038623 767.9546225373844 
gen 83 260487 729.6893631552374 24.185322142676874 632.4725302038623 763.6698739761957 
gen 84 263289 723.6280213628311 25.32488671275701 574.1433352877706 756.6064325750569 
gen 85 266661 718.2204491073436 24.376035675088673 574.1433352877706 749.2209488964943 
gen 86 269443 713.1541902897995 25.071369037935646 574.1433352877706 744.5328382592057 
gen 87 272715 707.2877205637586 25.086345950775844 574.1433352877706 738.3277857120862 
gen 88 275647 702.1303902568424 24.68007108363663 574.1433352877706 733.0712989305811 
[21, 5, 20, 11, 7, 16, 8, 9, 2, 17, 1, 14, 12, 22, 18, 19, 0, 6, 3, 4, 10, 15, 13, 2, 20, 13, 1, 17, 18, 10, 16, 4, 19, 15, 12, 5, 7, 6, 0, 9, 14, 3, 21, 22, 11, 8, 19, 8, 12, 21, 4, 16, 18, 2, 1, 10, 13, 3, 11, 14, 6, 9, 20, 7, 15, 17, 5, 0, 22, 18, 13, 20, 6, 7, 2, 14, 3, 17, 10, 15, 8, 12, 22, 5, 1, 16, 11, 9, 0, 19, 4, 21, 9, 3, 22, 20, 14, 4, 5, 13, 15, 1, 10, 0, 16, 21, 2, 18, 6, 19, 12, 17, 7, 8, 11, 14, 17, 13, 22, 18, 9, 2, 10, 0, 7, 16, 11, 5, 8, 20, 1, 6, 15, 21, 4, 12, 3, 19, 17, 1, 11, 12, 9, 10, 15, 21, 22, 8, 14, 4, 19, 0, 6, 3, 20, 2, 7, 18, 13, 5, 16, 9, 21, 12, 3, 22, 4, 5, 14, 8, 20, 7, 1, 19, 0, 17, 10, 11, 16, 13, 18, 15, 6, 2, 7, 4, 10, 12, 1, 6, 15, 20, 8, 9, 5, 19, 18, 22, 16, 3, 0, 17, 11, 13, 21, 14, 2, 17, 5, 20, 0, 21, 22, 3, 10, 8, 12, 18, 2, 13, 16, 14, 15, 19, 6, 9, 4, 7, 11, 1, 17, 13, 8, 18, 5, 14, 7, 11, 20, 15, 21, 0, 19, 9, 4, 12, 3, 6, 1, 22, 10, 2, 16, 22, 18, 12, 0, 7, 9, 4, 2, 11, 14, 5, 3, 15, 16, 13, 8, 6, 20, 1, 17, 10, 19, 21, 2, 22, 1, 15, 0, 18, 3, 14, 5, 19, 4, 10, 16, 11, 8, 9, 12, 13, 6, 21, 20, 7, 17, 19, 11, 21, 4, 14, 17, 8, 9, 18, 15, 1, 20, 16, 2, 6, 13, 12, 7, 22, 0, 3, 10, 5, 14, 2, 18, 3, 21, 22, 17, 1, 19, 7, 20, 10, 0, 15, 16, 13, 12, 9, 4, 11, 6, 8, 5, 11, 2, 4, 8, 15, 5, 9, 1, 14, 21, 20, 7, 0, 10, 13, 19, 18, 17, 16, 12, 22, 3, 6, 17, 14, 8, 1, 2, 0, 16, 19, 18, 9, 13, 3, 11, 22, 15, 12, 5, 7, 10, 4, 20, 6, 21]
min  574.1433352877706
NFE 275647
LSNFE 206440
VLSNFE 10407
runTime 775.0379409790039
