gen 0 400 400000000000470.56 1959591794226446.5 367.85353937380114 1e+16 
gen 1 2800 420.9065153608019 20.65655103674479 307.7625909937624 445.510690229145 
gen 2 5200 395.1013762221921 16.333636606707294 307.7625909937624 415.6623270200221 
gen 3 7600 379.47001439777773 15.035841346832253 307.7625909937624 397.80080250739474 
gen 4 10020 368.07883190144065 13.867106960245057 291.92944400967747 383.3809837758461 
gen 5 12420 358.9313319817798 13.614445511169954 291.92944400967747 374.0255242777156 
gen 6 14820 349.7707645371296 12.939939176474478 291.92944400967747 365.0702755363789 
gen 7 17220 342.94974644781206 12.667490958122313 284.72206605409275 357.1145599275329 
gen 8 19620 337.48613959062436 12.173938397023788 284.72206605409275 350.58040359671816 
gen 9 22020 332.78581855781255 11.809443144106252 284.72206605409275 346.14316549485386 
gen 10 24420 329.3342025745397 11.144002319190367 284.72206605409275 341.87803027988764 
gen 11 26820 325.88878390141775 10.962005917039898 284.72206605409275 338.2459605288648 
gen 12 29220 322.72130049282345 10.712396803145674 280.22928730437866 335.14145149261276 
gen 13 31620 319.4849539066218 10.359467269678545 280.22928730437866 331.47797070758367 
gen 14 34020 316.9743372083432 9.980592951667267 280.22928730437866 328.59905344225507 
gen 15 36420 313.6046497402919 10.58975524592397 245.18698256951973 325.59980632621654 
gen 16 38820 311.59109698800927 10.467857173444703 245.18698256951973 323.37408180703113 
gen 17 41220 309.2609740773646 10.271774486570369 245.18698256951973 321.01062044281207 
gen 18 43620 307.4959657482545 9.858962351732394 245.18698256951973 318.75369921959134 
gen 19 46020 305.564590335982 9.643478189872026 245.18698256951973 316.5037427116907 
gen 20 48420 303.4580398439633 9.388203926918099 245.18698256951973 314.2666951970612 
gen 21 50820 301.33943657181874 9.213210393995471 245.18698256951973 312.4163588250067 
gen 22 53220 299.44685600291797 8.891896761655795 245.18698256951973 310.0049224852095 
gen 23 55620 297.27119502302145 8.946823028398518 245.18698256951973 307.49912788097936 
gen 24 58020 295.9486787123787 8.639193271587832 245.18698256951973 306.0107726001961 
gen 25 60440 294.16522298664825 8.916828108056267 242.9070402874708 303.7525936827072 
gen 26 62840 292.4017938625207 9.07099348571601 242.9070402874708 302.1787311794248 
gen 27 65240 291.4518460412741 8.835071364332851 242.9070402874708 300.8689398788445 
gen 28 67640 290.0883765096457 8.952493581199517 242.9070402874708 299.5262834511523 
gen 29 70040 288.8167191734699 8.767072760285782 242.9070402874708 298.23763192326066 
gen 30 72440 287.36972203180363 8.90554452390755 242.9070402874708 296.9764486031952 
gen 31 74840 285.84151983698865 8.906094019302332 242.9070402874708 295.24961495510115 
gen 32 77240 284.19965896125007 8.859281589930275 242.9070402874708 293.8875113257309 
gen 33 79640 283.1723412611365 8.68401824343182 242.9070402874708 292.71981539522585 
gen 34 82040 281.4023874277777 8.652440699278358 242.9070402874708 290.78559183012345 
gen 35 84440 279.7458404537338 8.432792657169111 242.9070402874708 289.0457057670992 
gen 36 86840 278.60531852878995 8.395192713496346 242.9070402874708 287.97479867123025 
gen 37 89240 277.53900722269515 8.1692000591956 242.9070402874708 286.77523646596825 
gen 38 91640 276.3209826589225 7.94613302866882 242.9070402874708 284.8904641863107 
gen 39 94040 275.23600618060163 7.930280427443414 237.37890311488317 283.47683883934087 
gen 40 96440 273.99651269944343 7.931145062340947 237.37890311488317 282.574294860904 
gen 41 98840 272.83253537534824 7.777606418261577 237.37890311488317 281.21044174097966 
gen 42 101240 271.6988872395108 7.734954801995511 237.37890311488317 280.0765565301649 
gen 43 103640 270.4183644600768 7.808014343302476 237.37890311488317 279.15903780460434 
gen 44 106040 269.3790716384802 7.530435742739618 237.37890311488317 278.1827673837289 
gen 45 108440 267.9429421282972 7.5538933623097835 237.37890311488317 276.8316459969787 
gen 46 110840 266.9326098425443 7.506405287751347 237.37890311488317 275.793357199275 
gen 47 113240 265.6908993958716 7.63402287758589 235.47423075820492 274.3137407157923 
gen 48 115640 264.62254421348183 7.407035347282096 235.47423075820492 273.12231196885404 
gen 49 118040 263.4150607835326 7.228555627060414 235.47423075820492 272.0398663289478 
gen 50 120440 262.623704553113 7.162490139946927 231.43062259250974 270.9723538241809 
gen 51 122840 261.5350108825602 7.152640522647919 231.43062259250974 269.7256532551934 
gen 52 125240 260.5568833289906 7.082142424839807 231.43062259250974 268.49040752132987 
gen 53 127640 259.45256133801036 7.155002991125817 231.43062259250974 267.66096494274126 
gen 54 130040 258.40285774443396 7.1513304563685125 224.51694900116826 266.5897979592754 
gen 55 132440 257.6656079140892 7.076944642268685 224.51694900116826 265.76425329788054 
gen 56 134840 256.64028378299173 7.123488935394814 224.51694900116826 264.8628659084889 
gen 57 137240 255.3574697779611 7.065126618747819 224.51694900116826 263.6483455624649 
gen 58 139640 254.1162177009514 6.898580686530812 224.51694900116826 262.23970761742606 
gen 59 142040 253.07231374105547 6.529541211992406 224.51694900116826 260.8696666066991 
gen 60 144440 251.19055008234886 6.64197341037249 224.51694900116826 258.7353425137814 
gen 61 146840 249.40280583630621 6.580240161152893 224.51694900116826 257.33847809032727 
gen 62 149240 247.42662710451478 6.312038623512726 219.555541416797 255.22958277488075 
gen 63 151640 245.4086604957252 5.928469747173263 219.555541416797 253.0679596672586 
gen 64 154040 243.4032270160324 5.823935873204023 219.555541416797 250.7887164990882 
gen 65 156450 241.48600517585362 5.829929086570081 213.4660650270077 248.32783632234353 
gen 66 158850 239.84722126214672 5.919725145931411 213.4660650270077 246.40939411841217 
gen 67 161250 237.9818592033503 6.043886292986829 213.4660650270077 244.74377023454713 
gen 68 163660 236.51990616090035 5.955365514737164 208.27148781634133 243.17630915224015 
gen 69 166060 234.99312454978084 5.963334039733712 208.27148781634133 241.59289446885074 
gen 70 168460 233.41641360020418 5.734120812279336 208.27148781634133 239.99009506198178 
gen 71 170860 232.15904624455703 5.471260496803166 208.27148781634133 238.40465359381892 
gen 72 173260 230.67093021689928 5.747874883808333 202.29950637823458 237.23645327944277 
gen 73 175660 229.06155727044242 5.835497911396488 202.29950637823458 235.36597470161288 
gen 74 178060 227.636646810071 5.762248455889286 202.29950637823458 234.25907435575527 
gen 75 180460 226.64450063126932 5.565406787334881 202.29950637823458 232.9782406300446 
gen 76 182860 225.50025584153968 5.6309388727961815 202.29950637823458 231.93985371942952 
gen 77 185260 224.26265018430183 5.47614554694985 202.29950637823458 230.5753852024303 
gen 78 187660 223.04233571500674 5.30991153545065 202.29950637823458 229.2263069936369 
gen 79 190060 221.71248017156432 5.226398043152868 202.29950637823458 227.9334005045569 
gen 80 192460 220.38446521744245 5.045600002907973 202.29950637823458 226.48532240774986 
gen 81 194860 219.2729320137512 4.799797599282422 200.02833808499074 224.90197049565737 
gen 82 197260 218.14498935451005 4.604801412902374 200.02833808499074 223.60209389712858 
gen 83 199660 216.8300119463793 4.484324780834755 200.02833808499074 222.27666290728814 
gen 84 202060 215.4112312759644 4.3995120737761955 200.02833808499074 220.7246061089168 
gen 85 204460 213.75601212967698 4.284681846207195 200.02833808499074 219.05871043610637 
gen 86 206860 211.94862083022494 4.1691473100296745 195.8763178904176 217.19477818457023 
gen 87 209260 209.65255820484717 3.7198571180591267 195.8763178904176 214.4941556559484 
gen 88 211660 207.43321155530145 3.2119686510721297 195.8763178904176 211.8861715774956 
gen 89 214060 205.69672069459003 2.70788548315459 195.8763178904176 209.45484063133557 
gen 90 216460 204.0670897554754 2.2599766444819163 193.92718515965507 207.4923362718871 
gen 91 218860 202.86498065141765 1.8479401549621086 193.55503355156029 205.28567418059885 
gen 92 221260 201.96040455543096 1.8914028254212905 189.1493853303267 203.5680262458657 
gen 93 223660 201.51072584943395 2.113530502939215 189.1493853303267 202.90249567801442 
gen 94 226060 201.07783725624995 2.2387524843803117 189.1493853303267 202.90249567801442 
gen 95 228460 200.5340824696017 2.3253778938801646 188.85975348411398 202.90249567801442 
gen 96 230860 199.84731079789918 2.2686090455406145 188.85975348411398 202.19728305870387 
gen 97 233260 199.26246184958995 2.3077299673438283 188.85975348411398 201.7122699672189 
gen 98 235660 198.6548056850244 2.2558659816671467 188.85975348411398 201.30651999790925 
gen 99 238060 198.09777709554848 2.063302416332302 188.85975348411398 200.5658240488777 
gen 100 240460 197.48737994648982 1.9267907437769183 188.85975348411398 199.79450103224508 
gen 101 242860 196.7991983672964 1.8982363642808775 188.85975348411398 198.8046454522403 
gen 102 245260 196.19829523640146 1.9148853061999225 188.109590290037 198.053941939221 
gen 103 247660 195.68440776960924 1.906974901999708 188.109590290037 197.6425037535128 
gen 104 250060 195.0658574366498 1.7978042059846053 188.109590290037 197.12408706596412 
gen 105 252460 194.58314063511742 1.712585846243386 188.109590290037 196.48457125431548 
gen 106 254860 194.04605155611432 1.6846614849151689 188.109590290037 195.96680495851223 
gen 107 257260 193.30989931192198 1.7030927315158175 186.04553252493258 195.22130481054364 
gen 108 259660 192.67063025260205 1.6116034063490399 186.04553252493258 194.41177436828522 
gen 109 262060 192.1698944253966 1.583008797713937 186.04553252493258 193.94022480882575 
gen 110 264460 191.53392446890177 1.5866638127739718 186.04553252493258 193.37076661394917 
gen 111 266860 191.00971403608932 1.4789681695139512 186.04553252493258 192.77756663665218 
gen 112 269260 190.38135192391965 1.3539338453146268 186.04553252493258 192.17754599820248 
gen 113 271660 189.74171123550968 1.1881589679403695 186.04553252493258 191.34951187932867 
gen 114 274060 189.15500295498015 1.0218369787876078 185.96190182476428 190.6093235521101 
gen 115 276460 188.68997254610673 0.9424886465969868 185.70892658179656 189.8186415750434 
gen 116 278860 188.41125193256732 0.9961842868112561 183.2447417286722 189.1493853303267 
gen 117 281260 188.12637895142223 1.0314550691535753 183.2447417286722 189.01675881434502 
[2, 12, 4, 15, 10, 8, 6, 18, 14, 1, 0, 5, 16, 9, 11, 17, 7, 3, 19, 13, 3, 15, 9, 19, 7, 5, 0, 14, 4, 1, 18, 17, 12, 2, 6, 13, 11, 8, 10, 16, 8, 12, 3, 4, 17, 15, 13, 14, 10, 18, 0, 9, 6, 5, 11, 7, 19, 16, 1, 2, 8, 12, 3, 13, 1, 6, 16, 2, 4, 14, 18, 9, 11, 19, 15, 0, 10, 5, 17, 7, 3, 5, 16, 0, 11, 17, 15, 19, 2, 6, 10, 7, 18, 1, 4, 13, 9, 14, 8, 12, 1, 5, 10, 6, 17, 7, 9, 8, 13, 18, 0, 12, 3, 19, 2, 4, 11, 15, 14, 16, 10, 16, 4, 7, 12, 11, 0, 9, 17, 13, 6, 14, 2, 3, 15, 19, 5, 8, 1, 18, 0, 16, 5, 8, 11, 14, 18, 10, 19, 17, 13, 12, 7, 15, 9, 6, 4, 3, 1, 2, 19, 2, 5, 7, 16, 8, 3, 11, 10, 4, 18, 15, 6, 14, 13, 12, 9, 0, 1, 17, 14, 16, 7, 6, 9, 12, 17, 11, 1, 19, 3, 10, 2, 0, 4, 15, 5, 13, 8, 18, 3, 15, 17, 12, 11, 1, 18, 6, 5, 13, 2, 8, 16, 14, 10, 7, 0, 19, 9, 4, 13, 14, 1, 16, 12, 3, 19, 9, 7, 17, 8, 18, 15, 10, 11, 4, 0, 6, 2, 5, 17, 18, 4, 6, 0, 10, 5, 2, 15, 3, 7, 9, 13, 19, 11, 16, 12, 1, 8, 14, 3, 8, 7, 0, 15, 2, 16, 17, 12, 10, 1, 4, 6, 5, 19, 14, 13, 9, 11, 18, 10, 4, 7, 0, 6, 12, 19, 1, 18, 13, 8, 16, 3, 9, 14, 5, 15, 11, 17, 2, 14, 12, 8, 15, 5, 17, 0, 16, 9, 4, 1, 19, 2, 10, 3, 7, 18, 6, 11, 13, 9, 11, 16, 13, 6, 8, 19, 1, 4, 7, 12, 15, 17, 14, 3, 10, 5, 2, 0, 18, 6, 12, 11, 2, 16, 14, 8, 13, 15, 7, 3, 0, 4, 10, 9, 1, 19, 5, 18, 17, 13, 6, 12, 9, 10, 8, 4, 15, 7, 11, 2, 18, 5, 14, 16, 19, 17, 3, 1, 0, 12, 9, 4, 0, 14, 13, 5, 10, 17, 15, 11, 2, 1, 16, 19, 7, 8, 18, 6, 3]
min  183.2447417286722
NFE 281260
LSNFE 60
VLSNFE 10
runTime 1250.5799069404602
