gen 0 400 350000000000476.25 1837797594948820.0 357.7317364010473 1e+16 
gen 1 2800 420.1495613339987 19.038865274048234 357.7317364010473 444.77287203611417 
gen 2 5230 394.56269198262146 15.275832623937957 309.9852000900746 412.728349627291 
gen 3 7630 380.479725104253 14.443141108396047 309.9852000900746 396.6891350339736 
gen 4 10030 368.3148682778826 14.44482827836475 300.43779245220355 384.6452380756275 
gen 5 12430 358.08970267793154 13.6036891919545 300.43779245220355 372.67319836607174 
gen 6 14830 350.39392310465234 12.631044801258957 285.21554962339815 364.80919731288367 
gen 7 17240 342.18640859361113 12.61364441675851 285.1823264540299 356.6997243640902 
gen 8 19640 336.30764094705495 11.927016965919107 285.1823264540299 349.94168797034916 
gen 9 22040 331.83199524122045 11.39037117107348 285.1823264540299 344.71631709647517 
gen 10 24450 328.0354411913346 10.772076917503156 282.2837757259256 340.1231849727836 
gen 11 26850 324.6930006404733 10.642475050916937 282.2837757259256 336.8056530656764 
gen 12 29250 320.9085402510842 10.914152060959179 264.7250636597107 332.92667888696275 
gen 13 31650 317.08213103703105 10.963977735420544 264.7250636597107 329.55680621875234 
gen 14 34050 313.54960661580714 11.282077925207535 264.7250636597107 326.0190203863565 
gen 15 36450 310.5601170059509 10.883465841705119 264.7250636597107 323.02318405491894 
gen 16 38850 307.400774560728 10.423816236389433 264.7250636597107 319.1424952981534 
gen 17 41250 304.1620337355234 10.190857841955804 264.65829456333773 316.1989201325244 
gen 18 43650 301.85592108504085 10.079031682865576 264.65829456333773 313.4295631999069 
gen 19 46090 298.981503447087 9.60993353057922 254.75462011039644 310.07246931465227 
gen 20 48490 297.35823011752495 9.096411521339068 254.75462011039644 307.8197986991376 
gen 21 50890 295.62249128113194 8.871518501959805 254.75462011039644 305.7618863287081 
gen 22 53290 292.692384136419 8.971025231259402 254.75462011039644 303.01031716839793 
gen 23 55690 290.88322854731217 8.872414834863198 254.75462011039644 300.97523991461264 
gen 24 58090 288.8857568291683 8.738115497063053 254.75462011039644 299.1182460042655 
gen 25 60490 286.7277850352998 8.841586509756914 251.9559559465825 296.88607870035594 
gen 26 62890 284.35157700543346 8.914375340331192 251.9559559465825 294.7421634224116 
gen 27 65290 282.36755845998914 8.50722043751664 251.9559559465825 292.09766723085306 
gen 28 67690 280.7134876542721 8.059222660286931 251.9559559465825 290.57117804832234 
gen 29 70090 279.3380150371536 7.959191831656899 249.6238759911989 288.44400731816233 
gen 30 72490 278.0000048462717 7.935783513019656 246.64547133225832 287.0660119635881 
gen 31 74890 276.92010765404297 7.663910734412288 246.64547133225832 285.73465807018266 
gen 32 77290 275.6543579789709 7.434315355512842 246.64547133225832 284.2714012581229 
gen 33 79690 274.3053224382165 7.3876855123443415 238.00206393810967 283.05215338141727 
gen 34 82090 272.6292308608317 7.50493409548809 238.00206393810967 281.52695344776413 
gen 35 84490 271.40043960465994 7.410439529473673 238.00206393810967 280.1613004047381 
gen 36 86890 269.95255876776145 7.240088414834398 238.00206393810967 278.48052418253127 
gen 37 89290 269.0125653559653 7.10336092915935 238.00206393810967 277.39901642644435 
gen 38 91690 267.96659311633084 7.03613599314704 238.00206393810967 276.2546330892858 
gen 39 94090 267.18346743079707 6.894779581536461 238.00206393810967 275.30863215737617 
gen 40 96490 266.14457407187234 6.987366069132765 238.00206393810967 274.13851318171794 
gen 41 98890 265.3004438225297 7.078097725618402 238.00206393810967 273.3771665012266 
gen 42 101290 264.17269899088706 6.952428632543345 238.00206393810967 272.314111291988 
gen 43 103690 263.23597549757955 6.7906914169822254 238.00206393810967 271.3170785710083 
gen 44 106090 262.3546498637666 6.64056016985156 238.00206393810967 270.25818907327505 
gen 45 108490 261.1487241731541 6.615785895242522 237.89624320922226 269.03088658935695 
gen 46 110890 259.9017300201724 6.848007784871541 234.06035149544135 267.8069285166361 
gen 47 113290 258.7684051132269 6.707416029689359 234.06035149544135 266.5430160546866 
gen 48 115690 257.79234293693713 6.556173071937064 229.77976312554475 265.1137056482338 
gen 49 118090 256.5922892667181 6.40608045810213 229.77976312554475 264.01623342416127 
gen 50 120490 255.19201765193546 6.400044828380618 229.77976312554475 262.5630657905331 
gen 51 122890 253.86209863932956 6.121771746341963 229.77976312554475 261.00021726815123 
gen 52 125290 252.37848430353344 6.398866530385613 220.05166883776968 259.78409689517247 
gen 53 127690 250.44870820156342 6.59451428616887 220.05166883776968 258.49819198446806 
gen 54 130090 248.71619561407178 6.79360541070499 215.9280027180376 256.5368833526185 
gen 55 132490 246.94501135636298 6.4455558985758294 215.9280027180376 254.59921313577232 
gen 56 134890 244.99914955871031 6.346476561535287 215.9280027180376 252.25672771415083 
gen 57 137290 243.03754223756906 6.263751019175431 215.9280027180376 250.31115432219224 
gen 58 139690 241.23112504800312 6.0973872975458185 215.36864817108162 248.26124247457392 
gen 59 142090 239.41049158981951 5.779286465200775 214.7519658542648 246.45977942722678 
gen 60 144490 237.5002973078619 5.439676959894773 214.7519658542648 244.1105973807247 
gen 61 146890 236.01037797757925 5.209591081177243 214.7519658542648 242.4248860626891 
gen 62 149290 234.22622047255524 5.107338890960555 214.7519658542648 240.5380522997788 
gen 63 151690 232.86562432833568 4.914687990517817 214.7519658542648 239.0283813482766 
gen 64 154090 231.57392353980723 4.835560049163934 212.8188665442321 237.49395314611021 
gen 65 156490 230.15912903215178 4.97438418629645 203.52001153202735 235.8754802675537 
gen 66 158890 229.4128376405661 4.895279716650131 203.52001153202735 234.76753644914504 
gen 67 161290 228.41276972897228 4.862389599343353 203.52001153202735 233.70266733803606 
gen 68 163690 227.22040926853373 4.828262712301429 203.52001153202735 232.58100478954148 
gen 69 166090 226.30981966904787 4.626200369159468 203.52001153202735 231.52200801688412 
gen 70 168490 225.16961120319996 4.7575495382194966 203.52001153202735 230.3675578965893 
gen 71 170890 224.23932417752488 4.890993567313641 199.7873084829029 229.65673403017166 
gen 72 173290 223.46378791330915 4.736816635567036 199.7873084829029 228.81636005737636 
gen 73 175690 222.5588769746845 4.7462284154093135 199.7873084829029 227.90055139845677 
gen 74 178090 221.74245181827507 4.548262680167453 199.7873084829029 226.92185384197086 
gen 75 180490 220.9705323597822 4.41168020848968 199.7873084829029 226.06444582437524 
gen 76 182890 220.0270481812422 4.48679316971386 199.7873084829029 225.26856342744463 
gen 77 185290 219.26523911373718 4.4540743559626765 199.7873084829029 224.29475134431257 
gen 78 187690 218.51550433742682 4.364009185758148 199.7873084829029 223.49802943863824 
gen 79 190090 217.7072018171441 4.37266624904696 199.7873084829029 222.82588349323876 
gen 80 192490 216.8322234990622 4.401668329121698 195.72641392169677 221.98099345687234 
gen 81 194890 216.25126980982657 4.299718136128692 195.72641392169677 221.26350738208254 
gen 82 197290 215.6944185805704 4.326068661932969 195.72641392169677 220.64477687600817 
gen 83 199690 214.80030685594528 4.3021210927226585 195.72641392169677 219.9605023882596 
gen 84 202090 214.19395772926808 4.242863752227475 195.72641392169677 219.20632711091864 
gen 85 204500 213.41975715532845 4.200459166126952 192.01614479634165 218.5308368275356 
gen 86 206900 212.67523833528708 4.183752875574957 192.01614479634165 217.7489665593626 
gen 87 209320 211.9139836758486 4.301840491940268 190.4568687963236 217.01087779526088 
gen 88 211720 211.4561175759791 4.179114706057982 190.4568687963236 216.46621199811258 
gen 89 214120 210.86275473512956 4.1325517840074255 190.4568687963236 215.51488384665274 
gen 90 216520 210.24612905042238 3.980429836090721 190.4568687963236 214.7519658542648 
gen 91 218920 209.7202485203339 3.983713660188515 190.4568687963236 214.27076579132165 
gen 92 221320 209.08765090344457 4.005767647591458 190.4568687963236 213.66736573946835 
gen 93 223720 208.43384109457125 4.013535413531048 190.4568687963236 213.099227683645 
gen 94 226120 207.66748240640496 3.8926796948988267 190.4568687963236 212.40061342186686 
gen 95 228520 207.2190416654065 3.751438739652032 190.4568687963236 211.7224039881656 
gen 96 230920 206.46993816542715 3.8356093422159097 190.44306417639075 211.04789401514665 
gen 97 233320 205.7579580968117 3.6999552250707133 190.44306417639075 210.2148396422735 
gen 98 235720 204.94666960498694 3.6506800626847893 190.44306417639075 209.13050382209087 
gen 99 238120 203.79508217802703 3.7738887980616105 189.66238410979793 208.26109770563653 
gen 100 240520 202.1037879716574 3.8489830319250458 186.4728507260173 206.53205593588493 
gen 101 242920 199.2802270480063 3.7576430398377014 186.4728507260173 203.7986824900149 
gen 102 245320 195.97973881933657 3.2125403699446444 185.2730434723304 199.9050599386535 
gen 103 247720 192.35373301789323 2.5422833073138364 183.57927161051273 195.47114710698543 
gen 104 250120 189.4164809943989 2.020006607907762 183.09623941165097 191.72340843900548 
gen 105 252520 187.33763365706093 1.6812804844588989 181.69022386014257 189.66238410979793 
gen 106 254920 185.9201713369008 1.5257405240710882 179.59700959087252 187.47672333472838 
gen 107 257320 184.80149171264435 1.3001924624336025 179.59700959087252 186.52063565671585 
gen 108 259720 183.90768225215317 0.9354248172987716 179.5586700132947 185.2730434723304 
gen 109 262120 183.3322443259589 0.647688627325261 179.5586700132947 183.99090456276377 
gen 110 264520 183.09594569356196 0.7894444628717141 179.5586700132947 183.57927161051273 
gen 111 266920 182.7462734093077 0.8744774456544911 179.5586700132947 183.26258815937115 
gen 112 269320 182.53228217925664 0.9649911670207376 179.5586700132947 183.2343682666766 
gen 113 271720 182.12315081363042 1.0604574705513523 178.19703763529003 183.22278486648904 
gen 114 274120 181.63534568118956 1.0106346899138834 178.19703763529003 182.98216379724926 
gen 115 276520 180.95185059154596 0.7078450459055259 178.19703763529003 181.86521927404794 
gen 116 278920 180.42262833285236 0.45166680584988367 178.19703763529003 181.59934683006853 
gen 117 281320 180.23637085049464 0.27035749701178163 178.19703763529003 180.2936483331108 
[9, 2, 5, 18, 1, 10, 12, 11, 6, 16, 19, 13, 17, 0, 3, 14, 15, 8, 7, 4, 6, 7, 1, 0, 19, 12, 3, 13, 8, 4, 14, 17, 16, 18, 5, 11, 9, 2, 15, 10, 10, 8, 5, 11, 0, 6, 12, 14, 19, 1, 18, 16, 7, 17, 3, 9, 13, 2, 15, 4, 6, 14, 13, 15, 12, 11, 8, 10, 3, 1, 7, 2, 16, 18, 9, 5, 17, 0, 19, 4, 3, 13, 7, 9, 1, 5, 11, 17, 2, 19, 15, 14, 8, 4, 10, 12, 18, 16, 6, 0, 2, 0, 5, 11, 10, 1, 14, 8, 7, 12, 6, 17, 15, 19, 4, 13, 18, 3, 9, 16, 10, 12, 1, 19, 0, 11, 4, 15, 9, 6, 2, 8, 5, 18, 16, 17, 3, 14, 13, 7, 6, 1, 15, 3, 5, 2, 4, 7, 13, 10, 0, 8, 17, 9, 14, 19, 12, 11, 18, 16, 19, 16, 13, 17, 10, 6, 2, 0, 3, 11, 18, 8, 4, 7, 12, 14, 9, 5, 15, 1, 15, 17, 3, 13, 8, 12, 14, 10, 5, 16, 0, 4, 7, 11, 6, 18, 9, 2, 1, 19, 14, 13, 7, 17, 18, 3, 8, 4, 9, 16, 5, 10, 15, 19, 12, 1, 2, 6, 0, 11, 18, 17, 12, 7, 9, 6, 13, 11, 3, 14, 0, 15, 1, 5, 19, 4, 16, 10, 8, 2, 16, 9, 4, 0, 13, 18, 2, 19, 1, 5, 7, 12, 15, 11, 10, 6, 3, 8, 17, 14, 12, 13, 18, 19, 7, 6, 16, 9, 15, 8, 1, 0, 14, 4, 17, 5, 2, 10, 3, 11, 3, 7, 0, 9, 17, 8, 18, 15, 13, 1, 5, 11, 16, 12, 2, 14, 10, 6, 4, 19, 4, 17, 5, 11, 12, 13, 18, 0, 16, 14, 6, 3, 7, 9, 15, 10, 1, 8, 19, 2, 11, 8, 7, 6, 15, 16, 9, 10, 13, 17, 14, 19, 0, 1, 18, 5, 3, 12, 2, 4, 14, 13, 3, 5, 18, 16, 12, 6, 11, 10, 1, 0, 2, 8, 7, 9, 4, 15, 17, 19, 12, 18, 6, 2, 10, 19, 8, 13, 17, 9, 15, 0, 16, 5, 3, 14, 4, 11, 7, 1, 1, 4, 2, 0, 15, 6, 18, 3, 5, 7, 19, 16, 13, 17, 8, 11, 12, 10, 14, 9]
min  178.19703763529003
NFE 281320
LSNFE 120
VLSNFE 13
runTime 1227.5271153450012
