gen 0 25 2000000000003123.0 3999999999998438.5 1802.634971779102 1e+16 
gen 1 129 2077.711997686213 170.8463120333911 1783.0609136800663 2293.8274706709904 
gen 2 234 1842.205831494332 105.21129825296316 1625.1843760546387 2050.8665461569326 
gen 3 338 1761.0960889900684 82.1191747523507 1559.7858654910065 1855.7717892336932 
gen 4 444 1671.941228347601 91.7934716010434 1451.9437381981534 1760.2857260020833 
gen 5 551 1578.6495764543388 69.11281529974593 1448.1135012229777 1692.0552246401423 
gen 6 654 1529.0044304879773 47.762395065402856 1448.1135012229777 1597.5987120516343 
gen 7 760 1465.1877804638889 67.68298400355641 1240.0421396448126 1537.900153115378 
gen 8 864 1431.6490735928517 66.2077764691428 1240.0421396448126 1490.9983557165554 
gen 9 966 1377.9786557010818 59.608335442713965 1240.0421396448126 1448.1135012229777 
gen 10 1073 1282.3198647386807 26.453942803910547 1240.0421396448126 1334.8272243975155 
gen 11 1175 1252.4514050645041 18.431986474142924 1202.4397428727798 1281.6538949545022 
gen 12 1276 1225.6624679980962 16.859556719341402 1202.4397428727798 1240.0421396448126 
gen 13 1378 1203.2809729784015 2.852750084032686 1202.4397428727798 1212.9551191930505 
gen 14 1479 1202.4397428727798 0.0 1202.4397428727798 1202.4397428727798 
gen 15 1580 1202.4397428727798 0.0 1202.4397428727798 1202.4397428727798 
gen 16 1680 1202.4397428727798 0.0 1202.4397428727798 1202.4397428727798 
gen 17 1781 1202.4397428727798 0.0 1202.4397428727798 1202.4397428727798 
gen 18 1882 1202.4397428727798 0.0 1202.4397428727798 1202.4397428727798 
gen 19 1982 1202.4397428727798 0.0 1202.4397428727798 1202.4397428727798 
gen 20 2083 1202.4397428727798 0.0 1202.4397428727798 1202.4397428727798 
gen 21 2184 1202.4397428727798 0.0 1202.4397428727798 1202.4397428727798 
gen 22 2284 1202.4397428727798 0.0 1202.4397428727798 1202.4397428727798 
gen 23 2384 1202.4397428727798 0.0 1202.4397428727798 1202.4397428727798 
gen 24 2485 1202.4397428727798 0.0 1202.4397428727798 1202.4397428727798 
gen 25 2586 1202.4397428727798 0.0 1202.4397428727798 1202.4397428727798 
gen 26 2686 1202.4397428727798 0.0 1202.4397428727798 1202.4397428727798 
gen 27 2786 1202.4397428727798 0.0 1202.4397428727798 1202.4397428727798 
gen 28 2886 1202.4397428727798 0.0 1202.4397428727798 1202.4397428727798 
gen 29 2987 1202.4397428727798 0.0 1202.4397428727798 1202.4397428727798 
gen 30 3087 1202.4397428727798 0.0 1202.4397428727798 1202.4397428727798 
gen 31 3189 1202.4397428727798 0.0 1202.4397428727798 1202.4397428727798 
gen 32 3290 1202.4397428727798 0.0 1202.4397428727798 1202.4397428727798 
gen 33 3391 1202.4397428727798 0.0 1202.4397428727798 1202.4397428727798 
gen 34 3492 1202.4397428727798 0.0 1202.4397428727798 1202.4397428727798 
gen 35 3592 1202.4397428727798 0.0 1202.4397428727798 1202.4397428727798 
gen 36 3692 1202.4397428727798 0.0 1202.4397428727798 1202.4397428727798 
gen 37 3794 1202.4397428727798 0.0 1202.4397428727798 1202.4397428727798 
gen 38 3895 1202.4397428727798 0.0 1202.4397428727798 1202.4397428727798 
gen 39 3996 1202.4397428727798 0.0 1202.4397428727798 1202.4397428727798 
gen 40 4097 1202.4397428727798 0.0 1202.4397428727798 1202.4397428727798 
gen 41 4197 1202.4397428727798 0.0 1202.4397428727798 1202.4397428727798 
gen 42 4299 1202.4397428727798 0.0 1202.4397428727798 1202.4397428727798 
gen 43 4401 1202.4397428727798 0.0 1202.4397428727798 1202.4397428727798 
gen 44 4502 1202.4397428727798 0.0 1202.4397428727798 1202.4397428727798 
gen 45 4603 1202.4397428727798 0.0 1202.4397428727798 1202.4397428727798 
gen 46 4703 1202.4397428727798 0.0 1202.4397428727798 1202.4397428727798 
gen 47 4805 1202.4397428727798 0.0 1202.4397428727798 1202.4397428727798 
gen 48 4905 1202.4397428727798 0.0 1202.4397428727798 1202.4397428727798 
gen 49 5007 1202.4397428727798 0.0 1202.4397428727798 1202.4397428727798 
gen 50 5107 1202.4397428727798 0.0 1202.4397428727798 1202.4397428727798 
gen 51 5207 1202.4397428727798 0.0 1202.4397428727798 1202.4397428727798 
gen 52 5308 1202.4397428727798 0.0 1202.4397428727798 1202.4397428727798 
gen 53 5409 1202.4397428727798 0.0 1202.4397428727798 1202.4397428727798 
gen 54 5509 1202.4397428727798 0.0 1202.4397428727798 1202.4397428727798 
gen 55 5610 1202.4397428727798 0.0 1202.4397428727798 1202.4397428727798 
gen 56 5712 1202.4397428727798 0.0 1202.4397428727798 1202.4397428727798 
gen 57 5812 1202.4397428727798 0.0 1202.4397428727798 1202.4397428727798 
gen 58 5913 1202.4397428727798 0.0 1202.4397428727798 1202.4397428727798 
gen 59 6014 1202.4397428727798 0.0 1202.4397428727798 1202.4397428727798 
gen 60 6115 1202.4397428727798 0.0 1202.4397428727798 1202.4397428727798 
gen 61 6218 1202.4397428727798 0.0 1202.4397428727798 1202.4397428727798 
gen 62 6319 1202.4397428727798 0.0 1202.4397428727798 1202.4397428727798 
gen 63 6419 1202.4397428727798 0.0 1202.4397428727798 1202.4397428727798 
gen 64 6519 1202.4397428727798 0.0 1202.4397428727798 1202.4397428727798 
gen 65 6619 1202.4397428727798 0.0 1202.4397428727798 1202.4397428727798 
gen 66 6721 1202.4397428727798 0.0 1202.4397428727798 1202.4397428727798 
gen 67 6822 1202.4397428727798 0.0 1202.4397428727798 1202.4397428727798 
gen 68 6924 1202.4397428727798 0.0 1202.4397428727798 1202.4397428727798 
gen 69 7027 1202.4397428727798 0.0 1202.4397428727798 1202.4397428727798 
gen 70 7129 1202.4397428727798 0.0 1202.4397428727798 1202.4397428727798 
gen 71 7231 1202.0968011058012 1.6800646811723592 1193.8661986983132 1202.4397428727798 
gen 72 7334 1201.0679758048652 3.143113212283282 1193.8661986983132 1202.4397428727798 
gen 73 7434 1195.923849300185 3.661616081921097 1193.8661986983132 1202.4397428727798 
gen 74 7538 1193.8661986983132 0.0 1193.8661986983132 1193.8661986983132 
gen 75 7639 1193.8661986983132 0.0 1193.8661986983132 1193.8661986983132 
gen 76 7740 1193.8661986983132 0.0 1193.8661986983132 1193.8661986983132 
gen 77 7840 1193.8661986983132 0.0 1193.8661986983132 1193.8661986983132 
gen 78 7941 1193.8661986983132 0.0 1193.8661986983132 1193.8661986983132 
gen 79 8044 1193.8661986983132 0.0 1193.8661986983132 1193.8661986983132 
gen 80 8148 1193.8661986983132 0.0 1193.8661986983132 1193.8661986983132 
gen 81 8248 1193.8661986983132 0.0 1193.8661986983132 1193.8661986983132 
gen 82 8350 1193.8661986983132 0.0 1193.8661986983132 1193.8661986983132 
gen 83 8451 1193.8661986983132 0.0 1193.8661986983132 1193.8661986983132 
gen 84 8552 1193.8661986983132 0.0 1193.8661986983132 1193.8661986983132 
gen 85 8655 1193.8661986983132 0.0 1193.8661986983132 1193.8661986983132 
gen 86 8755 1193.8661986983132 0.0 1193.8661986983132 1193.8661986983132 
gen 87 8857 1193.8661986983132 0.0 1193.8661986983132 1193.8661986983132 
gen 88 8958 1193.8661986983132 0.0 1193.8661986983132 1193.8661986983132 
gen 89 9059 1193.8661986983132 0.0 1193.8661986983132 1193.8661986983132 
gen 90 9159 1193.8661986983132 0.0 1193.8661986983132 1193.8661986983132 
gen 91 9261 1193.8661986983132 0.0 1193.8661986983132 1193.8661986983132 
gen 92 9361 1193.8661986983132 0.0 1193.8661986983132 1193.8661986983132 
gen 93 9462 1193.8661986983132 0.0 1193.8661986983132 1193.8661986983132 
gen 94 9564 1193.8661986983132 0.0 1193.8661986983132 1193.8661986983132 
gen 95 9665 1193.8661986983132 0.0 1193.8661986983132 1193.8661986983132 
gen 96 9766 1193.8661986983132 0.0 1193.8661986983132 1193.8661986983132 
gen 97 9867 1193.8661986983132 0.0 1193.8661986983132 1193.8661986983132 
gen 98 9967 1193.8661986983132 0.0 1193.8661986983132 1193.8661986983132 
gen 99 10069 1193.8661986983132 0.0 1193.8661986983132 1193.8661986983132 
gen 100 10170 1193.8661986983132 0.0 1193.8661986983132 1193.8661986983132 
gen 101 10270 1193.8661986983132 0.0 1193.8661986983132 1193.8661986983132 
gen 102 10372 1193.8661986983132 0.0 1193.8661986983132 1193.8661986983132 
gen 103 10472 1193.8661986983132 0.0 1193.8661986983132 1193.8661986983132 
gen 104 10575 1193.8661986983132 0.0 1193.8661986983132 1193.8661986983132 
gen 105 10676 1193.8661986983132 0.0 1193.8661986983132 1193.8661986983132 
gen 106 10777 1193.8661986983132 0.0 1193.8661986983132 1193.8661986983132 
gen 107 10878 1193.8661986983132 0.0 1193.8661986983132 1193.8661986983132 
gen 108 10978 1193.8661986983132 0.0 1193.8661986983132 1193.8661986983132 
gen 109 11080 1193.8661986983132 0.0 1193.8661986983132 1193.8661986983132 
gen 110 11181 1193.8661986983132 0.0 1193.8661986983132 1193.8661986983132 
gen 111 11283 1193.8661986983132 0.0 1193.8661986983132 1193.8661986983132 
gen 112 11384 1193.8661986983132 0.0 1193.8661986983132 1193.8661986983132 
gen 113 11486 1193.8661986983132 0.0 1193.8661986983132 1193.8661986983132 
gen 114 11588 1193.8661986983132 0.0 1193.8661986983132 1193.8661986983132 
gen 115 11689 1193.8661986983132 0.0 1193.8661986983132 1193.8661986983132 
gen 116 11790 1193.7068971343988 0.7804150936354862 1189.8836596004521 1193.8661986983132 
gen 117 11891 1193.069690878741 1.5930156391444144 1189.8836596004521 1193.8661986983132 
gen 118 11993 1189.8836596004521 0.0 1189.8836596004521 1189.8836596004521 
gen 119 12094 1189.8836596004521 0.0 1189.8836596004521 1189.8836596004521 
gen 120 12194 1189.8836596004521 0.0 1189.8836596004521 1189.8836596004521 
gen 121 12295 1189.8836596004521 0.0 1189.8836596004521 1189.8836596004521 
gen 122 12395 1189.8836596004521 0.0 1189.8836596004521 1189.8836596004521 
gen 123 12496 1189.8836596004521 0.0 1189.8836596004521 1189.8836596004521 
gen 124 12598 1189.8836596004521 0.0 1189.8836596004521 1189.8836596004521 
gen 125 12699 1189.8836596004521 0.0 1189.8836596004521 1189.8836596004521 
gen 126 12802 1189.8836596004521 0.0 1189.8836596004521 1189.8836596004521 
gen 127 12903 1189.8836596004521 0.0 1189.8836596004521 1189.8836596004521 
gen 128 13006 1189.8836596004521 0.0 1189.8836596004521 1189.8836596004521 
gen 129 13107 1189.8836596004521 0.0 1189.8836596004521 1189.8836596004521 
gen 130 13209 1189.8836596004521 0.0 1189.8836596004521 1189.8836596004521 
gen 131 13310 1189.8836596004521 0.0 1189.8836596004521 1189.8836596004521 
gen 132 13412 1189.8836596004521 0.0 1189.8836596004521 1189.8836596004521 
gen 133 13515 1189.8836596004521 0.0 1189.8836596004521 1189.8836596004521 
gen 134 13617 1189.8836596004521 0.0 1189.8836596004521 1189.8836596004521 
gen 135 13717 1189.8836596004521 0.0 1189.8836596004521 1189.8836596004521 
gen 136 13819 1189.8836596004521 0.0 1189.8836596004521 1189.8836596004521 
gen 137 13922 1189.8836596004521 0.0 1189.8836596004521 1189.8836596004521 
gen 138 14022 1189.8836596004521 0.0 1189.8836596004521 1189.8836596004521 
gen 139 14123 1189.8836596004521 0.0 1189.8836596004521 1189.8836596004521 
gen 140 14225 1189.8836596004521 0.0 1189.8836596004521 1189.8836596004521 
gen 141 14325 1189.8836596004521 0.0 1189.8836596004521 1189.8836596004521 
gen 142 14425 1189.8836596004521 0.0 1189.8836596004521 1189.8836596004521 
gen 143 14526 1189.8836596004521 0.0 1189.8836596004521 1189.8836596004521 
gen 144 14626 1189.8836596004521 0.0 1189.8836596004521 1189.8836596004521 
gen 145 14727 1189.8836596004521 0.0 1189.8836596004521 1189.8836596004521 
gen 146 14828 1189.8836596004521 0.0 1189.8836596004521 1189.8836596004521 
gen 147 14928 1189.8836596004521 0.0 1189.8836596004521 1189.8836596004521 
gen 148 15029 1189.8836596004521 0.0 1189.8836596004521 1189.8836596004521 
gen 149 15131 1189.8836596004521 0.0 1189.8836596004521 1189.8836596004521 
gen 150 15232 1189.8836596004521 0.0 1189.8836596004521 1189.8836596004521 
gen 151 15335 1189.8836596004521 0.0 1189.8836596004521 1189.8836596004521 
gen 152 15436 1189.8836596004521 0.0 1189.8836596004521 1189.8836596004521 
gen 153 15536 1189.8836596004521 0.0 1189.8836596004521 1189.8836596004521 
gen 154 15637 1189.8836596004521 0.0 1189.8836596004521 1189.8836596004521 
gen 155 15737 1189.8836596004521 0.0 1189.8836596004521 1189.8836596004521 
gen 156 15837 1189.8836596004521 0.0 1189.8836596004521 1189.8836596004521 
gen 157 15938 1189.8836596004521 0.0 1189.8836596004521 1189.8836596004521 
gen 158 16040 1189.8836596004521 0.0 1189.8836596004521 1189.8836596004521 
gen 159 16140 1189.8836596004521 0.0 1189.8836596004521 1189.8836596004521 
gen 160 16240 1189.8836596004521 0.0 1189.8836596004521 1189.8836596004521 
gen 161 16342 1189.8836596004521 0.0 1189.8836596004521 1189.8836596004521 
gen 162 16442 1189.8836596004521 0.0 1189.8836596004521 1189.8836596004521 
gen 163 16543 1189.8836596004521 0.0 1189.8836596004521 1189.8836596004521 
gen 164 16643 1189.8836596004521 0.0 1189.8836596004521 1189.8836596004521 
gen 165 16746 1189.8836596004521 0.0 1189.8836596004521 1189.8836596004521 
gen 166 16846 1189.8836596004521 0.0 1189.8836596004521 1189.8836596004521 
gen 167 16951 1189.8836596004521 0.0 1189.8836596004521 1189.8836596004521 
gen 168 17053 1189.8836596004521 0.0 1189.8836596004521 1189.8836596004521 
gen 169 17155 1189.8836596004521 0.0 1189.8836596004521 1189.8836596004521 
gen 170 17255 1189.8836596004521 0.0 1189.8836596004521 1189.8836596004521 
gen 171 17357 1189.8836596004521 0.0 1189.8836596004521 1189.8836596004521 
gen 172 17459 1189.8836596004521 0.0 1189.8836596004521 1189.8836596004521 
gen 173 17562 1189.8836596004521 0.0 1189.8836596004521 1189.8836596004521 
[0, 1, 2, 4, 3, 1, 2, 4, 3, 0, 0, 1, 2, 4, 3, 0, 1, 2, 4, 3, 0, 1, 2, 4, 3]
min  1189.8836596004521
NFE 17562
LSNFE 0
VLSNFE 0
runTime 15.306661367416382
