gen 0 25 1200000000003703.2 3249615361853016.5 1895.3940254482532 1e+16 
gen 1 129 1933.0277608666975 160.01721432415422 1549.8132650141947 2128.2706348463826 
gen 2 232 1768.8922457817007 132.5889922030261 1423.3755491237125 1909.9356048937348 
gen 3 335 1694.2917712598637 108.39186048083576 1423.3755491237125 1861.0952407033378 
gen 4 438 1629.6908493227256 77.50103103875526 1423.3755491237125 1711.55176195575 
gen 5 542 1562.4777754174036 53.81107665717775 1423.3755491237125 1647.7069004492553 
gen 6 646 1502.0508735744088 42.854101246129794 1410.2119429879542 1545.518359955438 
gen 7 747 1459.5192593006286 60.906889672091616 1310.8087539743133 1522.113503306298 
gen 8 851 1387.960151170111 39.69052820115245 1302.3035498939826 1439.1906483743537 
gen 9 956 1336.2226544181567 28.98108912857409 1287.6749959697345 1371.141432404851 
gen 10 1059 1311.6751315453023 18.917524960925956 1257.5682913326434 1336.5692427575314 
gen 11 1161 1298.3818493563415 16.980616984395844 1246.846823957977 1310.8087539743133 
gen 12 1267 1281.2145041608674 22.64435635848692 1220.99427759463 1303.8845585539004 
gen 13 1369 1259.1791633552527 20.05122369151612 1219.875327160298 1287.6749959697345 
gen 14 1471 1233.739200212702 14.678462445423191 1209.9317412463297 1246.846823957977 
gen 15 1572 1218.137082055774 4.017529921030946 1209.9317412463297 1220.99427759463 
gen 16 1677 1215.9889811200565 4.241268971203532 1209.9317412463297 1220.99427759463 
gen 17 1778 1212.3590707894198 0.8963508376714117 1209.9317412463297 1212.6900702725684 
gen 18 1880 1212.3590707894198 0.8963508376714117 1209.9317412463297 1212.6900702725684 
gen 19 1982 1212.3590707894198 0.8963508376714117 1209.9317412463297 1212.6900702725684 
gen 20 2082 1212.1384044673207 1.1033316104954793 1209.9317412463297 1212.6900702725684 
gen 21 2185 1211.9177381452216 1.2384866611414798 1209.9317412463297 1212.6900702725684 
gen 22 2288 1211.2557391789242 1.3780607398227898 1209.9317412463297 1212.6900702725684 
gen 23 2388 1209.9317412463297 0.0 1209.9317412463297 1209.9317412463297 
gen 24 2488 1209.9317412463297 0.0 1209.9317412463297 1209.9317412463297 
gen 25 2591 1209.9317412463297 0.0 1209.9317412463297 1209.9317412463297 
gen 26 2692 1209.9317412463297 0.0 1209.9317412463297 1209.9317412463297 
gen 27 2792 1209.9317412463297 0.0 1209.9317412463297 1209.9317412463297 
gen 28 2895 1209.9317412463297 0.0 1209.9317412463297 1209.9317412463297 
gen 29 2996 1209.9317412463297 0.0 1209.9317412463297 1209.9317412463297 
gen 30 3096 1209.9317412463297 0.0 1209.9317412463297 1209.9317412463297 
gen 31 3196 1209.9317412463297 0.0 1209.9317412463297 1209.9317412463297 
gen 32 3297 1209.9317412463297 0.0 1209.9317412463297 1209.9317412463297 
gen 33 3397 1209.9317412463297 0.0 1209.9317412463297 1209.9317412463297 
gen 34 3500 1209.9317412463297 0.0 1209.9317412463297 1209.9317412463297 
gen 35 3603 1209.9317412463297 0.0 1209.9317412463297 1209.9317412463297 
gen 36 3703 1209.9317412463297 0.0 1209.9317412463297 1209.9317412463297 
gen 37 3805 1209.9317412463297 0.0 1209.9317412463297 1209.9317412463297 
gen 38 3905 1209.9317412463297 0.0 1209.9317412463297 1209.9317412463297 
gen 39 4005 1209.9317412463297 0.0 1209.9317412463297 1209.9317412463297 
gen 40 4106 1209.9317412463297 0.0 1209.9317412463297 1209.9317412463297 
gen 41 4207 1209.9317412463297 0.0 1209.9317412463297 1209.9317412463297 
gen 42 4307 1209.9317412463297 0.0 1209.9317412463297 1209.9317412463297 
gen 43 4408 1209.9317412463297 0.0 1209.9317412463297 1209.9317412463297 
gen 44 4509 1209.9317412463297 0.0 1209.9317412463297 1209.9317412463297 
gen 45 4610 1209.9317412463297 0.0 1209.9317412463297 1209.9317412463297 
gen 46 4710 1209.9317412463297 0.0 1209.9317412463297 1209.9317412463297 
gen 47 4811 1209.9317412463297 0.0 1209.9317412463297 1209.9317412463297 
gen 48 4911 1209.9317412463297 0.0 1209.9317412463297 1209.9317412463297 
gen 49 5011 1209.9317412463297 0.0 1209.9317412463297 1209.9317412463297 
gen 50 5112 1209.9317412463297 0.0 1209.9317412463297 1209.9317412463297 
gen 51 5213 1209.9317412463297 0.0 1209.9317412463297 1209.9317412463297 
gen 52 5313 1209.9317412463297 0.0 1209.9317412463297 1209.9317412463297 
gen 53 5413 1209.9317412463297 0.0 1209.9317412463297 1209.9317412463297 
gen 54 5513 1209.9317412463297 0.0 1209.9317412463297 1209.9317412463297 
gen 55 5613 1209.9317412463297 0.0 1209.9317412463297 1209.9317412463297 
gen 56 5715 1209.9317412463297 0.0 1209.9317412463297 1209.9317412463297 
gen 57 5816 1209.9317412463297 0.0 1209.9317412463297 1209.9317412463297 
gen 58 5918 1209.9317412463297 0.0 1209.9317412463297 1209.9317412463297 
gen 59 6019 1209.9317412463297 0.0 1209.9317412463297 1209.9317412463297 
gen 60 6119 1209.9317412463297 0.0 1209.9317412463297 1209.9317412463297 
gen 61 6219 1209.9317412463297 0.0 1209.9317412463297 1209.9317412463297 
gen 62 6321 1209.9317412463297 0.0 1209.9317412463297 1209.9317412463297 
gen 63 6425 1209.9317412463297 0.0 1209.9317412463297 1209.9317412463297 
gen 64 6525 1209.9317412463297 0.0 1209.9317412463297 1209.9317412463297 
gen 65 6625 1209.9317412463297 0.0 1209.9317412463297 1209.9317412463297 
gen 66 6728 1209.9317412463297 0.0 1209.9317412463297 1209.9317412463297 
gen 67 6829 1209.9317412463297 0.0 1209.9317412463297 1209.9317412463297 
gen 68 6931 1209.9317412463297 0.0 1209.9317412463297 1209.9317412463297 
gen 69 7034 1209.9317412463297 0.0 1209.9317412463297 1209.9317412463297 
gen 70 7135 1209.9317412463297 0.0 1209.9317412463297 1209.9317412463297 
gen 71 7235 1209.9317412463297 0.0 1209.9317412463297 1209.9317412463297 
gen 72 7338 1209.9317412463297 0.0 1209.9317412463297 1209.9317412463297 
gen 73 7438 1209.9317412463297 0.0 1209.9317412463297 1209.9317412463297 
gen 74 7538 1209.9317412463297 0.0 1209.9317412463297 1209.9317412463297 
gen 75 7638 1209.9317412463297 0.0 1209.9317412463297 1209.9317412463297 
gen 76 7739 1209.9317412463297 0.0 1209.9317412463297 1209.9317412463297 
gen 77 7839 1209.9317412463297 0.0 1209.9317412463297 1209.9317412463297 
gen 78 7940 1209.9317412463297 0.0 1209.9317412463297 1209.9317412463297 
gen 79 8040 1209.9317412463297 0.0 1209.9317412463297 1209.9317412463297 
gen 80 8141 1209.9317412463297 0.0 1209.9317412463297 1209.9317412463297 
gen 81 8242 1209.9317412463297 0.0 1209.9317412463297 1209.9317412463297 
gen 82 8343 1209.9317412463297 0.0 1209.9317412463297 1209.9317412463297 
gen 83 8444 1209.9317412463297 0.0 1209.9317412463297 1209.9317412463297 
gen 84 8544 1209.9317412463297 0.0 1209.9317412463297 1209.9317412463297 
gen 85 8645 1209.9317412463297 0.0 1209.9317412463297 1209.9317412463297 
gen 86 8748 1209.9317412463297 0.0 1209.9317412463297 1209.9317412463297 
gen 87 8849 1209.9317412463297 0.0 1209.9317412463297 1209.9317412463297 
gen 88 8950 1209.9317412463297 0.0 1209.9317412463297 1209.9317412463297 
gen 89 9050 1209.9317412463297 0.0 1209.9317412463297 1209.9317412463297 
gen 90 9150 1209.9317412463297 0.0 1209.9317412463297 1209.9317412463297 
gen 91 9252 1209.9317412463297 0.0 1209.9317412463297 1209.9317412463297 
gen 92 9353 1209.9317412463297 0.0 1209.9317412463297 1209.9317412463297 
gen 93 9455 1209.9317412463297 0.0 1209.9317412463297 1209.9317412463297 
gen 94 9556 1209.9317412463297 0.0 1209.9317412463297 1209.9317412463297 
gen 95 9658 1209.9317412463297 0.0 1209.9317412463297 1209.9317412463297 
gen 96 9760 1208.541498475001 6.810770816696993 1175.1756719631082 1209.9317412463297 
gen 97 9861 1207.1512557036722 9.42908523180688 1175.1756719631082 1209.9317412463297 
gen 98 9962 1198.8097990756987 16.21287744354997 1175.1756719631082 1209.9317412463297 
gen 99 10062 1175.1756719631082 0.0 1175.1756719631082 1175.1756719631082 
gen 100 10162 1175.1756719631082 0.0 1175.1756719631082 1175.1756719631082 
gen 101 10263 1175.1756719631082 0.0 1175.1756719631082 1175.1756719631082 
gen 102 10363 1175.1756719631082 0.0 1175.1756719631082 1175.1756719631082 
gen 103 10463 1175.1756719631082 0.0 1175.1756719631082 1175.1756719631082 
gen 104 10564 1175.1756719631082 0.0 1175.1756719631082 1175.1756719631082 
gen 105 10664 1175.1756719631082 0.0 1175.1756719631082 1175.1756719631082 
gen 106 10765 1175.1756719631082 0.0 1175.1756719631082 1175.1756719631082 
gen 107 10866 1175.1756719631082 0.0 1175.1756719631082 1175.1756719631082 
gen 108 10969 1175.1756719631082 0.0 1175.1756719631082 1175.1756719631082 
gen 109 11069 1175.1756719631082 0.0 1175.1756719631082 1175.1756719631082 
gen 110 11171 1175.1756719631082 0.0 1175.1756719631082 1175.1756719631082 
gen 111 11272 1175.1756719631082 0.0 1175.1756719631082 1175.1756719631082 
gen 112 11374 1175.1756719631082 0.0 1175.1756719631082 1175.1756719631082 
gen 113 11475 1175.1756719631082 0.0 1175.1756719631082 1175.1756719631082 
gen 114 11576 1175.1756719631082 0.0 1175.1756719631082 1175.1756719631082 
gen 115 11679 1175.1756719631082 0.0 1175.1756719631082 1175.1756719631082 
gen 116 11780 1175.1756719631082 0.0 1175.1756719631082 1175.1756719631082 
gen 117 11881 1175.1756719631082 0.0 1175.1756719631082 1175.1756719631082 
gen 118 11982 1175.1756719631082 0.0 1175.1756719631082 1175.1756719631082 
gen 119 12083 1175.1756719631082 0.0 1175.1756719631082 1175.1756719631082 
gen 120 12183 1175.1756719631082 0.0 1175.1756719631082 1175.1756719631082 
gen 121 12283 1175.1756719631082 0.0 1175.1756719631082 1175.1756719631082 
gen 122 12385 1175.1756719631082 0.0 1175.1756719631082 1175.1756719631082 
gen 123 12485 1175.1756719631082 0.0 1175.1756719631082 1175.1756719631082 
gen 124 12585 1175.1756719631082 0.0 1175.1756719631082 1175.1756719631082 
gen 125 12687 1175.1756719631082 0.0 1175.1756719631082 1175.1756719631082 
gen 126 12788 1175.1756719631082 0.0 1175.1756719631082 1175.1756719631082 
gen 127 12889 1175.1756719631082 0.0 1175.1756719631082 1175.1756719631082 
gen 128 12990 1175.1756719631082 0.0 1175.1756719631082 1175.1756719631082 
gen 129 13092 1175.1756719631082 0.0 1175.1756719631082 1175.1756719631082 
gen 130 13193 1175.1756719631082 0.0 1175.1756719631082 1175.1756719631082 
gen 131 13294 1175.1756719631082 0.0 1175.1756719631082 1175.1756719631082 
gen 132 13396 1175.1756719631082 0.0 1175.1756719631082 1175.1756719631082 
gen 133 13501 1175.1756719631082 0.0 1175.1756719631082 1175.1756719631082 
gen 134 13601 1175.1756719631082 0.0 1175.1756719631082 1175.1756719631082 
gen 135 13701 1175.1756719631082 0.0 1175.1756719631082 1175.1756719631082 
gen 136 13801 1175.1756719631082 0.0 1175.1756719631082 1175.1756719631082 
gen 137 13901 1175.1756719631082 0.0 1175.1756719631082 1175.1756719631082 
gen 138 14002 1175.1756719631082 0.0 1175.1756719631082 1175.1756719631082 
gen 139 14107 1175.1756719631082 0.0 1175.1756719631082 1175.1756719631082 
gen 140 14207 1175.1756719631082 0.0 1175.1756719631082 1175.1756719631082 
gen 141 14309 1175.1756719631082 0.0 1175.1756719631082 1175.1756719631082 
gen 142 14410 1175.1756719631082 0.0 1175.1756719631082 1175.1756719631082 
gen 143 14511 1175.1756719631082 0.0 1175.1756719631082 1175.1756719631082 
gen 144 14611 1175.1756719631082 0.0 1175.1756719631082 1175.1756719631082 
gen 145 14711 1175.1756719631082 0.0 1175.1756719631082 1175.1756719631082 
gen 146 14811 1175.1756719631082 0.0 1175.1756719631082 1175.1756719631082 
gen 147 14911 1175.1756719631082 0.0 1175.1756719631082 1175.1756719631082 
gen 148 15012 1175.1756719631082 0.0 1175.1756719631082 1175.1756719631082 
gen 149 15113 1175.1756719631082 0.0 1175.1756719631082 1175.1756719631082 
gen 150 15214 1175.1756719631082 0.0 1175.1756719631082 1175.1756719631082 
gen 151 15318 1175.1756719631082 0.0 1175.1756719631082 1175.1756719631082 
gen 152 15419 1175.1756719631082 0.0 1175.1756719631082 1175.1756719631082 
gen 153 15521 1175.1756719631082 0.0 1175.1756719631082 1175.1756719631082 
gen 154 15622 1175.1756719631082 0.0 1175.1756719631082 1175.1756719631082 
gen 155 15724 1175.1756719631082 0.0 1175.1756719631082 1175.1756719631082 
gen 156 15824 1175.1756719631082 0.0 1175.1756719631082 1175.1756719631082 
gen 157 15924 1175.1756719631082 0.0 1175.1756719631082 1175.1756719631082 
gen 158 16025 1175.1756719631082 0.0 1175.1756719631082 1175.1756719631082 
gen 159 16125 1175.1756719631082 0.0 1175.1756719631082 1175.1756719631082 
gen 160 16226 1175.1756719631082 0.0 1175.1756719631082 1175.1756719631082 
gen 161 16329 1175.1756719631082 0.0 1175.1756719631082 1175.1756719631082 
gen 162 16429 1175.1756719631082 0.0 1175.1756719631082 1175.1756719631082 
gen 163 16530 1175.1756719631082 0.0 1175.1756719631082 1175.1756719631082 
gen 164 16630 1175.1756719631082 0.0 1175.1756719631082 1175.1756719631082 
gen 165 16731 1175.1756719631082 0.0 1175.1756719631082 1175.1756719631082 
gen 166 16832 1175.1756719631082 0.0 1175.1756719631082 1175.1756719631082 
gen 167 16934 1175.1756719631082 0.0 1175.1756719631082 1175.1756719631082 
gen 168 17035 1175.1756719631082 0.0 1175.1756719631082 1175.1756719631082 
gen 169 17135 1175.1756719631082 0.0 1175.1756719631082 1175.1756719631082 
gen 170 17235 1175.1756719631082 0.0 1175.1756719631082 1175.1756719631082 
gen 171 17335 1175.1756719631082 0.0 1175.1756719631082 1175.1756719631082 
gen 172 17438 1175.1756719631082 0.0 1175.1756719631082 1175.1756719631082 
gen 173 17539 1175.1756719631082 0.0 1175.1756719631082 1175.1756719631082 
[0, 2, 1, 4, 3, 0, 2, 1, 4, 3, 0, 2, 1, 4, 3, 2, 1, 0, 4, 3, 0, 2, 1, 4, 3]
min  1175.1756719631082
NFE 17539
LSNFE 0
VLSNFE 0
runTime 14.77210807800293
