gen 0 25 2400000000003190.5 4270831300810732.5 1703.271758867315 1e+16 
gen 1 129 1946.9657319618893 174.98257946162983 1516.099973475805 2247.760520660836 
gen 2 237 1786.9522264001776 139.92006433342516 1510.128579359293 1971.7446600568053 
gen 3 339 1658.9590249519274 77.90430393068593 1510.128579359293 1797.6151971820318 
gen 4 443 1610.3136653330887 76.12709752581895 1351.9463262002328 1703.271758867315 
gen 5 551 1556.6700216881293 68.19138510636449 1351.9463262002328 1629.8421518189953 
gen 6 656 1476.2432144380864 61.123378480721215 1348.1767842023241 1553.6269928777954 
gen 7 761 1365.645710878464 35.20083683635051 1251.837151935201 1411.3478314274994 
gen 8 863 1332.8731136539643 36.32530788734567 1238.2414425953837 1351.9463262002328 
gen 9 966 1262.7826250452742 25.13418594753622 1213.4131108121433 1310.502842628998 
gen 10 1067 1224.4669484953404 10.838870346064493 1213.4131108121433 1247.8607508451123 
gen 11 1168 1213.4131108121433 0.0 1213.4131108121433 1213.4131108121433 
gen 12 1269 1213.4131108121433 0.0 1213.4131108121433 1213.4131108121433 
gen 13 1371 1213.4131108121433 0.0 1213.4131108121433 1213.4131108121433 
gen 14 1472 1213.4131108121433 0.0 1213.4131108121433 1213.4131108121433 
gen 15 1573 1213.4131108121433 0.0 1213.4131108121433 1213.4131108121433 
gen 16 1674 1212.8167842341384 2.9213916723438147 1198.5049463620217 1213.4131108121433 
gen 17 1775 1208.6424981881044 6.954303179928153 1198.5049463620217 1213.4131108121433 
gen 18 1875 1198.5049463620217 0.0 1198.5049463620217 1198.5049463620217 
gen 19 1976 1198.5049463620217 0.0 1198.5049463620217 1198.5049463620217 
gen 20 2076 1198.5049463620217 0.0 1198.5049463620217 1198.5049463620217 
gen 21 2177 1198.5049463620217 0.0 1198.5049463620217 1198.5049463620217 
gen 22 2277 1198.5049463620217 0.0 1198.5049463620217 1198.5049463620217 
gen 23 2380 1198.5049463620217 0.0 1198.5049463620217 1198.5049463620217 
gen 24 2482 1198.5049463620217 0.0 1198.5049463620217 1198.5049463620217 
gen 25 2584 1198.5049463620217 0.0 1198.5049463620217 1198.5049463620217 
gen 26 2686 1198.5049463620217 0.0 1198.5049463620217 1198.5049463620217 
gen 27 2786 1198.5049463620217 0.0 1198.5049463620217 1198.5049463620217 
gen 28 2887 1198.5049463620217 0.0 1198.5049463620217 1198.5049463620217 
gen 29 2990 1198.5049463620217 0.0 1198.5049463620217 1198.5049463620217 
gen 30 3091 1198.5049463620217 0.0 1198.5049463620217 1198.5049463620217 
gen 31 3193 1198.5049463620217 0.0 1198.5049463620217 1198.5049463620217 
gen 32 3293 1198.5049463620217 0.0 1198.5049463620217 1198.5049463620217 
gen 33 3394 1198.5049463620217 0.0 1198.5049463620217 1198.5049463620217 
gen 34 3498 1198.5049463620217 0.0 1198.5049463620217 1198.5049463620217 
gen 35 3599 1198.5049463620217 0.0 1198.5049463620217 1198.5049463620217 
gen 36 3703 1198.5049463620217 0.0 1198.5049463620217 1198.5049463620217 
gen 37 3804 1198.5049463620217 0.0 1198.5049463620217 1198.5049463620217 
gen 38 3904 1198.5049463620217 0.0 1198.5049463620217 1198.5049463620217 
gen 39 4006 1198.5049463620217 0.0 1198.5049463620217 1198.5049463620217 
gen 40 4107 1198.5049463620217 0.0 1198.5049463620217 1198.5049463620217 
gen 41 4208 1198.5049463620217 0.0 1198.5049463620217 1198.5049463620217 
gen 42 4309 1198.5049463620217 0.0 1198.5049463620217 1198.5049463620217 
gen 43 4411 1198.5049463620217 0.0 1198.5049463620217 1198.5049463620217 
gen 44 4512 1198.5049463620217 0.0 1198.5049463620217 1198.5049463620217 
gen 45 4613 1198.5049463620217 0.0 1198.5049463620217 1198.5049463620217 
gen 46 4713 1198.5049463620217 0.0 1198.5049463620217 1198.5049463620217 
gen 47 4813 1198.5049463620217 0.0 1198.5049463620217 1198.5049463620217 
gen 48 4916 1198.5049463620217 0.0 1198.5049463620217 1198.5049463620217 
gen 49 5018 1198.5049463620217 0.0 1198.5049463620217 1198.5049463620217 
gen 50 5119 1198.5049463620217 0.0 1198.5049463620217 1198.5049463620217 
gen 51 5220 1198.5049463620217 0.0 1198.5049463620217 1198.5049463620217 
gen 52 5322 1198.5049463620217 0.0 1198.5049463620217 1198.5049463620217 
gen 53 5425 1198.5049463620217 0.0 1198.5049463620217 1198.5049463620217 
gen 54 5528 1198.5049463620217 0.0 1198.5049463620217 1198.5049463620217 
gen 55 5628 1198.5049463620217 0.0 1198.5049463620217 1198.5049463620217 
gen 56 5728 1198.5049463620217 0.0 1198.5049463620217 1198.5049463620217 
gen 57 5828 1198.5049463620217 0.0 1198.5049463620217 1198.5049463620217 
gen 58 5929 1198.5049463620217 0.0 1198.5049463620217 1198.5049463620217 
gen 59 6029 1198.5049463620217 0.0 1198.5049463620217 1198.5049463620217 
gen 60 6129 1198.5049463620217 0.0 1198.5049463620217 1198.5049463620217 
gen 61 6229 1198.5049463620217 0.0 1198.5049463620217 1198.5049463620217 
gen 62 6332 1198.5049463620217 0.0 1198.5049463620217 1198.5049463620217 
gen 63 6432 1198.5049463620217 0.0 1198.5049463620217 1198.5049463620217 
gen 64 6533 1198.5049463620217 0.0 1198.5049463620217 1198.5049463620217 
gen 65 6635 1198.5049463620217 0.0 1198.5049463620217 1198.5049463620217 
gen 66 6737 1198.5049463620217 0.0 1198.5049463620217 1198.5049463620217 
gen 67 6838 1198.5049463620217 0.0 1198.5049463620217 1198.5049463620217 
gen 68 6938 1198.5049463620217 0.0 1198.5049463620217 1198.5049463620217 
gen 69 7041 1198.5049463620217 0.0 1198.5049463620217 1198.5049463620217 
gen 70 7142 1198.5049463620217 0.0 1198.5049463620217 1198.5049463620217 
gen 71 7242 1198.5049463620217 0.0 1198.5049463620217 1198.5049463620217 
gen 72 7342 1198.5049463620217 0.0 1198.5049463620217 1198.5049463620217 
gen 73 7443 1198.5049463620217 0.0 1198.5049463620217 1198.5049463620217 
gen 74 7543 1198.5049463620217 0.0 1198.5049463620217 1198.5049463620217 
gen 75 7644 1198.5049463620217 0.0 1198.5049463620217 1198.5049463620217 
gen 76 7745 1198.5049463620217 0.0 1198.5049463620217 1198.5049463620217 
gen 77 7845 1198.5049463620217 0.0 1198.5049463620217 1198.5049463620217 
gen 78 7945 1198.5049463620217 0.0 1198.5049463620217 1198.5049463620217 
gen 79 8045 1198.5049463620217 0.0 1198.5049463620217 1198.5049463620217 
gen 80 8147 1198.5049463620217 0.0 1198.5049463620217 1198.5049463620217 
gen 81 8250 1198.5049463620217 0.0 1198.5049463620217 1198.5049463620217 
gen 82 8351 1198.5049463620217 0.0 1198.5049463620217 1198.5049463620217 
gen 83 8452 1198.5049463620217 0.0 1198.5049463620217 1198.5049463620217 
gen 84 8554 1198.5049463620217 0.0 1198.5049463620217 1198.5049463620217 
gen 85 8657 1198.5049463620217 0.0 1198.5049463620217 1198.5049463620217 
gen 86 8757 1198.5049463620217 0.0 1198.5049463620217 1198.5049463620217 
gen 87 8858 1198.5049463620217 0.0 1198.5049463620217 1198.5049463620217 
gen 88 8960 1198.5049463620217 0.0 1198.5049463620217 1198.5049463620217 
gen 89 9062 1198.5049463620217 0.0 1198.5049463620217 1198.5049463620217 
gen 90 9163 1198.5049463620217 0.0 1198.5049463620217 1198.5049463620217 
gen 91 9265 1198.5049463620217 0.0 1198.5049463620217 1198.5049463620217 
gen 92 9365 1198.5049463620217 0.0 1198.5049463620217 1198.5049463620217 
gen 93 9466 1198.5049463620217 0.0 1198.5049463620217 1198.5049463620217 
gen 94 9568 1198.5049463620217 0.0 1198.5049463620217 1198.5049463620217 
gen 95 9669 1198.5049463620217 0.0 1198.5049463620217 1198.5049463620217 
gen 96 9769 1198.5049463620217 0.0 1198.5049463620217 1198.5049463620217 
gen 97 9871 1198.5049463620217 0.0 1198.5049463620217 1198.5049463620217 
gen 98 9973 1198.5049463620217 0.0 1198.5049463620217 1198.5049463620217 
gen 99 10073 1198.5049463620217 0.0 1198.5049463620217 1198.5049463620217 
gen 100 10173 1198.5049463620217 0.0 1198.5049463620217 1198.5049463620217 
gen 101 10274 1198.5049463620217 0.0 1198.5049463620217 1198.5049463620217 
gen 102 10376 1198.5049463620217 0.0 1198.5049463620217 1198.5049463620217 
gen 103 10478 1198.5049463620217 0.0 1198.5049463620217 1198.5049463620217 
gen 104 10578 1198.5049463620217 0.0 1198.5049463620217 1198.5049463620217 
gen 105 10679 1198.5049463620217 0.0 1198.5049463620217 1198.5049463620217 
gen 106 10782 1198.5049463620217 0.0 1198.5049463620217 1198.5049463620217 
gen 107 10882 1198.5049463620217 0.0 1198.5049463620217 1198.5049463620217 
gen 108 10982 1198.5049463620217 0.0 1198.5049463620217 1198.5049463620217 
gen 109 11084 1198.5049463620217 0.0 1198.5049463620217 1198.5049463620217 
gen 110 11185 1198.5049463620217 0.0 1198.5049463620217 1198.5049463620217 
gen 111 11286 1198.5049463620217 0.0 1198.5049463620217 1198.5049463620217 
gen 112 11387 1198.5049463620217 0.0 1198.5049463620217 1198.5049463620217 
gen 113 11489 1198.5049463620217 0.0 1198.5049463620217 1198.5049463620217 
gen 114 11592 1198.5049463620217 0.0 1198.5049463620217 1198.5049463620217 
gen 115 11692 1198.5049463620217 0.0 1198.5049463620217 1198.5049463620217 
gen 116 11792 1198.5049463620217 0.0 1198.5049463620217 1198.5049463620217 
gen 117 11893 1198.5049463620217 0.0 1198.5049463620217 1198.5049463620217 
gen 118 11993 1198.5049463620217 0.0 1198.5049463620217 1198.5049463620217 
gen 119 12096 1198.5049463620217 0.0 1198.5049463620217 1198.5049463620217 
gen 120 12198 1198.5049463620217 0.0 1198.5049463620217 1198.5049463620217 
gen 121 12300 1198.5049463620217 0.0 1198.5049463620217 1198.5049463620217 
gen 122 12401 1198.5049463620217 0.0 1198.5049463620217 1198.5049463620217 
gen 123 12503 1198.5049463620217 0.0 1198.5049463620217 1198.5049463620217 
gen 124 12604 1198.5049463620217 0.0 1198.5049463620217 1198.5049463620217 
gen 125 12705 1198.5049463620217 0.0 1198.5049463620217 1198.5049463620217 
gen 126 12807 1198.5049463620217 0.0 1198.5049463620217 1198.5049463620217 
gen 127 12910 1198.5049463620217 0.0 1198.5049463620217 1198.5049463620217 
gen 128 13010 1198.5049463620217 0.0 1198.5049463620217 1198.5049463620217 
gen 129 13111 1198.5049463620217 0.0 1198.5049463620217 1198.5049463620217 
gen 130 13212 1198.5049463620217 0.0 1198.5049463620217 1198.5049463620217 
gen 131 13314 1198.5049463620217 0.0 1198.5049463620217 1198.5049463620217 
gen 132 13416 1198.5049463620217 0.0 1198.5049463620217 1198.5049463620217 
gen 133 13518 1198.5049463620217 0.0 1198.5049463620217 1198.5049463620217 
gen 134 13618 1198.5049463620217 0.0 1198.5049463620217 1198.5049463620217 
gen 135 13718 1198.5049463620217 0.0 1198.5049463620217 1198.5049463620217 
gen 136 13820 1198.5049463620217 0.0 1198.5049463620217 1198.5049463620217 
gen 137 13923 1198.5049463620217 0.0 1198.5049463620217 1198.5049463620217 
gen 138 14025 1198.5049463620217 0.0 1198.5049463620217 1198.5049463620217 
gen 139 14127 1198.5049463620217 0.0 1198.5049463620217 1198.5049463620217 
gen 140 14229 1198.5049463620217 0.0 1198.5049463620217 1198.5049463620217 
gen 141 14330 1198.5049463620217 0.0 1198.5049463620217 1198.5049463620217 
gen 142 14436 1198.5049463620217 0.0 1198.5049463620217 1198.5049463620217 
gen 143 14536 1198.5049463620217 0.0 1198.5049463620217 1198.5049463620217 
gen 144 14639 1198.5049463620217 0.0 1198.5049463620217 1198.5049463620217 
gen 145 14740 1198.5049463620217 0.0 1198.5049463620217 1198.5049463620217 
gen 146 14840 1198.5049463620217 0.0 1198.5049463620217 1198.5049463620217 
gen 147 14941 1198.5049463620217 0.0 1198.5049463620217 1198.5049463620217 
gen 148 15043 1198.5049463620217 0.0 1198.5049463620217 1198.5049463620217 
gen 149 15144 1198.5049463620217 0.0 1198.5049463620217 1198.5049463620217 
gen 150 15245 1198.5049463620217 0.0 1198.5049463620217 1198.5049463620217 
gen 151 15348 1198.5049463620217 0.0 1198.5049463620217 1198.5049463620217 
gen 152 15450 1198.5049463620217 0.0 1198.5049463620217 1198.5049463620217 
gen 153 15551 1198.5049463620217 0.0 1198.5049463620217 1198.5049463620217 
gen 154 15653 1198.5049463620217 0.0 1198.5049463620217 1198.5049463620217 
gen 155 15753 1198.5049463620217 0.0 1198.5049463620217 1198.5049463620217 
gen 156 15853 1198.5049463620217 0.0 1198.5049463620217 1198.5049463620217 
gen 157 15953 1198.5049463620217 0.0 1198.5049463620217 1198.5049463620217 
gen 158 16053 1198.5049463620217 0.0 1198.5049463620217 1198.5049463620217 
gen 159 16155 1198.5049463620217 0.0 1198.5049463620217 1198.5049463620217 
gen 160 16255 1198.5049463620217 0.0 1198.5049463620217 1198.5049463620217 
gen 161 16356 1198.5049463620217 0.0 1198.5049463620217 1198.5049463620217 
gen 162 16457 1198.5049463620217 0.0 1198.5049463620217 1198.5049463620217 
gen 163 16559 1198.5049463620217 0.0 1198.5049463620217 1198.5049463620217 
gen 164 16662 1198.5049463620217 0.0 1198.5049463620217 1198.5049463620217 
gen 165 16762 1198.5049463620217 0.0 1198.5049463620217 1198.5049463620217 
gen 166 16862 1198.5049463620217 0.0 1198.5049463620217 1198.5049463620217 
gen 167 16965 1198.5049463620217 0.0 1198.5049463620217 1198.5049463620217 
gen 168 17065 1198.5049463620217 0.0 1198.5049463620217 1198.5049463620217 
gen 169 17165 1198.5049463620217 0.0 1198.5049463620217 1198.5049463620217 
gen 170 17266 1198.5049463620217 0.0 1198.5049463620217 1198.5049463620217 
gen 171 17368 1198.5049463620217 0.0 1198.5049463620217 1198.5049463620217 
gen 172 17469 1198.5049463620217 0.0 1198.5049463620217 1198.5049463620217 
gen 173 17570 1198.5049463620217 0.0 1198.5049463620217 1198.5049463620217 
[4, 3, 1, 0, 2, 4, 3, 1, 0, 2, 4, 3, 1, 0, 2, 4, 3, 1, 0, 2, 1, 0, 3, 4, 2]
min  1198.5049463620217
NFE 17570
LSNFE 0
VLSNFE 0
runTime 14.947302341461182
