gen 0 25 2000000000003513.0 3999999999998244.0 1883.119114217172 1e+16 
gen 1 131 2013.7913803587296 179.41112228755094 1564.9659028941312 2263.7929269998626 
gen 2 235 1827.2458004334583 132.3479362361208 1564.9659028941312 2015.1496005132708 
gen 3 340 1742.7161451045506 107.30868645131328 1554.3695712463912 1875.4422776565066 
gen 4 444 1641.4001459081408 78.32101032138895 1471.1940282608355 1768.1560340556935 
gen 5 548 1604.8181142017088 62.17459753204762 1466.92214612123 1682.1371544019917 
gen 6 654 1560.5703176267632 47.96633109830355 1427.2690805408474 1624.5954244357386 
gen 7 759 1530.5355478809706 41.36217616387388 1427.2690805408474 1594.7537616722063 
gen 8 861 1514.132822618374 36.56213395592982 1427.2690805408474 1557.6546215513533 
gen 9 966 1477.7409770604636 39.80812172658083 1365.6653514943719 1522.2224536351303 
gen 10 1067 1445.6493500823462 34.59768553250935 1365.6653514943719 1467.2302798070054 
gen 11 1169 1426.5636277772367 39.85320972397626 1365.6653514943719 1466.92214612123 
gen 12 1272 1391.1005768646373 22.154979094974752 1365.6653514943719 1427.2690805408474 
gen 13 1373 1360.682558765034 24.971785468328896 1265.0805507831753 1383.240174150813 
gen 14 1473 1340.4484503404249 29.867596000000344 1265.0805507831753 1365.6653514943719 
gen 15 1577 1303.6671554871991 28.241362778815553 1246.2059552544135 1337.7716697060714 
gen 16 1681 1273.7796869855185 16.066085758575984 1231.2640928093906 1295.6510126757894 
gen 17 1783 1247.8187905439422 12.900587412324102 1229.8884158694025 1265.3524269025104 
gen 18 1885 1231.803389525961 1.4115552983157285 1229.8884158694025 1234.9786165229525 
gen 19 1986 1231.1540386541915 0.3732117982870192 1229.8884158694025 1231.2640928093906 
gen 20 2087 1229.9846353710302 5.443890639667412 1203.40468767035 1231.2640928093906 
gen 21 2188 1223.1883239824615 12.34833845418 1203.40468767035 1231.2640928093906 
gen 22 2289 1203.40468767035 0.0 1203.40468767035 1203.40468767035 
gen 23 2390 1203.40468767035 0.0 1203.40468767035 1203.40468767035 
gen 24 2490 1203.40468767035 0.0 1203.40468767035 1203.40468767035 
gen 25 2591 1203.40468767035 0.0 1203.40468767035 1203.40468767035 
gen 26 2691 1203.40468767035 0.0 1203.40468767035 1203.40468767035 
gen 27 2791 1203.40468767035 0.0 1203.40468767035 1203.40468767035 
gen 28 2891 1203.40468767035 0.0 1203.40468767035 1203.40468767035 
gen 29 2991 1203.40468767035 0.0 1203.40468767035 1203.40468767035 
gen 30 3093 1203.40468767035 0.0 1203.40468767035 1203.40468767035 
gen 31 3194 1203.40468767035 0.0 1203.40468767035 1203.40468767035 
gen 32 3297 1203.40468767035 0.0 1203.40468767035 1203.40468767035 
gen 33 3397 1203.40468767035 0.0 1203.40468767035 1203.40468767035 
gen 34 3497 1203.40468767035 0.0 1203.40468767035 1203.40468767035 
gen 35 3599 1203.40468767035 0.0 1203.40468767035 1203.40468767035 
gen 36 3699 1203.40468767035 0.0 1203.40468767035 1203.40468767035 
gen 37 3799 1203.40468767035 0.0 1203.40468767035 1203.40468767035 
gen 38 3900 1203.40468767035 0.0 1203.40468767035 1203.40468767035 
gen 39 4000 1203.40468767035 0.0 1203.40468767035 1203.40468767035 
gen 40 4101 1203.40468767035 0.0 1203.40468767035 1203.40468767035 
gen 41 4202 1203.40468767035 0.0 1203.40468767035 1203.40468767035 
gen 42 4305 1203.40468767035 0.0 1203.40468767035 1203.40468767035 
gen 43 4406 1203.40468767035 0.0 1203.40468767035 1203.40468767035 
gen 44 4507 1203.40468767035 0.0 1203.40468767035 1203.40468767035 
gen 45 4608 1203.40468767035 0.0 1203.40468767035 1203.40468767035 
gen 46 4709 1203.40468767035 0.0 1203.40468767035 1203.40468767035 
gen 47 4810 1203.40468767035 0.0 1203.40468767035 1203.40468767035 
gen 48 4910 1203.40468767035 0.0 1203.40468767035 1203.40468767035 
gen 49 5011 1203.40468767035 0.0 1203.40468767035 1203.40468767035 
gen 50 5111 1203.40468767035 0.0 1203.40468767035 1203.40468767035 
gen 51 5211 1203.40468767035 0.0 1203.40468767035 1203.40468767035 
gen 52 5312 1203.40468767035 0.0 1203.40468767035 1203.40468767035 
gen 53 5412 1203.40468767035 0.0 1203.40468767035 1203.40468767035 
gen 54 5512 1203.40468767035 0.0 1203.40468767035 1203.40468767035 
gen 55 5614 1203.40468767035 0.0 1203.40468767035 1203.40468767035 
gen 56 5717 1203.40468767035 0.0 1203.40468767035 1203.40468767035 
gen 57 5820 1203.40468767035 0.0 1203.40468767035 1203.40468767035 
gen 58 5921 1203.40468767035 0.0 1203.40468767035 1203.40468767035 
gen 59 6022 1203.40468767035 0.0 1203.40468767035 1203.40468767035 
gen 60 6125 1203.40468767035 0.0 1203.40468767035 1203.40468767035 
gen 61 6225 1203.40468767035 0.0 1203.40468767035 1203.40468767035 
gen 62 6326 1203.40468767035 0.0 1203.40468767035 1203.40468767035 
gen 63 6429 1203.40468767035 0.0 1203.40468767035 1203.40468767035 
gen 64 6532 1203.40468767035 0.0 1203.40468767035 1203.40468767035 
gen 65 6632 1203.40468767035 0.0 1203.40468767035 1203.40468767035 
gen 66 6733 1203.40468767035 0.0 1203.40468767035 1203.40468767035 
gen 67 6834 1203.40468767035 0.0 1203.40468767035 1203.40468767035 
gen 68 6935 1203.40468767035 0.0 1203.40468767035 1203.40468767035 
gen 69 7036 1203.40468767035 0.0 1203.40468767035 1203.40468767035 
gen 70 7138 1203.40468767035 0.0 1203.40468767035 1203.40468767035 
gen 71 7241 1203.40468767035 0.0 1203.40468767035 1203.40468767035 
gen 72 7341 1203.40468767035 0.0 1203.40468767035 1203.40468767035 
gen 73 7442 1203.40468767035 0.0 1203.40468767035 1203.40468767035 
gen 74 7544 1202.4241529956444 4.8036192562709745 1178.891320802701 1203.40468767035 
gen 75 7645 1197.5214796221144 10.469245450665595 1178.891320802701 1203.40468767035 
gen 76 7748 1179.871855477407 4.8036192562709745 1178.891320802701 1203.40468767035 
gen 77 7848 1178.891320802701 0.0 1178.891320802701 1178.891320802701 
gen 78 7949 1178.891320802701 0.0 1178.891320802701 1178.891320802701 
gen 79 8054 1178.891320802701 0.0 1178.891320802701 1178.891320802701 
gen 80 8154 1178.891320802701 0.0 1178.891320802701 1178.891320802701 
gen 81 8255 1178.891320802701 0.0 1178.891320802701 1178.891320802701 
gen 82 8356 1178.891320802701 0.0 1178.891320802701 1178.891320802701 
gen 83 8457 1178.891320802701 0.0 1178.891320802701 1178.891320802701 
gen 84 8558 1178.891320802701 0.0 1178.891320802701 1178.891320802701 
gen 85 8659 1178.891320802701 0.0 1178.891320802701 1178.891320802701 
gen 86 8760 1178.891320802701 0.0 1178.891320802701 1178.891320802701 
gen 87 8863 1178.891320802701 0.0 1178.891320802701 1178.891320802701 
gen 88 8965 1178.891320802701 0.0 1178.891320802701 1178.891320802701 
gen 89 9066 1178.891320802701 0.0 1178.891320802701 1178.891320802701 
gen 90 9166 1178.891320802701 0.0 1178.891320802701 1178.891320802701 
gen 91 9267 1178.891320802701 0.0 1178.891320802701 1178.891320802701 
gen 92 9368 1178.891320802701 0.0 1178.891320802701 1178.891320802701 
gen 93 9469 1178.891320802701 0.0 1178.891320802701 1178.891320802701 
gen 94 9572 1178.891320802701 0.0 1178.891320802701 1178.891320802701 
gen 95 9673 1178.891320802701 0.0 1178.891320802701 1178.891320802701 
gen 96 9773 1178.891320802701 0.0 1178.891320802701 1178.891320802701 
gen 97 9873 1178.891320802701 0.0 1178.891320802701 1178.891320802701 
gen 98 9973 1178.891320802701 0.0 1178.891320802701 1178.891320802701 
gen 99 10073 1178.891320802701 0.0 1178.891320802701 1178.891320802701 
gen 100 10175 1178.891320802701 0.0 1178.891320802701 1178.891320802701 
gen 101 10275 1178.891320802701 0.0 1178.891320802701 1178.891320802701 
gen 102 10376 1178.891320802701 0.0 1178.891320802701 1178.891320802701 
gen 103 10479 1178.891320802701 0.0 1178.891320802701 1178.891320802701 
gen 104 10581 1178.891320802701 0.0 1178.891320802701 1178.891320802701 
gen 105 10682 1178.891320802701 0.0 1178.891320802701 1178.891320802701 
gen 106 10782 1178.891320802701 0.0 1178.891320802701 1178.891320802701 
gen 107 10882 1178.891320802701 0.0 1178.891320802701 1178.891320802701 
gen 108 10982 1178.891320802701 0.0 1178.891320802701 1178.891320802701 
gen 109 11083 1178.891320802701 0.0 1178.891320802701 1178.891320802701 
gen 110 11183 1178.891320802701 0.0 1178.891320802701 1178.891320802701 
gen 111 11284 1178.891320802701 0.0 1178.891320802701 1178.891320802701 
gen 112 11384 1178.891320802701 0.0 1178.891320802701 1178.891320802701 
gen 113 11485 1178.891320802701 0.0 1178.891320802701 1178.891320802701 
gen 114 11587 1178.891320802701 0.0 1178.891320802701 1178.891320802701 
gen 115 11688 1178.891320802701 0.0 1178.891320802701 1178.891320802701 
gen 116 11788 1178.891320802701 0.0 1178.891320802701 1178.891320802701 
gen 117 11889 1178.891320802701 0.0 1178.891320802701 1178.891320802701 
gen 118 11990 1178.891320802701 0.0 1178.891320802701 1178.891320802701 
gen 119 12092 1178.891320802701 0.0 1178.891320802701 1178.891320802701 
gen 120 12192 1178.891320802701 0.0 1178.891320802701 1178.891320802701 
gen 121 12293 1178.891320802701 0.0 1178.891320802701 1178.891320802701 
gen 122 12394 1178.891320802701 0.0 1178.891320802701 1178.891320802701 
gen 123 12494 1178.891320802701 0.0 1178.891320802701 1178.891320802701 
gen 124 12594 1178.891320802701 0.0 1178.891320802701 1178.891320802701 
gen 125 12697 1178.891320802701 0.0 1178.891320802701 1178.891320802701 
gen 126 12797 1178.891320802701 0.0 1178.891320802701 1178.891320802701 
gen 127 12899 1178.891320802701 0.0 1178.891320802701 1178.891320802701 
gen 128 13001 1178.891320802701 0.0 1178.891320802701 1178.891320802701 
gen 129 13101 1178.891320802701 0.0 1178.891320802701 1178.891320802701 
gen 130 13201 1178.891320802701 0.0 1178.891320802701 1178.891320802701 
gen 131 13303 1178.891320802701 0.0 1178.891320802701 1178.891320802701 
gen 132 13404 1178.891320802701 0.0 1178.891320802701 1178.891320802701 
gen 133 13505 1178.891320802701 0.0 1178.891320802701 1178.891320802701 
gen 134 13605 1178.891320802701 0.0 1178.891320802701 1178.891320802701 
gen 135 13705 1178.891320802701 0.0 1178.891320802701 1178.891320802701 
gen 136 13807 1178.891320802701 0.0 1178.891320802701 1178.891320802701 
gen 137 13908 1178.891320802701 0.0 1178.891320802701 1178.891320802701 
gen 138 14008 1178.891320802701 0.0 1178.891320802701 1178.891320802701 
gen 139 14111 1178.891320802701 0.0 1178.891320802701 1178.891320802701 
gen 140 14214 1178.891320802701 0.0 1178.891320802701 1178.891320802701 
gen 141 14314 1178.891320802701 0.0 1178.891320802701 1178.891320802701 
gen 142 14417 1178.891320802701 0.0 1178.891320802701 1178.891320802701 
gen 143 14517 1178.891320802701 0.0 1178.891320802701 1178.891320802701 
gen 144 14618 1178.891320802701 0.0 1178.891320802701 1178.891320802701 
gen 145 14718 1178.891320802701 0.0 1178.891320802701 1178.891320802701 
gen 146 14818 1178.891320802701 0.0 1178.891320802701 1178.891320802701 
gen 147 14919 1178.891320802701 0.0 1178.891320802701 1178.891320802701 
gen 148 15020 1178.891320802701 0.0 1178.891320802701 1178.891320802701 
gen 149 15123 1178.891320802701 0.0 1178.891320802701 1178.891320802701 
gen 150 15223 1178.891320802701 0.0 1178.891320802701 1178.891320802701 
gen 151 15326 1178.891320802701 0.0 1178.891320802701 1178.891320802701 
gen 152 15426 1178.891320802701 0.0 1178.891320802701 1178.891320802701 
gen 153 15528 1178.891320802701 0.0 1178.891320802701 1178.891320802701 
gen 154 15628 1178.891320802701 0.0 1178.891320802701 1178.891320802701 
gen 155 15729 1178.891320802701 0.0 1178.891320802701 1178.891320802701 
gen 156 15830 1178.891320802701 0.0 1178.891320802701 1178.891320802701 
gen 157 15931 1178.891320802701 0.0 1178.891320802701 1178.891320802701 
gen 158 16032 1178.891320802701 0.0 1178.891320802701 1178.891320802701 
gen 159 16134 1178.891320802701 0.0 1178.891320802701 1178.891320802701 
gen 160 16236 1178.891320802701 0.0 1178.891320802701 1178.891320802701 
gen 161 16337 1178.891320802701 0.0 1178.891320802701 1178.891320802701 
gen 162 16439 1178.891320802701 0.0 1178.891320802701 1178.891320802701 
gen 163 16541 1178.891320802701 0.0 1178.891320802701 1178.891320802701 
gen 164 16643 1178.891320802701 0.0 1178.891320802701 1178.891320802701 
gen 165 16744 1178.891320802701 0.0 1178.891320802701 1178.891320802701 
gen 166 16846 1178.891320802701 0.0 1178.891320802701 1178.891320802701 
gen 167 16947 1178.891320802701 0.0 1178.891320802701 1178.891320802701 
gen 168 17049 1178.891320802701 0.0 1178.891320802701 1178.891320802701 
gen 169 17151 1178.891320802701 0.0 1178.891320802701 1178.891320802701 
gen 170 17252 1178.891320802701 0.0 1178.891320802701 1178.891320802701 
gen 171 17353 1178.891320802701 0.0 1178.891320802701 1178.891320802701 
gen 172 17454 1178.891320802701 0.0 1178.891320802701 1178.891320802701 
gen 173 17555 1178.891320802701 0.0 1178.891320802701 1178.891320802701 
[4, 3, 1, 0, 2, 4, 3, 1, 0, 2, 4, 3, 1, 0, 2, 1, 0, 4, 3, 2, 4, 3, 0, 2, 1]
min  1178.891320802701
NFE 17555
LSNFE 0
VLSNFE 0
runTime 14.239968299865723
