gen 0 25 1200000000003344.8 3249615361853149.0 1430.7450486721 1e+16 
gen 1 132 1870.6041387565194 166.1616493022115 1430.7450486721 2165.2003899650044 
gen 2 235 1712.4912989751665 136.29424412382724 1430.7450486721 1892.9892478580837 
gen 3 338 1612.906881700358 112.64360879708792 1427.2651576211604 1756.7080773291877 
gen 4 444 1479.4280891776011 72.16941864477603 1304.949705700577 1576.1058666800902 
gen 5 550 1411.7236019260768 49.26513334672903 1304.949705700577 1454.6592097334 
gen 6 655 1362.06961945775 39.53949333959885 1304.949705700577 1430.7450486721 
gen 7 762 1313.426948709877 28.360922624304635 1229.4628681673735 1344.698027314982 
gen 8 864 1275.6146270795166 23.55252328589648 1229.4628681673735 1304.949705700577 
gen 9 965 1238.909123277062 13.461799858518296 1226.8110010356843 1261.9468093059363 
gen 10 1065 1228.4233646889309 4.073683217657545 1208.779015469684 1229.4628681673735 
gen 11 1168 1222.5258112483102 9.467000221299257 1208.779015469684 1229.4628681673735 
gen 12 1270 1208.779015469684 0.0 1208.779015469684 1208.779015469684 
gen 13 1371 1208.779015469684 0.0 1208.779015469684 1208.779015469684 
gen 14 1471 1208.779015469684 0.0 1208.779015469684 1208.779015469684 
gen 15 1572 1208.779015469684 0.0 1208.779015469684 1208.779015469684 
gen 16 1673 1208.779015469684 0.0 1208.779015469684 1208.779015469684 
gen 17 1776 1208.779015469684 0.0 1208.779015469684 1208.779015469684 
gen 18 1879 1208.779015469684 0.0 1208.779015469684 1208.779015469684 
gen 19 1981 1208.779015469684 0.0 1208.779015469684 1208.779015469684 
gen 20 2081 1208.779015469684 0.0 1208.779015469684 1208.779015469684 
gen 21 2182 1208.779015469684 0.0 1208.779015469684 1208.779015469684 
gen 22 2282 1208.779015469684 0.0 1208.779015469684 1208.779015469684 
gen 23 2384 1208.779015469684 0.0 1208.779015469684 1208.779015469684 
gen 24 2486 1208.779015469684 0.0 1208.779015469684 1208.779015469684 
gen 25 2589 1208.779015469684 0.0 1208.779015469684 1208.779015469684 
gen 26 2689 1208.779015469684 0.0 1208.779015469684 1208.779015469684 
gen 27 2791 1208.779015469684 0.0 1208.779015469684 1208.779015469684 
gen 28 2891 1208.779015469684 0.0 1208.779015469684 1208.779015469684 
gen 29 2992 1208.779015469684 0.0 1208.779015469684 1208.779015469684 
gen 30 3094 1208.779015469684 0.0 1208.779015469684 1208.779015469684 
gen 31 3194 1208.779015469684 0.0 1208.779015469684 1208.779015469684 
gen 32 3294 1208.779015469684 0.0 1208.779015469684 1208.779015469684 
gen 33 3396 1208.779015469684 0.0 1208.779015469684 1208.779015469684 
gen 34 3497 1208.779015469684 0.0 1208.779015469684 1208.779015469684 
gen 35 3598 1208.779015469684 0.0 1208.779015469684 1208.779015469684 
gen 36 3700 1208.779015469684 0.0 1208.779015469684 1208.779015469684 
gen 37 3800 1208.779015469684 0.0 1208.779015469684 1208.779015469684 
gen 38 3902 1208.779015469684 0.0 1208.779015469684 1208.779015469684 
gen 39 4002 1208.779015469684 0.0 1208.779015469684 1208.779015469684 
gen 40 4103 1208.779015469684 0.0 1208.779015469684 1208.779015469684 
gen 41 4203 1208.779015469684 0.0 1208.779015469684 1208.779015469684 
gen 42 4304 1208.779015469684 0.0 1208.779015469684 1208.779015469684 
gen 43 4404 1208.779015469684 0.0 1208.779015469684 1208.779015469684 
gen 44 4505 1208.779015469684 0.0 1208.779015469684 1208.779015469684 
gen 45 4607 1208.779015469684 0.0 1208.779015469684 1208.779015469684 
gen 46 4710 1208.779015469684 0.0 1208.779015469684 1208.779015469684 
gen 47 4814 1208.779015469684 0.0 1208.779015469684 1208.779015469684 
gen 48 4914 1208.779015469684 0.0 1208.779015469684 1208.779015469684 
gen 49 5015 1208.779015469684 0.0 1208.779015469684 1208.779015469684 
gen 50 5116 1208.779015469684 0.0 1208.779015469684 1208.779015469684 
gen 51 5220 1208.779015469684 0.0 1208.779015469684 1208.779015469684 
gen 52 5320 1208.779015469684 0.0 1208.779015469684 1208.779015469684 
gen 53 5422 1208.779015469684 0.0 1208.779015469684 1208.779015469684 
gen 54 5524 1208.779015469684 0.0 1208.779015469684 1208.779015469684 
gen 55 5625 1208.779015469684 0.0 1208.779015469684 1208.779015469684 
gen 56 5726 1208.779015469684 0.0 1208.779015469684 1208.779015469684 
gen 57 5830 1208.779015469684 0.0 1208.779015469684 1208.779015469684 
gen 58 5931 1208.779015469684 0.0 1208.779015469684 1208.779015469684 
gen 59 6031 1208.779015469684 0.0 1208.779015469684 1208.779015469684 
gen 60 6133 1208.779015469684 0.0 1208.779015469684 1208.779015469684 
gen 61 6234 1208.779015469684 0.0 1208.779015469684 1208.779015469684 
gen 62 6334 1208.779015469684 0.0 1208.779015469684 1208.779015469684 
gen 63 6434 1208.779015469684 0.0 1208.779015469684 1208.779015469684 
gen 64 6534 1208.779015469684 0.0 1208.779015469684 1208.779015469684 
gen 65 6635 1208.779015469684 0.0 1208.779015469684 1208.779015469684 
gen 66 6736 1208.779015469684 0.0 1208.779015469684 1208.779015469684 
gen 67 6839 1208.779015469684 0.0 1208.779015469684 1208.779015469684 
gen 68 6939 1208.779015469684 0.0 1208.779015469684 1208.779015469684 
gen 69 7040 1208.779015469684 0.0 1208.779015469684 1208.779015469684 
gen 70 7141 1208.779015469684 0.0 1208.779015469684 1208.779015469684 
gen 71 7241 1208.779015469684 0.0 1208.779015469684 1208.779015469684 
gen 72 7341 1208.779015469684 0.0 1208.779015469684 1208.779015469684 
gen 73 7441 1208.779015469684 0.0 1208.779015469684 1208.779015469684 
gen 74 7542 1208.739042394225 0.19582727664882424 1207.779688583208 1208.779015469684 
gen 75 7643 1208.5791500923888 0.39973075459038226 1207.779688583208 1208.779015469684 
gen 76 7743 1207.859634734126 0.2711105882035638 1207.779688583208 1208.779015469684 
gen 77 7845 1207.779688583208 0.0 1207.779688583208 1207.779688583208 
gen 78 7947 1207.779688583208 0.0 1207.779688583208 1207.779688583208 
gen 79 8049 1207.779688583208 0.0 1207.779688583208 1207.779688583208 
gen 80 8150 1207.779688583208 0.0 1207.779688583208 1207.779688583208 
gen 81 8252 1207.779688583208 0.0 1207.779688583208 1207.779688583208 
gen 82 8354 1207.779688583208 0.0 1207.779688583208 1207.779688583208 
gen 83 8455 1207.779688583208 0.0 1207.779688583208 1207.779688583208 
gen 84 8558 1207.779688583208 0.0 1207.779688583208 1207.779688583208 
gen 85 8661 1207.779688583208 0.0 1207.779688583208 1207.779688583208 
gen 86 8763 1207.779688583208 0.0 1207.779688583208 1207.779688583208 
gen 87 8863 1207.779688583208 0.0 1207.779688583208 1207.779688583208 
gen 88 8963 1207.779688583208 0.0 1207.779688583208 1207.779688583208 
gen 89 9065 1207.779688583208 0.0 1207.779688583208 1207.779688583208 
gen 90 9166 1207.779688583208 0.0 1207.779688583208 1207.779688583208 
gen 91 9267 1207.779688583208 0.0 1207.779688583208 1207.779688583208 
gen 92 9368 1207.779688583208 0.0 1207.779688583208 1207.779688583208 
gen 93 9471 1207.779688583208 0.0 1207.779688583208 1207.779688583208 
gen 94 9571 1207.779688583208 0.0 1207.779688583208 1207.779688583208 
gen 95 9671 1207.779688583208 0.0 1207.779688583208 1207.779688583208 
gen 96 9774 1207.779688583208 0.0 1207.779688583208 1207.779688583208 
gen 97 9874 1207.779688583208 0.0 1207.779688583208 1207.779688583208 
gen 98 9976 1207.779688583208 0.0 1207.779688583208 1207.779688583208 
gen 99 10078 1207.779688583208 0.0 1207.779688583208 1207.779688583208 
gen 100 10179 1207.779688583208 0.0 1207.779688583208 1207.779688583208 
gen 101 10280 1207.779688583208 0.0 1207.779688583208 1207.779688583208 
gen 102 10383 1207.779688583208 0.0 1207.779688583208 1207.779688583208 
gen 103 10484 1207.779688583208 0.0 1207.779688583208 1207.779688583208 
gen 104 10584 1207.779688583208 0.0 1207.779688583208 1207.779688583208 
gen 105 10689 1207.779688583208 0.0 1207.779688583208 1207.779688583208 
gen 106 10790 1207.779688583208 0.0 1207.779688583208 1207.779688583208 
gen 107 10891 1207.779688583208 0.0 1207.779688583208 1207.779688583208 
gen 108 10992 1207.779688583208 0.0 1207.779688583208 1207.779688583208 
gen 109 11093 1207.779688583208 0.0 1207.779688583208 1207.779688583208 
gen 110 11195 1207.779688583208 0.0 1207.779688583208 1207.779688583208 
gen 111 11296 1207.779688583208 0.0 1207.779688583208 1207.779688583208 
gen 112 11397 1207.779688583208 0.0 1207.779688583208 1207.779688583208 
gen 113 11497 1207.779688583208 0.0 1207.779688583208 1207.779688583208 
gen 114 11599 1207.779688583208 0.0 1207.779688583208 1207.779688583208 
gen 115 11700 1207.779688583208 0.0 1207.779688583208 1207.779688583208 
gen 116 11800 1207.779688583208 0.0 1207.779688583208 1207.779688583208 
gen 117 11902 1207.779688583208 0.0 1207.779688583208 1207.779688583208 
gen 118 12003 1207.779688583208 0.0 1207.779688583208 1207.779688583208 
gen 119 12104 1207.779688583208 0.0 1207.779688583208 1207.779688583208 
gen 120 12206 1207.779688583208 0.0 1207.779688583208 1207.779688583208 
gen 121 12307 1207.779688583208 0.0 1207.779688583208 1207.779688583208 
gen 122 12408 1207.779688583208 0.0 1207.779688583208 1207.779688583208 
gen 123 12509 1207.779688583208 0.0 1207.779688583208 1207.779688583208 
gen 124 12609 1207.779688583208 0.0 1207.779688583208 1207.779688583208 
gen 125 12710 1207.779688583208 0.0 1207.779688583208 1207.779688583208 
gen 126 12810 1207.779688583208 0.0 1207.779688583208 1207.779688583208 
gen 127 12910 1207.779688583208 0.0 1207.779688583208 1207.779688583208 
gen 128 13010 1207.779688583208 0.0 1207.779688583208 1207.779688583208 
gen 129 13112 1207.779688583208 0.0 1207.779688583208 1207.779688583208 
gen 130 13212 1207.779688583208 0.0 1207.779688583208 1207.779688583208 
gen 131 13315 1207.779688583208 0.0 1207.779688583208 1207.779688583208 
gen 132 13419 1207.779688583208 0.0 1207.779688583208 1207.779688583208 
gen 133 13521 1207.779688583208 0.0 1207.779688583208 1207.779688583208 
gen 134 13621 1207.779688583208 0.0 1207.779688583208 1207.779688583208 
gen 135 13721 1207.779688583208 0.0 1207.779688583208 1207.779688583208 
gen 136 13822 1207.779688583208 0.0 1207.779688583208 1207.779688583208 
gen 137 13923 1207.779688583208 0.0 1207.779688583208 1207.779688583208 
gen 138 14023 1207.779688583208 0.0 1207.779688583208 1207.779688583208 
gen 139 14125 1207.779688583208 0.0 1207.779688583208 1207.779688583208 
gen 140 14225 1207.779688583208 0.0 1207.779688583208 1207.779688583208 
gen 141 14326 1207.779688583208 0.0 1207.779688583208 1207.779688583208 
gen 142 14428 1207.779688583208 0.0 1207.779688583208 1207.779688583208 
gen 143 14528 1207.779688583208 0.0 1207.779688583208 1207.779688583208 
gen 144 14630 1207.779688583208 0.0 1207.779688583208 1207.779688583208 
gen 145 14730 1207.779688583208 0.0 1207.779688583208 1207.779688583208 
gen 146 14830 1207.779688583208 0.0 1207.779688583208 1207.779688583208 
gen 147 14931 1207.779688583208 0.0 1207.779688583208 1207.779688583208 
gen 148 15032 1207.779688583208 0.0 1207.779688583208 1207.779688583208 
gen 149 15134 1207.779688583208 0.0 1207.779688583208 1207.779688583208 
gen 150 15234 1207.779688583208 0.0 1207.779688583208 1207.779688583208 
gen 151 15334 1207.779688583208 0.0 1207.779688583208 1207.779688583208 
gen 152 15435 1207.779688583208 0.0 1207.779688583208 1207.779688583208 
gen 153 15535 1207.779688583208 0.0 1207.779688583208 1207.779688583208 
gen 154 15636 1207.779688583208 0.0 1207.779688583208 1207.779688583208 
gen 155 15736 1207.779688583208 0.0 1207.779688583208 1207.779688583208 
gen 156 15837 1207.779688583208 0.0 1207.779688583208 1207.779688583208 
gen 157 15938 1207.779688583208 0.0 1207.779688583208 1207.779688583208 
gen 158 16040 1207.779688583208 0.0 1207.779688583208 1207.779688583208 
gen 159 16141 1207.779688583208 0.0 1207.779688583208 1207.779688583208 
gen 160 16241 1207.779688583208 0.0 1207.779688583208 1207.779688583208 
gen 161 16343 1207.779688583208 0.0 1207.779688583208 1207.779688583208 
gen 162 16444 1207.779688583208 0.0 1207.779688583208 1207.779688583208 
gen 163 16545 1207.779688583208 0.0 1207.779688583208 1207.779688583208 
gen 164 16645 1207.779688583208 0.0 1207.779688583208 1207.779688583208 
gen 165 16745 1207.779688583208 0.0 1207.779688583208 1207.779688583208 
gen 166 16846 1207.779688583208 0.0 1207.779688583208 1207.779688583208 
gen 167 16948 1207.779688583208 0.0 1207.779688583208 1207.779688583208 
gen 168 17050 1207.779688583208 0.0 1207.779688583208 1207.779688583208 
gen 169 17150 1207.779688583208 0.0 1207.779688583208 1207.779688583208 
gen 170 17251 1207.779688583208 0.0 1207.779688583208 1207.779688583208 
gen 171 17352 1207.779688583208 0.0 1207.779688583208 1207.779688583208 
gen 172 17453 1207.779688583208 0.0 1207.779688583208 1207.779688583208 
gen 173 17554 1207.779688583208 0.0 1207.779688583208 1207.779688583208 
[4, 3, 0, 1, 2, 4, 3, 0, 1, 2, 4, 3, 0, 1, 2, 4, 0, 1, 2, 3, 4, 3, 1, 2, 0]
min  1207.779688583208
NFE 17554
LSNFE 0
VLSNFE 0
runTime 14.833430051803589
