gen 0 25 2000000000003817.0 3999999999998091.5 1531.9867882875901 1e+16 
gen 1 125 2035.7209784284285 241.9485900901797 1531.9867882875901 2426.1974302379303 
gen 2 225 1781.4413976015733 138.27230648880226 1531.9867882875901 1994.441852881781 
gen 3 325 1678.2708716282793 108.65177840174451 1412.1404746350258 1821.85483924569 
gen 4 435 1602.4623326684261 68.87944897805846 1392.35330520684 1697.9721823748155 
gen 5 535 1563.679127585141 49.4179204221037 1392.35330520684 1616.5588337956879 
gen 6 635 1523.61948798344 63.04851492319601 1288.4753329014886 1590.5907983190277 
gen 7 735 1500.3643091100205 52.63113362929765 1288.4753329014886 1533.3899899390503 
gen 8 835 1472.2226822544524 51.59547851609224 1288.4753329014886 1501.5775509065752 
gen 9 935 1430.165526732088 43.09433057229924 1288.4753329014886 1481.0518637389832 
gen 10 1035 1399.8921537454244 29.83950357919739 1288.4753329014886 1430.2823361852404 
gen 11 1155 1378.6578455936062 33.290928715002536 1254.5959443401273 1401.9676812179855 
gen 12 1255 1356.0437235942672 41.00652351117377 1254.5959443401273 1386.6141819729514 
gen 13 1355 1328.8582063931474 36.220122598522686 1254.5959443401273 1362.0534617000778 
gen 14 1455 1290.327693905984 15.917050545711517 1254.5959443401273 1317.12928553463 
gen 15 1555 1278.4371388714453 12.035006929993957 1254.5959443401273 1284.8220699021826 
gen 16 1655 1269.294411877417 14.355619265764238 1254.5959443401273 1284.8220699021826 
gen 17 1755 1254.5959443401273 0.0 1254.5959443401273 1254.5959443401273 
gen 18 1855 1254.5959443401273 0.0 1254.5959443401273 1254.5959443401273 
gen 19 1955 1254.5959443401273 0.0 1254.5959443401273 1254.5959443401273 
gen 20 2055 1254.5959443401273 0.0 1254.5959443401273 1254.5959443401273 
gen 21 2155 1254.5959443401273 0.0 1254.5959443401273 1254.5959443401273 
gen 22 2255 1254.5959443401273 0.0 1254.5959443401273 1254.5959443401273 
gen 23 2355 1254.5959443401273 0.0 1254.5959443401273 1254.5959443401273 
gen 24 2455 1254.5959443401273 0.0 1254.5959443401273 1254.5959443401273 
gen 25 2555 1254.5959443401273 0.0 1254.5959443401273 1254.5959443401273 
gen 26 2655 1254.5959443401273 0.0 1254.5959443401273 1254.5959443401273 
gen 27 2755 1254.5959443401273 0.0 1254.5959443401273 1254.5959443401273 
gen 28 2855 1254.5959443401273 0.0 1254.5959443401273 1254.5959443401273 
gen 29 2955 1254.5959443401273 0.0 1254.5959443401273 1254.5959443401273 
gen 30 3055 1254.5959443401273 0.0 1254.5959443401273 1254.5959443401273 
gen 31 3155 1254.5959443401273 0.0 1254.5959443401273 1254.5959443401273 
gen 32 3255 1254.5959443401273 0.0 1254.5959443401273 1254.5959443401273 
gen 33 3355 1254.5959443401273 0.0 1254.5959443401273 1254.5959443401273 
gen 34 3455 1254.5959443401273 0.0 1254.5959443401273 1254.5959443401273 
gen 35 3555 1254.5959443401273 0.0 1254.5959443401273 1254.5959443401273 
gen 36 3655 1254.5959443401273 0.0 1254.5959443401273 1254.5959443401273 
gen 37 3755 1254.5959443401273 0.0 1254.5959443401273 1254.5959443401273 
gen 38 3855 1254.5959443401273 0.0 1254.5959443401273 1254.5959443401273 
gen 39 3955 1254.5959443401273 0.0 1254.5959443401273 1254.5959443401273 
gen 40 4075 1253.8057932222314 3.870934117070153 1234.8421663927256 1254.5959443401273 
gen 41 4175 1253.6811867248227 3.8935661947579887 1234.8421663927256 1254.5959443401273 
gen 42 4275 1251.7270649968054 6.336214833520929 1234.8421663927256 1254.5959443401273 
gen 43 4375 1243.4942464590654 8.31264964558089 1234.8421663927256 1251.4807819049179 
gen 44 4475 1234.8421663927256 0.0 1234.8421663927256 1234.8421663927256 
gen 45 4575 1234.8421663927256 0.0 1234.8421663927256 1234.8421663927256 
gen 46 4675 1234.8421663927256 0.0 1234.8421663927256 1234.8421663927256 
gen 47 4775 1234.8421663927256 0.0 1234.8421663927256 1234.8421663927256 
gen 48 4875 1234.8421663927256 0.0 1234.8421663927256 1234.8421663927256 
gen 49 4975 1234.8421663927256 0.0 1234.8421663927256 1234.8421663927256 
gen 50 5075 1234.8421663927256 0.0 1234.8421663927256 1234.8421663927256 
gen 51 5175 1234.8421663927256 0.0 1234.8421663927256 1234.8421663927256 
gen 52 5275 1234.8421663927256 0.0 1234.8421663927256 1234.8421663927256 
gen 53 5375 1234.8421663927256 0.0 1234.8421663927256 1234.8421663927256 
gen 54 5475 1234.8421663927256 0.0 1234.8421663927256 1234.8421663927256 
gen 55 5575 1234.8421663927256 0.0 1234.8421663927256 1234.8421663927256 
gen 56 5675 1234.8421663927256 0.0 1234.8421663927256 1234.8421663927256 
gen 57 5775 1234.8421663927256 0.0 1234.8421663927256 1234.8421663927256 
gen 58 5875 1234.8421663927256 0.0 1234.8421663927256 1234.8421663927256 
gen 59 5975 1234.8421663927256 0.0 1234.8421663927256 1234.8421663927256 
gen 60 6075 1234.8421663927256 0.0 1234.8421663927256 1234.8421663927256 
gen 61 6175 1234.8421663927256 0.0 1234.8421663927256 1234.8421663927256 
gen 62 6275 1234.8421663927256 0.0 1234.8421663927256 1234.8421663927256 
gen 63 6375 1234.8421663927256 0.0 1234.8421663927256 1234.8421663927256 
gen 64 6475 1234.8421663927256 0.0 1234.8421663927256 1234.8421663927256 
gen 65 6575 1234.8421663927256 0.0 1234.8421663927256 1234.8421663927256 
gen 66 6675 1234.8421663927256 0.0 1234.8421663927256 1234.8421663927256 
gen 67 6775 1234.8421663927256 0.0 1234.8421663927256 1234.8421663927256 
gen 68 6875 1234.8421663927256 0.0 1234.8421663927256 1234.8421663927256 
gen 69 6975 1234.8421663927256 0.0 1234.8421663927256 1234.8421663927256 
gen 70 7075 1234.8421663927256 0.0 1234.8421663927256 1234.8421663927256 
gen 71 7175 1234.8421663927256 0.0 1234.8421663927256 1234.8421663927256 
gen 72 7275 1234.8421663927256 0.0 1234.8421663927256 1234.8421663927256 
gen 73 7375 1234.8421663927256 0.0 1234.8421663927256 1234.8421663927256 
gen 74 7475 1234.8421663927256 0.0 1234.8421663927256 1234.8421663927256 
gen 75 7575 1234.8421663927256 0.0 1234.8421663927256 1234.8421663927256 
gen 76 7675 1234.8421663927256 0.0 1234.8421663927256 1234.8421663927256 
gen 77 7775 1234.8421663927256 0.0 1234.8421663927256 1234.8421663927256 
gen 78 7875 1234.8421663927256 0.0 1234.8421663927256 1234.8421663927256 
gen 79 7975 1234.8421663927256 0.0 1234.8421663927256 1234.8421663927256 
gen 80 8075 1234.8421663927256 0.0 1234.8421663927256 1234.8421663927256 
gen 81 8175 1234.8421663927256 0.0 1234.8421663927256 1234.8421663927256 
gen 82 8275 1234.8421663927256 0.0 1234.8421663927256 1234.8421663927256 
gen 83 8375 1234.8421663927256 0.0 1234.8421663927256 1234.8421663927256 
gen 84 8475 1234.8421663927256 0.0 1234.8421663927256 1234.8421663927256 
gen 85 8575 1234.8421663927256 0.0 1234.8421663927256 1234.8421663927256 
gen 86 8675 1234.8421663927256 0.0 1234.8421663927256 1234.8421663927256 
gen 87 8775 1234.8421663927256 0.0 1234.8421663927256 1234.8421663927256 
gen 88 8875 1234.8421663927256 0.0 1234.8421663927256 1234.8421663927256 
gen 89 8975 1234.8421663927256 0.0 1234.8421663927256 1234.8421663927256 
gen 90 9075 1234.8421663927256 0.0 1234.8421663927256 1234.8421663927256 
gen 91 9175 1234.8421663927256 0.0 1234.8421663927256 1234.8421663927256 
gen 92 9275 1234.8421663927256 0.0 1234.8421663927256 1234.8421663927256 
gen 93 9375 1234.8421663927256 0.0 1234.8421663927256 1234.8421663927256 
gen 94 9475 1234.8421663927256 0.0 1234.8421663927256 1234.8421663927256 
gen 95 9575 1234.8421663927256 0.0 1234.8421663927256 1234.8421663927256 
gen 96 9675 1234.8421663927256 0.0 1234.8421663927256 1234.8421663927256 
gen 97 9775 1234.8421663927256 0.0 1234.8421663927256 1234.8421663927256 
gen 98 9875 1234.8421663927256 0.0 1234.8421663927256 1234.8421663927256 
gen 99 9975 1234.8421663927256 0.0 1234.8421663927256 1234.8421663927256 
gen 100 10075 1234.8421663927256 0.0 1234.8421663927256 1234.8421663927256 
gen 101 10175 1234.8421663927256 0.0 1234.8421663927256 1234.8421663927256 
gen 102 10275 1234.8421663927256 0.0 1234.8421663927256 1234.8421663927256 
gen 103 10375 1234.8421663927256 0.0 1234.8421663927256 1234.8421663927256 
gen 104 10475 1234.8421663927256 0.0 1234.8421663927256 1234.8421663927256 
gen 105 10575 1234.8421663927256 0.0 1234.8421663927256 1234.8421663927256 
gen 106 10675 1234.8421663927256 0.0 1234.8421663927256 1234.8421663927256 
gen 107 10775 1234.8421663927256 0.0 1234.8421663927256 1234.8421663927256 
gen 108 10875 1234.8421663927256 0.0 1234.8421663927256 1234.8421663927256 
gen 109 10975 1234.8421663927256 0.0 1234.8421663927256 1234.8421663927256 
gen 110 11075 1234.8421663927256 0.0 1234.8421663927256 1234.8421663927256 
gen 111 11175 1234.8421663927256 0.0 1234.8421663927256 1234.8421663927256 
gen 112 11275 1234.8421663927256 0.0 1234.8421663927256 1234.8421663927256 
gen 113 11375 1234.8421663927256 0.0 1234.8421663927256 1234.8421663927256 
gen 114 11475 1234.8421663927256 0.0 1234.8421663927256 1234.8421663927256 
gen 115 11575 1234.8421663927256 0.0 1234.8421663927256 1234.8421663927256 
gen 116 11675 1234.8421663927256 0.0 1234.8421663927256 1234.8421663927256 
gen 117 11775 1234.8421663927256 0.0 1234.8421663927256 1234.8421663927256 
gen 118 11875 1234.8421663927256 0.0 1234.8421663927256 1234.8421663927256 
gen 119 11975 1234.8421663927256 0.0 1234.8421663927256 1234.8421663927256 
gen 120 12075 1234.8421663927256 0.0 1234.8421663927256 1234.8421663927256 
gen 121 12175 1234.8421663927256 0.0 1234.8421663927256 1234.8421663927256 
gen 122 12275 1234.8421663927256 0.0 1234.8421663927256 1234.8421663927256 
gen 123 12375 1234.8421663927256 0.0 1234.8421663927256 1234.8421663927256 
gen 124 12475 1234.8421663927256 0.0 1234.8421663927256 1234.8421663927256 
gen 125 12575 1234.8421663927256 0.0 1234.8421663927256 1234.8421663927256 
gen 126 12675 1234.8421663927256 0.0 1234.8421663927256 1234.8421663927256 
gen 127 12775 1234.8421663927256 0.0 1234.8421663927256 1234.8421663927256 
gen 128 12875 1234.8421663927256 0.0 1234.8421663927256 1234.8421663927256 
gen 129 12975 1234.8421663927256 0.0 1234.8421663927256 1234.8421663927256 
gen 130 13075 1234.8421663927256 0.0 1234.8421663927256 1234.8421663927256 
gen 131 13175 1234.8421663927256 0.0 1234.8421663927256 1234.8421663927256 
gen 132 13275 1234.8421663927256 0.0 1234.8421663927256 1234.8421663927256 
gen 133 13375 1234.8421663927256 0.0 1234.8421663927256 1234.8421663927256 
gen 134 13475 1234.8421663927256 0.0 1234.8421663927256 1234.8421663927256 
gen 135 13575 1234.8421663927256 0.0 1234.8421663927256 1234.8421663927256 
gen 136 13675 1234.8421663927256 0.0 1234.8421663927256 1234.8421663927256 
gen 137 13775 1234.8421663927256 0.0 1234.8421663927256 1234.8421663927256 
gen 138 13875 1234.8421663927256 0.0 1234.8421663927256 1234.8421663927256 
gen 139 13975 1234.8421663927256 0.0 1234.8421663927256 1234.8421663927256 
gen 140 14075 1234.8421663927256 0.0 1234.8421663927256 1234.8421663927256 
gen 141 14175 1234.8421663927256 0.0 1234.8421663927256 1234.8421663927256 
gen 142 14275 1234.8421663927256 0.0 1234.8421663927256 1234.8421663927256 
gen 143 14375 1234.8421663927256 0.0 1234.8421663927256 1234.8421663927256 
gen 144 14475 1234.8421663927256 0.0 1234.8421663927256 1234.8421663927256 
gen 145 14575 1234.8421663927256 0.0 1234.8421663927256 1234.8421663927256 
gen 146 14675 1234.8421663927256 0.0 1234.8421663927256 1234.8421663927256 
gen 147 14775 1234.8421663927256 0.0 1234.8421663927256 1234.8421663927256 
gen 148 14875 1234.8421663927256 0.0 1234.8421663927256 1234.8421663927256 
gen 149 14975 1234.8421663927256 0.0 1234.8421663927256 1234.8421663927256 
gen 150 15075 1234.8421663927256 0.0 1234.8421663927256 1234.8421663927256 
gen 151 15175 1234.8421663927256 0.0 1234.8421663927256 1234.8421663927256 
gen 152 15275 1234.8421663927256 0.0 1234.8421663927256 1234.8421663927256 
gen 153 15375 1234.8421663927256 0.0 1234.8421663927256 1234.8421663927256 
gen 154 15475 1234.8421663927256 0.0 1234.8421663927256 1234.8421663927256 
gen 155 15575 1234.8421663927256 0.0 1234.8421663927256 1234.8421663927256 
gen 156 15675 1234.8421663927256 0.0 1234.8421663927256 1234.8421663927256 
gen 157 15775 1234.8421663927256 0.0 1234.8421663927256 1234.8421663927256 
gen 158 15875 1234.8421663927256 0.0 1234.8421663927256 1234.8421663927256 
gen 159 15975 1234.8421663927256 0.0 1234.8421663927256 1234.8421663927256 
gen 160 16075 1234.8421663927256 0.0 1234.8421663927256 1234.8421663927256 
gen 161 16175 1234.8421663927256 0.0 1234.8421663927256 1234.8421663927256 
gen 162 16275 1234.8421663927256 0.0 1234.8421663927256 1234.8421663927256 
gen 163 16375 1234.8421663927256 0.0 1234.8421663927256 1234.8421663927256 
gen 164 16475 1234.8421663927256 0.0 1234.8421663927256 1234.8421663927256 
gen 165 16575 1234.8421663927256 0.0 1234.8421663927256 1234.8421663927256 
gen 166 16675 1234.8421663927256 0.0 1234.8421663927256 1234.8421663927256 
gen 167 16775 1234.8421663927256 0.0 1234.8421663927256 1234.8421663927256 
gen 168 16875 1234.8421663927256 0.0 1234.8421663927256 1234.8421663927256 
gen 169 16975 1234.8421663927256 0.0 1234.8421663927256 1234.8421663927256 
gen 170 17075 1234.8421663927256 0.0 1234.8421663927256 1234.8421663927256 
gen 171 17175 1234.8421663927256 0.0 1234.8421663927256 1234.8421663927256 
gen 172 17275 1234.8421663927256 0.0 1234.8421663927256 1234.8421663927256 
gen 173 17375 1234.8421663927256 0.0 1234.8421663927256 1234.8421663927256 
gen 174 17475 1234.8421663927256 0.0 1234.8421663927256 1234.8421663927256 
gen 175 17575 1234.8421663927256 0.0 1234.8421663927256 1234.8421663927256 
[4, 3, 1, 0, 2, 4, 3, 1, 0, 2, 4, 3, 0, 2, 1, 4, 3, 1, 0, 2, 1, 3, 0, 4, 2]
min  1234.8421663927256
NFE 17575
LSNFE 50
VLSNFE 6
runTime 14.70119309425354
