gen 0 20 184.47013016109264 25.449956900024727 149.39219035643697 229.55476825640108 
gen 1 2020 113.81753175399015 4.102263756204263 105.50576409341329 120.28857393987819 
gen 2 4020 105.34021992873764 0.16554416467564437 105.174675764062 105.50576409341329 
gen 3 6020 105.174675764062 0.0 105.174675764062 105.174675764062 
gen 4 8020 105.174675764062 0.0 105.174675764062 105.174675764062 
gen 5 10020 105.174675764062 0.0 105.174675764062 105.174675764062 
gen 6 12020 105.174675764062 0.0 105.174675764062 105.174675764062 
gen 7 14030 105.174675764062 0.0 105.174675764062 105.174675764062 
[2, 3, 1, 0, 0, 2, 3, 1, 3, 0, 1, 2, 2, 1, 0, 3, 1, 0, 3, 2]
min  105.174675764062
NFE 14030
LSNFE 10
VLSNFE 0
runTime 4.595850706100464
