gen 0 20 180.09016406812106 26.034663438468282 140.813036084111 245.6303053550145 
gen 1 2020 113.74946910433343 4.376076838152659 105.50576409341329 118.94603996211698 
gen 2 4020 105.47265526047815 0.09932649880538662 105.174675764062 105.50576409341329 
gen 3 6020 105.174675764062 0.0 105.174675764062 105.174675764062 
gen 4 8020 105.174675764062 0.0 105.174675764062 105.174675764062 
gen 5 10020 105.174675764062 0.0 105.174675764062 105.174675764062 
gen 6 12030 105.174675764062 0.0 105.174675764062 105.174675764062 
gen 7 14030 105.174675764062 0.0 105.174675764062 105.174675764062 
[2, 0, 3, 1, 0, 3, 1, 2, 3, 0, 2, 1, 2, 0, 1, 3, 1, 0, 3, 2]
min  105.174675764062
NFE 14030
LSNFE 10
VLSNFE 0
runTime 4.57322096824646
