gen 0 20 185.56749756939035 28.77736588044595 125.90830955929961 235.55078702562662 
gen 1 2020 114.52438503396804 3.077360837068619 108.93282032572814 117.93733552853679 
gen 2 4020 107.61746972914503 1.7925207109826187 105.174675764062 108.93282032572814 
gen 3 6030 105.174675764062 0.0 105.174675764062 105.174675764062 
gen 4 8030 105.174675764062 0.0 105.174675764062 105.174675764062 
gen 5 10030 105.174675764062 0.0 105.174675764062 105.174675764062 
gen 6 12030 105.174675764062 0.0 105.174675764062 105.174675764062 
gen 7 14030 105.174675764062 0.0 105.174675764062 105.174675764062 
[2, 3, 1, 0, 0, 3, 1, 2, 3, 0, 2, 1, 2, 1, 0, 3, 1, 0, 3, 2]
min  105.174675764062
NFE 14030
LSNFE 10
VLSNFE 0
runTime 4.705729246139526
