gen 0 20 175.6350613796881 37.614690842888415 105.50576409341329 242.295741510215 
gen 1 2020 112.75577444753421 4.280287447010844 105.50576409341329 117.1437887200911 
gen 2 4030 105.50576409341329 0.0 105.50576409341329 105.50576409341329 
gen 3 6040 105.50576409341329 0.0 105.50576409341329 105.50576409341329 
gen 4 8040 105.50576409341329 0.0 105.50576409341329 105.50576409341329 
gen 5 10040 105.50576409341329 0.0 105.50576409341329 105.50576409341329 
gen 6 12040 105.50576409341329 0.0 105.50576409341329 105.50576409341329 
gen 7 14050 105.50576409341329 0.0 105.50576409341329 105.50576409341329 
[2, 3, 0, 1, 0, 3, 1, 2, 3, 1, 2, 0, 2, 0, 1, 3, 1, 0, 3, 2]
min  105.50576409341329
NFE 14050
LSNFE 30
VLSNFE 0
runTime 4.467488765716553
