gen 0 20 177.30243619515363 35.68122610191811 115.5160554636423 271.3957643782417 
gen 1 2030 110.69113402138377 1.6344368599777763 108.93282032572814 112.86717176296888 
gen 2 4030 108.93282032572816 1.4210854715202004e-14 108.93282032572814 108.93282032572814 
gen 3 6030 108.93282032572816 1.4210854715202004e-14 108.93282032572814 108.93282032572814 
gen 4 8030 108.93282032572816 1.4210854715202004e-14 108.93282032572814 108.93282032572814 
gen 5 10030 108.93282032572816 1.4210854715202004e-14 108.93282032572814 108.93282032572814 
gen 6 12030 108.93282032572816 1.4210854715202004e-14 108.93282032572814 108.93282032572814 
gen 7 14040 108.93282032572816 1.4210854715202004e-14 108.93282032572814 108.93282032572814 
[0, 2, 3, 1, 2, 1, 3, 0, 3, 2, 1, 0, 0, 2, 1, 3, 1, 0, 3, 2]
min  108.93282032572814
NFE 14040
LSNFE 20
VLSNFE 0
runTime 4.494458198547363
