gen 0 25 2000000000003513.0 3999999999998244.0 1883.119114217172 1e+16 
gen 1 465 1777.1823130680446 123.88789052294146 1564.9659028941312 1978.127497723509 
gen 2 865 1627.7934555304587 90.32514533588986 1443.3922867848669 1750.4168533371399 
gen 3 1195 1520.7877876576883 70.01469903830966 1346.856116632398 1598.6913569963358 
gen 4 1645 1440.6306285941143 53.40602673107492 1326.3265503221996 1510.1309984987802 
gen 5 2045 1379.9436414686443 43.574805913972746 1253.7104820038269 1427.8139902002627 
gen 6 2445 1342.0582742531333 32.05655893086451 1253.7104820038269 1379.442546541412 
gen 7 2765 1302.5498730453069 22.832362080266126 1246.366503932172 1334.1426825445974 
gen 8 3215 1281.4753681605132 17.389677381890873 1233.8750203514674 1303.198543989521 
gen 9 3575 1267.03786015685 14.814268897721934 1233.8750203514674 1288.9467719343986 
gen 10 3905 1254.640818674291 13.610780712236425 1208.1510683572521 1266.8844691994282 
gen 11 4305 1236.9345018225474 14.333596656146877 1206.8696087382286 1253.7104820038269 
gen 12 4665 1216.0813252096639 10.675914423629122 1206.8696087382286 1233.8750203514674 
gen 13 5005 1206.9721255077504 0.3476512798506968 1206.8696087382286 1208.1510683572521 
gen 14 5395 1206.8696087382286 0.0 1206.8696087382286 1206.8696087382286 
gen 15 5765 1205.6141566539807 3.3997803158702626 1196.4075080361622 1206.8696087382286 
gen 16 6115 1200.5923483169888 5.125361671535285 1196.4075080361622 1206.8696087382286 
gen 17 6475 1196.2487338076928 0.7778316881080003 1192.4381523244283 1196.4075080361622 
gen 18 6855 1196.2487338076928 0.7778316881080003 1192.4381523244283 1196.4075080361622 
gen 19 7185 1196.0899595792234 1.0768592102952939 1192.4381523244283 1196.4075080361622 
gen 20 7565 1195.6136368938155 1.5877422846935587 1192.4381523244283 1196.4075080361622 
gen 21 7995 1193.8671203806525 1.9052907416322706 1192.4381523244283 1196.4075080361622 
gen 22 8335 1192.4381523244283 0.0 1192.4381523244283 1192.4381523244283 
gen 23 8685 1192.4381523244283 0.0 1192.4381523244283 1192.4381523244283 
gen 24 9015 1192.4381523244283 0.0 1192.4381523244283 1192.4381523244283 
gen 25 9365 1192.4381523244283 0.0 1192.4381523244283 1192.4381523244283 
gen 26 9695 1192.4381523244283 0.0 1192.4381523244283 1192.4381523244283 
gen 27 10035 1192.4381523244283 0.0 1192.4381523244283 1192.4381523244283 
gen 28 10455 1192.4381523244283 0.0 1192.4381523244283 1192.4381523244283 
gen 29 10805 1192.4381523244283 0.0 1192.4381523244283 1192.4381523244283 
gen 30 11115 1192.4381523244283 0.0 1192.4381523244283 1192.4381523244283 
gen 31 11445 1192.4381523244283 0.0 1192.4381523244283 1192.4381523244283 
gen 32 11815 1192.4381523244283 0.0 1192.4381523244283 1192.4381523244283 
gen 33 12205 1192.4381523244283 0.0 1192.4381523244283 1192.4381523244283 
gen 34 12475 1192.4381523244283 0.0 1192.4381523244283 1192.4381523244283 
gen 35 12845 1192.4381523244283 0.0 1192.4381523244283 1192.4381523244283 
gen 36 13235 1192.4381523244283 0.0 1192.4381523244283 1192.4381523244283 
gen 37 13515 1192.4381523244283 0.0 1192.4381523244283 1192.4381523244283 
gen 38 13835 1192.4381523244283 0.0 1192.4381523244283 1192.4381523244283 
gen 39 14135 1192.4381523244283 0.0 1192.4381523244283 1192.4381523244283 
gen 40 14415 1192.4381523244283 0.0 1192.4381523244283 1192.4381523244283 
gen 41 14765 1192.4381523244283 0.0 1192.4381523244283 1192.4381523244283 
gen 42 15085 1192.4381523244283 0.0 1192.4381523244283 1192.4381523244283 
gen 43 15525 1192.4381523244283 0.0 1192.4381523244283 1192.4381523244283 
gen 44 15855 1192.4381523244283 0.0 1192.4381523244283 1192.4381523244283 
gen 45 16185 1192.4381523244283 0.0 1192.4381523244283 1192.4381523244283 
gen 46 16595 1192.4381523244283 0.0 1192.4381523244283 1192.4381523244283 
gen 47 16975 1192.4381523244283 0.0 1192.4381523244283 1192.4381523244283 
gen 48 17365 1192.4381523244283 0.0 1192.4381523244283 1192.4381523244283 
gen 49 17735 1192.4381523244283 0.0 1192.4381523244283 1192.4381523244283 
[0, 1, 2, 3, 4, 1, 2, 3, 4, 0, 0, 1, 2, 3, 4, 0, 1, 2, 3, 4, 0, 1, 2, 3, 4]
min  1192.4381523244283
NFE 17735
LSNFE 12810
VLSNFE 633
runTime 14.213068962097168
