gen 0 121 734.5712847687844 122.6221440626566 531.4413505787406 1319.1523510534 
gen 1 605 583.5018442228446 37.906900694732215 451.14298340184934 631.2970041055778 
gen 2 1089 540.3422716491804 24.83570109083354 451.14298340184934 573.0638252658325 
gen 3 1573 512.8052963369847 21.388463731697914 428.19734769765574 539.1221544966781 
gen 4 2057 487.3373957074917 23.030135787853766 403.0897153464552 514.6422771703421 
gen 5 2541 468.5205494641867 21.902029701217145 389.85705601979066 493.15251796763465 
gen 6 3025 460.30014400898295 20.422360818837426 389.85705601979066 483.2632269452983 
gen 7 3509 449.04960157703584 18.87064928475994 382.73547587907774 471.2375679352109 
gen 8 4003 437.80672631745153 15.961343506264626 377.3502692324272 458.0189671637631 
gen 9 4487 431.11647671810886 14.837735837135213 377.3502692324272 447.20498820969135 
gen 10 4971 424.5391671718498 13.972717482586583 377.3502692324272 440.12536915130283 
gen 11 5455 418.2283115542725 13.775973907964389 377.3502692324272 433.2403394283358 
gen 12 5939 411.00731435512125 12.800578807001365 374.68247412084145 427.24752276019456 
gen 13 6423 405.71608435004214 12.28290338350574 364.6987402708327 420.4479161656653 
gen 14 6927 398.12102828315625 10.754982330580404 354.5847104628709 410.83273615625575 
gen 15 7411 390.21630760804305 11.208154807164073 354.5847104628709 402.59686875041155 
gen 16 7895 381.6643524461924 10.439040232871381 351.5413977042015 394.4438791959507 
gen 17 8379 371.73523233047666 8.397916244808227 343.7071477842361 383.1426492902564 
gen 18 8863 365.12955005763854 6.352307483491365 343.7071477842361 373.519426075924 
gen 19 9347 360.73038833866036 4.837829315176883 343.7071477842361 366.3726024823424 
gen 20 9831 356.9445537448634 4.402753522389993 343.7071477842361 362.4849755484964 
gen 21 10315 354.0932626665902 3.7515764374821003 342.6025715514086 358.6195451464168 
gen 22 10799 351.5637498731373 3.484831735791675 339.6263895843486 355.67360547280094 
gen 23 11283 349.79947500632045 3.024317851922198 339.6263895843486 353.657296738658 
gen 24 11767 347.97031301663674 3.1980606784923036 337.680539536354 351.7314486806153 
gen 25 12251 346.1356858871669 2.789093081367682 337.680539536354 349.59154745362883 
gen 26 12735 344.42079911936014 3.1960514292459323 326.45054565017466 347.64809839017045 
gen 27 13219 343.1959918713579 3.0980127675948403 326.45054565017466 346.28540575823433 
gen 28 13703 341.8268252233714 2.9086543268065146 326.45054565017466 344.89808780863274 
gen 29 14187 340.5784997664854 2.584972262720728 326.45054565017466 343.3924968442381 
gen 30 14671 339.02416481042525 2.384870760437819 326.45054565017466 341.8877169856035 
gen 31 15155 337.1975307646074 2.439833278740624 326.45054565017466 339.73831239736245 
gen 32 15639 335.4463483113179 2.3053382448557613 326.45054565017466 338.06967742319466 
gen 33 16123 334.23221207274077 2.1229050863535748 326.45054565017466 336.62694827903806 
gen 34 16607 332.9855242403184 1.90554262780285 326.45054565017466 335.3424992329326 
gen 35 17091 331.84247299739593 1.9771297776642598 321.54267396272286 333.9220058843257 
gen 36 17575 330.7145377790883 2.962745328726619 308.7494253913575 333.2429725436825 
gen 37 18059 329.4886017987108 3.2214800654994784 308.7494253913575 332.09126419700135 
gen 38 18543 328.16459887758543 3.1399970536726567 308.7494253913575 330.66682670697446 
gen 39 19027 327.2278658524609 2.9379209480534723 308.7494253913575 329.4799871299029 
gen 40 19511 326.2332986505511 3.0899017524504924 308.7494253913575 328.66638865344476 
gen 41 19995 324.96098521769915 3.0981408184946697 308.7494253913575 327.3916641462208 
gen 42 20479 323.6706649714344 3.7985784919670396 308.2178941911603 326.5115479501046 
gen 43 20963 322.2593095397937 4.219922109770383 308.2178941911603 325.8500651975872 
gen 44 21447 319.7907632061079 5.038025000907844 303.79078521289983 324.7201434574187 
gen 45 21931 317.2958530275713 4.768395510725811 302.56550913607776 322.93840997618497 
gen 46 22415 315.2540948962417 4.179153305771335 302.56550913607776 320.40839431963315 
gen 47 22899 313.31775538499807 3.8455195615897573 302.56550913607776 318.13380470975613 
gen 48 23383 312.0616351449923 3.3515770108366723 302.56550913607776 316.376484809177 
gen 49 23867 310.7218269967864 2.8876307855165324 302.56550913607776 314.10279362947466 
gen 50 24351 309.5923902883051 2.8340607761834624 301.2248594263069 313.28382018968074 
gen 51 24835 308.47726831779494 2.876508304695682 299.22749607617453 311.84587999404266 
gen 52 25319 307.3864514623449 2.888090434058679 299.22749607617453 310.74627867603937 
gen 53 25803 305.4651417854167 2.6296531522057687 299.22749607617453 308.7359001195502 
gen 54 26287 304.1057056007182 2.2463784836224234 299.22749607617453 307.21726094467084 
gen 55 26771 302.7324166223139 1.8753571279008994 299.1228699745581 305.1882683361625 
gen 56 27255 301.2782160944512 1.5551695059063717 296.8648443831793 303.6424508581071 
gen 57 27739 300.12444892718673 1.1370762127344798 296.8648443831793 302.080251524195 
gen 58 28223 299.493407440904 0.6894164357341734 296.8648443831793 300.7395035165416 
gen 59 28707 299.02256471493297 0.5632834601005047 296.34089570593494 299.22749607617453 
gen 60 29191 298.8475034173981 0.7582975960570454 295.89765350117204 299.22749607617453 
gen 61 29675 298.72673368695496 0.8199633911187078 295.89765350117204 299.22749607617453 
gen 62 30159 298.399465037616 0.8914651965742256 295.89765350117204 299.22749607617453 
gen 63 30643 297.8749805297683 0.8284911586915842 295.89765350117204 299.1228699745581 
gen 64 31127 297.3172532726035 0.5744667601540353 295.10758316522805 298.2284423172098 
gen 65 31611 297.0161980666672 0.4657760206107153 295.10758316522805 297.4139027246447 
gen 66 32095 296.86683204056663 0.4828130622175993 295.10758316522805 297.3285023945402 
gen 67 32579 296.5645295948028 0.39212243100259037 295.10758316522805 297.28160013354585 
gen 68 33063 296.3061750270616 0.2448949008095915 295.10758316522805 296.7803573338913 
gen 69 33547 296.182465981619 0.22793155040554655 295.10758316522805 296.4312506552247 
gen 70 34031 296.06024655889365 0.2672021831873076 295.10758316522805 296.34089570593494 
gen 71 34515 296.00204085754393 0.28730991300971187 295.10758316522805 296.1782376205156 
gen 72 34999 295.94596440493535 0.2887913832678913 295.10758316522805 296.1782376205156 
gen 73 35483 295.86460574249804 0.2894844574577097 295.10758316522805 296.1727883788625 
gen 74 35967 295.7995706265923 0.26177916992582295 295.10758316522805 296.02229577639724 
gen 75 36451 295.6870545542074 0.29768394464652015 295.10758316522805 295.89765350117204 
gen 76 36935 295.5362009280357 0.3359490394672556 295.10758316522805 295.85106900173207 
gen 77 37419 295.36753747475325 0.33193170552334056 295.10758316522805 295.7913760228922 
gen 78 37903 295.107583165228 5.684341886080802e-14 295.10758316522805 295.10758316522805 
gen 79 38397 295.10703557533276 0.0059985467575340255 295.0413247879058 295.10758316522805 
gen 80 38881 295.1059403955423 0.010302842396486985 295.0413247879058 295.10758316522805 
gen 81 39365 295.10539280564706 0.011846180670961232 295.0413247879058 295.10758316522805 
gen 82 39849 295.10210726627577 0.018243867726484914 295.0413247879058 295.10758316522805 
gen 83 40333 295.0949885976378 0.02599754755389336 295.0413247879058 295.10758316522805 
gen 84 40817 295.0818464401524 0.0322938790404719 295.0413247879058 295.10758316522805 
gen 85 41301 295.0577524847626 0.028611244517721072 295.0413247879058 295.10758316522805 
gen 86 41785 295.04132478790586 5.684341886080802e-14 295.0413247879058 295.0413247879058 
gen 87 42269 295.04132478790586 5.684341886080802e-14 295.0413247879058 295.0413247879058 
gen 88 42753 295.04132478790586 5.684341886080802e-14 295.0413247879058 295.0413247879058 
gen 89 43237 295.04132478790586 5.684341886080802e-14 295.0413247879058 295.0413247879058 
gen 90 43721 295.04132478790586 5.684341886080802e-14 295.0413247879058 295.0413247879058 
gen 91 44205 295.04132478790586 5.684341886080802e-14 295.0413247879058 295.0413247879058 
gen 92 44689 295.04132478790586 5.684341886080802e-14 295.0413247879058 295.0413247879058 
gen 93 45173 295.04132478790586 5.684341886080802e-14 295.0413247879058 295.0413247879058 
gen 94 45657 295.04132478790586 5.684341886080802e-14 295.0413247879058 295.0413247879058 
gen 95 46141 295.04132478790586 5.684341886080802e-14 295.0413247879058 295.0413247879058 
gen 96 46625 295.04132478790586 5.684341886080802e-14 295.0413247879058 295.0413247879058 
gen 97 47109 295.04132478790586 5.684341886080802e-14 295.0413247879058 295.0413247879058 
gen 98 47593 295.04132478790586 5.684341886080802e-14 295.0413247879058 295.0413247879058 
gen 99 48077 295.04132478790586 5.684341886080802e-14 295.0413247879058 295.0413247879058 
gen 100 48561 295.04132478790586 5.684341886080802e-14 295.0413247879058 295.0413247879058 
gen 101 49045 295.04132478790586 5.684341886080802e-14 295.0413247879058 295.0413247879058 
gen 102 49529 295.04132478790586 5.684341886080802e-14 295.0413247879058 295.0413247879058 
gen 103 50013 295.04132478790586 5.684341886080802e-14 295.0413247879058 295.0413247879058 
gen 104 50497 295.04132478790586 5.684341886080802e-14 295.0413247879058 295.0413247879058 
gen 105 50981 295.04132478790586 5.684341886080802e-14 295.0413247879058 295.0413247879058 
gen 106 51465 295.04132478790586 5.684341886080802e-14 295.0413247879058 295.0413247879058 
gen 107 51949 295.04132478790586 5.684341886080802e-14 295.0413247879058 295.0413247879058 
gen 108 52433 295.04132478790586 5.684341886080802e-14 295.0413247879058 295.0413247879058 
gen 109 52917 295.04132478790586 5.684341886080802e-14 295.0413247879058 295.0413247879058 
gen 110 53401 295.04132478790586 5.684341886080802e-14 295.0413247879058 295.0413247879058 
gen 111 53885 295.04132478790586 5.684341886080802e-14 295.0413247879058 295.0413247879058 
gen 112 54369 295.04132478790586 5.684341886080802e-14 295.0413247879058 295.0413247879058 
gen 113 54853 295.04132478790586 5.684341886080802e-14 295.0413247879058 295.0413247879058 
gen 114 55337 295.04132478790586 5.684341886080802e-14 295.0413247879058 295.0413247879058 
gen 115 55821 295.04132478790586 5.684341886080802e-14 295.0413247879058 295.0413247879058 
gen 116 56305 295.04132478790586 5.684341886080802e-14 295.0413247879058 295.0413247879058 
gen 117 56789 295.04132478790586 5.684341886080802e-14 295.0413247879058 295.0413247879058 
gen 118 57273 295.04132478790586 5.684341886080802e-14 295.0413247879058 295.0413247879058 
gen 119 57757 295.04132478790586 5.684341886080802e-14 295.0413247879058 295.0413247879058 
gen 120 58241 295.04132478790586 5.684341886080802e-14 295.0413247879058 295.0413247879058 
gen 121 58725 295.04132478790586 5.684341886080802e-14 295.0413247879058 295.0413247879058 
gen 122 59209 295.04132478790586 5.684341886080802e-14 295.0413247879058 295.0413247879058 
gen 123 59693 295.04132478790586 5.684341886080802e-14 295.0413247879058 295.0413247879058 
gen 124 60177 295.04132478790586 5.684341886080802e-14 295.0413247879058 295.0413247879058 
gen 125 60661 295.04132478790586 5.684341886080802e-14 295.0413247879058 295.0413247879058 
gen 126 61145 295.04132478790586 5.684341886080802e-14 295.0413247879058 295.0413247879058 
gen 127 61629 295.04132478790586 5.684341886080802e-14 295.0413247879058 295.0413247879058 
gen 128 62113 295.04132478790586 5.684341886080802e-14 295.0413247879058 295.0413247879058 
gen 129 62597 295.04132478790586 5.684341886080802e-14 295.0413247879058 295.0413247879058 
gen 130 63081 295.04132478790586 5.684341886080802e-14 295.0413247879058 295.0413247879058 
gen 131 63565 295.04132478790586 5.684341886080802e-14 295.0413247879058 295.0413247879058 
gen 132 64049 295.04132478790586 5.684341886080802e-14 295.0413247879058 295.0413247879058 
gen 133 64533 295.04132478790586 5.684341886080802e-14 295.0413247879058 295.0413247879058 
gen 134 65017 295.04132478790586 5.684341886080802e-14 295.0413247879058 295.0413247879058 
gen 135 65501 295.04132478790586 5.684341886080802e-14 295.0413247879058 295.0413247879058 
gen 136 65985 295.04132478790586 5.684341886080802e-14 295.0413247879058 295.0413247879058 
gen 137 66469 295.04132478790586 5.684341886080802e-14 295.0413247879058 295.0413247879058 
gen 138 66953 295.04132478790586 5.684341886080802e-14 295.0413247879058 295.0413247879058 
gen 139 67437 295.04132478790586 5.684341886080802e-14 295.0413247879058 295.0413247879058 
gen 140 67921 295.04132478790586 5.684341886080802e-14 295.0413247879058 295.0413247879058 
gen 141 68405 295.04132478790586 5.684341886080802e-14 295.0413247879058 295.0413247879058 
gen 142 68889 295.04132478790586 5.684341886080802e-14 295.0413247879058 295.0413247879058 
gen 143 69373 295.04132478790586 5.684341886080802e-14 295.0413247879058 295.0413247879058 
gen 144 69857 295.04132478790586 5.684341886080802e-14 295.0413247879058 295.0413247879058 
gen 145 70341 295.04132478790586 5.684341886080802e-14 295.0413247879058 295.0413247879058 
gen 146 70825 295.04132478790586 5.684341886080802e-14 295.0413247879058 295.0413247879058 
gen 147 71309 295.04132478790586 5.684341886080802e-14 295.0413247879058 295.0413247879058 
gen 148 71793 295.04132478790586 5.684341886080802e-14 295.0413247879058 295.0413247879058 
gen 149 72277 295.04132478790586 5.684341886080802e-14 295.0413247879058 295.0413247879058 
gen 150 72761 295.04132478790586 5.684341886080802e-14 295.0413247879058 295.0413247879058 
gen 151 73245 295.04132478790586 5.684341886080802e-14 295.0413247879058 295.0413247879058 
gen 152 73729 295.04132478790586 5.684341886080802e-14 295.0413247879058 295.0413247879058 
gen 153 74213 295.04132478790586 5.684341886080802e-14 295.0413247879058 295.0413247879058 
gen 154 74697 295.04132478790586 5.684341886080802e-14 295.0413247879058 295.0413247879058 
gen 155 75181 295.04132478790586 5.684341886080802e-14 295.0413247879058 295.0413247879058 
gen 156 75665 295.04132478790586 5.684341886080802e-14 295.0413247879058 295.0413247879058 
gen 157 76149 295.04132478790586 5.684341886080802e-14 295.0413247879058 295.0413247879058 
gen 158 76633 295.04132478790586 5.684341886080802e-14 295.0413247879058 295.0413247879058 
gen 159 77117 295.04132478790586 5.684341886080802e-14 295.0413247879058 295.0413247879058 
gen 160 77601 295.04132478790586 5.684341886080802e-14 295.0413247879058 295.0413247879058 
gen 161 78085 295.04132478790586 5.684341886080802e-14 295.0413247879058 295.0413247879058 
gen 162 78569 295.04132478790586 5.684341886080802e-14 295.0413247879058 295.0413247879058 
gen 163 79053 295.04132478790586 5.684341886080802e-14 295.0413247879058 295.0413247879058 
gen 164 79537 295.04132478790586 5.684341886080802e-14 295.0413247879058 295.0413247879058 
gen 165 80021 295.04132478790586 5.684341886080802e-14 295.0413247879058 295.0413247879058 
gen 166 80505 295.04132478790586 5.684341886080802e-14 295.0413247879058 295.0413247879058 
gen 167 80989 295.04132478790586 5.684341886080802e-14 295.0413247879058 295.0413247879058 
gen 168 81473 295.04132478790586 5.684341886080802e-14 295.0413247879058 295.0413247879058 
gen 169 81957 295.04132478790586 5.684341886080802e-14 295.0413247879058 295.0413247879058 
gen 170 82441 295.04132478790586 5.684341886080802e-14 295.0413247879058 295.0413247879058 
gen 171 82925 295.04132478790586 5.684341886080802e-14 295.0413247879058 295.0413247879058 
gen 172 83409 295.04132478790586 5.684341886080802e-14 295.0413247879058 295.0413247879058 
gen 173 83893 295.04132478790586 5.684341886080802e-14 295.0413247879058 295.0413247879058 
gen 174 84377 295.04132478790586 5.684341886080802e-14 295.0413247879058 295.0413247879058 
gen 175 84861 295.04132478790586 5.684341886080802e-14 295.0413247879058 295.0413247879058 
[3, 5, 0, 7, 6, 2, 9, 8, 10, 4, 1, 8, 3, 5, 9, 7, 6, 4, 0, 1, 2, 10, 5, 1, 9, 8, 3, 0, 4, 6, 2, 10, 7, 1, 10, 7, 4, 2, 6, 3, 9, 8, 0, 5, 3, 5, 7, 1, 6, 9, 8, 0, 2, 4, 10, 9, 5, 6, 2, 4, 3, 10, 1, 0, 7, 8, 3, 5, 6, 9, 2, 8, 7, 10, 4, 1, 0, 9, 0, 4, 10, 5, 2, 7, 1, 8, 6, 3, 1, 10, 0, 8, 7, 3, 5, 9, 4, 6, 2, 0, 4, 10, 6, 7, 1, 8, 2, 9, 5, 3, 7, 9, 0, 4, 3, 10, 8, 1, 2, 6, 5]
min  295.0413247879058
NFE 84861
LSNFE 40
VLSNFE 7
runTime 164.16814613342285
