gen 0 25 1200000000003703.2 3249615361853016.5 1895.3940254482532 1e+16 
gen 1 1595 1613.052116455308 96.24815669701816 1357.4897802334272 1734.5263218048249 
gen 2 3255 1453.5818361765728 50.13951350974573 1326.6828206817215 1514.5939079243392 
gen 3 4785 1383.9328227345477 44.97244658766414 1274.585563854103 1434.4768694996728 
gen 4 6285 1289.3852263425072 36.59088868439434 1189.0906275281204 1339.3017404448317 
gen 5 7895 1214.580632055279 21.04153581705038 1150.4684701738397 1234.523866624827 
gen 6 9385 1186.4635105940292 8.049358587687731 1150.4684701738397 1189.0906275281204 
gen 7 10875 1172.8265915960526 9.924787548359634 1150.4684701738397 1177.9590536206188 
gen 8 12615 1150.4704222912983 0.00447286300958288 1150.4684701738397 1150.4806709079555 
gen 9 14155 1150.4684701738397 0.0 1150.4684701738397 1150.4684701738397 
gen 10 15695 1150.4684701738397 0.0 1150.4684701738397 1150.4684701738397 
gen 11 17265 1150.4684701738397 0.0 1150.4684701738397 1150.4684701738397 
gen 12 18825 1150.4684701738397 0.0 1150.4684701738397 1150.4684701738397 
[4, 3, 1, 2, 0, 4, 1, 2, 0, 3, 4, 3, 1, 2, 0, 4, 3, 1, 2, 0, 4, 3, 1, 2, 0]
min  1150.4684701738397
NFE 18825
LSNFE 12800
VLSNFE 1830
runTime 11.435888767242432
