gen 0 20 181.08166680133857 33.13748123282795 109.42256320475322 233.66953849183324 
gen 1 62 149.15552019008086 16.415853073567703 109.42256320475322 164.5844155739835 
gen 2 102 133.48482101330023 17.36970548544856 108.93282032572814 154.46482039031085 
gen 3 144 116.91360767229705 6.898951259532327 108.93282032572814 130.339069973117 
gen 4 186 111.97912117972369 3.297063539314583 108.93282032572814 117.1437887200911 
gen 5 227 109.77026200258754 0.8494006651882857 108.93282032572814 111.2051526993106 
gen 6 270 109.27564034104572 0.2244283814197997 108.93282032572814 109.42256320475322 
gen 7 311 109.10423033338694 0.23359246545840692 108.93282032572814 109.42256320475322 
gen 8 352 108.93282032572816 1.4210854715202004e-14 108.93282032572814 108.93282032572814 
gen 9 393 108.93282032572816 1.4210854715202004e-14 108.93282032572814 108.93282032572814 
gen 10 436 108.93282032572816 1.4210854715202004e-14 108.93282032572814 108.93282032572814 
gen 11 477 108.93282032572816 1.4210854715202004e-14 108.93282032572814 108.93282032572814 
gen 12 520 108.93282032572816 1.4210854715202004e-14 108.93282032572814 108.93282032572814 
gen 13 561 108.93282032572816 1.4210854715202004e-14 108.93282032572814 108.93282032572814 
gen 14 602 108.93282032572816 1.4210854715202004e-14 108.93282032572814 108.93282032572814 
gen 15 645 108.93282032572816 1.4210854715202004e-14 108.93282032572814 108.93282032572814 
gen 16 686 108.93282032572816 1.4210854715202004e-14 108.93282032572814 108.93282032572814 
gen 17 726 108.93282032572816 1.4210854715202004e-14 108.93282032572814 108.93282032572814 
gen 18 769 108.93282032572816 1.4210854715202004e-14 108.93282032572814 108.93282032572814 
gen 19 811 108.93282032572816 1.4210854715202004e-14 108.93282032572814 108.93282032572814 
gen 20 851 108.93282032572816 1.4210854715202004e-14 108.93282032572814 108.93282032572814 
gen 21 892 108.93282032572816 1.4210854715202004e-14 108.93282032572814 108.93282032572814 
gen 22 932 108.93282032572816 1.4210854715202004e-14 108.93282032572814 108.93282032572814 
gen 23 972 108.93282032572816 1.4210854715202004e-14 108.93282032572814 108.93282032572814 
gen 24 1012 108.93282032572816 1.4210854715202004e-14 108.93282032572814 108.93282032572814 
gen 25 1053 108.93282032572816 1.4210854715202004e-14 108.93282032572814 108.93282032572814 
gen 26 1093 108.93282032572816 1.4210854715202004e-14 108.93282032572814 108.93282032572814 
gen 27 1135 108.93282032572816 1.4210854715202004e-14 108.93282032572814 108.93282032572814 
gen 28 1176 108.93282032572816 1.4210854715202004e-14 108.93282032572814 108.93282032572814 
gen 29 1216 108.93282032572816 1.4210854715202004e-14 108.93282032572814 108.93282032572814 
gen 30 1257 108.93282032572816 1.4210854715202004e-14 108.93282032572814 108.93282032572814 
gen 31 1298 108.93282032572816 1.4210854715202004e-14 108.93282032572814 108.93282032572814 
gen 32 1338 108.93282032572816 1.4210854715202004e-14 108.93282032572814 108.93282032572814 
gen 33 1378 108.93282032572816 1.4210854715202004e-14 108.93282032572814 108.93282032572814 
gen 34 1418 108.93282032572816 1.4210854715202004e-14 108.93282032572814 108.93282032572814 
gen 35 1458 108.93282032572816 1.4210854715202004e-14 108.93282032572814 108.93282032572814 
gen 36 1498 108.93282032572816 1.4210854715202004e-14 108.93282032572814 108.93282032572814 
gen 37 1539 108.93282032572816 1.4210854715202004e-14 108.93282032572814 108.93282032572814 
gen 38 1581 108.93282032572816 1.4210854715202004e-14 108.93282032572814 108.93282032572814 
gen 39 1621 108.93282032572816 1.4210854715202004e-14 108.93282032572814 108.93282032572814 
gen 40 1662 108.93282032572816 1.4210854715202004e-14 108.93282032572814 108.93282032572814 
gen 41 1703 108.93282032572816 1.4210854715202004e-14 108.93282032572814 108.93282032572814 
gen 42 1743 108.93282032572816 1.4210854715202004e-14 108.93282032572814 108.93282032572814 
gen 43 1785 108.93282032572816 1.4210854715202004e-14 108.93282032572814 108.93282032572814 
gen 44 1825 108.93282032572816 1.4210854715202004e-14 108.93282032572814 108.93282032572814 
gen 45 1865 108.93282032572816 1.4210854715202004e-14 108.93282032572814 108.93282032572814 
gen 46 1905 108.93282032572816 1.4210854715202004e-14 108.93282032572814 108.93282032572814 
gen 47 1945 108.93282032572816 1.4210854715202004e-14 108.93282032572814 108.93282032572814 
gen 48 1985 108.93282032572816 1.4210854715202004e-14 108.93282032572814 108.93282032572814 
gen 49 2025 108.93282032572816 1.4210854715202004e-14 108.93282032572814 108.93282032572814 
gen 50 2065 108.93282032572816 1.4210854715202004e-14 108.93282032572814 108.93282032572814 
gen 51 2105 108.93282032572816 1.4210854715202004e-14 108.93282032572814 108.93282032572814 
gen 52 2145 108.93282032572816 1.4210854715202004e-14 108.93282032572814 108.93282032572814 
gen 53 2185 108.93282032572816 1.4210854715202004e-14 108.93282032572814 108.93282032572814 
gen 54 2225 108.93282032572816 1.4210854715202004e-14 108.93282032572814 108.93282032572814 
gen 55 2265 108.93282032572816 1.4210854715202004e-14 108.93282032572814 108.93282032572814 
gen 56 2306 108.93282032572816 1.4210854715202004e-14 108.93282032572814 108.93282032572814 
gen 57 2346 108.93282032572816 1.4210854715202004e-14 108.93282032572814 108.93282032572814 
gen 58 2386 108.93282032572816 1.4210854715202004e-14 108.93282032572814 108.93282032572814 
gen 59 2426 108.93282032572816 1.4210854715202004e-14 108.93282032572814 108.93282032572814 
gen 60 2466 108.93282032572816 1.4210854715202004e-14 108.93282032572814 108.93282032572814 
gen 61 2506 108.93282032572816 1.4210854715202004e-14 108.93282032572814 108.93282032572814 
gen 62 2547 108.93282032572816 1.4210854715202004e-14 108.93282032572814 108.93282032572814 
gen 63 2587 108.93282032572816 1.4210854715202004e-14 108.93282032572814 108.93282032572814 
gen 64 2627 108.93282032572816 1.4210854715202004e-14 108.93282032572814 108.93282032572814 
gen 65 2667 108.93282032572816 1.4210854715202004e-14 108.93282032572814 108.93282032572814 
gen 66 2708 108.93282032572816 1.4210854715202004e-14 108.93282032572814 108.93282032572814 
gen 67 2749 108.93282032572816 1.4210854715202004e-14 108.93282032572814 108.93282032572814 
gen 68 2790 108.93282032572816 1.4210854715202004e-14 108.93282032572814 108.93282032572814 
gen 69 2830 108.93282032572816 1.4210854715202004e-14 108.93282032572814 108.93282032572814 
gen 70 2870 108.93282032572816 1.4210854715202004e-14 108.93282032572814 108.93282032572814 
gen 71 2910 108.93282032572816 1.4210854715202004e-14 108.93282032572814 108.93282032572814 
gen 72 2950 108.93282032572816 1.4210854715202004e-14 108.93282032572814 108.93282032572814 
gen 73 2991 108.93282032572816 1.4210854715202004e-14 108.93282032572814 108.93282032572814 
gen 74 3031 108.93282032572816 1.4210854715202004e-14 108.93282032572814 108.93282032572814 
gen 75 3071 108.93282032572816 1.4210854715202004e-14 108.93282032572814 108.93282032572814 
gen 76 3111 108.93282032572816 1.4210854715202004e-14 108.93282032572814 108.93282032572814 
gen 77 3151 108.93282032572816 1.4210854715202004e-14 108.93282032572814 108.93282032572814 
gen 78 3191 108.93282032572816 1.4210854715202004e-14 108.93282032572814 108.93282032572814 
gen 79 3232 108.93282032572816 1.4210854715202004e-14 108.93282032572814 108.93282032572814 
gen 80 3272 108.93282032572816 1.4210854715202004e-14 108.93282032572814 108.93282032572814 
gen 81 3314 108.93282032572816 1.4210854715202004e-14 108.93282032572814 108.93282032572814 
gen 82 3355 108.93282032572816 1.4210854715202004e-14 108.93282032572814 108.93282032572814 
gen 83 3395 108.93282032572816 1.4210854715202004e-14 108.93282032572814 108.93282032572814 
gen 84 3435 108.93282032572816 1.4210854715202004e-14 108.93282032572814 108.93282032572814 
gen 85 3475 108.93282032572816 1.4210854715202004e-14 108.93282032572814 108.93282032572814 
gen 86 3516 108.93282032572816 1.4210854715202004e-14 108.93282032572814 108.93282032572814 
gen 87 3557 108.93282032572816 1.4210854715202004e-14 108.93282032572814 108.93282032572814 
gen 88 3597 108.93282032572816 1.4210854715202004e-14 108.93282032572814 108.93282032572814 
gen 89 3639 108.93282032572816 1.4210854715202004e-14 108.93282032572814 108.93282032572814 
gen 90 3679 108.93282032572816 1.4210854715202004e-14 108.93282032572814 108.93282032572814 
gen 91 3721 108.93282032572816 1.4210854715202004e-14 108.93282032572814 108.93282032572814 
gen 92 3761 108.93282032572816 1.4210854715202004e-14 108.93282032572814 108.93282032572814 
gen 93 3802 108.93282032572816 1.4210854715202004e-14 108.93282032572814 108.93282032572814 
gen 94 3842 108.93282032572816 1.4210854715202004e-14 108.93282032572814 108.93282032572814 
gen 95 3882 108.93282032572816 1.4210854715202004e-14 108.93282032572814 108.93282032572814 
gen 96 3922 108.93282032572816 1.4210854715202004e-14 108.93282032572814 108.93282032572814 
gen 97 3963 108.93282032572816 1.4210854715202004e-14 108.93282032572814 108.93282032572814 
gen 98 4003 108.93282032572816 1.4210854715202004e-14 108.93282032572814 108.93282032572814 
gen 99 4045 108.93282032572816 1.4210854715202004e-14 108.93282032572814 108.93282032572814 
gen 100 4085 108.93282032572816 1.4210854715202004e-14 108.93282032572814 108.93282032572814 
gen 101 4125 108.93282032572816 1.4210854715202004e-14 108.93282032572814 108.93282032572814 
gen 102 4165 108.93282032572816 1.4210854715202004e-14 108.93282032572814 108.93282032572814 
gen 103 4206 108.93282032572816 1.4210854715202004e-14 108.93282032572814 108.93282032572814 
gen 104 4246 108.93282032572816 1.4210854715202004e-14 108.93282032572814 108.93282032572814 
gen 105 4286 108.93282032572816 1.4210854715202004e-14 108.93282032572814 108.93282032572814 
gen 106 4326 108.93282032572816 1.4210854715202004e-14 108.93282032572814 108.93282032572814 
gen 107 4367 108.93282032572816 1.4210854715202004e-14 108.93282032572814 108.93282032572814 
gen 108 4407 108.93282032572816 1.4210854715202004e-14 108.93282032572814 108.93282032572814 
gen 109 4448 108.93282032572816 1.4210854715202004e-14 108.93282032572814 108.93282032572814 
gen 110 4488 108.93282032572816 1.4210854715202004e-14 108.93282032572814 108.93282032572814 
gen 111 4528 108.93282032572816 1.4210854715202004e-14 108.93282032572814 108.93282032572814 
gen 112 4568 108.93282032572816 1.4210854715202004e-14 108.93282032572814 108.93282032572814 
gen 113 4609 108.93282032572816 1.4210854715202004e-14 108.93282032572814 108.93282032572814 
gen 114 4649 108.93282032572816 1.4210854715202004e-14 108.93282032572814 108.93282032572814 
gen 115 4689 108.93282032572816 1.4210854715202004e-14 108.93282032572814 108.93282032572814 
gen 116 4729 108.93282032572816 1.4210854715202004e-14 108.93282032572814 108.93282032572814 
gen 117 4770 108.93282032572816 1.4210854715202004e-14 108.93282032572814 108.93282032572814 
gen 118 4810 108.93282032572816 1.4210854715202004e-14 108.93282032572814 108.93282032572814 
gen 119 4850 108.93282032572816 1.4210854715202004e-14 108.93282032572814 108.93282032572814 
gen 120 4891 108.93282032572816 1.4210854715202004e-14 108.93282032572814 108.93282032572814 
gen 121 4932 108.93282032572816 1.4210854715202004e-14 108.93282032572814 108.93282032572814 
gen 122 4972 108.93282032572816 1.4210854715202004e-14 108.93282032572814 108.93282032572814 
gen 123 5012 108.93282032572816 1.4210854715202004e-14 108.93282032572814 108.93282032572814 
gen 124 5053 108.93282032572816 1.4210854715202004e-14 108.93282032572814 108.93282032572814 
gen 125 5093 108.93282032572816 1.4210854715202004e-14 108.93282032572814 108.93282032572814 
gen 126 5133 108.93282032572816 1.4210854715202004e-14 108.93282032572814 108.93282032572814 
gen 127 5173 108.93282032572816 1.4210854715202004e-14 108.93282032572814 108.93282032572814 
gen 128 5213 108.93282032572816 1.4210854715202004e-14 108.93282032572814 108.93282032572814 
gen 129 5254 108.93282032572816 1.4210854715202004e-14 108.93282032572814 108.93282032572814 
gen 130 5295 108.93282032572816 1.4210854715202004e-14 108.93282032572814 108.93282032572814 
gen 131 5335 108.93282032572816 1.4210854715202004e-14 108.93282032572814 108.93282032572814 
gen 132 5376 108.93282032572816 1.4210854715202004e-14 108.93282032572814 108.93282032572814 
gen 133 5417 108.93282032572816 1.4210854715202004e-14 108.93282032572814 108.93282032572814 
gen 134 5457 108.93282032572816 1.4210854715202004e-14 108.93282032572814 108.93282032572814 
gen 135 5499 108.93282032572816 1.4210854715202004e-14 108.93282032572814 108.93282032572814 
gen 136 5539 108.93282032572816 1.4210854715202004e-14 108.93282032572814 108.93282032572814 
gen 137 5579 108.93282032572816 1.4210854715202004e-14 108.93282032572814 108.93282032572814 
gen 138 5619 108.93282032572816 1.4210854715202004e-14 108.93282032572814 108.93282032572814 
gen 139 5661 108.93282032572816 1.4210854715202004e-14 108.93282032572814 108.93282032572814 
gen 140 5701 108.93282032572816 1.4210854715202004e-14 108.93282032572814 108.93282032572814 
gen 141 5742 108.93282032572816 1.4210854715202004e-14 108.93282032572814 108.93282032572814 
gen 142 5782 108.93282032572816 1.4210854715202004e-14 108.93282032572814 108.93282032572814 
gen 143 5822 108.93282032572816 1.4210854715202004e-14 108.93282032572814 108.93282032572814 
gen 144 5862 108.93282032572816 1.4210854715202004e-14 108.93282032572814 108.93282032572814 
gen 145 5902 108.93282032572816 1.4210854715202004e-14 108.93282032572814 108.93282032572814 
gen 146 5942 108.93282032572816 1.4210854715202004e-14 108.93282032572814 108.93282032572814 
gen 147 5983 108.93282032572816 1.4210854715202004e-14 108.93282032572814 108.93282032572814 
gen 148 6023 108.93282032572816 1.4210854715202004e-14 108.93282032572814 108.93282032572814 
gen 149 6064 108.93282032572816 1.4210854715202004e-14 108.93282032572814 108.93282032572814 
gen 150 6104 108.93282032572816 1.4210854715202004e-14 108.93282032572814 108.93282032572814 
gen 151 6144 108.93282032572816 1.4210854715202004e-14 108.93282032572814 108.93282032572814 
gen 152 6184 108.93282032572816 1.4210854715202004e-14 108.93282032572814 108.93282032572814 
gen 153 6225 108.93282032572816 1.4210854715202004e-14 108.93282032572814 108.93282032572814 
gen 154 6265 108.93282032572816 1.4210854715202004e-14 108.93282032572814 108.93282032572814 
gen 155 6305 108.93282032572816 1.4210854715202004e-14 108.93282032572814 108.93282032572814 
gen 156 6345 108.93282032572816 1.4210854715202004e-14 108.93282032572814 108.93282032572814 
gen 157 6385 108.93282032572816 1.4210854715202004e-14 108.93282032572814 108.93282032572814 
gen 158 6425 108.93282032572816 1.4210854715202004e-14 108.93282032572814 108.93282032572814 
gen 159 6465 108.93282032572816 1.4210854715202004e-14 108.93282032572814 108.93282032572814 
gen 160 6505 108.93282032572816 1.4210854715202004e-14 108.93282032572814 108.93282032572814 
gen 161 6545 108.93282032572816 1.4210854715202004e-14 108.93282032572814 108.93282032572814 
gen 162 6585 108.93282032572816 1.4210854715202004e-14 108.93282032572814 108.93282032572814 
gen 163 6625 108.93282032572816 1.4210854715202004e-14 108.93282032572814 108.93282032572814 
gen 164 6665 108.93282032572816 1.4210854715202004e-14 108.93282032572814 108.93282032572814 
gen 165 6705 108.93282032572816 1.4210854715202004e-14 108.93282032572814 108.93282032572814 
gen 166 6745 108.93282032572816 1.4210854715202004e-14 108.93282032572814 108.93282032572814 
gen 167 6785 108.93282032572816 1.4210854715202004e-14 108.93282032572814 108.93282032572814 
gen 168 6825 108.93282032572816 1.4210854715202004e-14 108.93282032572814 108.93282032572814 
gen 169 6865 108.93282032572816 1.4210854715202004e-14 108.93282032572814 108.93282032572814 
gen 170 6905 108.93282032572816 1.4210854715202004e-14 108.93282032572814 108.93282032572814 
gen 171 6945 108.93282032572816 1.4210854715202004e-14 108.93282032572814 108.93282032572814 
gen 172 6985 108.93282032572816 1.4210854715202004e-14 108.93282032572814 108.93282032572814 
gen 173 7025 108.93282032572816 1.4210854715202004e-14 108.93282032572814 108.93282032572814 
gen 174 7065 108.93282032572816 1.4210854715202004e-14 108.93282032572814 108.93282032572814 
gen 175 7105 108.93282032572816 1.4210854715202004e-14 108.93282032572814 108.93282032572814 
gen 176 7145 108.93282032572816 1.4210854715202004e-14 108.93282032572814 108.93282032572814 
gen 177 7186 108.93282032572816 1.4210854715202004e-14 108.93282032572814 108.93282032572814 
gen 178 7227 108.93282032572816 1.4210854715202004e-14 108.93282032572814 108.93282032572814 
gen 179 7267 108.93282032572816 1.4210854715202004e-14 108.93282032572814 108.93282032572814 
gen 180 7307 108.93282032572816 1.4210854715202004e-14 108.93282032572814 108.93282032572814 
gen 181 7347 108.93282032572816 1.4210854715202004e-14 108.93282032572814 108.93282032572814 
gen 182 7388 108.93282032572816 1.4210854715202004e-14 108.93282032572814 108.93282032572814 
gen 183 7428 108.93282032572816 1.4210854715202004e-14 108.93282032572814 108.93282032572814 
gen 184 7468 108.93282032572816 1.4210854715202004e-14 108.93282032572814 108.93282032572814 
gen 185 7508 108.93282032572816 1.4210854715202004e-14 108.93282032572814 108.93282032572814 
gen 186 7548 108.93282032572816 1.4210854715202004e-14 108.93282032572814 108.93282032572814 
gen 187 7588 108.93282032572816 1.4210854715202004e-14 108.93282032572814 108.93282032572814 
gen 188 7628 108.93282032572816 1.4210854715202004e-14 108.93282032572814 108.93282032572814 
gen 189 7668 108.93282032572816 1.4210854715202004e-14 108.93282032572814 108.93282032572814 
gen 190 7708 108.93282032572816 1.4210854715202004e-14 108.93282032572814 108.93282032572814 
gen 191 7748 108.93282032572816 1.4210854715202004e-14 108.93282032572814 108.93282032572814 
gen 192 7790 108.93282032572816 1.4210854715202004e-14 108.93282032572814 108.93282032572814 
gen 193 7831 108.93282032572816 1.4210854715202004e-14 108.93282032572814 108.93282032572814 
gen 194 7871 108.93282032572816 1.4210854715202004e-14 108.93282032572814 108.93282032572814 
gen 195 7911 108.93282032572816 1.4210854715202004e-14 108.93282032572814 108.93282032572814 
gen 196 7951 108.93282032572816 1.4210854715202004e-14 108.93282032572814 108.93282032572814 
gen 197 7991 108.93282032572816 1.4210854715202004e-14 108.93282032572814 108.93282032572814 
gen 198 8031 108.93282032572816 1.4210854715202004e-14 108.93282032572814 108.93282032572814 
gen 199 8071 108.93282032572816 1.4210854715202004e-14 108.93282032572814 108.93282032572814 
gen 200 8111 108.93282032572816 1.4210854715202004e-14 108.93282032572814 108.93282032572814 
gen 201 8151 108.93282032572816 1.4210854715202004e-14 108.93282032572814 108.93282032572814 
gen 202 8192 108.93282032572816 1.4210854715202004e-14 108.93282032572814 108.93282032572814 
gen 203 8233 108.93282032572816 1.4210854715202004e-14 108.93282032572814 108.93282032572814 
gen 204 8274 108.93282032572816 1.4210854715202004e-14 108.93282032572814 108.93282032572814 
gen 205 8314 108.93282032572816 1.4210854715202004e-14 108.93282032572814 108.93282032572814 
gen 206 8355 108.93282032572816 1.4210854715202004e-14 108.93282032572814 108.93282032572814 
gen 207 8395 108.93282032572816 1.4210854715202004e-14 108.93282032572814 108.93282032572814 
gen 208 8435 108.93282032572816 1.4210854715202004e-14 108.93282032572814 108.93282032572814 
gen 209 8475 108.93282032572816 1.4210854715202004e-14 108.93282032572814 108.93282032572814 
gen 210 8515 108.93282032572816 1.4210854715202004e-14 108.93282032572814 108.93282032572814 
gen 211 8556 108.93282032572816 1.4210854715202004e-14 108.93282032572814 108.93282032572814 
gen 212 8596 108.93282032572816 1.4210854715202004e-14 108.93282032572814 108.93282032572814 
gen 213 8636 108.93282032572816 1.4210854715202004e-14 108.93282032572814 108.93282032572814 
gen 214 8678 108.93282032572816 1.4210854715202004e-14 108.93282032572814 108.93282032572814 
gen 215 8718 108.93282032572816 1.4210854715202004e-14 108.93282032572814 108.93282032572814 
gen 216 8758 108.93282032572816 1.4210854715202004e-14 108.93282032572814 108.93282032572814 
gen 217 8798 108.93282032572816 1.4210854715202004e-14 108.93282032572814 108.93282032572814 
gen 218 8838 108.93282032572816 1.4210854715202004e-14 108.93282032572814 108.93282032572814 
gen 219 8878 108.93282032572816 1.4210854715202004e-14 108.93282032572814 108.93282032572814 
gen 220 8919 108.93282032572816 1.4210854715202004e-14 108.93282032572814 108.93282032572814 
gen 221 8959 108.93282032572816 1.4210854715202004e-14 108.93282032572814 108.93282032572814 
gen 222 8999 108.93282032572816 1.4210854715202004e-14 108.93282032572814 108.93282032572814 
gen 223 9039 108.93282032572816 1.4210854715202004e-14 108.93282032572814 108.93282032572814 
gen 224 9080 108.93282032572816 1.4210854715202004e-14 108.93282032572814 108.93282032572814 
gen 225 9120 108.93282032572816 1.4210854715202004e-14 108.93282032572814 108.93282032572814 
gen 226 9160 108.93282032572816 1.4210854715202004e-14 108.93282032572814 108.93282032572814 
gen 227 9201 108.93282032572816 1.4210854715202004e-14 108.93282032572814 108.93282032572814 
gen 228 9241 108.93282032572816 1.4210854715202004e-14 108.93282032572814 108.93282032572814 
gen 229 9281 108.93282032572816 1.4210854715202004e-14 108.93282032572814 108.93282032572814 
gen 230 9321 108.93282032572816 1.4210854715202004e-14 108.93282032572814 108.93282032572814 
gen 231 9361 108.93282032572816 1.4210854715202004e-14 108.93282032572814 108.93282032572814 
gen 232 9401 108.93282032572816 1.4210854715202004e-14 108.93282032572814 108.93282032572814 
gen 233 9441 108.93282032572816 1.4210854715202004e-14 108.93282032572814 108.93282032572814 
gen 234 9481 108.93282032572816 1.4210854715202004e-14 108.93282032572814 108.93282032572814 
gen 235 9521 108.93282032572816 1.4210854715202004e-14 108.93282032572814 108.93282032572814 
gen 236 9561 108.93282032572816 1.4210854715202004e-14 108.93282032572814 108.93282032572814 
gen 237 9602 108.93282032572816 1.4210854715202004e-14 108.93282032572814 108.93282032572814 
gen 238 9642 108.93282032572816 1.4210854715202004e-14 108.93282032572814 108.93282032572814 
gen 239 9682 108.93282032572816 1.4210854715202004e-14 108.93282032572814 108.93282032572814 
gen 240 9722 108.93282032572816 1.4210854715202004e-14 108.93282032572814 108.93282032572814 
gen 241 9762 108.93282032572816 1.4210854715202004e-14 108.93282032572814 108.93282032572814 
gen 242 9802 108.93282032572816 1.4210854715202004e-14 108.93282032572814 108.93282032572814 
gen 243 9842 108.93282032572816 1.4210854715202004e-14 108.93282032572814 108.93282032572814 
gen 244 9882 108.93282032572816 1.4210854715202004e-14 108.93282032572814 108.93282032572814 
gen 245 9922 108.93282032572816 1.4210854715202004e-14 108.93282032572814 108.93282032572814 
gen 246 9962 108.93282032572816 1.4210854715202004e-14 108.93282032572814 108.93282032572814 
gen 247 10002 108.93282032572816 1.4210854715202004e-14 108.93282032572814 108.93282032572814 
gen 248 10042 108.93282032572816 1.4210854715202004e-14 108.93282032572814 108.93282032572814 
gen 249 10082 108.93282032572816 1.4210854715202004e-14 108.93282032572814 108.93282032572814 
gen 250 10122 108.93282032572816 1.4210854715202004e-14 108.93282032572814 108.93282032572814 
gen 251 10163 108.93282032572816 1.4210854715202004e-14 108.93282032572814 108.93282032572814 
gen 252 10203 108.93282032572816 1.4210854715202004e-14 108.93282032572814 108.93282032572814 
gen 253 10245 108.93282032572816 1.4210854715202004e-14 108.93282032572814 108.93282032572814 
gen 254 10285 108.93282032572816 1.4210854715202004e-14 108.93282032572814 108.93282032572814 
gen 255 10326 108.93282032572816 1.4210854715202004e-14 108.93282032572814 108.93282032572814 
gen 256 10366 108.93282032572816 1.4210854715202004e-14 108.93282032572814 108.93282032572814 
gen 257 10406 108.93282032572816 1.4210854715202004e-14 108.93282032572814 108.93282032572814 
gen 258 10446 108.93282032572816 1.4210854715202004e-14 108.93282032572814 108.93282032572814 
gen 259 10487 108.93282032572816 1.4210854715202004e-14 108.93282032572814 108.93282032572814 
gen 260 10527 108.93282032572816 1.4210854715202004e-14 108.93282032572814 108.93282032572814 
gen 261 10568 108.93282032572816 1.4210854715202004e-14 108.93282032572814 108.93282032572814 
gen 262 10608 108.93282032572816 1.4210854715202004e-14 108.93282032572814 108.93282032572814 
gen 263 10648 108.93282032572816 1.4210854715202004e-14 108.93282032572814 108.93282032572814 
gen 264 10688 108.93282032572816 1.4210854715202004e-14 108.93282032572814 108.93282032572814 
gen 265 10728 108.93282032572816 1.4210854715202004e-14 108.93282032572814 108.93282032572814 
gen 266 10769 108.93282032572816 1.4210854715202004e-14 108.93282032572814 108.93282032572814 
gen 267 10809 108.93282032572816 1.4210854715202004e-14 108.93282032572814 108.93282032572814 
gen 268 10849 108.93282032572816 1.4210854715202004e-14 108.93282032572814 108.93282032572814 
gen 269 10889 108.93282032572816 1.4210854715202004e-14 108.93282032572814 108.93282032572814 
gen 270 10929 108.93282032572816 1.4210854715202004e-14 108.93282032572814 108.93282032572814 
gen 271 10970 108.93282032572816 1.4210854715202004e-14 108.93282032572814 108.93282032572814 
gen 272 11010 108.93282032572816 1.4210854715202004e-14 108.93282032572814 108.93282032572814 
gen 273 11050 108.93282032572816 1.4210854715202004e-14 108.93282032572814 108.93282032572814 
gen 274 11091 108.93282032572816 1.4210854715202004e-14 108.93282032572814 108.93282032572814 
gen 275 11131 108.93282032572816 1.4210854715202004e-14 108.93282032572814 108.93282032572814 
gen 276 11172 108.93282032572816 1.4210854715202004e-14 108.93282032572814 108.93282032572814 
gen 277 11212 108.93282032572816 1.4210854715202004e-14 108.93282032572814 108.93282032572814 
gen 278 11252 108.93282032572816 1.4210854715202004e-14 108.93282032572814 108.93282032572814 
gen 279 11294 108.93282032572816 1.4210854715202004e-14 108.93282032572814 108.93282032572814 
gen 280 11335 108.93282032572816 1.4210854715202004e-14 108.93282032572814 108.93282032572814 
gen 281 11375 108.93282032572816 1.4210854715202004e-14 108.93282032572814 108.93282032572814 
gen 282 11415 108.93282032572816 1.4210854715202004e-14 108.93282032572814 108.93282032572814 
gen 283 11455 108.93282032572816 1.4210854715202004e-14 108.93282032572814 108.93282032572814 
gen 284 11495 108.93282032572816 1.4210854715202004e-14 108.93282032572814 108.93282032572814 
gen 285 11535 108.93282032572816 1.4210854715202004e-14 108.93282032572814 108.93282032572814 
gen 286 11575 108.93282032572816 1.4210854715202004e-14 108.93282032572814 108.93282032572814 
gen 287 11615 108.93282032572816 1.4210854715202004e-14 108.93282032572814 108.93282032572814 
gen 288 11655 108.93282032572816 1.4210854715202004e-14 108.93282032572814 108.93282032572814 
gen 289 11695 108.93282032572816 1.4210854715202004e-14 108.93282032572814 108.93282032572814 
gen 290 11735 108.93282032572816 1.4210854715202004e-14 108.93282032572814 108.93282032572814 
gen 291 11775 108.93282032572816 1.4210854715202004e-14 108.93282032572814 108.93282032572814 
gen 292 11815 108.93282032572816 1.4210854715202004e-14 108.93282032572814 108.93282032572814 
gen 293 11856 108.93282032572816 1.4210854715202004e-14 108.93282032572814 108.93282032572814 
gen 294 11896 108.93282032572816 1.4210854715202004e-14 108.93282032572814 108.93282032572814 
gen 295 11936 108.93282032572816 1.4210854715202004e-14 108.93282032572814 108.93282032572814 
gen 296 11976 108.93282032572816 1.4210854715202004e-14 108.93282032572814 108.93282032572814 
gen 297 12017 108.93282032572816 1.4210854715202004e-14 108.93282032572814 108.93282032572814 
gen 298 12058 108.93282032572816 1.4210854715202004e-14 108.93282032572814 108.93282032572814 
gen 299 12098 108.93282032572816 1.4210854715202004e-14 108.93282032572814 108.93282032572814 
gen 300 12138 108.93282032572816 1.4210854715202004e-14 108.93282032572814 108.93282032572814 
gen 301 12178 108.93282032572816 1.4210854715202004e-14 108.93282032572814 108.93282032572814 
gen 302 12218 108.93282032572816 1.4210854715202004e-14 108.93282032572814 108.93282032572814 
gen 303 12258 108.93282032572816 1.4210854715202004e-14 108.93282032572814 108.93282032572814 
gen 304 12298 108.93282032572816 1.4210854715202004e-14 108.93282032572814 108.93282032572814 
gen 305 12338 108.93282032572816 1.4210854715202004e-14 108.93282032572814 108.93282032572814 
gen 306 12378 108.93282032572816 1.4210854715202004e-14 108.93282032572814 108.93282032572814 
gen 307 12418 108.93282032572816 1.4210854715202004e-14 108.93282032572814 108.93282032572814 
gen 308 12458 108.93282032572816 1.4210854715202004e-14 108.93282032572814 108.93282032572814 
gen 309 12498 108.93282032572816 1.4210854715202004e-14 108.93282032572814 108.93282032572814 
gen 310 12538 108.93282032572816 1.4210854715202004e-14 108.93282032572814 108.93282032572814 
gen 311 12579 108.93282032572816 1.4210854715202004e-14 108.93282032572814 108.93282032572814 
gen 312 12619 108.93282032572816 1.4210854715202004e-14 108.93282032572814 108.93282032572814 
gen 313 12660 108.93282032572816 1.4210854715202004e-14 108.93282032572814 108.93282032572814 
gen 314 12700 108.93282032572816 1.4210854715202004e-14 108.93282032572814 108.93282032572814 
gen 315 12740 108.93282032572816 1.4210854715202004e-14 108.93282032572814 108.93282032572814 
gen 316 12780 108.93282032572816 1.4210854715202004e-14 108.93282032572814 108.93282032572814 
gen 317 12820 108.93282032572816 1.4210854715202004e-14 108.93282032572814 108.93282032572814 
gen 318 12860 108.93282032572816 1.4210854715202004e-14 108.93282032572814 108.93282032572814 
gen 319 12900 108.93282032572816 1.4210854715202004e-14 108.93282032572814 108.93282032572814 
gen 320 12941 108.93282032572816 1.4210854715202004e-14 108.93282032572814 108.93282032572814 
gen 321 12981 108.93282032572816 1.4210854715202004e-14 108.93282032572814 108.93282032572814 
gen 322 13021 108.93282032572816 1.4210854715202004e-14 108.93282032572814 108.93282032572814 
gen 323 13061 108.93282032572816 1.4210854715202004e-14 108.93282032572814 108.93282032572814 
gen 324 13102 108.93282032572816 1.4210854715202004e-14 108.93282032572814 108.93282032572814 
gen 325 13142 108.93282032572816 1.4210854715202004e-14 108.93282032572814 108.93282032572814 
gen 326 13182 108.93282032572816 1.4210854715202004e-14 108.93282032572814 108.93282032572814 
gen 327 13222 108.93282032572816 1.4210854715202004e-14 108.93282032572814 108.93282032572814 
gen 328 13263 108.93282032572816 1.4210854715202004e-14 108.93282032572814 108.93282032572814 
gen 329 13306 108.93282032572816 1.4210854715202004e-14 108.93282032572814 108.93282032572814 
gen 330 13346 108.93282032572816 1.4210854715202004e-14 108.93282032572814 108.93282032572814 
gen 331 13386 108.93282032572816 1.4210854715202004e-14 108.93282032572814 108.93282032572814 
gen 332 13426 108.93282032572816 1.4210854715202004e-14 108.93282032572814 108.93282032572814 
gen 333 13467 108.93282032572816 1.4210854715202004e-14 108.93282032572814 108.93282032572814 
gen 334 13507 108.93282032572816 1.4210854715202004e-14 108.93282032572814 108.93282032572814 
gen 335 13547 108.93282032572816 1.4210854715202004e-14 108.93282032572814 108.93282032572814 
gen 336 13588 108.93282032572816 1.4210854715202004e-14 108.93282032572814 108.93282032572814 
gen 337 13628 108.93282032572816 1.4210854715202004e-14 108.93282032572814 108.93282032572814 
gen 338 13668 108.93282032572816 1.4210854715202004e-14 108.93282032572814 108.93282032572814 
gen 339 13708 108.93282032572816 1.4210854715202004e-14 108.93282032572814 108.93282032572814 
gen 340 13748 108.93282032572816 1.4210854715202004e-14 108.93282032572814 108.93282032572814 
gen 341 13789 108.93282032572816 1.4210854715202004e-14 108.93282032572814 108.93282032572814 
gen 342 13829 108.93282032572816 1.4210854715202004e-14 108.93282032572814 108.93282032572814 
gen 343 13869 108.93282032572816 1.4210854715202004e-14 108.93282032572814 108.93282032572814 
gen 344 13910 108.93282032572816 1.4210854715202004e-14 108.93282032572814 108.93282032572814 
gen 345 13950 108.93282032572816 1.4210854715202004e-14 108.93282032572814 108.93282032572814 
gen 346 13990 108.93282032572816 1.4210854715202004e-14 108.93282032572814 108.93282032572814 
gen 347 14030 108.93282032572816 1.4210854715202004e-14 108.93282032572814 108.93282032572814 
[0, 1, 2, 3, 2, 1, 3, 0, 3, 2, 0, 1, 0, 1, 3, 2, 1, 3, 0, 2]
min  108.93282032572814
NFE 14030
LSNFE 0
VLSNFE 0
runTime 4.436596870422363
