gen 0 20 186.8121233057767 27.881025695111504 145.12446227374178 247.68959080695697 
gen 1 61 151.47699830917173 15.869673482118532 108.93282032572814 168.88984379030995 
gen 2 103 140.76052156774574 14.395017302164234 108.93282032572814 153.38610495117527 
gen 3 144 129.20899769481656 13.186236486291262 108.93282032572814 145.62158636017307 
gen 4 185 120.9591844623487 8.49138732624262 108.93282032572814 133.7487914146678 
gen 5 227 114.40123988528421 4.575565842926225 108.93282032572814 121.87746286706738 
gen 6 267 109.82841563094905 1.671611105849475 108.93282032572814 114.67100386688922 
gen 7 308 108.93282032572816 1.4210854715202004e-14 108.93282032572814 108.93282032572814 
gen 8 349 108.93282032572816 1.4210854715202004e-14 108.93282032572814 108.93282032572814 
gen 9 391 108.93282032572816 1.4210854715202004e-14 108.93282032572814 108.93282032572814 
gen 10 431 108.93282032572816 1.4210854715202004e-14 108.93282032572814 108.93282032572814 
gen 11 472 108.93282032572816 1.4210854715202004e-14 108.93282032572814 108.93282032572814 
gen 12 512 108.93282032572816 1.4210854715202004e-14 108.93282032572814 108.93282032572814 
gen 13 553 108.93282032572816 1.4210854715202004e-14 108.93282032572814 108.93282032572814 
gen 14 595 108.93282032572816 1.4210854715202004e-14 108.93282032572814 108.93282032572814 
gen 15 636 108.93282032572816 1.4210854715202004e-14 108.93282032572814 108.93282032572814 
gen 16 677 108.93282032572816 1.4210854715202004e-14 108.93282032572814 108.93282032572814 
gen 17 718 108.93282032572816 1.4210854715202004e-14 108.93282032572814 108.93282032572814 
gen 18 758 108.93282032572816 1.4210854715202004e-14 108.93282032572814 108.93282032572814 
gen 19 801 108.93282032572816 1.4210854715202004e-14 108.93282032572814 108.93282032572814 
gen 20 841 108.93282032572816 1.4210854715202004e-14 108.93282032572814 108.93282032572814 
gen 21 883 108.93282032572816 1.4210854715202004e-14 108.93282032572814 108.93282032572814 
gen 22 924 108.93282032572816 1.4210854715202004e-14 108.93282032572814 108.93282032572814 
gen 23 964 108.93282032572816 1.4210854715202004e-14 108.93282032572814 108.93282032572814 
gen 24 1006 108.93282032572816 1.4210854715202004e-14 108.93282032572814 108.93282032572814 
gen 25 1046 108.93282032572816 1.4210854715202004e-14 108.93282032572814 108.93282032572814 
gen 26 1088 108.93282032572816 1.4210854715202004e-14 108.93282032572814 108.93282032572814 
gen 27 1128 108.93282032572816 1.4210854715202004e-14 108.93282032572814 108.93282032572814 
gen 28 1168 108.93282032572816 1.4210854715202004e-14 108.93282032572814 108.93282032572814 
gen 29 1209 108.93282032572816 1.4210854715202004e-14 108.93282032572814 108.93282032572814 
gen 30 1249 108.93282032572816 1.4210854715202004e-14 108.93282032572814 108.93282032572814 
gen 31 1289 108.93282032572816 1.4210854715202004e-14 108.93282032572814 108.93282032572814 
gen 32 1329 108.93282032572816 1.4210854715202004e-14 108.93282032572814 108.93282032572814 
gen 33 1369 108.93282032572816 1.4210854715202004e-14 108.93282032572814 108.93282032572814 
gen 34 1410 108.93282032572816 1.4210854715202004e-14 108.93282032572814 108.93282032572814 
gen 35 1450 108.93282032572816 1.4210854715202004e-14 108.93282032572814 108.93282032572814 
gen 36 1490 108.93282032572816 1.4210854715202004e-14 108.93282032572814 108.93282032572814 
gen 37 1530 108.93282032572816 1.4210854715202004e-14 108.93282032572814 108.93282032572814 
gen 38 1571 108.93282032572816 1.4210854715202004e-14 108.93282032572814 108.93282032572814 
gen 39 1612 108.93282032572816 1.4210854715202004e-14 108.93282032572814 108.93282032572814 
gen 40 1652 108.93282032572816 1.4210854715202004e-14 108.93282032572814 108.93282032572814 
gen 41 1692 108.93282032572816 1.4210854715202004e-14 108.93282032572814 108.93282032572814 
gen 42 1732 108.93282032572816 1.4210854715202004e-14 108.93282032572814 108.93282032572814 
gen 43 1772 108.93282032572816 1.4210854715202004e-14 108.93282032572814 108.93282032572814 
gen 44 1812 108.93282032572816 1.4210854715202004e-14 108.93282032572814 108.93282032572814 
gen 45 1852 108.93282032572816 1.4210854715202004e-14 108.93282032572814 108.93282032572814 
gen 46 1892 108.93282032572816 1.4210854715202004e-14 108.93282032572814 108.93282032572814 
gen 47 1932 108.93282032572816 1.4210854715202004e-14 108.93282032572814 108.93282032572814 
gen 48 1972 108.93282032572816 1.4210854715202004e-14 108.93282032572814 108.93282032572814 
gen 49 2012 108.93282032572816 1.4210854715202004e-14 108.93282032572814 108.93282032572814 
gen 50 2052 108.93282032572816 1.4210854715202004e-14 108.93282032572814 108.93282032572814 
gen 51 2092 108.93282032572816 1.4210854715202004e-14 108.93282032572814 108.93282032572814 
gen 52 2132 108.93282032572816 1.4210854715202004e-14 108.93282032572814 108.93282032572814 
gen 53 2172 108.93282032572816 1.4210854715202004e-14 108.93282032572814 108.93282032572814 
gen 54 2212 108.93282032572816 1.4210854715202004e-14 108.93282032572814 108.93282032572814 
gen 55 2252 108.93282032572816 1.4210854715202004e-14 108.93282032572814 108.93282032572814 
gen 56 2292 108.93282032572816 1.4210854715202004e-14 108.93282032572814 108.93282032572814 
gen 57 2332 108.93282032572816 1.4210854715202004e-14 108.93282032572814 108.93282032572814 
gen 58 2373 108.93282032572816 1.4210854715202004e-14 108.93282032572814 108.93282032572814 
gen 59 2413 108.93282032572816 1.4210854715202004e-14 108.93282032572814 108.93282032572814 
gen 60 2453 108.93282032572816 1.4210854715202004e-14 108.93282032572814 108.93282032572814 
gen 61 2493 108.93282032572816 1.4210854715202004e-14 108.93282032572814 108.93282032572814 
gen 62 2533 108.93282032572816 1.4210854715202004e-14 108.93282032572814 108.93282032572814 
gen 63 2573 108.93282032572816 1.4210854715202004e-14 108.93282032572814 108.93282032572814 
gen 64 2613 108.93282032572816 1.4210854715202004e-14 108.93282032572814 108.93282032572814 
gen 65 2653 108.93282032572816 1.4210854715202004e-14 108.93282032572814 108.93282032572814 
gen 66 2694 108.93282032572816 1.4210854715202004e-14 108.93282032572814 108.93282032572814 
gen 67 2734 108.93282032572816 1.4210854715202004e-14 108.93282032572814 108.93282032572814 
gen 68 2774 108.93282032572816 1.4210854715202004e-14 108.93282032572814 108.93282032572814 
gen 69 2814 108.93282032572816 1.4210854715202004e-14 108.93282032572814 108.93282032572814 
gen 70 2854 108.93282032572816 1.4210854715202004e-14 108.93282032572814 108.93282032572814 
gen 71 2894 108.93282032572816 1.4210854715202004e-14 108.93282032572814 108.93282032572814 
gen 72 2934 108.93282032572816 1.4210854715202004e-14 108.93282032572814 108.93282032572814 
gen 73 2974 108.93282032572816 1.4210854715202004e-14 108.93282032572814 108.93282032572814 
gen 74 3014 108.93282032572816 1.4210854715202004e-14 108.93282032572814 108.93282032572814 
gen 75 3054 108.93282032572816 1.4210854715202004e-14 108.93282032572814 108.93282032572814 
gen 76 3094 108.93282032572816 1.4210854715202004e-14 108.93282032572814 108.93282032572814 
gen 77 3134 108.93282032572816 1.4210854715202004e-14 108.93282032572814 108.93282032572814 
gen 78 3174 108.93282032572816 1.4210854715202004e-14 108.93282032572814 108.93282032572814 
gen 79 3214 108.93282032572816 1.4210854715202004e-14 108.93282032572814 108.93282032572814 
gen 80 3254 108.93282032572816 1.4210854715202004e-14 108.93282032572814 108.93282032572814 
gen 81 3294 108.93282032572816 1.4210854715202004e-14 108.93282032572814 108.93282032572814 
gen 82 3334 108.93282032572816 1.4210854715202004e-14 108.93282032572814 108.93282032572814 
gen 83 3375 108.93282032572816 1.4210854715202004e-14 108.93282032572814 108.93282032572814 
gen 84 3415 108.93282032572816 1.4210854715202004e-14 108.93282032572814 108.93282032572814 
gen 85 3455 108.93282032572816 1.4210854715202004e-14 108.93282032572814 108.93282032572814 
gen 86 3495 108.93282032572816 1.4210854715202004e-14 108.93282032572814 108.93282032572814 
gen 87 3535 108.93282032572816 1.4210854715202004e-14 108.93282032572814 108.93282032572814 
gen 88 3575 108.93282032572816 1.4210854715202004e-14 108.93282032572814 108.93282032572814 
gen 89 3615 108.93282032572816 1.4210854715202004e-14 108.93282032572814 108.93282032572814 
gen 90 3656 108.93282032572816 1.4210854715202004e-14 108.93282032572814 108.93282032572814 
gen 91 3696 108.93282032572816 1.4210854715202004e-14 108.93282032572814 108.93282032572814 
gen 92 3736 108.93282032572816 1.4210854715202004e-14 108.93282032572814 108.93282032572814 
gen 93 3778 108.93282032572816 1.4210854715202004e-14 108.93282032572814 108.93282032572814 
gen 94 3819 108.93282032572816 1.4210854715202004e-14 108.93282032572814 108.93282032572814 
gen 95 3859 108.93282032572816 1.4210854715202004e-14 108.93282032572814 108.93282032572814 
gen 96 3901 108.93282032572816 1.4210854715202004e-14 108.93282032572814 108.93282032572814 
gen 97 3941 108.93282032572816 1.4210854715202004e-14 108.93282032572814 108.93282032572814 
gen 98 3981 108.93282032572816 1.4210854715202004e-14 108.93282032572814 108.93282032572814 
gen 99 4021 108.93282032572816 1.4210854715202004e-14 108.93282032572814 108.93282032572814 
gen 100 4061 108.93282032572816 1.4210854715202004e-14 108.93282032572814 108.93282032572814 
gen 101 4101 108.93282032572816 1.4210854715202004e-14 108.93282032572814 108.93282032572814 
gen 102 4142 108.93282032572816 1.4210854715202004e-14 108.93282032572814 108.93282032572814 
gen 103 4182 108.93282032572816 1.4210854715202004e-14 108.93282032572814 108.93282032572814 
gen 104 4223 108.93282032572816 1.4210854715202004e-14 108.93282032572814 108.93282032572814 
gen 105 4264 108.93282032572816 1.4210854715202004e-14 108.93282032572814 108.93282032572814 
gen 106 4305 108.93282032572816 1.4210854715202004e-14 108.93282032572814 108.93282032572814 
gen 107 4345 108.93282032572816 1.4210854715202004e-14 108.93282032572814 108.93282032572814 
gen 108 4385 108.93282032572816 1.4210854715202004e-14 108.93282032572814 108.93282032572814 
gen 109 4425 108.93282032572816 1.4210854715202004e-14 108.93282032572814 108.93282032572814 
gen 110 4465 108.93282032572816 1.4210854715202004e-14 108.93282032572814 108.93282032572814 
gen 111 4506 108.93282032572816 1.4210854715202004e-14 108.93282032572814 108.93282032572814 
gen 112 4546 108.93282032572816 1.4210854715202004e-14 108.93282032572814 108.93282032572814 
gen 113 4587 108.93282032572816 1.4210854715202004e-14 108.93282032572814 108.93282032572814 
gen 114 4627 108.93282032572816 1.4210854715202004e-14 108.93282032572814 108.93282032572814 
gen 115 4668 108.93282032572816 1.4210854715202004e-14 108.93282032572814 108.93282032572814 
gen 116 4708 108.93282032572816 1.4210854715202004e-14 108.93282032572814 108.93282032572814 
gen 117 4748 108.93282032572816 1.4210854715202004e-14 108.93282032572814 108.93282032572814 
gen 118 4788 108.93282032572816 1.4210854715202004e-14 108.93282032572814 108.93282032572814 
gen 119 4829 108.93282032572816 1.4210854715202004e-14 108.93282032572814 108.93282032572814 
gen 120 4869 108.93282032572816 1.4210854715202004e-14 108.93282032572814 108.93282032572814 
gen 121 4909 108.93282032572816 1.4210854715202004e-14 108.93282032572814 108.93282032572814 
gen 122 4949 108.93282032572816 1.4210854715202004e-14 108.93282032572814 108.93282032572814 
gen 123 4990 108.93282032572816 1.4210854715202004e-14 108.93282032572814 108.93282032572814 
gen 124 5030 108.93282032572816 1.4210854715202004e-14 108.93282032572814 108.93282032572814 
gen 125 5071 108.93282032572816 1.4210854715202004e-14 108.93282032572814 108.93282032572814 
gen 126 5111 108.93282032572816 1.4210854715202004e-14 108.93282032572814 108.93282032572814 
gen 127 5151 108.93282032572816 1.4210854715202004e-14 108.93282032572814 108.93282032572814 
gen 128 5191 108.93282032572816 1.4210854715202004e-14 108.93282032572814 108.93282032572814 
gen 129 5231 108.93282032572816 1.4210854715202004e-14 108.93282032572814 108.93282032572814 
gen 130 5271 108.93282032572816 1.4210854715202004e-14 108.93282032572814 108.93282032572814 
gen 131 5311 108.93282032572816 1.4210854715202004e-14 108.93282032572814 108.93282032572814 
gen 132 5351 108.93282032572816 1.4210854715202004e-14 108.93282032572814 108.93282032572814 
gen 133 5392 108.93282032572816 1.4210854715202004e-14 108.93282032572814 108.93282032572814 
gen 134 5432 108.93282032572816 1.4210854715202004e-14 108.93282032572814 108.93282032572814 
gen 135 5472 108.93282032572816 1.4210854715202004e-14 108.93282032572814 108.93282032572814 
gen 136 5513 108.93282032572816 1.4210854715202004e-14 108.93282032572814 108.93282032572814 
gen 137 5555 108.93282032572816 1.4210854715202004e-14 108.93282032572814 108.93282032572814 
gen 138 5596 108.93282032572816 1.4210854715202004e-14 108.93282032572814 108.93282032572814 
gen 139 5637 108.93282032572816 1.4210854715202004e-14 108.93282032572814 108.93282032572814 
gen 140 5678 108.93282032572816 1.4210854715202004e-14 108.93282032572814 108.93282032572814 
gen 141 5719 108.93282032572816 1.4210854715202004e-14 108.93282032572814 108.93282032572814 
gen 142 5759 108.93282032572816 1.4210854715202004e-14 108.93282032572814 108.93282032572814 
gen 143 5799 108.93282032572816 1.4210854715202004e-14 108.93282032572814 108.93282032572814 
gen 144 5839 108.93282032572816 1.4210854715202004e-14 108.93282032572814 108.93282032572814 
gen 145 5879 108.93282032572816 1.4210854715202004e-14 108.93282032572814 108.93282032572814 
gen 146 5920 108.93282032572816 1.4210854715202004e-14 108.93282032572814 108.93282032572814 
gen 147 5960 108.93282032572816 1.4210854715202004e-14 108.93282032572814 108.93282032572814 
gen 148 6001 108.93282032572816 1.4210854715202004e-14 108.93282032572814 108.93282032572814 
gen 149 6041 108.93282032572816 1.4210854715202004e-14 108.93282032572814 108.93282032572814 
gen 150 6083 108.93282032572816 1.4210854715202004e-14 108.93282032572814 108.93282032572814 
gen 151 6124 108.93282032572816 1.4210854715202004e-14 108.93282032572814 108.93282032572814 
gen 152 6164 108.93282032572816 1.4210854715202004e-14 108.93282032572814 108.93282032572814 
gen 153 6204 108.93282032572816 1.4210854715202004e-14 108.93282032572814 108.93282032572814 
gen 154 6245 108.93282032572816 1.4210854715202004e-14 108.93282032572814 108.93282032572814 
gen 155 6285 108.93282032572816 1.4210854715202004e-14 108.93282032572814 108.93282032572814 
gen 156 6325 108.93282032572816 1.4210854715202004e-14 108.93282032572814 108.93282032572814 
gen 157 6366 108.93282032572816 1.4210854715202004e-14 108.93282032572814 108.93282032572814 
gen 158 6408 108.93282032572816 1.4210854715202004e-14 108.93282032572814 108.93282032572814 
gen 159 6448 108.93282032572816 1.4210854715202004e-14 108.93282032572814 108.93282032572814 
gen 160 6488 108.93282032572816 1.4210854715202004e-14 108.93282032572814 108.93282032572814 
gen 161 6528 108.93282032572816 1.4210854715202004e-14 108.93282032572814 108.93282032572814 
gen 162 6568 108.93282032572816 1.4210854715202004e-14 108.93282032572814 108.93282032572814 
gen 163 6608 108.93282032572816 1.4210854715202004e-14 108.93282032572814 108.93282032572814 
gen 164 6648 108.93282032572816 1.4210854715202004e-14 108.93282032572814 108.93282032572814 
gen 165 6688 108.93282032572816 1.4210854715202004e-14 108.93282032572814 108.93282032572814 
gen 166 6729 108.93282032572816 1.4210854715202004e-14 108.93282032572814 108.93282032572814 
gen 167 6769 108.93282032572816 1.4210854715202004e-14 108.93282032572814 108.93282032572814 
gen 168 6809 108.93282032572816 1.4210854715202004e-14 108.93282032572814 108.93282032572814 
gen 169 6851 108.93282032572816 1.4210854715202004e-14 108.93282032572814 108.93282032572814 
gen 170 6892 108.93282032572816 1.4210854715202004e-14 108.93282032572814 108.93282032572814 
gen 171 6932 108.93282032572816 1.4210854715202004e-14 108.93282032572814 108.93282032572814 
gen 172 6973 108.93282032572816 1.4210854715202004e-14 108.93282032572814 108.93282032572814 
gen 173 7013 108.93282032572816 1.4210854715202004e-14 108.93282032572814 108.93282032572814 
gen 174 7054 108.93282032572816 1.4210854715202004e-14 108.93282032572814 108.93282032572814 
gen 175 7096 108.93282032572816 1.4210854715202004e-14 108.93282032572814 108.93282032572814 
gen 176 7137 108.93282032572816 1.4210854715202004e-14 108.93282032572814 108.93282032572814 
gen 177 7177 108.93282032572816 1.4210854715202004e-14 108.93282032572814 108.93282032572814 
gen 178 7217 108.93282032572816 1.4210854715202004e-14 108.93282032572814 108.93282032572814 
gen 179 7258 108.93282032572816 1.4210854715202004e-14 108.93282032572814 108.93282032572814 
gen 180 7298 108.93282032572816 1.4210854715202004e-14 108.93282032572814 108.93282032572814 
gen 181 7340 108.93282032572816 1.4210854715202004e-14 108.93282032572814 108.93282032572814 
gen 182 7381 108.93282032572816 1.4210854715202004e-14 108.93282032572814 108.93282032572814 
gen 183 7421 108.93282032572816 1.4210854715202004e-14 108.93282032572814 108.93282032572814 
gen 184 7461 108.93282032572816 1.4210854715202004e-14 108.93282032572814 108.93282032572814 
gen 185 7503 108.93282032572816 1.4210854715202004e-14 108.93282032572814 108.93282032572814 
gen 186 7543 108.93282032572816 1.4210854715202004e-14 108.93282032572814 108.93282032572814 
gen 187 7583 108.93282032572816 1.4210854715202004e-14 108.93282032572814 108.93282032572814 
gen 188 7623 108.93282032572816 1.4210854715202004e-14 108.93282032572814 108.93282032572814 
gen 189 7664 108.93282032572816 1.4210854715202004e-14 108.93282032572814 108.93282032572814 
gen 190 7704 108.93282032572816 1.4210854715202004e-14 108.93282032572814 108.93282032572814 
gen 191 7744 108.93282032572816 1.4210854715202004e-14 108.93282032572814 108.93282032572814 
gen 192 7784 108.93282032572816 1.4210854715202004e-14 108.93282032572814 108.93282032572814 
gen 193 7824 108.93282032572816 1.4210854715202004e-14 108.93282032572814 108.93282032572814 
gen 194 7864 108.93282032572816 1.4210854715202004e-14 108.93282032572814 108.93282032572814 
gen 195 7904 108.93282032572816 1.4210854715202004e-14 108.93282032572814 108.93282032572814 
gen 196 7945 108.93282032572816 1.4210854715202004e-14 108.93282032572814 108.93282032572814 
gen 197 7985 108.93282032572816 1.4210854715202004e-14 108.93282032572814 108.93282032572814 
gen 198 8025 108.93282032572816 1.4210854715202004e-14 108.93282032572814 108.93282032572814 
gen 199 8065 108.93282032572816 1.4210854715202004e-14 108.93282032572814 108.93282032572814 
gen 200 8106 108.93282032572816 1.4210854715202004e-14 108.93282032572814 108.93282032572814 
gen 201 8148 108.93282032572816 1.4210854715202004e-14 108.93282032572814 108.93282032572814 
gen 202 8190 108.93282032572816 1.4210854715202004e-14 108.93282032572814 108.93282032572814 
gen 203 8230 108.93282032572816 1.4210854715202004e-14 108.93282032572814 108.93282032572814 
gen 204 8270 108.93282032572816 1.4210854715202004e-14 108.93282032572814 108.93282032572814 
gen 205 8311 108.93282032572816 1.4210854715202004e-14 108.93282032572814 108.93282032572814 
gen 206 8352 108.93282032572816 1.4210854715202004e-14 108.93282032572814 108.93282032572814 
gen 207 8392 108.93282032572816 1.4210854715202004e-14 108.93282032572814 108.93282032572814 
gen 208 8432 108.93282032572816 1.4210854715202004e-14 108.93282032572814 108.93282032572814 
gen 209 8472 108.93282032572816 1.4210854715202004e-14 108.93282032572814 108.93282032572814 
gen 210 8513 108.93282032572816 1.4210854715202004e-14 108.93282032572814 108.93282032572814 
gen 211 8554 108.93282032572816 1.4210854715202004e-14 108.93282032572814 108.93282032572814 
gen 212 8594 108.93282032572816 1.4210854715202004e-14 108.93282032572814 108.93282032572814 
gen 213 8634 108.93282032572816 1.4210854715202004e-14 108.93282032572814 108.93282032572814 
gen 214 8674 108.93282032572816 1.4210854715202004e-14 108.93282032572814 108.93282032572814 
gen 215 8715 108.93282032572816 1.4210854715202004e-14 108.93282032572814 108.93282032572814 
gen 216 8755 108.93282032572816 1.4210854715202004e-14 108.93282032572814 108.93282032572814 
gen 217 8795 108.93282032572816 1.4210854715202004e-14 108.93282032572814 108.93282032572814 
gen 218 8836 108.93282032572816 1.4210854715202004e-14 108.93282032572814 108.93282032572814 
gen 219 8876 108.93282032572816 1.4210854715202004e-14 108.93282032572814 108.93282032572814 
gen 220 8916 108.93282032572816 1.4210854715202004e-14 108.93282032572814 108.93282032572814 
gen 221 8956 108.93282032572816 1.4210854715202004e-14 108.93282032572814 108.93282032572814 
gen 222 8996 108.93282032572816 1.4210854715202004e-14 108.93282032572814 108.93282032572814 
gen 223 9036 108.93282032572816 1.4210854715202004e-14 108.93282032572814 108.93282032572814 
gen 224 9076 108.93282032572816 1.4210854715202004e-14 108.93282032572814 108.93282032572814 
gen 225 9116 108.93282032572816 1.4210854715202004e-14 108.93282032572814 108.93282032572814 
gen 226 9156 108.93282032572816 1.4210854715202004e-14 108.93282032572814 108.93282032572814 
gen 227 9197 108.93282032572816 1.4210854715202004e-14 108.93282032572814 108.93282032572814 
gen 228 9237 108.93282032572816 1.4210854715202004e-14 108.93282032572814 108.93282032572814 
gen 229 9277 108.93282032572816 1.4210854715202004e-14 108.93282032572814 108.93282032572814 
gen 230 9317 108.93282032572816 1.4210854715202004e-14 108.93282032572814 108.93282032572814 
gen 231 9357 108.93282032572816 1.4210854715202004e-14 108.93282032572814 108.93282032572814 
gen 232 9398 108.93282032572816 1.4210854715202004e-14 108.93282032572814 108.93282032572814 
gen 233 9438 108.93282032572816 1.4210854715202004e-14 108.93282032572814 108.93282032572814 
gen 234 9478 108.93282032572816 1.4210854715202004e-14 108.93282032572814 108.93282032572814 
gen 235 9518 108.93282032572816 1.4210854715202004e-14 108.93282032572814 108.93282032572814 
gen 236 9561 108.93282032572816 1.4210854715202004e-14 108.93282032572814 108.93282032572814 
gen 237 9601 108.93282032572816 1.4210854715202004e-14 108.93282032572814 108.93282032572814 
gen 238 9643 108.93282032572816 1.4210854715202004e-14 108.93282032572814 108.93282032572814 
gen 239 9684 108.93282032572816 1.4210854715202004e-14 108.93282032572814 108.93282032572814 
gen 240 9724 108.93282032572816 1.4210854715202004e-14 108.93282032572814 108.93282032572814 
gen 241 9764 108.93282032572816 1.4210854715202004e-14 108.93282032572814 108.93282032572814 
gen 242 9805 108.93282032572816 1.4210854715202004e-14 108.93282032572814 108.93282032572814 
gen 243 9845 108.93282032572816 1.4210854715202004e-14 108.93282032572814 108.93282032572814 
gen 244 9886 108.93282032572816 1.4210854715202004e-14 108.93282032572814 108.93282032572814 
gen 245 9926 108.93282032572816 1.4210854715202004e-14 108.93282032572814 108.93282032572814 
gen 246 9966 108.93282032572816 1.4210854715202004e-14 108.93282032572814 108.93282032572814 
gen 247 10006 108.93282032572816 1.4210854715202004e-14 108.93282032572814 108.93282032572814 
gen 248 10047 108.93282032572816 1.4210854715202004e-14 108.93282032572814 108.93282032572814 
gen 249 10087 108.93282032572816 1.4210854715202004e-14 108.93282032572814 108.93282032572814 
gen 250 10127 108.93282032572816 1.4210854715202004e-14 108.93282032572814 108.93282032572814 
gen 251 10167 108.93282032572816 1.4210854715202004e-14 108.93282032572814 108.93282032572814 
gen 252 10207 108.93282032572816 1.4210854715202004e-14 108.93282032572814 108.93282032572814 
gen 253 10247 108.93282032572816 1.4210854715202004e-14 108.93282032572814 108.93282032572814 
gen 254 10289 108.93282032572816 1.4210854715202004e-14 108.93282032572814 108.93282032572814 
gen 255 10329 108.93282032572816 1.4210854715202004e-14 108.93282032572814 108.93282032572814 
gen 256 10369 108.93282032572816 1.4210854715202004e-14 108.93282032572814 108.93282032572814 
gen 257 10409 108.93282032572816 1.4210854715202004e-14 108.93282032572814 108.93282032572814 
gen 258 10450 108.93282032572816 1.4210854715202004e-14 108.93282032572814 108.93282032572814 
gen 259 10490 108.93282032572816 1.4210854715202004e-14 108.93282032572814 108.93282032572814 
gen 260 10531 108.93282032572816 1.4210854715202004e-14 108.93282032572814 108.93282032572814 
gen 261 10572 108.93282032572816 1.4210854715202004e-14 108.93282032572814 108.93282032572814 
gen 262 10613 108.93282032572816 1.4210854715202004e-14 108.93282032572814 108.93282032572814 
gen 263 10654 108.93282032572816 1.4210854715202004e-14 108.93282032572814 108.93282032572814 
gen 264 10694 108.93282032572816 1.4210854715202004e-14 108.93282032572814 108.93282032572814 
gen 265 10734 108.93282032572816 1.4210854715202004e-14 108.93282032572814 108.93282032572814 
gen 266 10774 108.93282032572816 1.4210854715202004e-14 108.93282032572814 108.93282032572814 
gen 267 10814 108.93282032572816 1.4210854715202004e-14 108.93282032572814 108.93282032572814 
gen 268 10854 108.93282032572816 1.4210854715202004e-14 108.93282032572814 108.93282032572814 
gen 269 10894 108.93282032572816 1.4210854715202004e-14 108.93282032572814 108.93282032572814 
gen 270 10935 108.93282032572816 1.4210854715202004e-14 108.93282032572814 108.93282032572814 
gen 271 10976 108.93282032572816 1.4210854715202004e-14 108.93282032572814 108.93282032572814 
gen 272 11017 108.93282032572816 1.4210854715202004e-14 108.93282032572814 108.93282032572814 
gen 273 11057 108.93282032572816 1.4210854715202004e-14 108.93282032572814 108.93282032572814 
gen 274 11097 108.93282032572816 1.4210854715202004e-14 108.93282032572814 108.93282032572814 
gen 275 11137 108.93282032572816 1.4210854715202004e-14 108.93282032572814 108.93282032572814 
gen 276 11177 108.93282032572816 1.4210854715202004e-14 108.93282032572814 108.93282032572814 
gen 277 11217 108.93282032572816 1.4210854715202004e-14 108.93282032572814 108.93282032572814 
gen 278 11257 108.93282032572816 1.4210854715202004e-14 108.93282032572814 108.93282032572814 
gen 279 11297 108.93282032572816 1.4210854715202004e-14 108.93282032572814 108.93282032572814 
gen 280 11337 108.93282032572816 1.4210854715202004e-14 108.93282032572814 108.93282032572814 
gen 281 11377 108.93282032572816 1.4210854715202004e-14 108.93282032572814 108.93282032572814 
gen 282 11417 108.93282032572816 1.4210854715202004e-14 108.93282032572814 108.93282032572814 
gen 283 11457 108.93282032572816 1.4210854715202004e-14 108.93282032572814 108.93282032572814 
gen 284 11497 108.93282032572816 1.4210854715202004e-14 108.93282032572814 108.93282032572814 
gen 285 11537 108.93282032572816 1.4210854715202004e-14 108.93282032572814 108.93282032572814 
gen 286 11577 108.93282032572816 1.4210854715202004e-14 108.93282032572814 108.93282032572814 
gen 287 11618 108.93282032572816 1.4210854715202004e-14 108.93282032572814 108.93282032572814 
gen 288 11658 108.93282032572816 1.4210854715202004e-14 108.93282032572814 108.93282032572814 
gen 289 11698 108.93282032572816 1.4210854715202004e-14 108.93282032572814 108.93282032572814 
gen 290 11738 108.93282032572816 1.4210854715202004e-14 108.93282032572814 108.93282032572814 
gen 291 11778 108.93282032572816 1.4210854715202004e-14 108.93282032572814 108.93282032572814 
gen 292 11818 108.93282032572816 1.4210854715202004e-14 108.93282032572814 108.93282032572814 
gen 293 11858 108.93282032572816 1.4210854715202004e-14 108.93282032572814 108.93282032572814 
gen 294 11898 108.93282032572816 1.4210854715202004e-14 108.93282032572814 108.93282032572814 
gen 295 11939 108.93282032572816 1.4210854715202004e-14 108.93282032572814 108.93282032572814 
gen 296 11979 108.93282032572816 1.4210854715202004e-14 108.93282032572814 108.93282032572814 
gen 297 12019 108.93282032572816 1.4210854715202004e-14 108.93282032572814 108.93282032572814 
gen 298 12059 108.93282032572816 1.4210854715202004e-14 108.93282032572814 108.93282032572814 
gen 299 12099 108.93282032572816 1.4210854715202004e-14 108.93282032572814 108.93282032572814 
gen 300 12140 108.93282032572816 1.4210854715202004e-14 108.93282032572814 108.93282032572814 
gen 301 12180 108.93282032572816 1.4210854715202004e-14 108.93282032572814 108.93282032572814 
gen 302 12220 108.93282032572816 1.4210854715202004e-14 108.93282032572814 108.93282032572814 
gen 303 12262 108.93282032572816 1.4210854715202004e-14 108.93282032572814 108.93282032572814 
gen 304 12302 108.93282032572816 1.4210854715202004e-14 108.93282032572814 108.93282032572814 
gen 305 12342 108.93282032572816 1.4210854715202004e-14 108.93282032572814 108.93282032572814 
gen 306 12382 108.93282032572816 1.4210854715202004e-14 108.93282032572814 108.93282032572814 
gen 307 12422 108.93282032572816 1.4210854715202004e-14 108.93282032572814 108.93282032572814 
gen 308 12463 108.93282032572816 1.4210854715202004e-14 108.93282032572814 108.93282032572814 
gen 309 12503 108.93282032572816 1.4210854715202004e-14 108.93282032572814 108.93282032572814 
gen 310 12543 108.93282032572816 1.4210854715202004e-14 108.93282032572814 108.93282032572814 
gen 311 12583 108.93282032572816 1.4210854715202004e-14 108.93282032572814 108.93282032572814 
gen 312 12623 108.93282032572816 1.4210854715202004e-14 108.93282032572814 108.93282032572814 
gen 313 12663 108.93282032572816 1.4210854715202004e-14 108.93282032572814 108.93282032572814 
gen 314 12703 108.93282032572816 1.4210854715202004e-14 108.93282032572814 108.93282032572814 
gen 315 12744 108.93282032572816 1.4210854715202004e-14 108.93282032572814 108.93282032572814 
gen 316 12784 108.93282032572816 1.4210854715202004e-14 108.93282032572814 108.93282032572814 
gen 317 12824 108.93282032572816 1.4210854715202004e-14 108.93282032572814 108.93282032572814 
gen 318 12864 108.93282032572816 1.4210854715202004e-14 108.93282032572814 108.93282032572814 
gen 319 12904 108.93282032572816 1.4210854715202004e-14 108.93282032572814 108.93282032572814 
gen 320 12944 108.93282032572816 1.4210854715202004e-14 108.93282032572814 108.93282032572814 
gen 321 12984 108.93282032572816 1.4210854715202004e-14 108.93282032572814 108.93282032572814 
gen 322 13026 108.93282032572816 1.4210854715202004e-14 108.93282032572814 108.93282032572814 
gen 323 13066 108.93282032572816 1.4210854715202004e-14 108.93282032572814 108.93282032572814 
gen 324 13106 108.93282032572816 1.4210854715202004e-14 108.93282032572814 108.93282032572814 
gen 325 13146 108.93282032572816 1.4210854715202004e-14 108.93282032572814 108.93282032572814 
gen 326 13187 108.93282032572816 1.4210854715202004e-14 108.93282032572814 108.93282032572814 
gen 327 13227 108.93282032572816 1.4210854715202004e-14 108.93282032572814 108.93282032572814 
gen 328 13267 108.93282032572816 1.4210854715202004e-14 108.93282032572814 108.93282032572814 
gen 329 13308 108.93282032572816 1.4210854715202004e-14 108.93282032572814 108.93282032572814 
gen 330 13348 108.93282032572816 1.4210854715202004e-14 108.93282032572814 108.93282032572814 
gen 331 13388 108.93282032572816 1.4210854715202004e-14 108.93282032572814 108.93282032572814 
gen 332 13428 108.93282032572816 1.4210854715202004e-14 108.93282032572814 108.93282032572814 
gen 333 13468 108.93282032572816 1.4210854715202004e-14 108.93282032572814 108.93282032572814 
gen 334 13509 108.93282032572816 1.4210854715202004e-14 108.93282032572814 108.93282032572814 
gen 335 13549 108.93282032572816 1.4210854715202004e-14 108.93282032572814 108.93282032572814 
gen 336 13589 108.93282032572816 1.4210854715202004e-14 108.93282032572814 108.93282032572814 
gen 337 13629 108.93282032572816 1.4210854715202004e-14 108.93282032572814 108.93282032572814 
gen 338 13669 108.93282032572816 1.4210854715202004e-14 108.93282032572814 108.93282032572814 
gen 339 13709 108.93282032572816 1.4210854715202004e-14 108.93282032572814 108.93282032572814 
gen 340 13749 108.93282032572816 1.4210854715202004e-14 108.93282032572814 108.93282032572814 
gen 341 13790 108.93282032572816 1.4210854715202004e-14 108.93282032572814 108.93282032572814 
gen 342 13830 108.93282032572816 1.4210854715202004e-14 108.93282032572814 108.93282032572814 
gen 343 13870 108.93282032572816 1.4210854715202004e-14 108.93282032572814 108.93282032572814 
gen 344 13910 108.93282032572816 1.4210854715202004e-14 108.93282032572814 108.93282032572814 
gen 345 13950 108.93282032572816 1.4210854715202004e-14 108.93282032572814 108.93282032572814 
gen 346 13991 108.93282032572816 1.4210854715202004e-14 108.93282032572814 108.93282032572814 
gen 347 14032 108.93282032572816 1.4210854715202004e-14 108.93282032572814 108.93282032572814 
[1, 0, 3, 2, 2, 3, 1, 0, 3, 2, 0, 1, 0, 3, 2, 1, 1, 2, 0, 3]
min  108.93282032572814
NFE 14032
LSNFE 0
VLSNFE 0
runTime 4.374806880950928
