gen 0 20 182.30858491252354 28.0962561203683 136.86086984577747 240.3268163265194 
gen 1 410 132.69092066545699 7.780715433213788 111.57304897158805 140.813036084111 
gen 2 840 115.7321734944092 5.7172785019586945 105.174675764062 122.78610789089589 
gen 3 1200 108.91824660718585 2.0230411106635726 105.174675764062 111.57304897158805 
gen 4 1680 106.76070567106629 1.7780253718939096 105.174675764062 108.93282032572814 
gen 5 2070 105.174675764062 0.0 105.174675764062 105.174675764062 
gen 6 2500 105.174675764062 0.0 105.174675764062 105.174675764062 
gen 7 2920 105.174675764062 0.0 105.174675764062 105.174675764062 
gen 8 3420 105.174675764062 0.0 105.174675764062 105.174675764062 
gen 9 3850 105.174675764062 0.0 105.174675764062 105.174675764062 
gen 10 4310 105.174675764062 0.0 105.174675764062 105.174675764062 
gen 11 4720 105.174675764062 0.0 105.174675764062 105.174675764062 
gen 12 5150 105.174675764062 0.0 105.174675764062 105.174675764062 
gen 13 5500 105.174675764062 0.0 105.174675764062 105.174675764062 
gen 14 5880 105.174675764062 0.0 105.174675764062 105.174675764062 
gen 15 6280 105.174675764062 0.0 105.174675764062 105.174675764062 
gen 16 6650 105.174675764062 0.0 105.174675764062 105.174675764062 
gen 17 7070 105.174675764062 0.0 105.174675764062 105.174675764062 
gen 18 7380 105.174675764062 0.0 105.174675764062 105.174675764062 
gen 19 7730 105.174675764062 0.0 105.174675764062 105.174675764062 
gen 20 8130 105.174675764062 0.0 105.174675764062 105.174675764062 
gen 21 8640 105.174675764062 0.0 105.174675764062 105.174675764062 
gen 22 9110 105.174675764062 0.0 105.174675764062 105.174675764062 
gen 23 9450 105.174675764062 0.0 105.174675764062 105.174675764062 
gen 24 9910 105.174675764062 0.0 105.174675764062 105.174675764062 
gen 25 10300 105.174675764062 0.0 105.174675764062 105.174675764062 
gen 26 10630 105.174675764062 0.0 105.174675764062 105.174675764062 
gen 27 10990 105.174675764062 0.0 105.174675764062 105.174675764062 
gen 28 11380 105.174675764062 0.0 105.174675764062 105.174675764062 
gen 29 11710 105.174675764062 0.0 105.174675764062 105.174675764062 
gen 30 12060 105.174675764062 0.0 105.174675764062 105.174675764062 
gen 31 12520 105.174675764062 0.0 105.174675764062 105.174675764062 
gen 32 12970 105.174675764062 0.0 105.174675764062 105.174675764062 
gen 33 13340 105.174675764062 0.0 105.174675764062 105.174675764062 
gen 34 13730 105.174675764062 0.0 105.174675764062 105.174675764062 
gen 35 14130 105.174675764062 0.0 105.174675764062 105.174675764062 
[2, 0, 1, 3, 0, 3, 2, 1, 3, 0, 2, 1, 2, 3, 0, 1, 1, 0, 3, 2]
min  105.174675764062
NFE 14130
LSNFE 9910
VLSNFE 348
runTime 5.230521202087402
