gen 0 20 180.09016406812106 26.034663438468282 140.813036084111 245.6303053550145 
gen 1 430 133.98395698097323 8.907722826723422 118.94603996211698 145.12446227374178 
gen 2 770 116.3490508997008 5.481855116569141 105.50576409341329 123.56690299770254 
gen 3 1170 109.61101038899474 2.3879888348288953 105.174675764062 111.92317407027069 
gen 4 1480 107.5544596427136 1.7458251207003848 105.174675764062 109.42256320475322 
gen 5 1930 105.43954642754302 0.1324353317405155 105.174675764062 105.50576409341329 
gen 6 2360 105.174675764062 0.0 105.174675764062 105.174675764062 
gen 7 2730 105.174675764062 0.0 105.174675764062 105.174675764062 
gen 8 3140 105.174675764062 0.0 105.174675764062 105.174675764062 
gen 9 3610 105.174675764062 0.0 105.174675764062 105.174675764062 
gen 10 3980 105.174675764062 0.0 105.174675764062 105.174675764062 
gen 11 4360 105.174675764062 0.0 105.174675764062 105.174675764062 
gen 12 4710 105.174675764062 0.0 105.174675764062 105.174675764062 
gen 13 5120 105.174675764062 0.0 105.174675764062 105.174675764062 
gen 14 5500 105.174675764062 0.0 105.174675764062 105.174675764062 
gen 15 5870 105.174675764062 0.0 105.174675764062 105.174675764062 
gen 16 6280 105.174675764062 0.0 105.174675764062 105.174675764062 
gen 17 6600 105.174675764062 0.0 105.174675764062 105.174675764062 
gen 18 7050 105.174675764062 0.0 105.174675764062 105.174675764062 
gen 19 7450 105.174675764062 0.0 105.174675764062 105.174675764062 
gen 20 7830 105.174675764062 0.0 105.174675764062 105.174675764062 
gen 21 8270 105.174675764062 0.0 105.174675764062 105.174675764062 
gen 22 8660 105.174675764062 0.0 105.174675764062 105.174675764062 
gen 23 8990 105.174675764062 0.0 105.174675764062 105.174675764062 
gen 24 9370 105.174675764062 0.0 105.174675764062 105.174675764062 
gen 25 9830 105.174675764062 0.0 105.174675764062 105.174675764062 
gen 26 10150 105.174675764062 0.0 105.174675764062 105.174675764062 
gen 27 10540 105.174675764062 0.0 105.174675764062 105.174675764062 
gen 28 10910 105.174675764062 0.0 105.174675764062 105.174675764062 
gen 29 11320 105.174675764062 0.0 105.174675764062 105.174675764062 
gen 30 11690 105.174675764062 0.0 105.174675764062 105.174675764062 
gen 31 12080 105.174675764062 0.0 105.174675764062 105.174675764062 
gen 32 12490 105.174675764062 0.0 105.174675764062 105.174675764062 
gen 33 12870 105.174675764062 0.0 105.174675764062 105.174675764062 
gen 34 13320 105.174675764062 0.0 105.174675764062 105.174675764062 
gen 35 13670 105.174675764062 0.0 105.174675764062 105.174675764062 
gen 36 14090 105.174675764062 0.0 105.174675764062 105.174675764062 
[2, 1, 0, 3, 0, 3, 1, 2, 3, 0, 1, 2, 2, 1, 3, 0, 1, 3, 0, 2]
min  105.174675764062
NFE 14090
LSNFE 9750
VLSNFE 326
runTime 5.2316625118255615
