gen 0 20 181.08166680133857 33.13748123282795 109.42256320475322 233.66953849183324 
gen 1 380 127.46260732406938 9.782748719602456 108.93282032572814 140.14185258559962 
gen 2 730 113.54242739579504 3.837434970883769 108.93282032572814 119.66062476622159 
gen 3 1200 108.76146751411243 0.746909589524585 105.50576409341329 108.93282032572814 
gen 4 1700 108.76146751411243 0.746909589524585 105.50576409341329 108.93282032572814 
gen 5 2080 108.76146751411243 0.746909589524585 105.50576409341329 108.93282032572814 
gen 6 2500 108.76146751411243 0.746909589524585 105.50576409341329 108.93282032572814 
gen 7 2900 108.76146751411243 0.746909589524585 105.50576409341329 108.93282032572814 
gen 8 3300 108.76146751411243 0.746909589524585 105.50576409341329 108.93282032572814 
gen 9 3730 108.76146751411243 0.746909589524585 105.50576409341329 108.93282032572814 
gen 10 4200 108.57356028602912 1.0790507273371726 105.174675764062 108.93282032572814 
gen 11 4630 108.21430024633007 1.438945930910761 105.174675764062 108.93282032572814 
gen 12 5000 106.77726008753386 1.7646726464884082 105.174675764062 108.93282032572814 
gen 13 5390 105.174675764062 0.0 105.174675764062 105.174675764062 
gen 14 5760 105.174675764062 0.0 105.174675764062 105.174675764062 
gen 15 6160 105.174675764062 0.0 105.174675764062 105.174675764062 
gen 16 6600 105.174675764062 0.0 105.174675764062 105.174675764062 
gen 17 7010 105.174675764062 0.0 105.174675764062 105.174675764062 
gen 18 7330 105.174675764062 0.0 105.174675764062 105.174675764062 
gen 19 7690 105.174675764062 0.0 105.174675764062 105.174675764062 
gen 20 8080 105.174675764062 0.0 105.174675764062 105.174675764062 
gen 21 8550 105.174675764062 0.0 105.174675764062 105.174675764062 
gen 22 8910 105.174675764062 0.0 105.174675764062 105.174675764062 
gen 23 9310 105.174675764062 0.0 105.174675764062 105.174675764062 
gen 24 9770 105.174675764062 0.0 105.174675764062 105.174675764062 
gen 25 10170 105.174675764062 0.0 105.174675764062 105.174675764062 
gen 26 10550 105.174675764062 0.0 105.174675764062 105.174675764062 
gen 27 10960 105.174675764062 0.0 105.174675764062 105.174675764062 
gen 28 11360 105.174675764062 0.0 105.174675764062 105.174675764062 
gen 29 11800 105.174675764062 0.0 105.174675764062 105.174675764062 
gen 30 12210 105.174675764062 0.0 105.174675764062 105.174675764062 
gen 31 12590 105.174675764062 0.0 105.174675764062 105.174675764062 
gen 32 12950 105.174675764062 0.0 105.174675764062 105.174675764062 
gen 33 13340 105.174675764062 0.0 105.174675764062 105.174675764062 
gen 34 13680 105.174675764062 0.0 105.174675764062 105.174675764062 
gen 35 14110 105.174675764062 0.0 105.174675764062 105.174675764062 
[2, 3, 1, 0, 0, 2, 3, 1, 3, 0, 1, 2, 2, 0, 1, 3, 1, 0, 3, 2]
min  105.174675764062
NFE 14110
LSNFE 9890
VLSNFE 414
runTime 5.337050676345825
