gen 0 20 185.724133838859 29.944873305020288 134.04463330078343 231.16773090860727 
gen 1 340 126.8159880675203 10.366741904206908 108.93282032572814 139.89948085028635 
gen 2 770 112.19823314465778 2.7126493783254824 108.93282032572814 117.1437887200911 
gen 3 1190 108.93282032572816 1.4210854715202004e-14 108.93282032572814 108.93282032572814 
gen 4 1600 108.76146751411243 0.746909589524585 105.50576409341329 108.93282032572814 
gen 5 2030 108.76146751411243 0.746909589524585 105.50576409341329 108.93282032572814 
gen 6 2560 108.76146751411243 0.746909589524585 105.50576409341329 108.93282032572814 
gen 7 2950 108.76146751411243 0.746909589524585 105.50576409341329 108.93282032572814 
gen 8 3400 108.76146751411243 0.746909589524585 105.50576409341329 108.93282032572814 
gen 9 3780 108.76146751411243 0.746909589524585 105.50576409341329 108.93282032572814 
gen 10 4180 108.76146751411243 0.746909589524585 105.50576409341329 108.93282032572814 
gen 11 4580 108.59011470249668 1.0281168696944563 105.50576409341329 108.93282032572814 
gen 12 4990 108.59011470249668 1.0281168696944563 105.50576409341329 108.93282032572814 
gen 13 5340 108.41876189088093 1.2237038401834126 105.50576409341329 108.93282032572814 
gen 14 5680 108.41876189088093 1.2237038401834126 105.50576409341329 108.93282032572814 
gen 15 6080 107.88814903956613 1.597192235158201 105.174675764062 108.93282032572814 
gen 16 6570 105.78225205077452 1.0582767822009276 105.174675764062 108.93282032572814 
gen 17 6960 105.174675764062 0.0 105.174675764062 105.174675764062 
gen 18 7320 105.174675764062 0.0 105.174675764062 105.174675764062 
gen 19 7700 105.174675764062 0.0 105.174675764062 105.174675764062 
gen 20 8190 105.174675764062 0.0 105.174675764062 105.174675764062 
gen 21 8520 105.174675764062 0.0 105.174675764062 105.174675764062 
gen 22 8870 105.174675764062 0.0 105.174675764062 105.174675764062 
gen 23 9250 105.174675764062 0.0 105.174675764062 105.174675764062 
gen 24 9670 105.174675764062 0.0 105.174675764062 105.174675764062 
gen 25 10050 105.174675764062 0.0 105.174675764062 105.174675764062 
gen 26 10420 105.174675764062 0.0 105.174675764062 105.174675764062 
gen 27 10820 105.174675764062 0.0 105.174675764062 105.174675764062 
gen 28 11220 105.174675764062 0.0 105.174675764062 105.174675764062 
gen 29 11630 105.174675764062 0.0 105.174675764062 105.174675764062 
gen 30 11990 105.174675764062 0.0 105.174675764062 105.174675764062 
gen 31 12450 105.174675764062 0.0 105.174675764062 105.174675764062 
gen 32 12900 105.174675764062 0.0 105.174675764062 105.174675764062 
gen 33 13330 105.174675764062 0.0 105.174675764062 105.174675764062 
gen 34 13740 105.174675764062 0.0 105.174675764062 105.174675764062 
gen 35 14160 105.174675764062 0.0 105.174675764062 105.174675764062 
[2, 3, 1, 0, 0, 3, 2, 1, 3, 0, 2, 1, 2, 0, 1, 3, 1, 3, 0, 2]
min  105.174675764062
NFE 14160
LSNFE 9940
VLSNFE 502
runTime 5.397066593170166
