gen 0 510 655.0563385255205 97.12437164557048 479.0997138317143 1110.5257291225994 
gen 1 720 636.2127548522736 96.63867421536185 479.0997138317143 960.0469004232683 
gen 2 930 624.5903434044462 97.83522371937374 469.6561230707184 1100.9372306095897 
gen 3 1140 628.5364182184852 103.55872704501823 440.28527621149726 1069.5821614865786 
gen 4 1350 633.4986632364448 120.02248154352361 440.28527621149726 1074.7397592712164 
gen 5 1560 625.2452652406423 112.82878471457698 440.28527621149726 1113.5965414755076 
gen 6 1770 641.5197583199067 112.91146649988644 440.28527621149726 971.3133803305693 
gen 7 1980 617.5269605871704 105.22517493026282 440.28527621149726 971.7413400745096 
gen 8 2190 613.2786749396937 116.33929041302132 440.28527621149726 1100.7668560864554 
gen 9 2400 679.4266475572687 164.26018996132234 440.28527621149726 1448.3686137388465 
gen 10 2610 624.374355975701 123.44147649342628 440.28527621149726 1077.6044638965693 
gen 11 2820 651.2283138337532 137.35963042591158 440.28527621149726 1207.9853048177433 
gen 12 3030 618.546226100106 115.48412724470634 440.28527621149726 966.9648943668831 
gen 13 3240 654.0197339723527 143.52627846139015 440.28527621149726 1205.7106596467322 
gen 14 3450 667.5687249303448 145.00457596455078 440.28527621149726 1076.2528064527733 
gen 15 3660 634.2381600143613 126.26031910634298 440.28527621149726 1244.0937890951245 
gen 16 3870 620.1981264782364 119.17844431274543 440.28527621149726 1050.7837764538006 
gen 17 4080 590.7941385016592 102.73188379860986 405.116877304991 901.4020250380852 
gen 18 4290 586.5817640522154 105.80429257350467 405.116877304991 989.53296956731 
gen 19 4500 647.2439602108964 152.33729492586232 405.116877304991 1133.5105390098745 
gen 20 4710 631.7289736409757 128.66980889026868 405.116877304991 983.2887209767465 
gen 21 4920 634.6147893206049 136.00905791085358 405.116877304991 1142.2572056193344 
gen 22 5130 750.6660970810849 207.05090986409354 405.116877304991 1372.3628638968764 
gen 23 5340 735.9664011113365 200.28828271675613 405.116877304991 1548.6369997763718 
gen 24 5550 645.0528969121377 144.99968303878958 405.116877304991 1266.7595846018319 
gen 25 5760 713.6673762718568 179.87191253541567 405.116877304991 1272.916422406555 
gen 26 5970 696.4779265639696 164.9473894282024 405.116877304991 1234.1336675958903 
gen 27 6180 601.5431081042079 109.57897733562737 405.116877304991 936.2891043601101 
gen 28 6390 577.5094669661898 80.43087380715902 405.116877304991 850.7723931133266 
gen 29 6600 615.8720348488267 124.1463984562937 405.116877304991 1115.39242356021 
gen 30 6810 594.5721357198844 111.21032684400299 405.116877304991 1065.3606164121725 
gen 31 7020 632.8830520593457 136.7988582966191 405.116877304991 1362.5948457225845 
gen 32 7230 656.2260569073217 156.85122240403402 405.116877304991 1198.5023433131462 
gen 33 7440 632.9186529476007 146.3602531989235 405.116877304991 1357.725883681136 
gen 34 7650 657.5846628196762 154.79373742648724 405.116877304991 1288.7099558789914 
gen 35 7860 643.4091393567536 154.0447450803184 405.116877304991 1380.0936841779494 
gen 36 8070 635.132935960145 129.93193510159867 405.116877304991 1071.6769347548445 
gen 37 8280 632.8031017474634 132.64547105937856 405.116877304991 990.9214370661166 
gen 38 8490 608.2647287974607 123.26196455923856 405.116877304991 1064.8416028168522 
gen 39 8700 622.0692517196889 114.28252217427533 405.116877304991 922.6858838213947 
gen 40 8910 596.1271148392908 109.22548673895143 405.116877304991 1033.6245724823757 
gen 41 9120 642.3525075749384 134.14185113624416 405.116877304991 985.9394610584785 
gen 42 9330 614.0584064600356 129.3350386502417 405.116877304991 1158.0690190728562 
gen 43 9540 582.0560412687329 101.85428364253015 405.116877304991 948.7810669306361 
gen 44 9750 616.9115216057808 116.88990187207867 405.116877304991 1032.2854158372381 
gen 45 9960 588.0949086593063 106.10378605377353 405.116877304991 983.8254757975784 
gen 46 10170 606.6985549254077 119.22563585468296 405.116877304991 1081.3977463305132 
gen 47 10380 602.6966012472958 124.66066250480087 405.116877304991 1033.7581328682702 
gen 48 10590 595.4520893151733 103.67988678407903 405.116877304991 897.0632574964255 
gen 49 10800 548.8925868856331 75.3341748041948 405.116877304991 771.8640165606093 
gen 50 11010 557.5550690629076 90.12074099781498 405.116877304991 868.2114019250993 
gen 51 11220 644.0588405577722 159.1699815021311 405.116877304991 1545.909016697443 
gen 52 11430 642.9039127881656 157.95525330914694 405.116877304991 1287.431994192172 
gen 53 11640 626.7623551040509 130.15945001311715 405.116877304991 1020.7790798578801 
gen 54 11850 585.2944468762385 108.04303407398609 405.116877304991 928.5706429070608 
gen 55 12060 603.950056864504 131.94968680490655 405.116877304991 1090.4340648528141 
gen 56 12270 603.1126484784218 122.33997155140526 405.116877304991 1055.9161564407298 
gen 57 12480 632.573301099449 141.44965289318867 405.116877304991 1267.9317600227437 
gen 58 12690 644.7052191764213 165.21445303988514 405.116877304991 1327.419175671446 
gen 59 12900 637.5847275350432 150.23530470395352 405.116877304991 1340.4245015787349 
gen 60 13110 605.7564585525116 119.57739424210571 405.116877304991 919.6487254769833 
gen 61 13320 608.5340590034848 125.32137627987419 405.116877304991 1072.8502337525824 
gen 62 13530 629.3949298505006 140.87190847820298 405.116877304991 1046.0536973332441 
gen 63 13740 620.4261320607127 132.585447930701 405.116877304991 986.9088037294952 
gen 64 13950 626.8460645623223 140.09712392591132 405.116877304991 1065.2839487886758 
gen 65 14160 616.0896053776175 128.66533740297677 405.116877304991 999.0152881443425 
gen 66 14370 629.6709529146367 147.37669183476785 405.116877304991 1233.6752907937484 
gen 67 14580 640.3808418132384 146.24519334174104 405.116877304991 1134.45672979174 
gen 68 14790 649.9001936943639 158.37431681476153 405.116877304991 1196.331801601005 
gen 69 15000 632.2195878006182 157.85654781663624 405.116877304991 1230.8307702760926 
gen 70 15210 615.0195899609013 130.5443367164477 405.116877304991 1052.463696859114 
gen 71 15420 631.7687383440498 144.11475688476474 405.116877304991 1003.2621991737318 
gen 72 15630 622.595975331107 142.5353843958364 405.116877304991 1069.534746975957 
gen 73 15840 615.4463779443382 128.24393455697532 405.116877304991 1043.8936318692358 
gen 74 16050 620.9968349416895 130.2924634260542 405.116877304991 966.1339767842496 
gen 75 16260 612.0801713508757 136.55391034485342 405.116877304991 1113.111611351174 
gen 76 16470 620.4749826238835 136.93875638805832 405.116877304991 1152.6833856154146 
gen 77 16680 633.3137858454877 147.46222394206364 405.116877304991 1111.1178699197476 
gen 78 16890 622.1815529234997 138.82734162718398 405.116877304991 982.99711336969 
gen 79 17100 637.7635499283716 151.26682704046505 405.116877304991 1119.5226720815856 
gen 80 17310 647.539332154439 156.79111551424003 405.116877304991 1235.3851956743495 
gen 81 17520 624.3566973005376 140.65491189230912 405.116877304991 1212.9043151963506 
gen 82 17730 617.0138987388785 134.00832808633663 405.116877304991 992.4836105374186 
gen 83 17940 633.4465054082364 139.44497034812085 405.116877304991 979.5434914917516 
gen 84 18150 633.7373135054195 152.5008815783271 405.116877304991 1032.3334854599964 
gen 85 18360 623.99711940727 136.45053527083425 405.116877304991 1048.1983834649022 
gen 86 18570 626.2034494218086 138.51914618428566 405.116877304991 1063.6176921706221 
gen 87 18780 642.9194790456975 156.01804951613343 405.116877304991 1155.8322084357076 
gen 88 18990 625.4618855746921 144.2520256491261 405.116877304991 1096.2925625885368 
gen 89 19200 652.3125518421112 157.02166768546002 405.116877304991 1133.1046592651048 
gen 90 19410 619.5502197141064 138.25604265138688 405.116877304991 1078.866710999199 
gen 91 19620 626.8638650674062 147.0667203254681 405.116877304991 1222.3358777005942 
gen 92 19830 623.6603800246187 147.08478939101943 405.116877304991 1226.9611372134498 
gen 93 20040 633.4140124546572 139.55096379018144 405.116877304991 1004.394183520706 
gen 94 20250 598.258506800472 128.30749416379476 405.116877304991 1100.13577936569 
gen 95 20460 613.5962582044693 136.2717275051556 405.116877304991 1002.521569803687 
gen 96 20670 606.6595185313328 129.04643319622357 405.116877304991 1106.1405605709451 
gen 97 20880 645.6337180672585 153.5850184567289 405.116877304991 1131.2405959532605 
gen 98 21090 607.0148494792528 124.58715308611866 405.116877304991 970.1899074158131 
gen 99 21300 630.6336233578926 142.1988786468363 405.116877304991 1003.6937235400475 
gen 100 21510 556.3439127433052 98.66570492770505 399.273308219434 928.9834238102143 
gen 101 21720 616.8091775709945 142.88293121369063 399.273308219434 1085.6770963306951 
gen 102 21930 592.9643616891815 120.53140459719268 399.273308219434 988.2891492393821 
gen 103 22140 617.5524859397003 143.07540376453917 399.273308219434 1225.2586773160895 
gen 104 22350 637.8148788222124 165.91543791048485 399.273308219434 1176.4862767441223 
gen 105 22560 614.0934349596663 133.12005069483436 399.273308219434 1056.3484283744924 
gen 106 22770 610.8939121847732 131.0280787118059 399.273308219434 1005.6399648254285 
gen 107 22980 645.804866409643 162.22439611972928 399.273308219434 1226.5190698960214 
gen 108 23190 624.8139450533274 148.02459055833785 399.273308219434 1403.2014028894619 
gen 109 23400 616.3362102342845 143.35553261797176 399.273308219434 1169.1607120448627 
gen 110 23610 678.8916159271699 180.68293370346782 399.273308219434 1218.0997110246126 
gen 111 23820 620.85748835504 143.3992485264641 399.273308219434 1184.0252071081277 
gen 112 24030 602.4188803830687 125.65714020066956 399.273308219434 1014.5023059763683 
gen 113 24240 723.6122470876652 202.3750343992573 399.273308219434 1250.7212304837701 
gen 114 24450 629.5358673050988 151.9423345079587 399.273308219434 1244.7965895569437 
gen 115 24660 654.7077120755097 165.77228825342257 399.273308219434 1127.7912656085143 
gen 116 24870 629.4467139409999 148.33645345084125 399.273308219434 1039.8726465393906 
gen 117 25080 701.8990019760874 202.65028337953433 399.273308219434 1429.8750173340343 
gen 118 25290 680.2063936631682 176.64317560018443 399.273308219434 1200.8230271831135 
gen 119 25500 631.1326701970412 147.79661375630118 399.273308219434 993.0505829363502 
gen 120 25710 614.4293666787172 141.44883479099585 399.273308219434 1186.0555108880862 
gen 121 25920 645.2294600025728 166.59570916137707 399.273308219434 1338.8224346808367 
gen 122 26130 618.3786123453843 130.52722613594295 399.273308219434 976.342346957224 
gen 123 26340 623.9650715464904 151.99391008102864 399.273308219434 1239.8392018912982 
gen 124 26550 657.0364028501662 160.54600390874333 399.273308219434 1074.2206683368724 
gen 125 26760 655.5933225862076 165.63839118765654 399.273308219434 1400.8333417577603 
gen 126 26970 619.5704077796423 135.1623931339801 399.273308219434 1051.1897262031632 
gen 127 27180 613.0533112736762 146.07329235126653 399.273308219434 1115.4670329498497 
gen 128 27390 604.1240184263896 134.98986221082538 399.273308219434 1241.9708895729798 
gen 129 27600 619.027730734911 138.79189262714866 399.273308219434 1008.5161686991279 
gen 130 27810 616.1232632271441 140.62402357922306 399.273308219434 1171.8154875966843 
gen 131 28020 622.9900243140856 146.23973825748868 399.273308219434 1141.5745430137292 
gen 132 28230 655.236297724056 153.9536445251284 399.273308219434 994.1224786604314 
gen 133 28440 569.2545150595251 111.51647574985319 399.273308219434 990.0887677789378 
gen 134 28650 624.2551302609711 150.76187539998344 399.273308219434 1177.616768483681 
gen 135 28860 620.8768653102132 146.6149637277642 399.273308219434 1115.0824662867676 
gen 136 29070 639.5896848622533 155.52554423218473 399.273308219434 1169.7854218574328 
gen 137 29280 636.3221243269254 156.92946896011878 399.273308219434 1375.643073408603 
gen 138 29490 605.3356529800984 125.5955756052004 399.273308219434 986.0251632502195 
gen 139 29700 628.0423125118546 156.1021582652044 399.273308219434 1262.4064774666945 
gen 140 29910 648.4337592599139 169.59876511909792 399.273308219434 1215.0546096224298 
gen 141 30120 617.2689401535737 143.31743370136124 399.273308219434 1129.4076803442083 
gen 142 30330 627.2139960867155 151.90202332361557 399.273308219434 1274.0375917592992 
gen 143 30540 607.5737661216237 135.72399428705674 399.273308219434 1110.3046427622185 
gen 144 30750 608.9356864716713 128.53979524816873 399.273308219434 937.4125772281362 
gen 145 30960 617.7543915807311 141.88857810219625 399.273308219434 1138.580584375886 
gen 146 31170 674.0879198530149 177.80973810633208 399.273308219434 1262.4301637092212 
gen 147 31380 613.0120664611258 138.7211946087386 399.273308219434 1089.3257337232899 
gen 148 31590 626.9915338810459 151.3053932993914 399.273308219434 1222.5757469954199 
gen 149 31800 640.8376333963746 158.70726927435197 399.273308219434 1117.9671427207365 
gen 150 32010 610.339186875195 134.08481488592625 399.273308219434 1118.4161350386723 
gen 151 32220 615.2590977519326 142.0112079973802 399.273308219434 1091.2674379375328 
gen 152 32430 625.7957123316315 152.59240897872613 399.273308219434 1150.8039920024003 
gen 153 32640 635.3967647359328 159.65393945675802 399.273308219434 1321.727797579958 
gen 154 32850 633.9078274071036 152.88174774510682 399.273308219434 1189.972511586217 
gen 155 33060 615.1282062442284 142.0380677285397 399.273308219434 1042.8661545882378 
gen 156 33270 610.0175691165399 134.97626936902176 399.273308219434 909.8317116665975 
gen 157 33480 593.3924768424487 131.15953353794313 399.273308219434 984.0868221084066 
gen 158 33690 611.6719168625898 136.3920709399318 399.273308219434 1116.739482013448 
gen 159 33900 603.6044365731165 144.82451981910992 399.273308219434 1257.5609876840108 
gen 160 34110 684.5616528709547 862.2296157671979 399.273308219434 15309.501355086491 
gen 161 34320 620.8374418772902 141.40003647398493 399.273308219434 1064.3986109573884 
gen 162 34530 607.8726940669693 130.77233474939297 399.273308219434 1011.7913328617391 
gen 163 34740 612.8196263170838 137.72422758708635 399.273308219434 1036.889862433067 
gen 164 34950 597.1780164793865 120.58618487684262 399.273308219434 929.9453683370349 
gen 165 35160 642.7437224754153 160.8633846040489 399.273308219434 1244.6445904337468 
gen 166 35370 622.7779446866601 143.65130549150084 399.273308219434 1111.2337271967629 
gen 167 35580 598.4266433503459 120.23384846428212 399.273308219434 952.3269922075347 
gen 168 35790 604.2301983744308 131.5094190875209 399.273308219434 1113.5934441947247 
gen 169 36000 605.8935535913616 127.85302615154554 399.273308219434 961.5872653341929 
gen 170 36210 623.3741726149586 145.54537032549348 399.273308219434 1004.2237391965508 
gen 171 36420 624.0394286089429 146.61181741541776 399.273308219434 1121.0333878607248 
gen 172 36630 657.980261081537 165.37784933631102 399.273308219434 1115.86149116333 
gen 173 36840 626.5823223730414 147.54308749795425 399.273308219434 1065.021245029013 
gen 174 37050 645.1747123677266 168.28991165965957 399.273308219434 1226.7528355523684 
gen 175 37260 612.132110840415 150.9689858689283 399.273308219434 1215.440622868128 
gen 176 37470 625.3007109126502 149.02618273469736 399.273308219434 1045.6915100666242 
gen 177 37680 635.7746973561195 158.56452988619412 399.273308219434 1474.6220201103347 
gen 178 37890 597.9597663208781 134.60465467943624 399.273308219434 1106.1854043630417 
gen 179 38100 625.2455621726408 145.10414523416813 399.273308219434 992.3559430942103 
gen 180 38310 570.348540725924 113.9252818373914 399.273308219434 965.3618157252353 
gen 181 38520 621.4003914515467 145.6629788047806 399.273308219434 1054.6553017109231 
gen 182 38730 592.8679124997536 120.44232286374931 399.273308219434 930.0425075633129 
gen 183 38940 617.672175281119 145.09112288063392 399.273308219434 1055.4195020912302 
gen 184 39150 601.2235185670116 134.64065185701645 399.273308219434 1099.7805527721766 
gen 185 39360 595.6206222378634 121.24931865223958 399.273308219434 1021.0656439749472 
gen 186 39570 632.652678241509 151.69115243094782 399.273308219434 1145.7136644822895 
gen 187 39780 587.8873544067475 129.03642378847124 399.273308219434 1118.7388308893576 
gen 188 39990 612.3995406304864 132.92017230396883 399.273308219434 1038.6547821594531 
gen 189 40200 626.0737468930221 139.6957698866061 399.273308219434 982.4631391792072 
gen 190 40410 593.8903773143086 122.4105601285133 399.273308219434 971.789173727325 
gen 191 40620 612.8450177928005 143.40111918916168 399.273308219434 1106.7632119672187 
gen 192 40830 618.4171007708014 143.95305748808497 399.273308219434 1335.3085635549337 
gen 193 41040 632.6914143634853 156.28828931412625 399.273308219434 1196.6456129615844 
gen 194 41250 613.5318015058812 133.46882517637818 399.273308219434 923.8772143879847 
gen 195 41460 635.3467769750359 150.49779854877556 399.273308219434 1042.3792215432618 
gen 196 41670 606.0292180496612 132.16568844067672 399.273308219434 1071.5117729597973 
gen 197 41880 616.7443533334763 135.70069559223506 399.273308219434 944.0693659888731 
gen 198 42090 601.9362672945728 133.03965670173474 399.273308219434 1120.4791769997396 
gen 199 42300 608.0580070991693 129.15555258881795 399.273308219434 1085.1306400475048 
gen 200 42510 599.3094408641347 129.86970457661528 399.273308219434 1028.8456416294691 
gen 201 42720 629.5946128878611 152.03641878871613 399.273308219434 1081.6708756191206 
gen 202 42930 595.93896068497 130.1278193726744 399.273308219434 1069.7555974808993 
gen 203 43140 624.0259915776176 161.02203690233313 399.273308219434 1089.1764269481357 
gen 204 43350 601.1872107900334 137.23748015862563 399.273308219434 1109.3809848912374 
gen 205 43560 618.9926403625875 139.73512063665606 399.273308219434 1045.765943992155 
gen 206 43770 639.9141904597927 171.41514046026603 399.273308219434 1325.1150310248972 
gen 207 43980 681.5296033301676 201.1965510018643 399.273308219434 1456.4756127423602 
gen 208 44190 595.8376944941858 122.41751021440422 399.273308219434 905.1896795438095 
gen 209 44400 649.9973467753849 175.77773348953153 399.273308219434 1191.209084871817 
gen 210 44610 636.6152583926813 159.98521971463364 399.273308219434 1271.429051179456 
gen 211 44820 650.545943565762 168.6264903714041 399.273308219434 1221.0033224630477 
gen 212 45030 602.5850244011936 133.18016590110415 399.273308219434 981.9800993060381 
gen 213 45240 625.7729051124751 148.16771400558986 399.273308219434 1049.6256937129338 
gen 214 45450 640.454721089078 160.56633969641635 399.273308219434 1331.8143745138293 
gen 215 45660 626.9838118702987 157.97535957758924 399.273308219434 1300.072016378523 
gen 216 45870 625.0799053327182 151.22219566844032 399.273308219434 1094.149165959901 
gen 217 46080 615.1197451462318 135.26258181869375 399.273308219434 937.0041044458151 
gen 218 46290 633.9496390198696 158.3050827400642 399.273308219434 1142.476219696371 
gen 219 46500 647.3414909053628 172.265672658097 399.273308219434 1486.1183596422175 
gen 220 46710 591.9768493877307 126.88328285379917 399.273308219434 1008.1458450624084 
gen 221 46920 613.3429508386131 137.59787962357365 399.273308219434 997.2725616120648 
gen 222 47130 627.4029440063539 151.60357502135076 399.273308219434 1153.2879457986633 
gen 223 47340 618.9075075595829 136.33982548574903 399.273308219434 986.4938038412618 
gen 224 47550 592.7571197098537 123.19175383694731 399.273308219434 921.1046105880898 
gen 225 47760 621.0636022533437 145.7944439141092 399.273308219434 1088.94649627375 
gen 226 47970 642.7050296085548 154.96739658185328 399.273308219434 1066.5201625493467 
gen 227 48180 622.1891889411095 148.47817405395293 399.273308219434 1134.0649822006644 
gen 228 48390 617.8498025749446 147.5090925817686 399.273308219434 1171.1987478869 
gen 229 48600 642.0047455917436 162.9901368843661 399.273308219434 1270.9483206026352 
gen 230 48810 600.7050367371984 127.69105382896903 399.273308219434 993.9489733479402 
gen 231 49020 617.5154846819963 138.07584927841646 399.273308219434 1031.0526656956695 
gen 232 49230 601.1889738529244 139.5637512590009 399.273308219434 1090.3628729326244 
gen 233 49440 599.7623347985017 127.71393720552963 399.273308219434 898.3040318003808 
gen 234 49650 616.2565443811753 140.94733647171688 399.273308219434 1137.469155167778 
gen 235 49860 607.133881604192 138.43197227699395 399.273308219434 1051.1582067564525 
gen 236 50070 643.0878230690938 157.10571577441527 399.273308219434 1186.3265819047472 
gen 237 50280 647.3749718842537 160.70726405453212 399.273308219434 1218.232615299166 
gen 238 50490 607.2805168444181 133.68610059367663 399.273308219434 1059.6267504757363 
gen 239 50700 626.1023793938556 147.8135858894052 399.273308219434 1046.455592484132 
gen 240 50910 609.7760897506694 140.83954217807596 399.273308219434 1290.864716082041 
gen 241 51120 626.1148903317036 165.54507993330637 399.273308219434 1314.072365697499 
gen 242 51330 666.6069716033518 184.47296250559492 399.273308219434 1164.962016915624 
gen 243 51540 607.1617910342904 140.502514910685 399.273308219434 1165.7977623671127 
gen 244 51750 611.8572605163482 148.95366541095817 399.273308219434 1445.2079404658612 
gen 245 51960 611.481265407218 146.55655570533074 399.273308219434 1183.7131091403953 
gen 246 52170 597.9457009191581 128.84874846670695 399.273308219434 977.5550303453188 
gen 247 52380 643.3922829002538 161.954623659591 399.273308219434 1140.4860544074977 
gen 248 52590 616.7183134032035 147.27691667525394 399.273308219434 1072.2695975457473 
gen 249 52800 618.2084021078862 147.3742353959261 399.273308219434 1105.7805670248697 
gen 250 53010 614.1965073371221 137.0992395355125 399.273308219434 1038.8532403495315 
gen 251 53220 611.2720326729724 145.43492737305144 399.273308219434 1364.69093765155 
gen 252 53430 654.4750377880993 172.94648288998613 399.273308219434 1143.7903326053845 
gen 253 53640 651.4330925983819 169.0153886830525 399.273308219434 1193.9899116876024 
gen 254 53850 642.2384769306753 155.0444744567586 399.273308219434 1107.951425116182 
gen 255 54060 638.3796206970244 158.04016404930707 399.273308219434 1191.1908849241013 
gen 256 54270 651.3011982232963 158.7334264945888 399.273308219434 991.1028719905324 
gen 257 54480 628.210237215764 152.08425902204542 399.273308219434 1066.7756031823742 
gen 258 54690 650.6187046675062 166.46094488020162 399.273308219434 1088.0900448715297 
gen 259 54900 644.4723816866727 168.39502917335773 399.273308219434 1176.5442855398412 
gen 260 55110 639.4826986224116 154.33747584898887 399.273308219434 1076.6572386147789 
gen 261 55320 647.1535652915941 167.00956873718746 399.273308219434 1250.2008480516906 
gen 262 55530 646.4550166942832 161.74654615076037 399.273308219434 1238.175832373315 
gen 263 55740 644.2098734924992 165.1431980212806 399.273308219434 1152.795777711171 
gen 264 55950 630.8630334952173 160.0358075059985 399.273308219434 1145.1852105395767 
gen 265 56160 625.9613404467174 160.77288910669932 399.273308219434 1218.8036958811465 
gen 266 56370 625.731937203631 142.89225058634602 399.273308219434 961.440607480863 
gen 267 56580 578.9904544264856 113.39153072562586 399.273308219434 859.0084712599341 
gen 268 56790 642.341118484569 155.52121764590706 399.273308219434 1232.114984600263 
gen 269 57000 589.5200258069341 127.5509125719414 399.273308219434 983.0620254297414 
gen 270 57210 584.8252243689954 119.0098240314843 399.273308219434 946.4521247137137 
gen 271 57420 645.2237808587068 156.13174660208273 399.273308219434 1116.2526388082792 
gen 272 57630 622.6793839407134 144.92008126536012 399.273308219434 990.4177754185886 
gen 273 57840 594.8789159690353 129.15086863961082 399.273308219434 996.5250527414195 
gen 274 58050 624.631725399967 143.25469407012204 399.273308219434 987.4328270675143 
gen 275 58260 620.0199568876056 137.89086053267366 399.273308219434 967.4388120891097 
gen 276 58470 622.6429421936493 146.5007717086199 399.273308219434 1011.5556805409356 
gen 277 58680 624.4275595038421 139.5874271272844 399.273308219434 1028.6504826325104 
gen 278 58890 616.2571444202546 143.5159344903929 399.273308219434 1080.3349755609756 
gen 279 59100 614.1748125537154 136.8781814204017 399.273308219434 922.1522593370603 
gen 280 59310 623.445137355688 163.009238789827 399.273308219434 1294.141058398726 
gen 281 59520 605.3427849899591 129.12064024069193 399.273308219434 921.9356478796503 
gen 282 59730 605.2145308014893 136.17231925461334 399.273308219434 928.9309700580081 
gen 283 59940 678.3200020162517 191.22647829466723 399.273308219434 1375.2502655806838 
gen 284 60150 643.1251335593178 161.62927974788627 399.273308219434 1066.2299887447816 
gen 285 60360 632.0764849995651 150.45479067999278 399.273308219434 1243.4211840679047 
gen 286 60570 642.0517057898031 166.8707427762877 399.273308219434 1183.9718628878522 
gen 287 60780 630.4884668728545 152.04904927769365 399.273308219434 1122.6978755482062 
gen 288 60990 605.6962016104376 140.34738976516812 399.273308219434 1050.606229345243 
gen 289 61200 616.7542173892917 144.85274360384088 399.273308219434 1153.7339898290074 
gen 290 61410 638.2014356324637 158.38794779013583 399.273308219434 1110.2314372449644 
gen 291 61620 639.6609166280358 158.57694465284288 399.273308219434 1154.7950614883473 
gen 292 61830 625.9568481639645 155.95237744133522 399.273308219434 1302.4027992191693 
gen 293 62040 616.4903195689241 145.40420913804525 399.273308219434 988.5335581372542 
gen 294 62250 623.5044115083772 141.76734195264936 399.273308219434 999.704359986511 
gen 295 62460 628.4545528081516 153.2359819602237 399.273308219434 1003.3823104040712 
gen 296 62670 622.5795870826374 146.29008071303141 399.273308219434 1018.4844774964604 
gen 297 62880 636.3688859687426 155.52120971724452 399.273308219434 1116.93134699836 
gen 298 63090 606.2554322713274 142.56639034999728 399.273308219434 1042.1640687908414 
gen 299 63300 634.7994773226561 152.00474559738336 399.273308219434 1074.438890844093 
gen 300 63510 645.2499214633499 160.68075738021395 399.273308219434 1068.891267626531 
gen 301 63720 632.4660868012562 145.8899552435071 399.273308219434 957.0827024526848 
gen 302 63930 660.907505984622 162.74430937725324 399.273308219434 1006.2693672333751 
gen 303 64140 633.8336803185491 146.27710387469344 399.273308219434 1033.998792420902 
gen 304 64350 630.8465724665419 151.11083595682533 399.273308219434 1224.232219111962 
gen 305 64560 605.5733917703377 129.42541736640607 399.273308219434 891.4120441989703 
gen 306 64770 593.8373997936691 118.48539910924622 399.273308219434 876.4676282384434 
gen 307 64980 567.197644320081 109.02245470572845 399.273308219434 889.0186691030742 
gen 308 65190 626.1973419848197 146.39303505381713 399.273308219434 993.3696265766573 
gen 309 65400 628.3336499896058 162.47958328558826 399.273308219434 1459.3864626123577 
gen 310 65610 641.3296133276023 164.1348285091041 399.273308219434 1082.1431668438709 
gen 311 65820 607.8089380399277 141.04814832760124 399.273308219434 1030.4349725024965 
gen 312 66030 619.9638691098196 152.89494502268258 399.273308219434 1147.346807201959 
gen 313 66240 627.9004116747781 153.6638973984058 399.273308219434 1097.7591352028805 
gen 314 66450 610.4062990346048 136.4074570602139 399.273308219434 1059.1440229680416 
gen 315 66660 606.7475839303054 132.68382914068664 399.273308219434 978.8160280249075 
gen 316 66870 607.5097599439938 136.20397797040067 399.273308219434 966.1453900879712 
gen 317 67080 605.2909593036242 138.85803629101224 399.273308219434 1366.3294397736947 
gen 318 67290 608.8814054194653 143.3198514759369 399.273308219434 1192.4712493151976 
gen 319 67500 647.9925615066697 168.3325693989155 399.273308219434 1189.1001856330217 
gen 320 67710 641.0995421489448 160.8096493260819 399.273308219434 1079.113404833492 
gen 321 67920 639.0067206495216 168.35445628063547 399.273308219434 1444.6263795490347 
gen 322 68130 658.8083994585309 182.24858329543937 399.273308219434 1424.633492891242 
gen 323 68340 638.5996635344192 160.5054594162142 399.273308219434 1205.0723292627795 
gen 324 68550 620.9914582518983 146.37545037654814 399.273308219434 1045.1479377438095 
gen 325 68760 620.6399083796227 143.73930810241774 399.273308219434 1021.0469600763672 
gen 326 68970 636.383286500677 163.43502481157182 399.273308219434 1118.5022614694926 
gen 327 69180 637.243515506389 164.44340559945587 399.273308219434 1112.1684376263916 
gen 328 69390 628.7368518726526 153.50056637723884 399.273308219434 989.174850779261 
gen 329 69600 619.3675324077576 148.60161920419526 399.273308219434 1109.4241821412534 
gen 330 69810 620.4649471282005 150.19285063802434 399.273308219434 1163.434466546126 
gen 331 70020 625.5850073919934 152.5611698373103 399.273308219434 1068.9581248950801 
gen 332 70230 606.1292040669204 138.1436870412635 399.273308219434 1150.1851979993494 
gen 333 70440 614.3520063259443 142.87510754793107 399.273308219434 1019.0450718258529 
gen 334 70650 639.0671038052112 156.0858547920282 399.273308219434 1239.249181517279 
gen 335 70860 619.1895432902691 155.01537770106813 399.273308219434 1260.1617551786535 
gen 336 71070 639.7341887013323 168.51320194298674 399.273308219434 1228.962798956539 
gen 337 71280 639.5055347518245 158.4837583818839 399.273308219434 1091.5754910675926 
gen 338 71490 643.6963668656362 169.0215009517444 399.273308219434 1133.3474443532746 
gen 339 71700 621.164106163476 147.80430417564367 399.273308219434 1103.8737925583357 
gen 340 71910 614.8730782178629 152.04867314399775 399.273308219434 1111.031906375465 
gen 341 72120 623.8085687312786 151.0684488705121 399.273308219434 1201.58930236357 
gen 342 72330 640.1887064308729 159.58082359281397 399.273308219434 1095.3208997744296 
gen 343 72540 625.6682466435341 156.18474834724893 399.273308219434 1188.4037506616423 
gen 344 72750 630.73959688835 156.59902898222427 399.273308219434 1159.929114143407 
gen 345 72960 612.7467226335327 152.08628273344442 399.273308219434 1144.3122617101233 
gen 346 73170 626.8012328080296 159.8703858919543 399.273308219434 1114.2039681927502 
gen 347 73380 597.317099855427 127.24915209901971 399.273308219434 1068.7909616383906 
gen 348 73590 601.9378468402888 140.1881854869243 399.273308219434 1077.216875688635 
gen 349 73800 624.8478617300851 153.00006038456698 399.273308219434 1193.6465961493361 
gen 350 74010 667.5930667385517 190.4380957956933 399.273308219434 1411.403829944645 
gen 351 74220 650.4742357894091 171.75981771818672 399.273308219434 1327.551035333106 
gen 352 74430 573.0738991816361 115.1538537098087 399.273308219434 979.9800734204548 
gen 353 74640 623.8820346156828 153.00744459052035 399.273308219434 1233.6077402162205 
gen 354 74850 622.219453945727 151.24257257246921 399.273308219434 1270.4518098834744 
gen 355 75060 612.7868705729832 138.51738778545968 399.273308219434 982.2996118190046 
gen 356 75270 618.8961156836924 145.78588643291945 399.273308219434 1108.475927580215 
gen 357 75480 618.1594031491245 148.85458967839747 399.273308219434 1125.5383430887969 
gen 358 75690 628.5692170678147 152.33775984560927 399.273308219434 1235.1665528999392 
gen 359 75900 619.8959240803179 146.00069511303178 399.273308219434 1170.9090647261398 
gen 360 76110 618.9616611462978 150.03119982085184 399.273308219434 1119.2268665475663 
gen 361 76320 615.5753238675309 146.73997039338514 399.273308219434 1062.4771876558293 
gen 362 76530 621.5568379770666 147.12964303797403 399.273308219434 1079.0843652922483 
gen 363 76740 635.0344964726665 169.59915645467834 399.273308219434 1742.2357508133832 
gen 364 76950 643.3870715183875 161.00682553571735 399.273308219434 1110.214306456188 
gen 365 77160 623.7951480773555 152.8088004944825 399.273308219434 1247.7588056211432 
gen 366 77370 648.6409327099125 160.49912184892145 399.273308219434 1095.5096164801857 
gen 367 77580 632.4864660716385 154.2806267977054 399.273308219434 1105.6885492909025 
gen 368 77790 629.2417457465401 155.97183742834687 399.273308219434 1191.2208061093415 
gen 369 78000 625.2286323523155 151.06377542160294 399.273308219434 1211.7722321194317 
gen 370 78210 636.139718700626 153.74648426371695 399.273308219434 1216.9661982839325 
gen 371 78420 612.7690090941261 145.7342538034166 399.273308219434 1042.1057675407876 
gen 372 78630 634.1290137071888 158.46710080351286 399.273308219434 1122.7735563789336 
gen 373 78840 617.5148246790867 147.48170217625213 399.273308219434 1122.9871886854753 
gen 374 79050 657.2356494196966 172.31710562057145 399.273308219434 1071.3627270391416 
gen 375 79260 631.7350648366909 152.98609908211407 399.273308219434 1007.5691685881619 
gen 376 79470 632.9377896966957 155.42640122548025 399.273308219434 1099.9289885939486 
gen 377 79680 641.2573997219896 169.52051559952838 399.273308219434 1240.6194321359123 
gen 378 79890 625.8815177411842 145.1218922176089 399.273308219434 1089.4524962802136 
gen 379 80100 621.8917240863314 144.10801296735355 399.273308219434 955.5804162053499 
gen 380 80310 639.9035645600844 163.97337490085621 399.273308219434 1227.9575595608428 
gen 381 80520 637.1817108708871 161.5281770449849 399.273308219434 1078.0019534399526 
gen 382 80730 632.4142960559276 154.4956509369735 399.273308219434 1119.9249557977005 
gen 383 80940 637.2053418608047 161.59946750670912 399.273308219434 1103.129218761611 
gen 384 81150 651.1708151390878 172.80277320223925 399.273308219434 1088.6208437823911 
gen 385 81360 683.1241930481208 196.917917499103 399.273308219434 1354.6725317776607 
gen 386 81570 640.3598996220867 167.11787288722894 399.273308219434 1246.0153541496427 
gen 387 81780 644.4478082157136 165.71047685132814 399.273308219434 1102.2094371962853 
gen 388 81990 629.5145457804779 161.02084925092495 399.273308219434 1312.342736636176 
gen 389 82200 629.4500299333711 161.96226724656162 399.273308219434 1264.2295759627204 
gen 390 82410 616.5888766155234 148.0382553323002 399.273308219434 1119.8681288150476 
gen 391 82620 610.3236607962734 133.20795916883233 399.273308219434 1028.6832296711862 
gen 392 82830 634.5356725615407 156.33749198922422 399.273308219434 994.9204932575224 
gen 393 83040 646.8516097634235 167.9787284609723 399.273308219434 1147.2125888097105 
gen 394 83250 626.7728781273469 149.04053577587618 399.273308219434 1069.9368574668251 
gen 395 83460 630.0809268639478 157.6285027807634 399.273308219434 1079.1437265529312 
gen 396 83670 651.016879159124 164.88214685113576 399.273308219434 1094.188907052335 
gen 397 83880 643.5919992978312 170.52491043223566 399.273308219434 1412.6016303888375 
gen 398 84090 624.0227578133447 156.1181149031045 399.273308219434 1258.4772658789557 
gen 399 84300 625.7261534812209 149.04594731108554 399.273308219434 1046.4702102131423 
gen 400 84510 622.6529279247126 144.38496190408048 399.273308219434 992.3705902606724 
[3, 0, 5, 2, 10, 7, 1, 9, 4, 6, 8, 0, 1, 3, 2, 8, 10, 7, 6, 4, 5, 9, 7, 0, 5, 10, 3, 1, 8, 4, 6, 9, 2, 3, 10, 9, 0, 7, 1, 4, 5, 8, 6, 2, 0, 8, 1, 7, 3, 4, 10, 6, 9, 5, 2, 0, 2, 1, 4, 3, 6, 8, 7, 10, 9, 5, 2, 6, 9, 7, 5, 8, 4, 10, 0, 3, 1, 1, 10, 6, 4, 8, 0, 3, 9, 7, 5, 2, 3, 5, 2, 7, 10, 8, 4, 1, 6, 9, 0, 6, 0, 10, 8, 3, 5, 4, 9, 1, 7, 2, 0, 9, 10, 3, 4, 8, 1, 7, 6, 5, 2]
min  399.273308219434
NFE 84720
runTime 1773.8458938598633
