gen 0 510 607.3433496724901 72.46325386915056 386.8446965453328 937.0034034968369 
gen 1 720 590.8174421340792 87.20166329234964 386.8446965453328 943.6926925907377 
gen 2 930 627.1283869450823 116.20762374289255 386.8446965453328 1035.020171089607 
gen 3 1140 724.5569314901593 163.89010355895687 386.8446965453328 1133.898276203674 
gen 4 1350 691.7568554220862 146.4328570422925 386.8446965453328 1029.7991042503215 
gen 5 1560 678.7671275794019 155.64014517601282 386.8446965453328 1064.784250167468 
gen 6 1770 742.5130706871927 195.12471757271825 386.8446965453328 1329.3821979887718 
gen 7 1980 755.7070120152654 194.32562446569005 386.8446965453328 1303.0527307324157 
gen 8 2190 758.8381745675042 197.77787174419248 386.8446965453328 1261.3140709753136 
gen 9 2400 764.0218076106477 200.72441201379885 386.8446965453328 1291.329591930242 
gen 10 2610 757.2405601484973 189.18880936882252 386.8446965453328 1184.3011693776034 
gen 11 2820 754.8696823084025 191.98051128494117 386.8446965453328 1225.0428514763867 
gen 12 3030 782.503189908183 214.62481268069146 386.8446965453328 1396.5669912772858 
gen 13 3240 776.8483606216254 208.16459100048348 386.8446965453328 1483.6953597963259 
gen 14 3450 793.6774909188317 224.557437901603 386.8446965453328 1535.9406289398223 
gen 15 3660 778.2075014113378 211.27215950432935 386.8446965453328 1267.7628110323858 
gen 16 3870 761.7001114971159 199.17837220467555 386.8446965453328 1477.6436129701601 
gen 17 4080 652.929286568932 143.29131260014256 386.8446965453328 1210.7221691893064 
gen 18 4290 710.254459093589 170.5356295074174 386.8446965453328 1160.5416192370562 
gen 19 4500 699.0942901953448 156.65986540528104 386.8446965453328 1075.851220028723 
gen 20 4710 599.4732448013699 97.57682454631075 386.8446965453328 917.2441732993553 
gen 21 4920 660.3786095769177 150.5903069569153 386.8446965453328 1275.2227381075847 
gen 22 5130 680.3284999024804 157.7388655742438 386.8446965453328 1253.6293595515413 
gen 23 5340 616.4259630831266 122.85308746224263 386.8446965453328 1116.119493233548 
gen 24 5550 596.7240550174298 102.83481710328319 386.8446965453328 947.296331387018 
gen 25 5760 613.7660136012471 113.48528672604755 386.8446965453328 937.9600163451428 
gen 26 5970 588.4650187566234 96.16658263736652 386.8446965453328 866.2375811517572 
gen 27 6180 595.0766820656186 98.18107675360288 386.8446965453328 883.9582404053155 
gen 28 6390 589.7630548003814 111.80968378791708 386.8446965453328 963.8756256327938 
gen 29 6600 668.6290021774302 166.48867397354263 386.8446965453328 1267.780428382832 
gen 30 6810 674.2582336465026 162.2779403626146 386.8446965453328 1179.892691408184 
gen 31 7020 613.9711353077305 122.87301754623195 386.8446965453328 992.1090405679715 
gen 32 7230 677.7702327620199 173.9380129307722 386.8446965453328 1352.5603914653384 
gen 33 7440 656.3328533300653 151.35646024070502 386.8446965453328 1167.7447433327773 
gen 34 7650 657.5919814179166 156.94938351264878 386.8446965453328 1156.0336516082602 
gen 35 7860 644.0576798297686 146.28351388750434 386.8446965453328 1086.9820137803213 
gen 36 8070 662.5501797740907 157.34729169773402 386.8446965453328 1097.1601899802724 
gen 37 8280 691.6035348616805 177.30220612243266 386.8446965453328 1263.1188189410896 
gen 38 8490 684.6390591605099 171.7961268923561 386.8446965453328 1234.5373468702862 
gen 39 8700 661.4408010172604 161.04865021280642 386.8446965453328 1267.5148849745322 
gen 40 8910 693.2718910461882 173.99568378970537 386.8446965453328 1243.9131956761398 
gen 41 9120 665.4051769191805 151.90010350483107 386.8446965453328 1116.3609294934495 
gen 42 9330 607.4022914833564 129.98093704861648 386.8446965453328 1066.0806053329952 
gen 43 9540 654.621275280125 143.1758370497161 386.8446965453328 1024.5643408399583 
gen 44 9750 658.2677935770935 157.94120870325185 386.8446965453328 1314.9379027815594 
gen 45 9960 610.6582013103673 123.64736059261888 386.8446965453328 943.9185406458882 
gen 46 10170 589.5746194717063 112.91683118011642 386.8446965453328 933.1115142795936 
gen 47 10380 624.939251025969 132.16739608850375 386.8446965453328 1199.6349224111962 
gen 48 10590 634.4866218742051 137.16012073832113 386.8446965453328 1000.2081322739757 
gen 49 10800 627.8982837480764 137.13966864781315 386.8446965453328 1159.0696350657417 
gen 50 11010 632.3676167301571 156.98923514609163 386.8446965453328 1519.4813407976926 
gen 51 11220 641.579480517638 152.1452732875636 386.8446965453328 1226.806847432331 
gen 52 11430 625.8347614577522 132.2688787637697 386.8446965453328 1004.1864464712577 
gen 53 11640 622.6051993048472 140.75481937808456 386.8446965453328 1096.6916700321551 
gen 54 11850 639.431835462289 140.1766189936758 386.8446965453328 1017.5799432671743 
gen 55 12060 625.9369902479914 143.11367104620476 386.8446965453328 1430.0359998740344 
gen 56 12270 625.4237459684872 139.39552238883252 386.8446965453328 1083.8205888877053 
gen 57 12480 609.2295123618956 120.00565816040788 386.8446965453328 980.1595418362208 
gen 58 12690 607.7785056634004 129.7190937398984 386.8446965453328 1052.8668374347528 
gen 59 12900 624.2778212274318 139.6820586901553 386.8446965453328 1025.4622820165134 
gen 60 13110 589.0232358193097 120.25724618041554 386.8446965453328 1060.8742418887614 
gen 61 13320 635.6129442979403 150.9220284585633 386.8446965453328 1147.3741960583945 
gen 62 13530 654.9073576468887 152.1529081158878 386.8446965453328 1067.849352027339 
gen 63 13740 605.2992903945967 135.84913982185526 386.8446965453328 1337.9006116367254 
gen 64 13950 617.3171543462208 126.59654028788691 386.8446965453328 1031.154673723072 
gen 65 14160 655.9007610737476 165.65445044246164 386.8446965453328 1171.1706701225382 
gen 66 14370 693.1998655734513 190.225178983664 386.8446965453328 1428.6718280501877 
gen 67 14580 623.1182891454645 133.50299460649944 386.8446965453328 1027.9767213194946 
gen 68 14790 635.6005165649274 148.59435758666078 386.8446965453328 1044.98829498794 
gen 69 15000 666.4279813046837 169.29191311343416 386.8446965453328 1375.0494588956435 
gen 70 15210 625.3224993958146 147.94388185691164 386.8446965453328 1078.3484992529905 
gen 71 15420 568.2566636393932 85.05023159966352 386.8446965453328 924.8013630054498 
gen 72 15630 577.5309252832333 93.18521215208546 386.8446965453328 814.1918040528551 
gen 73 15840 600.8322931650537 115.04050812846681 386.8446965453328 1001.0411723138493 
gen 74 16050 615.4923752780862 120.78058542775644 386.8446965453328 909.8038816543533 
gen 75 16260 596.0801520628738 123.58598608859621 386.8446965453328 1013.4521562122699 
gen 76 16470 644.4431550623591 149.23430296515298 386.8446965453328 1076.5976651364726 
gen 77 16680 707.840763254357 184.87914209032036 386.8446965453328 1210.0750402935032 
gen 78 16890 744.8580234135734 209.50781667081708 386.8446965453328 1200.2596817567176 
gen 79 17100 613.3290273681865 133.41885932579052 386.8446965453328 1068.6643994167375 
gen 80 17310 656.9941461490882 161.89972904968693 386.8446965453328 1257.7897912079275 
gen 81 17520 619.108700612718 141.21172375538848 386.8446965453328 1123.6966541766053 
gen 82 17730 614.0488015085162 131.6864045285552 386.8446965453328 1010.041830516738 
gen 83 17940 651.9435700178349 153.03767000173738 386.8446965453328 1095.1492638125085 
gen 84 18150 593.0441113517461 110.5013490117727 386.8446965453328 884.6970645956449 
gen 85 18360 579.83598985805 109.4305858571607 386.8446965453328 971.9064958326691 
gen 86 18570 631.1374690223774 154.53570132848057 386.8446965453328 1294.7191690194597 
gen 87 18780 615.6771506719398 137.94294608347076 386.8446965453328 1053.0178413211565 
gen 88 18990 601.4849135678145 114.9308446081216 386.8446965453328 888.3784517653017 
gen 89 19200 631.7221466131778 148.34600432433768 386.8446965453328 1730.0450353033102 
gen 90 19410 710.8197580532609 206.28303974896443 386.8446965453328 1218.1685033554904 
gen 91 19620 707.6418576369613 190.22098945019664 386.8446965453328 1252.047031725879 
gen 92 19830 667.6223201906236 172.66703078588694 386.8446965453328 1105.9208529675652 
gen 93 20040 643.4352524537463 135.28862973162603 386.8446965453328 1208.2826265415708 
gen 94 20250 604.5724823016801 113.80577796568852 386.8446965453328 961.1180248185615 
gen 95 20460 654.6699558606499 147.11319092108414 386.8446965453328 1048.2107183529492 
gen 96 20670 660.7824320650545 153.89522878772215 386.8446965453328 1030.598344242637 
gen 97 20880 657.1688385873196 145.41478287866215 386.8446965453328 972.041078251466 
gen 98 21090 691.9225791637472 163.13701154227573 386.8446965453328 1005.894691814886 
gen 99 21300 661.1540998654312 147.74746665822985 386.8446965453328 989.9498122331087 
gen 100 21510 665.8136004021696 147.7604219385842 386.8446965453328 974.1498110391683 
gen 101 21720 665.6042037988416 158.21840784507384 386.8446965453328 1082.8009954383247 
gen 102 21930 655.2346693727902 151.79641571824024 386.8446965453328 1087.1430426378658 
gen 103 22140 672.8439234270901 155.1538601058791 386.8446965453328 1112.7190675490015 
gen 104 22350 598.8024838636162 108.64257220140449 386.8446965453328 902.3087885293661 
gen 105 22560 655.0113391150896 148.6833084931577 386.8446965453328 1123.9528039635227 
gen 106 22770 611.6726730689952 122.55432651746575 386.8446965453328 983.5417783149251 
gen 107 22980 691.6710321285278 177.6956621879535 386.8446965453328 1191.0706754183616 
gen 108 23190 629.0753701685711 131.24882572224882 386.8446965453328 1002.9837922755496 
gen 109 23400 641.4169821735746 142.73990661814537 386.8446965453328 1050.9099626729014 
gen 110 23610 692.2249272109665 172.61279493358305 386.8446965453328 1049.426380463061 
gen 111 23820 661.1146944213738 153.20306497081168 386.8446965453328 1188.8988159443606 
gen 112 24030 663.8326364202534 149.3235203146909 386.8446965453328 994.0928212623849 
gen 113 24240 720.2777352431863 194.10105631450986 386.8446965453328 1115.9555690193124 
gen 114 24450 641.7815966674472 141.57101656624323 386.8446965453328 966.4233936889696 
gen 115 24660 650.4942727179878 141.25345573444739 386.8446965453328 978.5955646595717 
gen 116 24870 605.7388617647987 121.41280996939848 386.8446965453328 980.511767766146 
gen 117 25080 611.5804893899519 134.63638723833878 386.8446965453328 952.7512659901504 
gen 118 25290 621.1037279783303 140.55040086618607 386.8446965453328 1151.1965488860778 
gen 119 25500 632.0945465454494 148.50840886774915 386.8446965453328 1097.9962218721312 
gen 120 25710 597.4467234486332 131.97320394652073 386.8446965453328 1078.037522161823 
gen 121 25920 636.316812096753 157.52177387605755 386.8446965453328 1038.0269414000336 
gen 122 26130 548.9186571874637 89.79180799689865 386.8446965453328 826.3834681356473 
gen 123 26340 580.6107180931514 109.71909963797346 386.8446965453328 907.3639615854096 
gen 124 26550 597.2423637558991 125.6046807244484 386.8446965453328 1022.0326083058667 
gen 125 26760 592.2842369923195 131.20499464807358 386.8446965453328 1041.0742000837463 
gen 126 26970 644.5555294765709 164.6331162331493 386.8446965453328 1127.583149009145 
gen 127 27180 655.5771208097294 171.3449598183945 386.8446965453328 1456.4060547421122 
gen 128 27390 598.6810446529669 131.47511938749224 386.8446965453328 1582.4163109987023 
gen 129 27600 607.4562003862477 122.11997629256798 386.8446965453328 922.6674894509484 
gen 130 27810 598.3164349074012 117.26768935156568 386.8446965453328 918.631878607912 
gen 131 28020 561.9427934784302 98.48296674972633 386.8446965453328 907.5356184399119 
gen 132 28230 577.602261429549 107.47245962065604 386.8446965453328 914.2830026246309 
gen 133 28440 543.6813212671981 82.6929428038927 386.8446965453328 755.7028075882154 
gen 134 28650 615.8202399903056 144.11950605345118 386.8446965453328 1046.470232624338 
gen 135 28860 579.8426876578283 115.4557006599518 386.8446965453328 923.7787739907127 
gen 136 29070 609.2126298190835 132.56773102799113 386.8446965453328 1055.435053705326 
gen 137 29280 614.993872253559 133.20435730362595 386.8446965453328 954.3851905935379 
gen 138 29490 561.2829324991433 105.21787031618116 386.8446965453328 899.3804638157694 
gen 139 29700 591.9058382658666 118.71734651915578 386.8446965453328 886.4904373512474 
gen 140 29910 628.3404737761047 140.44977465913854 386.8446965453328 936.0093203056101 
gen 141 30120 628.5168194692368 144.62230635646458 386.8446965453328 996.1763862974105 
gen 142 30330 590.6425596854712 117.57081435578074 386.8446965453328 977.5976106963445 
gen 143 30540 586.690061760372 127.57560720155605 386.8446965453328 955.4898457788014 
gen 144 30750 628.5011305038718 140.4111487286786 386.8446965453328 960.607133900783 
gen 145 30960 581.0724263707913 107.62247848022561 386.8446965453328 1120.173600788796 
gen 146 31170 642.098903248978 145.5329983342564 386.8446965453328 987.0549594237157 
gen 147 31380 645.0264316260083 150.5114887648663 386.8446965453328 1036.9536898667968 
gen 148 31590 616.7767909038301 129.24067329787567 386.8446965453328 945.5408368257793 
gen 149 31800 568.7897237296285 105.01075452451231 386.8446965453328 871.5180435720871 
gen 150 32010 667.058455258571 158.52668977227876 386.8446965453328 1049.0579504588493 
gen 151 32220 655.6730123660074 158.7485672699888 386.8446965453328 1081.3133016295615 
gen 152 32430 666.5682531348833 162.71717547724086 386.8446965453328 1034.2669926924787 
gen 153 32640 535.160753989438 77.6860864592506 386.8446965453328 781.1345963383493 
gen 154 32850 558.2433968011031 90.65142538402048 386.8446965453328 862.5102867537106 
gen 155 33060 586.4184154510667 105.32389188820905 386.8446965453328 881.2228358978234 
gen 156 33270 548.7603529326842 82.47322226592755 386.8446965453328 803.745951717416 
gen 157 33480 526.7450617925236 78.7504229933526 386.8446965453328 815.7766995646737 
gen 158 33690 580.4804695883739 120.19985013671125 386.8446965453328 973.130047500487 
gen 159 33900 583.9982106483291 120.32945283462034 386.8446965453328 964.3644648728007 
gen 160 34110 629.8991690447466 166.20318798737745 386.8446965453328 1408.6088122670137 
gen 161 34320 626.8944595941831 153.45216715431644 386.8446965453328 1049.4274802025407 
gen 162 34530 617.1733898678784 148.68760453798063 386.8446965453328 1141.2987299521026 
gen 163 34740 626.2961431144182 158.2732278892616 386.8446965453328 1085.1698473414208 
gen 164 34950 628.700134768838 163.44052053418565 386.8446965453328 1605.6714768868696 
gen 165 35160 638.3091526349912 171.07177089632307 386.8446965453328 1182.1153772293283 
gen 166 35370 632.582148651984 140.75817118612713 386.8446965453328 950.7391521373663 
gen 167 35580 630.815090523442 143.94874883139266 386.8446965453328 968.3071302808381 
gen 168 35790 616.8347865631886 133.5935679594347 386.8446965453328 980.3175500091733 
gen 169 36000 652.637887670991 157.30068982904055 386.8446965453328 1113.5902308707598 
gen 170 36210 628.8976020303274 141.62029115389106 386.8446965453328 993.6685288110657 
gen 171 36420 606.390784621368 145.27781955550464 386.8446965453328 1168.6018026377847 
gen 172 36630 577.5399067169914 122.44928031567461 386.8446965453328 1035.1212794007922 
gen 173 36840 581.1771939492369 119.57636340802485 386.8446965453328 1286.527482853991 
gen 174 37050 600.9078055103062 136.4544883367718 386.8446965453328 1084.4533965333403 
gen 175 37260 555.684648631907 98.91807737201518 386.8446965453328 884.5422900362217 
gen 176 37470 616.3318407076324 134.45535546322608 386.8446965453328 1010.7846753949908 
gen 177 37680 574.9473611616675 105.96382959530898 386.8446965453328 838.5730139832137 
gen 178 37890 595.1157920764781 131.14279800728593 386.8446965453328 992.460159499431 
gen 179 38100 617.4426117678512 150.4934171337908 386.8446965453328 1067.022240911161 
gen 180 38310 624.2579975319726 153.90480029787182 386.8446965453328 1168.838545221078 
gen 181 38520 629.2853778554468 157.98199946349087 386.8446965453328 1082.3057919691619 
gen 182 38730 653.4126099612945 176.51347609410095 386.8446965453328 1091.3149229343207 
gen 183 38940 677.6812919090755 192.0788354557818 386.8446965453328 1298.3382473086756 
gen 184 39150 619.9883140416988 156.62309472375048 386.8446965453328 1060.7630041708917 
gen 185 39360 626.2548042604617 170.5978051028298 386.8446965453328 1652.0352739299788 
gen 186 39570 658.5322786458776 183.8429143009841 386.8446965453328 1275.3467075386939 
gen 187 39780 648.8616522959276 173.31462166179932 386.8446965453328 1231.829178796142 
gen 188 39990 611.9447787092336 147.46307371850844 386.8446965453328 1308.0710647481249 
gen 189 40200 601.7708852756315 139.27414546244492 386.8446965453328 925.8269594345008 
gen 190 40410 607.0856897075779 147.2037933456582 386.8446965453328 1051.1846072688886 
gen 191 40620 604.7500944858715 140.78691931267207 386.8446965453328 1038.169591643147 
gen 192 40830 607.564181280019 149.6912137536549 386.8446965453328 1058.3211857832598 
gen 193 41040 551.6584648990037 104.29448822973251 386.8446965453328 873.7622148312153 
gen 194 41250 645.1388535766713 206.12817291523092 386.8446965453328 2657.7468527460724 
gen 195 41460 588.3107808594792 132.93232572973344 386.8446965453328 1134.8322697578758 
gen 196 41670 595.7269402605987 122.10648966871099 386.8446965453328 879.9195808054975 
gen 197 41880 603.4069527202026 140.35521356689492 386.8446965453328 1202.4792495209324 
gen 198 42090 582.543738907406 128.27067437531304 386.8446965453328 945.1683218052972 
gen 199 42300 627.3219212099301 167.8945209438959 386.8446965453328 1737.5877348766835 
gen 200 42510 612.6568342701435 156.71606481911604 386.8446965453328 1294.8094271907241 
gen 201 42720 589.683326753451 140.5212684270622 385.52169056852756 1105.6464608867059 
gen 202 42930 596.4868729433889 130.95741908756906 385.52169056852756 1097.5703922158932 
gen 203 43140 581.5015126893653 123.20182239329309 385.52169056852756 1062.6733929968907 
gen 204 43350 580.9315630193581 127.13410115247136 385.52169056852756 976.8680988000795 
gen 205 43560 580.8904476105004 122.77463102378569 385.52169056852756 1015.2165039365246 
gen 206 43770 570.1283276613702 116.57687262669192 385.52169056852756 1013.2057945397341 
gen 207 43980 555.3478394515455 102.21399847334511 385.52169056852756 831.0135523837291 
gen 208 44190 579.0432842229159 114.57339118660346 385.52169056852756 871.8419421629649 
gen 209 44400 593.197145450293 133.35771786046072 385.52169056852756 946.0448037384358 
gen 210 44610 609.6806691311141 143.1468315084647 385.52169056852756 1050.8079557736526 
gen 211 44820 596.019806147211 134.2256662015536 385.52169056852756 983.0728582563523 
gen 212 45030 612.3348505207713 151.52966309095365 385.52169056852756 1156.9527180197101 
gen 213 45240 608.4077732694291 150.9577083431 385.52169056852756 1319.6695441564027 
gen 214 45450 615.5833506132685 151.22687701117118 385.52169056852756 1109.0816886331902 
gen 215 45660 632.7645043292717 161.09961503392887 385.52169056852756 1254.8759009788298 
gen 216 45870 598.1821781609904 140.34479873760048 385.52169056852756 1042.3812150115539 
gen 217 46080 609.0966503743797 142.89007574478086 385.52169056852756 1075.3169838988765 
gen 218 46290 622.9069372738154 151.04467410700528 385.52169056852756 1053.0909922712483 
gen 219 46500 609.9232998613609 139.21878192913903 385.52169056852756 997.7450311385026 
gen 220 46710 596.1246185421045 143.28113997769537 385.52169056852756 1037.9306659852043 
gen 221 46920 636.150659786935 154.79618433899915 385.52169056852756 987.2702575948738 
gen 222 47130 600.3976418322558 132.59161421375902 385.52169056852756 993.3360024637691 
gen 223 47340 585.450262336068 133.32268480874794 385.52169056852756 1446.3967400422207 
gen 224 47550 608.4934351455499 146.11067637554135 385.52169056852756 1044.6683821715833 
gen 225 47760 597.4743897403092 135.6017164187181 385.52169056852756 982.345094294182 
gen 226 47970 617.8206271638213 146.72471410292715 385.52169056852756 923.7415896181702 
gen 227 48180 587.8752195028828 133.65910753979304 385.52169056852756 1035.1507551796344 
gen 228 48390 602.8673367914728 138.3542454840763 385.52169056852756 1039.0716011629418 
gen 229 48600 603.0211761667515 142.19425721324288 385.52169056852756 999.3470888842987 
gen 230 48810 602.4427633674917 143.91501385768842 385.52169056852756 1107.8239442490756 
gen 231 49020 605.9739604619157 142.1605476623343 385.52169056852756 968.0460658060456 
gen 232 49230 599.8955699165473 138.31762331541702 385.52169056852756 1161.9210092632306 
gen 233 49440 595.8856219531385 138.51986935095036 385.52169056852756 1110.8821493388168 
gen 234 49650 615.4507593421389 154.98708784704763 385.52169056852756 1178.5510484730414 
gen 235 49860 619.9678584067509 161.8827031028553 385.52169056852756 1229.8109991068122 
gen 236 50070 572.3849126065664 128.6389909733733 385.52169056852756 1002.0539962355866 
gen 237 50280 611.3765072466148 145.33590185130376 385.52169056852756 1141.2082293323829 
gen 238 50490 587.2780530680799 124.27904022654612 385.52169056852756 963.0178004893725 
gen 239 50700 586.7622494697746 132.26284789263772 385.52169056852756 977.3285473204598 
gen 240 50910 574.329687802758 123.05103467476418 385.52169056852756 1022.598531351937 
gen 241 51120 590.8835665368662 133.25300815242323 385.52169056852756 953.2818764991895 
gen 242 51330 576.6092324265968 117.19717672448061 385.52169056852756 1113.3655015401719 
gen 243 51540 583.2699851586655 120.56894064974949 385.52169056852756 903.9530169332253 
gen 244 51750 596.5104111149602 128.49617362934043 385.52169056852756 996.9533403953315 
gen 245 51960 588.3689104174432 129.5914705520279 385.52169056852756 1061.5827847396292 
gen 246 52170 556.3844461839776 102.1819495615 385.52169056852756 814.6493621625613 
gen 247 52380 598.0335611876261 127.83706520021762 385.52169056852756 903.9905405832321 
gen 248 52590 600.759645316799 133.2784414793437 385.52169056852756 1083.6144925618382 
gen 249 52800 566.9996218707962 114.40175262206725 385.52169056852756 915.8262154369537 
gen 250 53010 583.2352970435107 116.16104096034958 385.52169056852756 927.8899444598271 
gen 251 53220 601.6012389095415 137.6032441350675 385.52169056852756 1042.3199412978065 
gen 252 53430 588.7087713787946 125.13291772325104 385.52169056852756 946.3196214519968 
gen 253 53640 580.3927683304277 117.06316534328246 385.52169056852756 917.8509814881348 
gen 254 53850 551.8902014037299 95.66179030393246 385.52169056852756 800.8699485136451 
gen 255 54060 584.5641501023615 118.04113043277364 385.52169056852756 923.861732667486 
gen 256 54270 564.8120345001083 106.44149205421688 385.52169056852756 856.8762984697554 
gen 257 54480 577.6080034388712 116.05814953024462 385.52169056852756 946.124718470324 
gen 258 54690 576.1740870817245 109.59804228332438 385.52169056852756 817.1623675923407 
gen 259 54900 595.4696601784655 121.33444695331042 385.52169056852756 914.0005278565151 
gen 260 55110 602.053278621494 128.72203995022892 385.52169056852756 952.3112493875607 
gen 261 55320 549.2881286204114 97.29844095717709 385.52169056852756 808.5503212258336 
gen 262 55530 626.63414691852 150.99695036769705 385.52169056852756 1017.5233417131367 
gen 263 55740 605.6220285521446 147.61848951278833 385.52169056852756 1043.901533467247 
gen 264 55950 614.2479582929926 145.9922586140519 385.52169056852756 1089.30790107146 
gen 265 56160 597.0216553880049 138.89106232038978 385.52169056852756 1063.0623916371057 
gen 266 56370 640.5813454867362 167.60712276201934 385.52169056852756 1098.5416433936477 
gen 267 56580 633.7559648877503 158.304171953564 385.52169056852756 1060.7599626898227 
gen 268 56790 632.7809571806796 154.4413301685495 385.52169056852756 1112.575574135832 
gen 269 57000 626.377455902282 151.51496459737018 385.52169056852756 983.9510042762088 
gen 270 57210 648.800978221486 167.22245604533927 385.52169056852756 1168.3027143593222 
gen 271 57420 630.6516410398029 157.13298577610664 385.52169056852756 1399.9228809145764 
gen 272 57630 602.5751775671547 141.95373191047503 385.52169056852756 985.9697667469479 
gen 273 57840 623.5737791959672 147.14430618153247 385.52169056852756 955.5167919522814 
gen 274 58050 577.4771191012945 137.332394821153 385.52169056852756 1135.6053320154404 
gen 275 58260 592.0531152597848 132.85551166339314 385.52169056852756 1094.2910208980818 
gen 276 58470 550.8882479027105 103.17647639928606 385.52169056852756 982.464982116876 
gen 277 58680 569.1155428982906 113.87459357026954 385.52169056852756 892.2555780783212 
gen 278 58890 631.0109949527791 149.40654670176093 385.52169056852756 1091.4047399426565 
gen 279 59100 588.5064986885988 130.73660961523422 385.52169056852756 956.6353855057819 
gen 280 59310 575.0956537661992 118.7071281493655 385.52169056852756 894.7182356834005 
gen 281 59520 605.6185794724992 150.76763433016316 385.52169056852756 1258.7513180928959 
gen 282 59730 589.6729893578103 126.11777881799817 385.52169056852756 999.9928880838481 
gen 283 59940 651.8089143927102 189.4195334198516 385.52169056852756 1624.6350357207991 
gen 284 60150 610.6018383744281 149.31942394261242 385.52169056852756 1088.8959211315328 
gen 285 60360 617.0975667153052 143.77488112797624 385.52169056852756 1092.7540533295846 
gen 286 60570 33333947.66267446 576387179.9409595 385.52169056852756 9999999999.0 
gen 287 60780 606.1049975183828 139.8034220500914 385.52169056852756 1026.6703199682229 
gen 288 60990 597.8513633001247 151.46501770935978 385.52169056852756 1396.841646972317 
gen 289 61200 613.9389408612785 144.56819907886904 385.52169056852756 1030.8953680831817 
gen 290 61410 642.4917413543549 240.44653373707595 385.52169056852756 3821.3571069485333 
gen 291 61620 566.878771683552 111.81597063956055 385.52169056852756 997.9651111178064 
gen 292 61830 643.4382797969766 165.5609775651157 385.52169056852756 1087.9190150046861 
gen 293 62040 627.5443724925194 181.86900801930602 385.52169056852756 1761.017583897498 
gen 294 62250 640.9434314232291 158.53660625784408 385.52169056852756 1050.864622114355 
gen 295 62460 603.5365728451643 141.3775908507468 385.52169056852756 1015.4417815013958 
gen 296 62670 604.9510242350083 147.24842801456174 385.52169056852756 1294.9448210851642 
gen 297 62880 609.5703743665073 143.81525985559873 385.52169056852756 1133.5721181518202 
gen 298 63090 601.8027135966003 142.08735415573176 385.52169056852756 968.6991545979922 
gen 299 63300 616.0180755294535 155.02293909611544 385.52169056852756 1027.3551553376249 
gen 300 63510 600.9883721093013 140.83357168966864 385.52169056852756 1165.9034308707007 
gen 301 63720 592.5487947489405 137.10181561137694 385.52169056852756 1011.0303193923584 
gen 302 63930 604.2316772400897 143.24491070700387 385.52169056852756 1091.2149172644386 
gen 303 64140 617.1833449665281 153.07519022517607 385.52169056852756 1174.7387200561345 
gen 304 64350 589.3896344523829 139.45654877740887 385.52169056852756 1090.1143953502005 
gen 305 64560 580.8362997565779 127.72057896927956 385.52169056852756 983.8304762180948 
gen 306 64770 625.5432485811064 157.00201615440002 385.52169056852756 1201.3315347684568 
gen 307 64980 630.4744756207053 161.17407099161932 385.52169056852756 1220.5673064479504 
gen 308 65190 618.6071940359125 156.2459277157282 385.52169056852756 1174.9404232594381 
gen 309 65400 642.661722839521 163.83001448480798 385.52169056852756 1163.1067237416378 
gen 310 65610 608.7823826496788 151.44559700482358 385.52169056852756 1061.831647244499 
gen 311 65820 596.4716425738327 138.23203092719976 385.52169056852756 994.4106315514753 
gen 312 66030 596.5219807238316 137.199470182799 385.52169056852756 1012.1446987798299 
gen 313 66240 594.5933468761307 136.12073388308278 385.52169056852756 1187.049479092894 
gen 314 66450 600.1197249760172 137.26038410519197 385.52169056852756 1183.7887765337357 
gen 315 66660 605.4569497176279 152.04254102276175 385.52169056852756 1138.766511550547 
gen 316 66870 620.527863344935 153.66625330068865 385.52169056852756 1058.3023658165826 
gen 317 67080 612.6101064913079 154.75807062402814 385.52169056852756 1100.4543873105554 
gen 318 67290 609.6761211808233 149.02644333475698 385.52169056852756 1078.79713288548 
gen 319 67500 596.3389866556425 140.0685643551241 385.52169056852756 1304.0935521469855 
gen 320 67710 685.8997772672276 288.79519205676536 385.52169056852756 3863.009655250198 
gen 321 67920 579.8097099887859 123.95193454020233 385.52169056852756 969.8986162758063 
gen 322 68130 628.2550318828279 220.47754125755895 385.52169056852756 3265.4287603071425 
gen 323 68340 652.0350345281951 191.08817919497258 385.52169056852756 1429.159224184877 
gen 324 68550 600.0659240228683 150.0834164875103 385.52169056852756 1393.3560482633382 
gen 325 68760 667.3588200880196 208.3304439398841 385.52169056852756 2001.6206473745174 
gen 326 68970 639.6190472314269 165.13933240719936 385.52169056852756 1195.718911614968 
gen 327 69180 631.8821463132782 188.3246157038203 385.52169056852756 1795.4768521498054 
gen 328 69390 616.418879691733 153.2861706746299 385.52169056852756 1163.305120424246 
gen 329 69600 642.6091582798667 305.474021684527 385.52169056852756 5029.490601424767 
gen 330 69810 33333962.388085652 576387179.0893667 385.52169056852756 9999999999.0 
gen 331 70020 656.9062734563781 188.9550075504003 385.52169056852756 1282.4526700934275 
gen 332 70230 630.7178428356285 289.7929993697202 385.52169056852756 4845.60080098315 
gen 333 70440 33333964.748505082 576387178.9528644 385.52169056852756 9999999999.0 
gen 334 70650 616.1051486071393 158.4887600766146 385.52169056852756 1494.6887877627714 
gen 335 70860 622.922328140523 152.51493166382227 385.52169056852756 1134.1240830284926 
gen 336 71070 626.7255717886032 152.8137609594031 385.52169056852756 1071.4333463954338 
gen 337 71280 601.0716792268471 138.55809557293497 385.52169056852756 1033.6046698274522 
gen 338 71490 600.0823004012277 146.23432645572524 385.52169056852756 1244.531211209145 
gen 339 71700 635.4272010770302 160.06572764847837 385.52169056852756 1194.4574075459054 
gen 340 71910 625.3631480928042 165.9961367147962 385.52169056852756 1455.793270361221 
gen 341 72120 613.1798985917005 182.59642859730363 385.52169056852756 1966.5993039608604 
gen 342 72330 561.326522651318 116.34790027991907 385.52169056852756 950.2284141420441 
gen 343 72540 617.60275505 151.0133895780575 385.52169056852756 1068.596355487491 
gen 344 72750 623.9132966955674 161.41896068204957 385.52169056852756 1139.756656734492 
gen 345 72960 631.6815029316841 163.92960126133232 385.52169056852756 1330.4874605896857 
gen 346 73170 625.5565996717946 172.731911648171 385.52169056852756 1641.7179211667858 
gen 347 73380 622.0133231760963 170.56624120536898 385.52169056852756 1412.3256589657549 
gen 348 73590 610.7541753053204 150.526640991168 385.52169056852756 1158.1608916925625 
gen 349 73800 598.6520110588062 141.0003593793304 385.52169056852756 1317.6909238537437 
gen 350 74010 575.6102281073768 125.93756689556466 385.52169056852756 1137.8973867325649 
gen 351 74220 591.3548481761562 136.8094623248043 385.52169056852756 965.7020560658547 
gen 352 74430 562.9570473942246 114.91157609701887 385.52169056852756 988.7749102297183 
gen 353 74640 644.6444025780434 181.00795099410374 385.52169056852756 1346.5829197001178 
gen 354 74850 614.9461654772588 153.58402708489015 385.52169056852756 1159.1618928552393 
gen 355 75060 588.7782801723101 139.43965287740255 385.52169056852756 1082.5005608743106 
gen 356 75270 593.6406357499684 135.28268348937058 385.52169056852756 976.9197409814777 
gen 357 75480 591.2083081895179 142.66738528151112 385.52169056852756 1274.0879076637368 
gen 358 75690 569.436114302205 112.02253958728285 385.52169056852756 867.6012559585605 
gen 359 75900 590.1266234222774 128.28326312457216 385.52169056852756 970.7069220841289 
gen 360 76110 569.5744226294524 108.9336666047295 385.52169056852756 796.3387935822113 
gen 361 76320 588.1952126144834 127.52825436332931 385.52169056852756 963.4419918963188 
gen 362 76530 575.0896947751809 117.2717434178704 385.52169056852756 928.377855604094 
gen 363 76740 582.1562860190711 128.21588354174298 385.52169056852756 951.3158769773954 
gen 364 76950 579.9839198418014 123.78683569046399 385.52169056852756 1064.9169389263486 
gen 365 77160 572.2918726848454 120.31416602326966 385.52169056852756 966.9733461268522 
gen 366 77370 556.7006067830984 104.40075206209235 385.52169056852756 816.7400148807909 
gen 367 77580 601.6196473118838 148.19948478493495 385.52169056852756 1086.4306748497115 
gen 368 77790 602.1266808232081 147.01784156385276 385.52169056852756 1270.3125364502725 
gen 369 78000 594.1339109049641 136.9044467612445 385.52169056852756 988.8382326779159 
gen 370 78210 603.4143416000207 146.6224211104398 385.52169056852756 1202.7412027859903 
gen 371 78420 608.9871310579147 151.08519016823897 385.52169056852756 1134.3271670940358 
gen 372 78630 608.4263250765958 149.48093118939764 385.52169056852756 1139.8476211693956 
gen 373 78840 625.856164297123 165.357406254917 385.52169056852756 1263.9134729767945 
gen 374 79050 597.4564473361268 137.979253871472 385.52169056852756 1036.4175428638928 
gen 375 79260 608.4703783948065 150.692660572615 385.52169056852756 1257.3393148733235 
gen 376 79470 594.7977862203476 136.0151307981165 385.52169056852756 1084.2180949797178 
gen 377 79680 592.8187751974267 131.27103127491256 385.52169056852756 940.5217151577087 
gen 378 79890 641.7049674470892 181.28834437325887 385.52169056852756 1488.2456735131598 
gen 379 80100 621.1674175664174 157.65204255986137 385.52169056852756 1162.6622510851466 
gen 380 80310 602.612848172738 142.64940851474597 385.52169056852756 1081.5500329065383 
gen 381 80520 609.3308597660812 149.59750805411082 385.52169056852756 1014.915339899821 
gen 382 80730 608.3190613495898 152.55872041016696 385.52169056852756 1106.3906463400892 
gen 383 80940 598.7754184366212 145.018576848571 385.52169056852756 1124.0754110026508 
gen 384 81150 612.1118406022458 150.46702522618114 385.52169056852756 1028.5367989957956 
gen 385 81360 597.4481698247063 133.19602700892472 385.52169056852756 932.7639747870256 
gen 386 81570 602.4068351910809 150.83493771327554 385.52169056852756 1422.0915868401687 
gen 387 81780 569.3756862727697 112.86865116278364 385.52169056852756 996.8722545572479 
gen 388 81990 543.1192138028772 97.14025114294581 385.52169056852756 848.1783702868667 
gen 389 82200 599.4816996684774 135.76322748595464 385.52169056852756 945.54481524642 
gen 390 82410 599.7464957829791 137.54260290298043 385.52169056852756 992.2699092106907 
gen 391 82620 591.3775769031588 128.31480570708456 385.52169056852756 941.2676668742738 
gen 392 82830 581.0475060851336 132.68025788794714 385.52169056852756 991.9566107343115 
gen 393 83040 590.3508441185423 131.57454051179698 385.52169056852756 965.2542052818814 
gen 394 83250 554.7943858746639 103.41684682612814 385.52169056852756 795.0935073802069 
gen 395 83460 562.1682895539916 122.70315569886202 385.52169056852756 957.6191673334713 
gen 396 83670 559.824567139319 109.21464870159768 385.52169056852756 943.2254614985459 
gen 397 83880 586.8957436279347 126.93708413312625 385.52169056852756 1097.1211060043086 
gen 398 84090 580.0649845309913 123.56473732336266 385.52169056852756 900.6895191029504 
gen 399 84300 552.2508088530823 100.27906394106344 385.52169056852756 885.913058791912 
gen 400 84510 584.3682627622736 130.60142768368283 385.52169056852756 1048.6599723831869 
[2, 5, 3, 6, 4, 1, 0, 7, 9, 8, 10, 10, 8, 1, 4, 5, 7, 9, 2, 6, 0, 3, 1, 0, 4, 2, 6, 5, 9, 3, 7, 8, 10, 10, 3, 1, 6, 7, 9, 8, 0, 4, 5, 2, 8, 10, 2, 9, 4, 0, 7, 5, 3, 6, 1, 6, 3, 4, 2, 5, 7, 8, 0, 9, 1, 10, 3, 2, 9, 1, 7, 5, 0, 8, 10, 4, 6, 6, 4, 7, 9, 3, 1, 8, 10, 5, 0, 2, 3, 6, 1, 4, 7, 10, 0, 9, 5, 8, 2, 6, 2, 0, 5, 9, 7, 1, 8, 4, 10, 3, 10, 4, 0, 6, 3, 9, 5, 1, 7, 8, 2]
min  385.52169056852756
NFE 84720
runTime 1988.9586169719696
