gen 0 0 658.7550736804735 86.05518712871053 473.4239823159482 952.5027386905285 
gen 1 210 675.4634797864885 150.86722779906583 444.69043317400235 1559.2659963032013 
gen 2 420 632.1381597896526 107.45978454924939 444.69043317400235 1006.1933443061398 
gen 3 630 627.135412628557 108.04479096360637 422.3737062432904 998.5400897029441 
gen 4 840 582.4628972219252 80.77482312101526 422.3737062432904 967.394252892231 
gen 5 1050 614.2760216789834 104.0544775433299 422.3737062432904 878.274055427575 
gen 6 1260 570.8909226831361 88.40192246482384 422.3737062432904 960.8133224837082 
gen 7 1470 645.5836536632974 147.78365643540926 422.3737062432904 1228.9676201387856 
gen 8 1680 631.1166975226959 113.59870760740884 422.3737062432904 888.8895037871615 
gen 9 1890 606.359777260311 120.51852026635454 422.3737062432904 1120.4164002202053 
[5, 2, 0, 10, 6, 1, 4, 7, 3, 9, 8, 8, 3, 6, 9, 7, 1, 0, 10, 4, 5, 2, 5, 8, 1, 6, 7, 10, 4, 3, 9, 0, 2, 5, 8, 3, 9, 0, 10, 4, 7, 1, 6, 2, 5, 1, 7, 4, 10, 9, 3, 8, 2, 0, 6, 5, 6, 4, 10, 8, 3, 7, 1, 2, 0, 9, 5, 9, 3, 4, 1, 2, 7, 6, 10, 0, 8, 5, 6, 9, 10, 8, 4, 1, 3, 7, 2, 0, 3, 2, 1, 7, 4, 10, 8, 0, 5, 6, 9, 5, 0, 8, 4, 7, 1, 10, 9, 3, 2, 6, 0, 7, 4, 9, 2, 1, 10, 5, 6, 3, 8]
min  422.3737062432904
NFE 300
runTime 59.95384073257446
