gen 0 0 643.1780084724222 91.4501862904514 478.7285078404158 1044.9112095798364 
gen 1 210 573.5975614307459 60.056538667708274 450.3111284170916 805.0296068137119 
gen 2 420 608.8406304351953 96.09626995896028 450.3111284170916 909.7762057837899 
gen 3 630 589.2782194521507 87.95077305521846 450.3111284170916 882.3504497167285 
gen 4 840 612.8326538736978 105.7531686608226 428.5946816559772 870.3045536064668 
gen 5 1050 638.4154488786306 135.87741069988485 428.5946816559772 1263.469044573983 
gen 6 1260 749.8820162195112 195.97778266202582 428.5946816559772 1440.47148591512 
gen 7 1470 649.1599780992447 142.01495379161423 428.5946816559772 1059.1421146622388 
gen 8 1680 737.0186290488099 182.80715192451424 428.5946816559772 1232.3885832001781 
gen 9 1890 744.1850911359693 184.67458245270095 428.5946816559772 1323.7923086302008 
[2, 5, 4, 0, 10, 1, 7, 9, 3, 6, 8, 4, 5, 6, 2, 0, 9, 8, 7, 10, 3, 1, 6, 7, 9, 10, 2, 0, 5, 3, 1, 4, 8, 5, 4, 6, 9, 10, 1, 3, 8, 0, 7, 2, 9, 7, 10, 0, 3, 4, 2, 8, 1, 5, 6, 9, 0, 5, 1, 3, 6, 10, 8, 7, 4, 2, 10, 5, 9, 6, 1, 2, 8, 7, 3, 0, 4, 4, 9, 8, 5, 1, 0, 3, 2, 7, 10, 6, 4, 7, 8, 10, 2, 9, 3, 6, 1, 0, 5, 4, 7, 8, 0, 10, 9, 1, 2, 5, 6, 3, 10, 4, 9, 0, 2, 7, 1, 3, 8, 6, 5]
min  428.5946816559772
NFE 300
runTime 56.770036697387695
