gen 0 0 658.9929240920198 107.4043621367463 461.4490802471744 1210.6933157381418 
gen 1 210 636.6899656552744 93.58715500575337 455.53821673528734 1021.3681155253088 
gen 2 420 680.0165843274672 130.33797728622034 455.53821673528734 1275.2055244704536 
gen 3 630 652.4573743239487 114.09672922066132 455.1113347673678 1148.4825818643662 
gen 4 840 663.8011872891168 153.52558689684514 455.1113347673678 1584.122718238361 
gen 5 1050 613.3473802995981 79.94447426564842 455.1113347673678 822.8914386869752 
gen 6 1260 647.171773441755 127.46609989452182 455.1113347673678 1310.5320648422792 
gen 7 1470 643.8317491942242 130.7442526849676 455.1113347673678 1355.9604468007858 
gen 8 1680 630.0996671151032 100.69515353334312 455.1113347673678 967.5934530937428 
gen 9 1890 659.4693553980779 133.93519336799085 455.1113347673678 1179.465426394455 
[7, 10, 9, 8, 6, 2, 0, 1, 4, 5, 3, 7, 3, 1, 9, 0, 4, 5, 8, 2, 10, 6, 3, 9, 5, 2, 10, 0, 4, 8, 1, 7, 6, 7, 5, 0, 3, 1, 4, 2, 10, 8, 9, 6, 9, 0, 4, 1, 8, 3, 2, 10, 5, 6, 7, 0, 1, 4, 9, 8, 6, 2, 10, 5, 3, 7, 3, 1, 10, 4, 0, 9, 2, 7, 8, 5, 6, 7, 9, 5, 6, 4, 2, 8, 0, 1, 3, 10, 10, 2, 9, 4, 1, 8, 0, 7, 5, 3, 6, 3, 8, 9, 5, 0, 1, 7, 2, 10, 4, 6, 10, 0, 4, 1, 2, 7, 5, 8, 9, 3, 6]
min  455.1113347673678
NFE 300
runTime 58.49827790260315
