gen 0 64 468750000001359.4 2113710821635430.0 703.6205196287046 1e+16 
gen 1 19574 712.0323880215858 36.76226670576668 595.1375535828494 755.4359467462309 
gen 2 38724 619.2710381171212 19.839058096632755 539.0331837654004 638.5894286105937 
gen 3 58044 572.3001316486294 12.291204667432158 534.9116547713687 584.5546227565065 
[3, 5, 0, 4, 1, 7, 6, 2, 5, 4, 7, 1, 6, 0, 2, 3, 6, 4, 5, 1, 0, 2, 3, 7, 6, 0, 7, 1, 2, 3, 4, 5, 5, 3, 2, 4, 0, 1, 7, 6, 3, 6, 0, 4, 5, 2, 1, 7, 3, 7, 4, 6, 2, 1, 5, 0, 5, 7, 1, 6, 4, 3, 2, 0]
min  534.9116547713687
NFE 58044
LSNFE 38780
VLSNFE 12598
runTime 61.554187297821045
