gen 0 64 468750000001441.8 2113710821635412.0 764.9185599903718 1e+16 
gen 1 19484 706.3001827485014 31.394023375450754 631.1429836276483 744.2078973351285 
gen 2 38814 622.4715527405748 16.424718520019287 555.4326131669699 641.7604573997518 
gen 3 58544 579.7635936973955 17.658522290725017 515.5788364174459 596.755302354934 
[6, 0, 1, 2, 4, 7, 3, 5, 7, 3, 1, 0, 5, 6, 4, 2, 3, 5, 7, 4, 1, 0, 2, 6, 0, 7, 1, 6, 5, 3, 4, 2, 6, 3, 5, 4, 7, 0, 1, 2, 3, 6, 0, 4, 5, 1, 7, 2, 3, 6, 5, 4, 0, 2, 7, 1, 5, 6, 3, 7, 4, 1, 2, 0]
min  515.5788364174459
NFE 58544
LSNFE 39280
VLSNFE 13180
runTime 61.574891328811646
