gen 0 25 2400000000003190.5 4270831300810732.5 1703.271758867315 1e+16 
gen 1 175 1873.7136613145187 139.02045099733556 1516.099973475805 2046.8587465686956 
gen 2 325 1720.3364883085594 100.04977875946994 1516.099973475805 1850.6142798868584 
gen 3 475 1613.618305846472 82.28503470027346 1420.8421491973866 1728.4218870712054 
gen 4 625 1517.5870743826451 60.82576084055727 1297.316053842488 1580.365593816997 
gen 5 775 1425.0298902483007 60.71792180729023 1297.316053842488 1498.643161427267 
gen 6 925 1357.4170235042873 33.60152997329191 1295.390437095962 1404.6858195273976 
gen 7 1075 1316.2078003186866 23.835128710758923 1247.3489254429246 1348.9862343047612 
gen 8 1225 1286.335092582189 14.116476157953983 1247.3489254429246 1297.316053842488 
gen 9 1375 1260.1431047596866 12.974001762192476 1235.2812823629754 1283.854681922738 
gen 10 1525 1244.1529437180536 5.297039422808241 1231.5875588980336 1247.3489254429246 
gen 11 1675 1235.3869105597269 2.713775756271479 1231.5875588980336 1239.4151233143814 
gen 12 1825 1230.8988695990565 1.2255315894190453 1228.718020152296 1231.5875588980336 
gen 13 1975 1228.718020152296 0.0 1228.718020152296 1228.718020152296 
gen 14 2125 1228.718020152296 0.0 1228.718020152296 1228.718020152296 
gen 15 2275 1228.718020152296 0.0 1228.718020152296 1228.718020152296 
gen 16 2425 1228.718020152296 0.0 1228.718020152296 1228.718020152296 
gen 17 2575 1228.718020152296 0.0 1228.718020152296 1228.718020152296 
gen 18 2725 1228.718020152296 0.0 1228.718020152296 1228.718020152296 
gen 19 2875 1228.718020152296 0.0 1228.718020152296 1228.718020152296 
gen 20 3025 1228.718020152296 0.0 1228.718020152296 1228.718020152296 
gen 21 3175 1228.718020152296 0.0 1228.718020152296 1228.718020152296 
gen 22 3325 1228.718020152296 0.0 1228.718020152296 1228.718020152296 
gen 23 3475 1228.718020152296 0.0 1228.718020152296 1228.718020152296 
gen 24 3625 1228.718020152296 0.0 1228.718020152296 1228.718020152296 
gen 25 3775 1228.718020152296 0.0 1228.718020152296 1228.718020152296 
gen 26 3925 1228.718020152296 0.0 1228.718020152296 1228.718020152296 
gen 27 4075 1228.718020152296 0.0 1228.718020152296 1228.718020152296 
gen 28 4225 1228.718020152296 0.0 1228.718020152296 1228.718020152296 
gen 29 4375 1228.718020152296 0.0 1228.718020152296 1228.718020152296 
gen 30 4525 1228.718020152296 0.0 1228.718020152296 1228.718020152296 
gen 31 4675 1228.718020152296 0.0 1228.718020152296 1228.718020152296 
gen 32 4825 1228.718020152296 0.0 1228.718020152296 1228.718020152296 
gen 33 4975 1228.718020152296 0.0 1228.718020152296 1228.718020152296 
gen 34 5125 1228.718020152296 0.0 1228.718020152296 1228.718020152296 
gen 35 5275 1228.718020152296 0.0 1228.718020152296 1228.718020152296 
gen 36 5425 1228.718020152296 0.0 1228.718020152296 1228.718020152296 
gen 37 5575 1228.718020152296 0.0 1228.718020152296 1228.718020152296 
gen 38 5725 1228.718020152296 0.0 1228.718020152296 1228.718020152296 
gen 39 5875 1228.718020152296 0.0 1228.718020152296 1228.718020152296 
gen 40 6025 1228.718020152296 0.0 1228.718020152296 1228.718020152296 
gen 41 6175 1228.718020152296 0.0 1228.718020152296 1228.718020152296 
gen 42 6325 1228.718020152296 0.0 1228.718020152296 1228.718020152296 
gen 43 6475 1228.718020152296 0.0 1228.718020152296 1228.718020152296 
gen 44 6625 1228.718020152296 0.0 1228.718020152296 1228.718020152296 
gen 45 6775 1228.718020152296 0.0 1228.718020152296 1228.718020152296 
gen 46 6925 1228.718020152296 0.0 1228.718020152296 1228.718020152296 
gen 47 7075 1228.718020152296 0.0 1228.718020152296 1228.718020152296 
gen 48 7225 1228.718020152296 0.0 1228.718020152296 1228.718020152296 
gen 49 7375 1228.718020152296 0.0 1228.718020152296 1228.718020152296 
gen 50 7525 1228.718020152296 0.0 1228.718020152296 1228.718020152296 
gen 51 7675 1228.718020152296 0.0 1228.718020152296 1228.718020152296 
gen 52 7825 1228.718020152296 0.0 1228.718020152296 1228.718020152296 
gen 53 7975 1228.718020152296 0.0 1228.718020152296 1228.718020152296 
gen 54 8125 1228.718020152296 0.0 1228.718020152296 1228.718020152296 
gen 55 8275 1228.718020152296 0.0 1228.718020152296 1228.718020152296 
gen 56 8425 1228.718020152296 0.0 1228.718020152296 1228.718020152296 
gen 57 8575 1228.718020152296 0.0 1228.718020152296 1228.718020152296 
gen 58 8725 1228.718020152296 0.0 1228.718020152296 1228.718020152296 
gen 59 8875 1228.718020152296 0.0 1228.718020152296 1228.718020152296 
gen 60 9025 1228.718020152296 0.0 1228.718020152296 1228.718020152296 
gen 61 9175 1228.718020152296 0.0 1228.718020152296 1228.718020152296 
gen 62 9325 1228.718020152296 0.0 1228.718020152296 1228.718020152296 
gen 63 9475 1228.718020152296 0.0 1228.718020152296 1228.718020152296 
gen 64 9625 1228.718020152296 0.0 1228.718020152296 1228.718020152296 
gen 65 9775 1228.718020152296 0.0 1228.718020152296 1228.718020152296 
gen 66 9925 1228.718020152296 0.0 1228.718020152296 1228.718020152296 
gen 67 10075 1228.718020152296 0.0 1228.718020152296 1228.718020152296 
gen 68 10225 1228.718020152296 0.0 1228.718020152296 1228.718020152296 
gen 69 10375 1228.718020152296 0.0 1228.718020152296 1228.718020152296 
gen 70 10525 1228.718020152296 0.0 1228.718020152296 1228.718020152296 
gen 71 10675 1228.718020152296 0.0 1228.718020152296 1228.718020152296 
gen 72 10825 1228.718020152296 0.0 1228.718020152296 1228.718020152296 
gen 73 10975 1228.718020152296 0.0 1228.718020152296 1228.718020152296 
gen 74 11125 1228.718020152296 0.0 1228.718020152296 1228.718020152296 
gen 75 11275 1228.718020152296 0.0 1228.718020152296 1228.718020152296 
gen 76 11425 1228.718020152296 0.0 1228.718020152296 1228.718020152296 
gen 77 11575 1228.718020152296 0.0 1228.718020152296 1228.718020152296 
gen 78 11725 1228.718020152296 0.0 1228.718020152296 1228.718020152296 
gen 79 11875 1228.718020152296 0.0 1228.718020152296 1228.718020152296 
gen 80 12025 1228.718020152296 0.0 1228.718020152296 1228.718020152296 
gen 81 12175 1228.718020152296 0.0 1228.718020152296 1228.718020152296 
gen 82 12325 1228.718020152296 0.0 1228.718020152296 1228.718020152296 
gen 83 12475 1228.718020152296 0.0 1228.718020152296 1228.718020152296 
gen 84 12625 1228.718020152296 0.0 1228.718020152296 1228.718020152296 
gen 85 12775 1228.718020152296 0.0 1228.718020152296 1228.718020152296 
gen 86 12925 1228.718020152296 0.0 1228.718020152296 1228.718020152296 
gen 87 13075 1228.718020152296 0.0 1228.718020152296 1228.718020152296 
gen 88 13225 1228.718020152296 0.0 1228.718020152296 1228.718020152296 
gen 89 13375 1228.718020152296 0.0 1228.718020152296 1228.718020152296 
gen 90 13525 1228.718020152296 0.0 1228.718020152296 1228.718020152296 
gen 91 13675 1228.718020152296 0.0 1228.718020152296 1228.718020152296 
gen 92 13825 1228.718020152296 0.0 1228.718020152296 1228.718020152296 
gen 93 13985 1228.6868764424678 0.1525723955536404 1227.9394274065867 1228.718020152296 
gen 94 14135 1228.468870473669 0.3631949476725508 1227.9394274065867 1228.718020152296 
gen 95 14285 1227.9394274065867 0.0 1227.9394274065867 1227.9394274065867 
gen 96 14435 1227.9394274065867 0.0 1227.9394274065867 1227.9394274065867 
gen 97 14595 1227.093935034954 4.142049783831395 1206.8021181157694 1227.9394274065867 
gen 98 14745 1221.175488433525 9.860050692897763 1206.8021181157694 1227.9394274065867 
gen 99 14895 1206.8021181157696 2.2737367544323206e-13 1206.8021181157694 1206.8021181157694 
gen 100 15045 1206.8021181157696 2.2737367544323206e-13 1206.8021181157694 1206.8021181157694 
gen 101 15195 1206.8021181157696 2.2737367544323206e-13 1206.8021181157694 1206.8021181157694 
gen 102 15345 1206.8021181157696 2.2737367544323206e-13 1206.8021181157694 1206.8021181157694 
gen 103 15495 1206.8021181157696 2.2737367544323206e-13 1206.8021181157694 1206.8021181157694 
gen 104 15645 1206.8021181157696 2.2737367544323206e-13 1206.8021181157694 1206.8021181157694 
gen 105 15795 1206.8021181157696 2.2737367544323206e-13 1206.8021181157694 1206.8021181157694 
gen 106 15945 1206.8021181157696 2.2737367544323206e-13 1206.8021181157694 1206.8021181157694 
gen 107 16095 1206.8021181157696 2.2737367544323206e-13 1206.8021181157694 1206.8021181157694 
gen 108 16245 1206.8021181157696 2.2737367544323206e-13 1206.8021181157694 1206.8021181157694 
gen 109 16395 1206.8021181157696 2.2737367544323206e-13 1206.8021181157694 1206.8021181157694 
gen 110 16545 1206.8021181157696 2.2737367544323206e-13 1206.8021181157694 1206.8021181157694 
gen 111 16695 1206.8021181157696 2.2737367544323206e-13 1206.8021181157694 1206.8021181157694 
gen 112 16845 1206.8021181157696 2.2737367544323206e-13 1206.8021181157694 1206.8021181157694 
gen 113 16995 1206.8021181157696 2.2737367544323206e-13 1206.8021181157694 1206.8021181157694 
gen 114 17145 1206.8021181157696 2.2737367544323206e-13 1206.8021181157694 1206.8021181157694 
gen 115 17295 1206.8021181157696 2.2737367544323206e-13 1206.8021181157694 1206.8021181157694 
gen 116 17445 1206.8021181157696 2.2737367544323206e-13 1206.8021181157694 1206.8021181157694 
gen 117 17595 1206.8021181157696 2.2737367544323206e-13 1206.8021181157694 1206.8021181157694 
[0, 2, 3, 4, 1, 0, 2, 1, 3, 4, 0, 2, 1, 3, 4, 0, 2, 1, 3, 4, 0, 2, 1, 3, 4]
min  1206.8021181157694
NFE 17595
LSNFE 20
VLSNFE 2
runTime 14.84308123588562
