gen 0 64 468750000001577.25 2113710821635382.0 745.6729068240071 1e+16 
gen 1 6484 765.2176443026576 30.349293275173707 671.0866033023106 804.8143692124706 
gen 2 12884 658.4381126501673 21.26757446012755 581.2049633121273 684.686952742129 
gen 3 19284 594.7058988868689 17.265808149202932 548.4494414378705 614.8414557745202 
gen 4 25684 554.2626751203725 10.829628094060089 526.6986352020522 568.5966922549453 
gen 5 32084 523.5881016133376 7.392573012943434 501.95663190917514 533.3214346992485 
gen 6 38484 499.24423174150024 6.672100027387493 478.2782836396409 507.1073205910477 
gen 7 44884 479.99368304010704 4.835740212023701 464.0468058046862 485.59636785264627 
[3, 6, 2, 4, 7, 5, 1, 0, 5, 3, 7, 4, 1, 6, 0, 2, 3, 6, 0, 4, 1, 5, 7, 2, 6, 0, 5, 3, 1, 7, 4, 2, 0, 5, 6, 7, 1, 4, 2, 3, 3, 5, 7, 4, 6, 1, 0, 2, 3, 6, 5, 0, 7, 4, 2, 1, 5, 7, 4, 1, 3, 2, 0, 6]
min  464.0468058046862
NFE 44884
LSNFE 20
VLSNFE 1
runTime 51.289267778396606
