gen 0 391 9974424552429672.0 505074620412494.06 1510.5338109787854 1e+16 
gen 1 1173 9923273657289014.0 872568905842952.9 1190.4793005971685 1e+16 
gen 2 2015 9897698209718684.0 1006256551043656.2 1021.1395052007639 1e+16 
gen 3 2807 9846547314578024.0 1229218909534157.2 1018.4132789884269 1e+16 
gen 4 3589 9744245524296708.0 1578649551100664.8 1018.4132789884269 1e+16 
gen 5 4371 9744245524296708.0 1578649551100664.8 1018.4132789884269 1e+16 
gen 6 5153 9641943734015390.0 1858052305570220.8 1018.4132789884269 1e+16 
gen 7 5935 9590792838874732.0 1981065650233724.8 1018.4132789884269 1e+16 
gen 8 6717 9539641943734072.0 2095626642007051.2 1018.4132789884269 1e+16 
gen 9 7499 9539641943734072.0 2095626642007051.2 1018.4132789884269 1e+16 
gen 10 8281 9462915601023084.0 2254414411359208.5 1018.4132789884269 1e+16 
gen 11 9073 9360613810741766.0 2446435609936907.5 1014.6836127001891 1e+16 
gen 12 9915 9232736572890120.0 2661567414986413.0 877.0018185975752 1e+16 
gen 13 10697 9130434782608802.0 2817713347133508.5 877.0018185975752 1e+16 
gen 14 11479 9079283887468144.0 2891270130140329.0 877.0018185975752 1e+16 
gen 15 12261 9028132992327484.0 2962118261670463.0 877.0018185975752 1e+16 
gen 16 13043 8951406649616495.0 3063720856958949.0 877.0018185975752 1e+16 
gen 17 13825 8874680306905506.0 3160198177215679.0 818.5448697143985 1e+16 
gen 18 14607 8823529411764847.0 3221897397088826.5 818.5448697143985 1e+16 
gen 19 15389 8772378516624188.0 3281639883855452.5 818.5448697143985 1e+16 
gen 20 16171 8670076726342872.0 3395664415509103.0 818.5448697143985 1e+16 
gen 21 16953 8618925831202214.0 3450126929296327.0 818.5448697143985 1e+16 
gen 22 17735 8491048593350567.0 3579466401415607.5 818.5448697143985 1e+16 
gen 23 18517 8312020460358262.0 3745733635773664.5 818.5448697143985 1e+16 
gen 24 19319 8184143222506615.0 3855026840187104.5 810.1499069715886 1e+16 
gen 25 20101 8081841432225298.0 3937290106992013.0 810.1499069715886 1e+16 
gen 26 20883 7928388746803323.0 4052719993731755.5 810.1499069715886 1e+16 
gen 27 21665 7570332480818710.0 4288751675959496.0 810.1499069715886 1e+16 
gen 28 22447 7314578005115414.0 4432011807095363.0 810.1499069715886 1e+16 
gen 29 23229 7135549872123110.0 4520998423321058.0 810.1499069715886 1e+16 
gen 30 24011 6854219948849486.0 4643475894336568.0 810.1499069715886 1e+16 
gen 31 24793 6649616368286850.0 4720038753810826.0 810.1499069715886 1e+16 
gen 32 25575 6496163682864872.0 4770900778057746.0 810.1499069715886 1e+16 
gen 33 26357 6393861892583554.0 4801786024428728.0 810.1499069715886 1e+16 
gen 34 27139 6086956521739601.0 4880422678400206.0 810.1499069715886 1e+16 
gen 35 27921 5882352941176966.0 4921529567846911.0 810.1499069715886 1e+16 
gen 36 28703 5601023017903342.0 4963745695736746.0 810.1499069715886 1e+16 
gen 37 29485 5217391304348399.0 4995271866554209.0 810.1499069715886 1e+16 
gen 38 30267 4808184143223126.0 4996319312962569.0 810.1499069715886 1e+16 
gen 39 31049 4245524296675876.5 4942748872144600.0 810.1499069715886 1e+16 
gen 40 31831 3631713554987967.0 4809136326242872.0 810.1499069715886 1e+16 
gen 41 32613 3017902813300060.5 4590347562273244.0 810.1499069715886 1e+16 
gen 42 33395 2404092071612147.5 4273319789967064.0 810.1499069715886 1e+16 
gen 43 34177 1764705882353909.2 3812200410827705.5 810.1499069715886 1e+16 
gen 44 34959 869565217392372.2 2817713347133523.0 810.1499069715886 1e+16 
gen 45 35741 127877237852815.72 1123574559411060.4 810.1499069715886 1e+16 
gen 46 36523 1144.2861522011426 119.48465965849033 810.1499069715886 1387.9895847398686 
gen 47 37305 1122.0306556392163 107.37770866802828 810.1499069715886 1300.5390156035469 
gen 48 38087 1106.0799351765152 102.71161073562446 810.1499069715886 1269.8955064537352 
gen 49 38879 1088.267768242963 95.06584392896114 799.2061728979269 1231.2772695112728 
gen 50 39661 1071.352179716365 88.23818890501069 799.2061728979269 1200.4286590013123 
gen 51 40443 1057.400289975302 82.44651212792611 799.2061728979269 1179.0356039079334 
gen 52 41235 1042.6439358227676 79.05539804158826 797.8611364087496 1155.7202387056693 
gen 53 42017 1026.667151055168 74.27796182501645 797.8611364087496 1133.3521902211276 
gen 54 42809 1012.6195052625503 70.2689086087137 797.8188080344325 1113.6111106256624 
gen 55 43591 998.4912645625792 65.32155142991724 797.8188080344325 1093.4132597184825 
gen 56 44373 986.3092961905086 62.37010866487825 757.2967166824614 1071.737850793564 
gen 57 45155 971.9141129433767 60.190673896013095 757.2967166824614 1054.3363130298312 
gen 58 45937 959.4630253670312 57.66564000589998 757.2967166824614 1037.0809846023492 
gen 59 46719 951.3925947653364 54.41337139796354 757.2967166824614 1024.877987132806 
gen 60 47501 937.6904567256826 51.521209170437984 731.7461165601414 1009.5587288022956 
gen 61 48283 924.0952179730373 48.1819143434564 718.0342030111841 991.1863411468908 
gen 62 49065 913.0101825600934 46.44500056122295 718.0342030111841 976.17578297461 
gen 63 49847 901.4936074852179 45.36902957788173 718.0342030111841 960.3585778251488 
gen 64 50629 892.9752457588005 42.536292490131494 718.0342030111841 946.7888410814388 
gen 65 51411 885.533677480012 40.869773850869485 718.0342030111841 935.4759570602282 
gen 66 52193 876.4763840337274 40.57346697510188 718.0342030111841 926.584957146714 
gen 67 52975 866.7470104148334 39.83884076493815 691.8259271776304 914.995791165929 
gen 68 53767 855.4671006044109 40.82198009038455 680.0769383910299 903.6895247042493 
gen 69 54549 849.4083603619946 40.3060700316762 680.0769383910299 895.9561251917268 
gen 70 55331 840.5141839005418 38.89611378607612 680.0769383910299 886.9243993879272 
gen 71 56113 831.872463940713 37.68827544807525 680.0769383910299 877.8788302272802 
gen 72 56895 822.557821796064 36.12879952666033 666.9768762870666 866.32680152029 
gen 73 57677 814.4300626331441 34.64368206044778 666.9768762870666 856.2982001679557 
gen 74 58459 806.4050422491898 33.17455937946225 666.9768762870666 844.843868566782 
gen 75 59241 799.2658737054234 32.23302711284081 666.9768762870666 837.5613964083531 
gen 76 60023 792.9746742720204 30.934284436492252 666.9768762870666 829.8258157959186 
gen 77 60805 788.797091827733 29.671505118099077 666.9768762870666 824.1562954955699 
gen 78 61587 782.9716146461393 28.82686278693789 666.9768762870666 817.726904214662 
gen 79 62369 775.150237730483 29.290832224740758 624.9296874708689 809.0576817911764 
gen 80 63151 770.1176323746273 28.607403730581098 624.9296874708689 803.4688109814597 
gen 81 63933 765.7543946933541 28.303727457072437 624.9296874708689 798.8515606232612 
gen 82 64715 760.4560044741659 28.28617949733762 624.9296874708689 792.1794330435928 
gen 83 65497 755.6253378155924 28.370784191469788 623.1627209243571 786.6561426972343 
gen 84 66279 751.6616258680582 27.93885711230684 623.1627209243571 783.0330882039171 
gen 85 67081 746.9987309546146 27.469304449789302 621.5660648756301 777.9081266999974 
gen 86 67863 742.9749403158363 26.415389898120875 621.5660648756301 773.6960113565036 
gen 87 68645 736.9402281247419 26.50326834507898 621.5660648756301 767.1961679521826 
gen 88 69487 732.5548589565583 26.199477092468584 604.7240922004271 762.8757001991045 
gen 89 70279 726.8088626506058 25.964566381922292 601.3370492117332 756.6234078122911 
gen 90 71061 721.8919591222805 25.807050487528 601.3370492117332 751.5735083099637 
gen 91 71843 718.3951443935 25.415901510714384 601.3370492117332 747.5040330856176 
gen 92 72625 713.8084575086895 24.747021655404506 601.3370492117332 743.0539042075765 
gen 93 73407 709.5079302080705 24.82080700895204 601.3370492117332 739.1039056792534 
gen 94 74189 705.7278252096512 24.3782776373797 601.3370492117332 734.0113051787505 
gen 95 74971 702.560718059493 23.90606016326122 601.3370492117332 730.2471051542244 
gen 96 75753 698.8584771774402 23.6420332444515 601.3370492117332 726.1057233027196 
gen 97 76535 695.7412424983773 22.7524784964169 601.3370492117332 722.6655558560343 
gen 98 77317 692.4211667363021 22.025447168726796 601.3370492117332 718.8469497636092 
gen 99 78099 688.1263546215583 22.33450056582252 601.3370492117332 715.4386696545315 
gen 100 78881 684.687567033249 21.388237509346368 601.3370492117332 711.7985590498715 
gen 101 79663 680.9096791954756 20.70378035612793 601.2021624878367 707.1009464402957 
gen 102 80445 677.8764728354589 21.385118903547482 566.8015295927664 703.8660692730915 
gen 103 81227 673.4896595146265 21.362036523591946 566.8015295927664 699.0738749707652 
gen 104 82019 670.6099494129828 21.03051579575043 557.6383058055169 694.9065815297195 
gen 105 82801 667.1154542437843 20.575743372707002 557.6383058055169 690.4565671714372 
gen 106 83583 664.6461912586558 20.299087074689947 557.6383058055169 686.6663199456892 
gen 107 84365 662.6062112029421 19.76283329422333 557.6383058055169 684.7172332560768 
gen 108 85147 659.1626854093518 19.78839239911156 557.6383058055169 681.734176330547 
gen 109 85929 655.8354069032086 19.364740088584778 557.6383058055169 678.3660909029223 
gen 110 86711 652.3444387541832 19.261817612643824 557.6383058055169 674.359259640513 
gen 111 87493 649.6587512237778 18.66096546418376 557.6383058055169 671.7804492743059 
gen 112 88275 646.0215850166395 18.782901504264903 557.6383058055169 667.9516886492947 
gen 113 89057 643.3954036949642 18.996204570046995 557.6383058055169 664.972252109868 
gen 114 89839 640.5410604242082 18.321335356149486 557.6383058055169 661.9431618545764 
gen 115 90621 638.7788919967268 18.046535848265627 557.6383058055169 659.2465719410227 
gen 116 91413 635.4305083037806 17.75009537346125 552.1316777772267 656.2402287292616 
gen 117 92195 632.488804218492 17.881634206763227 552.1316777772267 654.084547747222 
gen 118 92977 630.388262281674 17.323596351431323 552.1316777772267 651.5902511150844 
gen 119 93779 627.2348982697844 17.910224097365166 549.7517466925079 648.5574605218126 
gen 120 94561 625.5807712781253 18.147082563153067 529.5287604422167 646.6227121153385 
gen 121 95363 623.1282494985385 18.149290130765255 526.0550728128535 643.6105630118549 
gen 122 96145 620.8550115676635 18.032050468201575 526.0550728128535 640.8036988023385 
gen 123 96927 618.0476188357909 17.807733062175437 526.0550728128535 637.533527789102 
gen 124 97709 615.8018672572613 17.262931387366148 526.0550728128535 635.2483233263188 
gen 125 98491 614.0528112226333 16.702733583621004 526.0550728128535 633.0297315122548 
gen 126 99283 612.3490375618029 16.30626812184989 518.3284251771208 630.4462514828915 
gen 127 100065 609.9442796415159 15.857894259511188 518.3284251771208 628.0445757368351 
gen 128 100847 608.180072565487 15.480327069476877 518.3284251771208 626.2510716493844 
gen 129 101629 606.3260526271697 14.829795306584609 518.3284251771208 623.7291835182754 
gen 130 102411 603.9247006157372 14.667625233244282 518.3284251771208 621.0348071779063 
gen 131 103193 601.7471028213811 14.381109069664937 518.3284251771208 618.2983080665394 
gen 132 103975 599.1293617041432 14.57040773502504 518.3284251771208 615.7028107432315 
gen 133 104757 596.3848775688657 14.899748362429683 518.3284251771208 612.9261159853231 
gen 134 105539 594.4950818260854 14.727493665762587 518.3284251771208 610.5409823349236 
gen 135 106321 592.7932422070929 14.849730116391669 518.3284251771208 609.579254286597 
gen 136 107103 591.0952594342353 14.756243522165002 518.3284251771208 607.9323797027938 
gen 137 107885 588.3999647841017 14.983372125373105 514.3765683655287 605.0810376581372 
gen 138 108667 585.8206006796963 14.901472733451511 514.3765683655287 601.9784998360042 
gen 139 109449 583.8042793362965 14.539613920850913 514.3765683655287 600.1129788246776 
gen 140 110231 581.5872300367008 14.2407844830274 514.3765683655287 597.7612788988926 
gen 141 111013 579.2779788147529 13.787700758772475 514.3765683655287 594.8664835044747 
gen 142 111795 577.5905935737568 13.665481832415278 514.3765683655287 592.8754503786992 
gen 143 112577 574.6706525074377 13.791569724981107 514.3765683655287 590.5175540703495 
gen 144 113359 571.8887365048981 13.914742953213517 514.3765683655287 587.3676688245288 
gen 145 114141 568.9150728241968 13.85923627839723 514.3765683655287 584.5473392021396 
gen 146 114923 566.9029611197996 13.907239095232741 503.6445141369632 581.6062972409738 
gen 147 115705 565.2293483045291 13.810545267611063 503.6445141369632 579.7400860117071 
gen 148 116487 563.3889948037444 13.716176384237757 503.6445141369632 578.1109688940419 
gen 149 117269 561.1199888214863 13.545218595580632 503.6445141369632 576.0581959598751 
gen 150 118051 559.0762540769258 13.222181086121825 503.6445141369632 573.9777840007828 
gen 151 118833 556.3753702186607 13.090055213495926 503.6445141369632 571.9668872415161 
gen 152 119615 553.8640829760934 13.011762702908939 503.6445141369632 568.7886155191279 
gen 153 120397 551.4089208601051 12.665290528469622 503.6445141369632 566.5408826910514 
gen 154 121179 549.0793656622826 12.560924870906392 503.6445141369632 563.9551511018119 
gen 155 121961 547.146807074824 11.865311124509805 503.6445141369632 561.1302741577225 
gen 156 122743 544.8722583168231 11.528379996104137 503.6445141369632 558.9569967299243 
gen 157 123575 542.9646430255256 11.456421019041718 481.9989426035333 557.1726437680155 
gen 158 124357 541.0919992416186 11.295531356969667 481.9989426035333 554.9084177026184 
gen 159 125139 539.5845843821119 11.157826197285784 481.9989426035333 552.5554627253271 
gen 160 125921 537.7476587876388 11.29883432688382 481.9989426035333 550.9079045395355 
gen 161 126703 536.1648402014873 10.724174631929479 481.9989426035333 549.0119129367127 
gen 162 127485 534.7302940929918 10.609422023293913 481.9989426035333 547.435960511373 
gen 163 128267 533.5635014018146 10.425377168564152 481.9989426035333 545.3343309854203 
gen 164 129049 532.4746062028391 10.125511221903922 481.9989426035333 544.2113906621237 
gen 165 129831 531.3160495919914 10.006064790441037 481.9989426035333 542.5942752345458 
gen 166 130613 530.0438642532115 10.052447257910497 481.9989426035333 541.4188197443784 
gen 167 131395 528.5539666529287 9.829252291365602 481.9989426035333 539.7290616010436 
gen 168 132177 526.9133349944394 9.802576665694266 481.9989426035333 538.4691990179757 
gen 169 132959 525.0811860404837 9.954668566585347 481.9989426035333 536.8168556769315 
gen 170 133741 523.3696676359675 9.772334337623196 481.9989426035333 534.74048283672 
gen 171 134523 522.4610300386375 9.598605250916819 481.9989426035333 533.5398653490017 
gen 172 135305 521.1347381094907 9.380263701417146 481.9989426035333 531.7514522835534 
gen 173 136087 519.9266047469341 9.105755909251792 481.9989426035333 530.4587830022059 
gen 174 136869 518.1402542473971 9.697870115753927 465.05416344723994 528.6853334768289 
gen 175 137651 516.2518873546985 9.744050324889065 465.05416344723994 527.1693029276225 
gen 176 138433 514.1152643025397 9.87151584725313 465.05416344723994 525.4678969850949 
gen 177 139215 511.81536313509196 9.766676978264401 465.05416344723994 523.1738228099929 
gen 178 139997 509.99961121365675 9.655981357894138 465.05416344723994 521.2451138435758 
gen 179 140779 508.34835853727947 9.37582179685617 465.05416344723994 519.411864553645 
gen 180 141561 506.6008208327121 9.255655276836677 465.05416344723994 517.7442117655291 
gen 181 142343 504.4924484277616 9.329028390229709 465.05416344723994 515.6721507819226 
gen 182 143125 502.89331568321546 9.042218060032832 465.05416344723994 514.066205788596 
gen 183 143907 501.099908182777 8.892107457681805 465.05416344723994 512.0205205266733 
gen 184 144689 499.6649178404857 8.715080738949595 465.05416344723994 510.38316210902497 
gen 185 145471 497.67114340053183 8.781949894615051 465.05416344723994 507.9022677326892 
gen 186 146253 495.83699319065954 8.816944081472066 451.704228395666 506.1568643664421 
gen 187 147035 494.28790929392704 8.687142111842572 451.704228395666 504.6281422349037 
gen 188 147817 492.1089728881005 8.64960300525599 451.704228395666 502.4995049986246 
gen 189 148599 490.75410850790445 8.604539472260013 447.8314056191885 500.5766572109137 
gen 190 149381 489.4224950289964 8.324885448506594 447.8314056191885 499.24853601213863 
gen 191 150163 488.1411260791663 8.217647909828642 447.8314056191885 497.78026384838097 
gen 192 150945 486.6537646307604 7.833239023291996 447.8314056191885 495.74366680637837 
gen 193 151727 485.33590379618545 7.7603684842190574 447.8314056191885 494.08699931832507 
gen 194 152509 484.10480349721075 7.8517680995334995 447.8314056191885 492.94853573346063 
gen 195 153291 482.7382971357983 7.870119173086669 447.8314056191885 491.6490480514224 
gen 196 154073 481.1043433381612 8.040914240139493 446.64915917877096 490.2038319710657 
gen 197 154855 479.71376111987826 7.804026069698265 446.64915917877096 488.5155428610446 
gen 198 155637 478.2611525342521 7.891401815770119 439.2801025131818 487.2278542034361 
gen 199 156419 477.19894380356993 7.9221667421348405 439.2801025131818 486.2121713515163 
gen 200 157201 476.03522047221793 8.398045486778896 437.15235154870817 485.0796272055223 
gen 201 157983 474.6945784675328 8.456137604640672 437.15235154870817 484.1937300384629 
gen 202 158765 473.2978408788525 8.429181309272256 436.8045800097631 482.7737799040464 
gen 203 159547 472.4998412964868 8.436978821542482 436.8045800097631 481.9033673926415 
gen 204 160329 471.439588775801 8.304581663617103 436.8045800097631 480.9135719811799 
gen 205 161111 470.212523394955 8.256968036869246 436.8045800097631 479.6785934986952 
gen 206 161893 468.9611909147693 8.380013296101913 431.09190796561563 478.44413637115997 
gen 207 162675 468.09319761451644 8.328464049314197 431.09190796561563 477.251440726293 
gen 208 163457 466.98622965828406 8.134214080205311 431.09190796561563 475.948111335808 
gen 209 164239 465.867386220153 8.018819526241073 431.09190796561563 474.96511890204783 
gen 210 165021 464.78339081332894 8.16117928254508 431.09190796561563 473.9164392670369 
gen 211 165803 463.58274924953895 8.149640819773392 431.09190796561563 472.867481318785 
gen 212 166585 462.2007379207204 8.096389494552716 431.09190796561563 471.7957626354325 
gen 213 167367 461.2822259499455 8.089607289808185 431.09190796561563 470.4286727237815 
gen 214 168149 460.3855994061397 7.963777711665582 431.09190796561563 469.39570040337344 
gen 215 168931 459.39093435711914 7.735888506157509 431.09190796561563 468.15718614744645 
gen 216 169713 458.2681234754773 7.728722328017628 431.09190796561563 467.199650862911 
gen 217 170495 456.9135781551706 7.848234943758363 415.23364606058107 465.8818521311979 
gen 218 171277 455.9926768737496 7.639034198962738 415.23364606058107 464.8181887216858 
gen 219 172059 455.1252314363318 7.5966797692278405 415.23364606058107 463.5747035567999 
gen 220 172841 454.2999660976865 7.454163129113548 415.23364606058107 462.7322756795861 
gen 221 173623 453.6017241201318 7.467707744542238 415.23364606058107 461.9374992418028 
gen 222 174405 452.91150080917726 7.294671273951235 415.23364606058107 461.2038448690063 
gen 223 175187 452.2497894764641 7.097169526028623 415.23364606058107 460.06837066871753 
gen 224 175969 451.32513392670853 7.2350606427063004 415.23364606058107 459.2782274279352 
gen 225 176751 450.4502869715381 7.224663503395301 414.8444056476307 458.34456800210296 
gen 226 177533 449.11431901936976 7.16001024341035 414.8444056476307 457.1235571612456 
gen 227 178315 448.14481389226927 7.114387633333984 414.8444056476307 456.2820667784072 
gen 228 179097 447.4093962411381 6.987821777787384 414.8444056476307 455.7503988506611 
gen 229 179879 446.27293810296015 7.200249650489668 414.8444056476307 454.4674116297457 
gen 230 180661 445.4605940982022 7.05633268639064 414.8444056476307 453.54015664563184 
gen 231 181443 444.6290423031001 6.919896344829201 414.8444056476307 452.6259723166359 
gen 232 182225 443.6800684954587 6.86969881191263 414.8444056476307 451.7740529093394 
gen 233 183007 442.8685930754346 6.736663021759432 414.8444056476307 450.763024182149 
gen 234 183789 441.80271482416754 6.930502495264697 407.7135576433494 449.7271177562851 
gen 235 184571 440.5811556150998 7.114926133555397 407.7135576433494 448.7029754167886 
gen 236 185353 439.7741777071372 7.224933715652632 407.7135576433494 447.9071017312795 
gen 237 186135 438.41622426429535 7.322747541759578 407.7135576433494 446.74721448257037 
gen 238 186917 437.1934187715796 7.387083902339571 407.7135576433494 445.4130965123228 
gen 239 187699 436.41733009669053 7.305091416290544 407.7135576433494 444.5946705921728 
gen 240 188481 435.60855740124447 7.253347523249488 407.7135576433494 443.74916649376416 
gen 241 189263 434.8778306695735 7.060567163556777 407.7135576433494 443.03717941197436 
gen 242 190045 433.64016548092906 7.487358309081394 386.88756739640485 441.78661942035245 
gen 243 190827 432.6266321677028 7.6382367288307895 386.88756739640485 440.62142285372585 
gen 244 191609 431.61239877683084 7.67345740375602 386.88756739640485 439.3735769062615 
gen 245 192391 430.47213750921173 7.722550353622435 386.88756739640485 438.1918129372024 
gen 246 193173 429.41119279250523 7.708800686076614 386.88756739640485 437.4592706181043 
gen 247 193955 428.4472571547698 7.557912039941803 386.88756739640485 436.5992196403334 
gen 248 194737 427.45668095064644 7.46189989298879 386.88756739640485 435.588952840164 
gen 249 195519 426.0947989740384 7.510158625681356 386.88756739640485 434.2606487257632 
gen 250 196301 425.0219030506546 7.317032511713071 386.88756739640485 433.0543475416381 
gen 251 197083 424.0148051888234 7.417563117966756 382.7132165181578 432.16432144803053 
gen 252 197865 423.0218403115349 7.18040039241549 382.7132165181578 430.83986847543974 
gen 253 198647 421.76910210762424 7.169065407800554 382.7132165181578 429.571475805885 
gen 254 199429 420.4622569593205 7.587885026466673 380.4909350675698 428.4381664347439 
gen 255 200211 418.82595650148323 7.699499854400031 380.4909350675698 426.7497866199292 
gen 256 200993 417.8149700717 7.822383302172685 380.4909350675698 425.7065959583224 
gen 257 201775 416.5703613174938 7.694973514713905 380.4909350675698 424.21695170205606 
gen 258 202557 415.3090905400394 7.494355385428077 380.4909350675698 423.12944450440006 
gen 259 203339 414.0583832000773 7.4642228639697565 380.4909350675698 421.8437139451873 
gen 260 204121 412.70926507350487 7.412611319729893 380.4909350675698 420.59402583424014 
gen 261 204903 411.1221262629564 7.311100624491236 380.4909350675698 418.7032225477128 
gen 262 205685 409.67236870692744 7.235577971961647 380.4909350675698 417.4543575990605 
gen 263 206467 407.99424403382585 7.073108647960651 380.4909350675698 416.0165551715402 
gen 264 207249 406.39342350615595 6.90339552630351 380.4909350675698 414.4057670569313 
gen 265 208031 405.10868035786046 6.556552612818632 380.4909350675698 412.85412117078107 
gen 266 208813 403.6206394112701 6.409395116540703 380.4909350675698 411.32173957673143 
gen 267 209595 402.25362836221103 6.245071621145721 378.8051795969132 409.8635432878961 
gen 268 210377 400.8752692436299 5.829781371612733 378.8051795969132 408.1927476926931 
gen 269 211159 399.3732445310351 5.493199496682444 378.8051795969132 406.28203714613244 
gen 270 211941 397.91505789141655 5.320280260635636 377.9100740872503 404.5885323898091 
gen 271 212723 396.82342567504725 5.137346672970009 377.9100740872503 403.30768208200135 
gen 272 213505 395.91525905355235 4.914765435028087 377.9100740872503 401.6837876024977 
gen 273 214287 394.77249301980277 4.847866684517603 377.3796253575471 400.25875057811334 
gen 274 215069 394.0760360873692 4.787596660128625 377.3796253575471 399.52717144069686 
gen 275 215851 393.138815308832 4.561560351643088 377.3796253575471 398.6116143371759 
gen 276 216633 392.3353657839032 4.506637852061957 377.3796253575471 397.9170813495743 
gen 277 217415 391.72656712687797 4.349115477493671 377.3796253575471 397.16468360041387 
gen 278 218197 390.9413941490186 4.256042384666819 377.3796253575471 396.11921317426 
gen 279 218979 389.88128257332767 4.2352670024025425 377.0555982052067 395.0204668211255 
gen 280 219761 389.1826977666412 4.171296549097436 375.24605523235425 394.04224268693036 
gen 281 220553 388.6568338162661 4.16335949405665 365.25738035161686 393.57977821558336 
gen 282 221335 388.0381167171945 4.017281767156395 365.25738035161686 392.92775560304756 
gen 283 222117 387.50139413057934 3.8130658993484574 365.25738035161686 392.07787308508875 
gen 284 222899 387.0651460130668 3.7510711751629557 365.25738035161686 391.40480581689985 
gen 285 223681 386.6750236663498 3.69033026922307 365.25738035161686 390.9517035913095 
gen 286 224463 386.2330998730997 3.633238846616698 365.25738035161686 390.4095842731112 
gen 287 225245 385.7720223418351 3.5506178250110563 365.25738035161686 389.8592172383516 
gen 288 226027 385.21709415332487 3.458059550779478 365.25738035161686 389.13905658166044 
gen 289 226809 384.69717012886974 3.474351869088681 365.25738035161686 388.6674499067968 
gen 290 227591 384.31473216749674 3.4203422224471067 365.25738035161686 388.16153963114346 
gen 291 228383 383.80483204078377 3.3756727752755906 365.0649734704421 387.68683511047664 
gen 292 229165 383.33153293595905 3.3795875895854812 365.0649734704421 387.22979811373006 
gen 293 229947 382.9264177631982 3.4154193901223784 365.0649734704421 386.9055885173939 
gen 294 230729 382.38863085615895 3.3100846191316147 365.0649734704421 386.4124157953603 
gen 295 231511 381.862714256986 3.3107142651002595 365.0649734704421 385.87298277524656 
gen 296 232293 381.3254035255838 3.283797649783459 365.0649734704421 385.31812640190054 
gen 297 233075 380.90378548926896 3.370954234816503 365.0649734704421 384.84646725305737 
gen 298 233857 380.6325771590986 3.2672849649919162 365.0649734704421 384.55977880479406 
gen 299 234639 380.3375280410547 3.207730006115243 365.0649734704421 384.123339702328 
gen 300 235421 379.95098554353206 3.0773274992207442 365.0649734704421 383.51178777007755 
gen 301 236203 379.560191780463 2.955384402761703 365.0649734704421 383.0518695802636 
gen 302 236985 379.1802244017346 3.054020985651381 365.0649734704421 382.70010980070793 
gen 303 237767 378.85612243635353 2.9428872115063918 365.0649734704421 382.3634702730078 
gen 304 238549 378.483582136785 2.862951921695695 365.0649734704421 381.7853981279205 
gen 305 239331 378.04926335783284 2.9958879672638097 363.40925080180705 381.5310003357712 
gen 306 240113 377.6581625234466 2.9515580031037825 363.40925080180705 380.921729766236 
gen 307 240895 377.4899097278991 2.8955792971320204 363.40925080180705 380.69743090083523 
gen 308 241677 377.2851486459131 2.8589210228503 363.40925080180705 380.4219741807165 
gen 309 242459 377.03435624592186 2.8085875761091357 363.40925080180705 380.1962049413484 
gen 310 243241 376.82561695202133 2.755203455315641 363.40925080180705 379.89118041600506 
gen 311 244023 376.4342236864123 2.803529118321687 363.40925080180705 379.44672173955024 
gen 312 244805 376.1655607569888 2.824944517126202 363.40925080180705 379.1075934626583 
gen 313 245587 376.01018623002955 2.812654202957305 363.40925080180705 378.90630770916823 
gen 314 246369 375.74331644535084 2.829905768293698 363.40925080180705 378.7348411377239 
gen 315 247151 375.54121174539574 2.8192620191802176 363.40925080180705 378.6156409576532 
gen 316 247933 375.2350968572579 2.827734462371548 363.40925080180705 378.2063845697956 
gen 317 248715 375.02198702959646 2.7909407693678667 363.40925080180705 377.991443041747 
gen 318 249497 374.70996503311665 2.738850725732515 363.40925080180705 377.63378790705804 
gen 319 250279 374.5298131122952 2.801100045203429 362.9412031346881 377.3796253575471 
gen 320 251061 374.3731963004629 2.7171414542195307 362.9412031346881 377.31734332588024 
gen 321 251843 374.1602441912402 2.6614726473716424 362.9412031346881 377.07543620656617 
gen 322 252625 373.9914856391102 2.6362612976680295 362.9412031346881 376.85480849910533 
gen 323 253407 373.6972030184866 2.67088827941703 362.46845925815904 376.5855842850535 
gen 324 254189 373.52493372971037 2.6171701333376927 362.46845925815904 376.3246479831773 
gen 325 254971 373.28265152113227 2.5819979406594733 362.46845925815904 376.0860933695081 
gen 326 255753 373.08616751880953 2.554313975938203 362.46845925815904 375.728433905857 
gen 327 256535 372.9954104261593 2.5270887045914936 362.46845925815904 375.4786985544359 
gen 328 257317 372.7632433309531 2.565693203329607 362.2344152051184 375.2800348975486 
gen 329 258099 372.5936794615673 2.5592749460378585 362.2344152051184 375.2238676528712 
gen 330 258881 372.4035443745167 2.5254294808803213 362.2344152051184 375.13389736721524 
gen 331 259663 372.20510819460384 2.5448959817987493 362.2344152051184 374.95352695490067 
gen 332 260445 372.04966320157433 2.505982765980512 362.2344152051184 374.8592996114183 
gen 333 261227 371.8627622783362 2.473364279036424 362.2344152051184 374.6498621074481 
gen 334 262009 371.76116595676626 2.457344104429052 362.2344152051184 374.4019217095518 
gen 335 262791 371.61452092403096 2.453318890088846 362.2344152051184 374.22590608871474 
gen 336 263573 371.4262916363652 2.412644529605169 362.2344152051184 374.0805993120654 
gen 337 264355 371.2913366424679 2.4265657929393423 362.2344152051184 373.9266513777512 
gen 338 265137 371.0696561535789 2.4721181292116445 358.57465626470963 373.7251789620389 
gen 339 265919 370.93484525762165 2.471099277243692 358.57465626470963 373.5274867444831 
gen 340 266701 370.7909893296716 2.482741776908152 358.57465626470963 373.40396715572746 
gen 341 267483 370.7224106788575 2.454609063416046 358.57465626470963 373.2722248644291 
gen 342 268265 370.6516503960703 2.439238073321503 358.57465626470963 373.1981350376712 
gen 343 269047 370.52223400497803 2.420777824850612 358.57465626470963 373.11320273304307 
gen 344 269829 370.3554816721849 2.4871974708639804 357.6060203363062 373.0237392994467 
gen 345 270611 370.15441352791026 2.540873365794619 357.6060203363062 372.87638026969944 
gen 346 271393 370.04656742025156 2.5279255491620454 357.6060203363062 372.7880043569181 
gen 347 272175 369.8871642971978 2.49984921594694 357.6060203363062 372.6697641177042 
gen 348 272957 369.7568227269504 2.453196076904214 357.6060203363062 372.4694343747672 
gen 349 273739 369.6747287264775 2.4207216471325697 357.6060203363062 372.3514237489653 
[20, 13, 8, 3, 11, 17, 4, 19, 12, 7, 22, 9, 2, 0, 5, 10, 6, 21, 18, 15, 1, 14, 16, 6, 14, 10, 7, 22, 17, 2, 8, 18, 20, 12, 5, 9, 0, 1, 19, 11, 15, 13, 16, 4, 21, 3, 21, 3, 13, 9, 0, 8, 22, 16, 4, 12, 2, 20, 17, 14, 15, 11, 1, 7, 19, 6, 5, 10, 18, 0, 18, 4, 22, 15, 19, 5, 11, 13, 8, 12, 17, 2, 3, 1, 14, 20, 21, 10, 16, 6, 7, 9, 1, 16, 5, 9, 20, 14, 19, 17, 22, 7, 13, 4, 6, 2, 18, 21, 12, 0, 15, 3, 10, 11, 8, 14, 2, 13, 17, 10, 5, 3, 20, 16, 0, 1, 18, 7, 11, 15, 22, 8, 6, 21, 9, 19, 12, 4, 2, 6, 3, 10, 16, 12, 11, 4, 17, 0, 15, 8, 22, 20, 5, 19, 14, 18, 7, 13, 9, 1, 21, 21, 8, 16, 3, 13, 5, 1, 10, 22, 11, 6, 18, 9, 4, 7, 20, 17, 15, 14, 12, 2, 19, 0, 4, 6, 10, 7, 14, 16, 3, 20, 18, 9, 0, 13, 17, 21, 1, 5, 15, 8, 11, 22, 19, 12, 2, 4, 6, 19, 7, 22, 21, 3, 16, 20, 13, 1, 9, 18, 15, 17, 10, 11, 8, 14, 0, 12, 5, 2, 2, 3, 22, 17, 14, 5, 4, 6, 0, 10, 11, 8, 16, 15, 7, 19, 9, 20, 18, 13, 12, 21, 1, 0, 18, 12, 22, 15, 16, 1, 13, 6, 19, 9, 11, 21, 17, 10, 4, 5, 3, 2, 7, 20, 14, 8, 2, 20, 9, 11, 15, 7, 10, 14, 5, 17, 8, 6, 22, 1, 19, 0, 3, 16, 13, 21, 18, 12, 4, 16, 10, 20, 7, 13, 15, 21, 1, 5, 9, 0, 18, 3, 12, 22, 2, 4, 8, 6, 17, 11, 14, 19, 14, 13, 17, 6, 21, 8, 7, 15, 11, 5, 22, 12, 19, 4, 1, 16, 0, 9, 18, 2, 10, 3, 20, 11, 20, 13, 3, 2, 9, 16, 6, 21, 8, 0, 7, 4, 19, 14, 1, 15, 12, 22, 5, 18, 17, 10, 21, 19, 18, 8, 1, 4, 9, 6, 14, 17, 3, 13, 22, 16, 10, 15, 2, 7, 12, 20, 5, 11, 0]
min  357.6060203363062
NFE 273739
LSNFE 430
VLSNFE 59
runTime 970.5384321212769
