gen 0 64 156250000001436.6 1240195927061346.0 753.9293017547737 1e+16 
gen 1 200 961.5898963140392 97.25466274679611 745.1389826214902 1120.9932353364873 
gen 2 336 896.7705636976088 69.9377807098145 745.1389826214902 998.7556800955922 
gen 3 468 835.4439460864129 58.53238210725978 707.1931055107578 931.4291587480304 
gen 4 602 809.0941122743086 42.52859780414735 707.1931055107578 872.721529866293 
gen 5 738 774.7355367842437 38.68222234933276 665.2029836264159 826.6754981056567 
gen 6 873 747.0650854821222 37.45675739127055 630.6509937557821 798.4797101862832 
gen 7 1007 731.9884768751742 31.871227686281866 630.6509937557821 775.7391471944394 
gen 8 1144 715.1000184572667 28.94051138951289 630.6509937557821 751.1737247264746 
gen 9 1281 702.0845163134147 26.414958534701583 630.6509937557821 734.7853515384577 
gen 10 1419 691.9726467240534 28.18559382230883 586.0895051545104 722.067816483643 
gen 11 1548 680.7319251745832 27.311199605759498 586.0895051545104 712.010261139695 
gen 12 1683 672.3949245052614 24.421322799325182 586.0895051545104 705.3217581707638 
gen 13 1814 660.2729897694504 23.81948995737213 581.3914284655511 692.2663032596995 
gen 14 1946 655.2816973654975 20.674315753123313 581.3914284655511 681.0113642441252 
gen 15 2085 646.3359510889616 17.7615752714962 581.3914284655511 667.7545277146568 
gen 16 2225 637.8562963223561 18.914539628768143 572.8354251723513 659.4010713269179 
gen 17 2359 628.8869671248356 18.688878176577912 572.8354251723513 649.6091567115187 
gen 18 2491 621.3579000009078 16.63158995609461 572.8354251723513 640.6422076135054 
gen 19 2627 611.8827424241849 14.652524819574595 572.8354251723513 630.6509937557821 
gen 20 2760 600.5417513849768 14.504955034484166 565.1715264763673 618.5805455049011 
gen 21 2897 591.8259293805593 12.589207530984252 558.8321102089465 608.0823740246417 
gen 22 3031 585.6773747917216 10.093243627293823 558.8321102089465 601.0607934775444 
gen 23 3163 578.7810624138832 9.161089039589601 543.242811810948 590.8603392135334 
gen 24 3294 569.8804460112676 10.370797523378972 528.8430691936492 581.2100330914224 
gen 25 3430 562.8802587295963 11.080548174855222 526.7340229531034 573.6022212980781 
gen 26 3569 556.3571261450556 12.618147356252727 503.6656573502848 568.8513279075853 
gen 27 3706 550.8924929200658 11.629813079533168 503.6656573502848 562.2707560532355 
gen 28 3839 544.355615331652 11.156966345681372 503.6656573502848 557.5642685584701 
gen 29 3971 539.8399293366364 10.239195337709813 503.6656573502848 552.2485829145469 
gen 30 4100 535.713572530077 9.579712919358329 503.6656573502848 546.8681307838981 
gen 31 4233 528.6963288229372 9.618532698592619 500.70064201822345 541.1683260323481 
gen 32 4367 524.7754612588152 8.521449590991741 500.70064201822345 535.2595188248629 
gen 33 4503 519.2906617864733 8.159609370141762 499.7295888306842 528.889384317817 
gen 34 4639 513.2742864668126 6.019245954645319 499.7295888306842 522.310567707841 
gen 35 4772 506.6620658020104 5.247998966979239 487.7145900199396 513.7243276957536 
gen 36 4905 501.64093582420975 4.640617707915665 487.7145900199396 508.018727600607 
gen 37 5041 496.29136027136747 4.572851644163296 484.26719062595305 501.62578723091485 
gen 38 5175 491.2739938347489 4.213934485596541 480.7791838078463 497.18284569704144 
gen 39 5313 486.0140366396924 3.1977775000692925 476.19268972447554 490.1000075125605 
gen 40 5446 482.6235998456324 2.7313504266930515 476.19268972447554 485.9640817621172 
gen 41 5580 480.5192540645721 2.1307467693373447 475.5647784479943 483.6837009586152 
gen 42 5716 478.83785047448794 1.8630666909281126 472.6342585752333 481.294182731944 
gen 43 5848 477.5180038724508 1.504238240117447 472.6342585752333 479.87550510703755 
gen 44 5979 476.00655098292884 1.3860974487578748 471.3644509574267 477.6867010730997 
gen 45 6115 474.8400205945883 1.393373818171652 470.3535056372657 476.42875130968326 
gen 46 6248 473.85062207718346 1.1204879059755393 470.3535056372657 475.3846689094421 
gen 47 6386 473.0289901812971 1.0445880475772735 469.33906995020703 474.2773483202734 
gen 48 6519 472.2646135731808 1.038252302322726 469.33906995020703 473.51079472988994 
gen 49 6657 471.07839466181565 1.1440592241373417 469.046624499257 472.2567697936974 
gen 50 6790 469.6887154690929 0.5901453692822157 469.046624499257 471.0147385875787 
gen 51 6922 469.19679502570193 0.11026378625105958 468.9322466126777 469.33906995020703 
gen 52 7054 469.0909937956129 0.04342041792908114 468.9322466126777 469.15363558671726 
gen 53 7191 469.04574934946714 0.023737716152510777 468.9322466126777 469.1042065614581 
gen 54 7323 469.03768872686805 0.03069538617805735 468.9322466126777 469.046624499257 
gen 55 7458 469.0203573298402 0.046957033811449764 468.9322466126777 469.046624499257 
gen 56 7596 468.9851543880343 0.055075717100697884 468.9322466126777 469.046624499257 
gen 57 7731 468.9322466126777 0.0 468.9322466126777 468.9322466126777 
gen 58 7866 468.9322466126777 0.0 468.9322466126777 468.9322466126777 
gen 59 8001 468.9322466126777 0.0 468.9322466126777 468.9322466126777 
gen 60 8133 468.9322466126777 0.0 468.9322466126777 468.9322466126777 
gen 61 8266 468.9322466126777 0.0 468.9322466126777 468.9322466126777 
gen 62 8397 468.9322466126777 0.0 468.9322466126777 468.9322466126777 
gen 63 8530 468.9322466126777 0.0 468.9322466126777 468.9322466126777 
gen 64 8662 468.9322466126777 0.0 468.9322466126777 468.9322466126777 
gen 65 8796 468.9322466126777 0.0 468.9322466126777 468.9322466126777 
gen 66 8928 468.9322466126777 0.0 468.9322466126777 468.9322466126777 
gen 67 9065 468.9322466126777 0.0 468.9322466126777 468.9322466126777 
gen 68 9198 468.9322466126777 0.0 468.9322466126777 468.9322466126777 
gen 69 9329 468.9322466126777 0.0 468.9322466126777 468.9322466126777 
gen 70 9462 468.9322466126777 0.0 468.9322466126777 468.9322466126777 
gen 71 9594 468.9322466126777 0.0 468.9322466126777 468.9322466126777 
gen 72 9727 468.9322466126777 0.0 468.9322466126777 468.9322466126777 
gen 73 9858 468.9322466126777 0.0 468.9322466126777 468.9322466126777 
gen 74 9989 468.9322466126777 0.0 468.9322466126777 468.9322466126777 
gen 75 10122 468.9322466126777 0.0 468.9322466126777 468.9322466126777 
gen 76 10256 468.9322466126777 0.0 468.9322466126777 468.9322466126777 
gen 77 10393 468.9322466126777 0.0 468.9322466126777 468.9322466126777 
gen 78 10524 468.9322466126777 0.0 468.9322466126777 468.9322466126777 
gen 79 10659 468.9322466126777 0.0 468.9322466126777 468.9322466126777 
gen 80 10789 468.9322466126777 0.0 468.9322466126777 468.9322466126777 
gen 81 10920 468.9322466126777 0.0 468.9322466126777 468.9322466126777 
gen 82 11053 468.9322466126777 0.0 468.9322466126777 468.9322466126777 
gen 83 11188 468.9322466126777 0.0 468.9322466126777 468.9322466126777 
gen 84 11319 468.9322466126777 0.0 468.9322466126777 468.9322466126777 
gen 85 11452 468.9322466126777 0.0 468.9322466126777 468.9322466126777 
gen 86 11585 468.9322466126777 0.0 468.9322466126777 468.9322466126777 
gen 87 11717 468.9322466126777 0.0 468.9322466126777 468.9322466126777 
gen 88 11848 468.9322466126777 0.0 468.9322466126777 468.9322466126777 
gen 89 11981 468.9322466126777 0.0 468.9322466126777 468.9322466126777 
gen 90 12123 468.9322466126777 0.0 468.9322466126777 468.9322466126777 
gen 91 12256 468.9322466126777 0.0 468.9322466126777 468.9322466126777 
gen 92 12389 468.9322466126777 0.0 468.9322466126777 468.9322466126777 
gen 93 12521 468.9322466126777 0.0 468.9322466126777 468.9322466126777 
gen 94 12653 468.9322466126777 0.0 468.9322466126777 468.9322466126777 
gen 95 12786 468.9322466126777 0.0 468.9322466126777 468.9322466126777 
gen 96 12917 468.9322466126777 0.0 468.9322466126777 468.9322466126777 
gen 97 13048 468.9322466126777 0.0 468.9322466126777 468.9322466126777 
gen 98 13179 468.9322466126777 0.0 468.9322466126777 468.9322466126777 
gen 99 13311 468.9322466126777 0.0 468.9322466126777 468.9322466126777 
gen 100 13443 468.9322466126777 0.0 468.9322466126777 468.9322466126777 
gen 101 13575 468.9322466126777 0.0 468.9322466126777 468.9322466126777 
gen 102 13706 468.9322466126777 0.0 468.9322466126777 468.9322466126777 
gen 103 13840 468.9322466126777 0.0 468.9322466126777 468.9322466126777 
gen 104 13969 468.9322466126777 0.0 468.9322466126777 468.9322466126777 
gen 105 14098 468.9322466126777 0.0 468.9322466126777 468.9322466126777 
gen 106 14233 468.9322466126777 0.0 468.9322466126777 468.9322466126777 
gen 107 14365 468.9322466126777 0.0 468.9322466126777 468.9322466126777 
gen 108 14497 468.9322466126777 0.0 468.9322466126777 468.9322466126777 
gen 109 14629 468.9322466126777 0.0 468.9322466126777 468.9322466126777 
gen 110 14759 468.9322466126777 0.0 468.9322466126777 468.9322466126777 
gen 111 14893 468.9322466126777 0.0 468.9322466126777 468.9322466126777 
gen 112 15025 468.9322466126777 0.0 468.9322466126777 468.9322466126777 
gen 113 15155 468.9322466126777 0.0 468.9322466126777 468.9322466126777 
gen 114 15287 468.9322466126777 0.0 468.9322466126777 468.9322466126777 
gen 115 15420 468.9322466126777 0.0 468.9322466126777 468.9322466126777 
gen 116 15556 468.9322466126777 0.0 468.9322466126777 468.9322466126777 
gen 117 15689 468.9322466126777 0.0 468.9322466126777 468.9322466126777 
gen 118 15821 468.9322466126777 0.0 468.9322466126777 468.9322466126777 
gen 119 15952 468.9322466126777 0.0 468.9322466126777 468.9322466126777 
gen 120 16082 468.9322466126777 0.0 468.9322466126777 468.9322466126777 
gen 121 16216 468.9322466126777 0.0 468.9322466126777 468.9322466126777 
gen 122 16350 468.9322466126777 0.0 468.9322466126777 468.9322466126777 
gen 123 16486 468.9322466126777 0.0 468.9322466126777 468.9322466126777 
gen 124 16621 468.9322466126777 0.0 468.9322466126777 468.9322466126777 
gen 125 16759 468.9322466126777 0.0 468.9322466126777 468.9322466126777 
gen 126 16891 468.9322466126777 0.0 468.9322466126777 468.9322466126777 
gen 127 17023 468.9322466126777 0.0 468.9322466126777 468.9322466126777 
gen 128 17153 468.9322466126777 0.0 468.9322466126777 468.9322466126777 
gen 129 17285 468.9322466126777 0.0 468.9322466126777 468.9322466126777 
gen 130 17418 468.9322466126777 0.0 468.9322466126777 468.9322466126777 
gen 131 17551 468.9322466126777 0.0 468.9322466126777 468.9322466126777 
gen 132 17685 468.9322466126777 0.0 468.9322466126777 468.9322466126777 
gen 133 17823 468.9322466126777 0.0 468.9322466126777 468.9322466126777 
gen 134 17954 468.9322466126777 0.0 468.9322466126777 468.9322466126777 
gen 135 18085 468.9322466126777 0.0 468.9322466126777 468.9322466126777 
gen 136 18218 468.9322466126777 0.0 468.9322466126777 468.9322466126777 
gen 137 18349 468.9322466126777 0.0 468.9322466126777 468.9322466126777 
gen 138 18481 468.9322466126777 0.0 468.9322466126777 468.9322466126777 
gen 139 18614 468.9322466126777 0.0 468.9322466126777 468.9322466126777 
gen 140 18747 468.9322466126777 0.0 468.9322466126777 468.9322466126777 
gen 141 18883 468.9322466126777 0.0 468.9322466126777 468.9322466126777 
gen 142 19014 468.9322466126777 0.0 468.9322466126777 468.9322466126777 
gen 143 19148 468.9322466126777 0.0 468.9322466126777 468.9322466126777 
gen 144 19282 468.9322466126777 0.0 468.9322466126777 468.9322466126777 
gen 145 19418 468.9322466126777 0.0 468.9322466126777 468.9322466126777 
gen 146 19550 468.9322466126777 0.0 468.9322466126777 468.9322466126777 
gen 147 19682 468.9322466126777 0.0 468.9322466126777 468.9322466126777 
gen 148 19816 468.9322466126777 0.0 468.9322466126777 468.9322466126777 
gen 149 19949 468.9322466126777 0.0 468.9322466126777 468.9322466126777 
gen 150 20083 468.9322466126777 0.0 468.9322466126777 468.9322466126777 
gen 151 20214 468.9322466126777 0.0 468.9322466126777 468.9322466126777 
gen 152 20346 468.9322466126777 0.0 468.9322466126777 468.9322466126777 
gen 153 20479 468.9322466126777 0.0 468.9322466126777 468.9322466126777 
gen 154 20610 468.9322466126777 0.0 468.9322466126777 468.9322466126777 
gen 155 20740 468.9322466126777 0.0 468.9322466126777 468.9322466126777 
gen 156 20873 468.9322466126777 0.0 468.9322466126777 468.9322466126777 
gen 157 21005 468.9322466126777 0.0 468.9322466126777 468.9322466126777 
gen 158 21135 468.9322466126777 0.0 468.9322466126777 468.9322466126777 
gen 159 21265 468.9322466126777 0.0 468.9322466126777 468.9322466126777 
gen 160 21393 468.9322466126777 0.0 468.9322466126777 468.9322466126777 
gen 161 21527 468.9322466126777 0.0 468.9322466126777 468.9322466126777 
gen 162 21659 468.9322466126777 0.0 468.9322466126777 468.9322466126777 
gen 163 21787 468.9322466126777 0.0 468.9322466126777 468.9322466126777 
gen 164 21917 468.9322466126777 0.0 468.9322466126777 468.9322466126777 
gen 165 22051 468.9322466126777 0.0 468.9322466126777 468.9322466126777 
gen 166 22181 468.9322466126777 0.0 468.9322466126777 468.9322466126777 
gen 167 22312 468.9322466126777 0.0 468.9322466126777 468.9322466126777 
gen 168 22443 468.9322466126777 0.0 468.9322466126777 468.9322466126777 
gen 169 22576 468.9322466126777 0.0 468.9322466126777 468.9322466126777 
gen 170 22707 468.9322466126777 0.0 468.9322466126777 468.9322466126777 
gen 171 22842 468.9322466126777 0.0 468.9322466126777 468.9322466126777 
gen 172 22975 468.9322466126777 0.0 468.9322466126777 468.9322466126777 
gen 173 23107 468.9322466126777 0.0 468.9322466126777 468.9322466126777 
gen 174 23239 468.9322466126777 0.0 468.9322466126777 468.9322466126777 
gen 175 23373 468.9322466126777 0.0 468.9322466126777 468.9322466126777 
gen 176 23505 468.9322466126777 0.0 468.9322466126777 468.9322466126777 
gen 177 23636 468.9322466126777 0.0 468.9322466126777 468.9322466126777 
gen 178 23766 468.9322466126777 0.0 468.9322466126777 468.9322466126777 
gen 179 23898 468.9322466126777 0.0 468.9322466126777 468.9322466126777 
gen 180 24028 468.9322466126777 0.0 468.9322466126777 468.9322466126777 
gen 181 24161 468.9322466126777 0.0 468.9322466126777 468.9322466126777 
gen 182 24293 468.9322466126777 0.0 468.9322466126777 468.9322466126777 
gen 183 24422 468.9322466126777 0.0 468.9322466126777 468.9322466126777 
gen 184 24555 468.9322466126777 0.0 468.9322466126777 468.9322466126777 
gen 185 24683 468.9322466126777 0.0 468.9322466126777 468.9322466126777 
gen 186 24817 468.9322466126777 0.0 468.9322466126777 468.9322466126777 
gen 187 24947 468.9322466126777 0.0 468.9322466126777 468.9322466126777 
gen 188 25076 468.9322466126777 0.0 468.9322466126777 468.9322466126777 
gen 189 25206 468.9322466126777 0.0 468.9322466126777 468.9322466126777 
gen 190 25340 468.9322466126777 0.0 468.9322466126777 468.9322466126777 
gen 191 25469 468.9322466126777 0.0 468.9322466126777 468.9322466126777 
gen 192 25601 468.9322466126777 0.0 468.9322466126777 468.9322466126777 
gen 193 25733 468.9322466126777 0.0 468.9322466126777 468.9322466126777 
gen 194 25864 468.9322466126777 0.0 468.9322466126777 468.9322466126777 
gen 195 25995 468.9322466126777 0.0 468.9322466126777 468.9322466126777 
gen 196 26127 468.9322466126777 0.0 468.9322466126777 468.9322466126777 
gen 197 26260 468.9322466126777 0.0 468.9322466126777 468.9322466126777 
gen 198 26392 468.9322466126777 0.0 468.9322466126777 468.9322466126777 
gen 199 26524 468.9322466126777 0.0 468.9322466126777 468.9322466126777 
gen 200 26655 468.9322466126777 0.0 468.9322466126777 468.9322466126777 
gen 201 26784 468.9322466126777 0.0 468.9322466126777 468.9322466126777 
gen 202 26915 468.9322466126777 0.0 468.9322466126777 468.9322466126777 
gen 203 27047 468.9322466126777 0.0 468.9322466126777 468.9322466126777 
gen 204 27179 468.9322466126777 0.0 468.9322466126777 468.9322466126777 
gen 205 27312 468.9322466126777 0.0 468.9322466126777 468.9322466126777 
gen 206 27442 468.9322466126777 0.0 468.9322466126777 468.9322466126777 
gen 207 27576 468.9322466126777 0.0 468.9322466126777 468.9322466126777 
gen 208 27706 468.9322466126777 0.0 468.9322466126777 468.9322466126777 
gen 209 27836 468.9322466126777 0.0 468.9322466126777 468.9322466126777 
gen 210 27968 468.9322466126777 0.0 468.9322466126777 468.9322466126777 
gen 211 28101 468.9322466126777 0.0 468.9322466126777 468.9322466126777 
gen 212 28231 468.9322466126777 0.0 468.9322466126777 468.9322466126777 
gen 213 28361 468.9322466126777 0.0 468.9322466126777 468.9322466126777 
gen 214 28491 468.9322466126777 0.0 468.9322466126777 468.9322466126777 
gen 215 28624 468.9322466126777 0.0 468.9322466126777 468.9322466126777 
gen 216 28758 468.9322466126777 0.0 468.9322466126777 468.9322466126777 
gen 217 28887 468.9322466126777 0.0 468.9322466126777 468.9322466126777 
gen 218 29018 468.9322466126777 0.0 468.9322466126777 468.9322466126777 
gen 219 29149 468.9322466126777 0.0 468.9322466126777 468.9322466126777 
gen 220 29280 468.9322466126777 0.0 468.9322466126777 468.9322466126777 
gen 221 29410 468.9322466126777 0.0 468.9322466126777 468.9322466126777 
gen 222 29540 468.9322466126777 0.0 468.9322466126777 468.9322466126777 
gen 223 29670 468.9322466126777 0.0 468.9322466126777 468.9322466126777 
gen 224 29799 468.9322466126777 0.0 468.9322466126777 468.9322466126777 
gen 225 29928 468.9322466126777 0.0 468.9322466126777 468.9322466126777 
gen 226 30056 468.9322466126777 0.0 468.9322466126777 468.9322466126777 
gen 227 30185 468.9322466126777 0.0 468.9322466126777 468.9322466126777 
gen 228 30316 468.9322466126777 0.0 468.9322466126777 468.9322466126777 
gen 229 30447 468.9322466126777 0.0 468.9322466126777 468.9322466126777 
gen 230 30580 468.9322466126777 0.0 468.9322466126777 468.9322466126777 
gen 231 30709 468.9322466126777 0.0 468.9322466126777 468.9322466126777 
gen 232 30837 468.9322466126777 0.0 468.9322466126777 468.9322466126777 
gen 233 30967 468.9322466126777 0.0 468.9322466126777 468.9322466126777 
gen 234 31097 468.9322466126777 0.0 468.9322466126777 468.9322466126777 
gen 235 31227 468.9322466126777 0.0 468.9322466126777 468.9322466126777 
gen 236 31358 468.9322466126777 0.0 468.9322466126777 468.9322466126777 
gen 237 31491 468.9322466126777 0.0 468.9322466126777 468.9322466126777 
gen 238 31622 468.9322466126777 0.0 468.9322466126777 468.9322466126777 
gen 239 31751 468.9322466126777 0.0 468.9322466126777 468.9322466126777 
gen 240 31884 468.9322466126777 0.0 468.9322466126777 468.9322466126777 
gen 241 32015 468.9322466126777 0.0 468.9322466126777 468.9322466126777 
gen 242 32147 468.9322466126777 0.0 468.9322466126777 468.9322466126777 
gen 243 32277 468.9322466126777 0.0 468.9322466126777 468.9322466126777 
gen 244 32408 468.9322466126777 0.0 468.9322466126777 468.9322466126777 
gen 245 32538 468.9322466126777 0.0 468.9322466126777 468.9322466126777 
gen 246 32669 468.9322466126777 0.0 468.9322466126777 468.9322466126777 
gen 247 32802 468.9322466126777 0.0 468.9322466126777 468.9322466126777 
gen 248 32934 468.9322466126777 0.0 468.9322466126777 468.9322466126777 
gen 249 33072 468.9322466126777 0.0 468.9322466126777 468.9322466126777 
gen 250 33205 468.9322466126777 0.0 468.9322466126777 468.9322466126777 
gen 251 33337 468.9322466126777 0.0 468.9322466126777 468.9322466126777 
gen 252 33470 468.9322466126777 0.0 468.9322466126777 468.9322466126777 
gen 253 33601 468.9322466126777 0.0 468.9322466126777 468.9322466126777 
gen 254 33732 468.9322466126777 0.0 468.9322466126777 468.9322466126777 
gen 255 33861 468.9322466126777 0.0 468.9322466126777 468.9322466126777 
gen 256 33992 468.9322466126777 0.0 468.9322466126777 468.9322466126777 
gen 257 34128 468.9322466126777 0.0 468.9322466126777 468.9322466126777 
gen 258 34261 468.9322466126777 0.0 468.9322466126777 468.9322466126777 
gen 259 34392 468.9322466126777 0.0 468.9322466126777 468.9322466126777 
gen 260 34522 468.9322466126777 0.0 468.9322466126777 468.9322466126777 
gen 261 34653 468.9322466126777 0.0 468.9322466126777 468.9322466126777 
gen 262 34781 468.9322466126777 0.0 468.9322466126777 468.9322466126777 
gen 263 34911 468.9322466126777 0.0 468.9322466126777 468.9322466126777 
gen 264 35045 468.9322466126777 0.0 468.9322466126777 468.9322466126777 
gen 265 35180 468.9322466126777 0.0 468.9322466126777 468.9322466126777 
gen 266 35308 468.9322466126777 0.0 468.9322466126777 468.9322466126777 
gen 267 35440 468.9322466126777 0.0 468.9322466126777 468.9322466126777 
gen 268 35572 468.9322466126777 0.0 468.9322466126777 468.9322466126777 
gen 269 35701 468.9322466126777 0.0 468.9322466126777 468.9322466126777 
gen 270 35833 468.9322466126777 0.0 468.9322466126777 468.9322466126777 
gen 271 35965 468.9322466126777 0.0 468.9322466126777 468.9322466126777 
gen 272 36097 468.9322466126777 0.0 468.9322466126777 468.9322466126777 
gen 273 36226 468.9322466126777 0.0 468.9322466126777 468.9322466126777 
gen 274 36358 468.9322466126777 0.0 468.9322466126777 468.9322466126777 
gen 275 36488 468.9322466126777 0.0 468.9322466126777 468.9322466126777 
gen 276 36620 468.9322466126777 0.0 468.9322466126777 468.9322466126777 
gen 277 36750 468.9322466126777 0.0 468.9322466126777 468.9322466126777 
gen 278 36880 468.9322466126777 0.0 468.9322466126777 468.9322466126777 
gen 279 37013 468.9322466126777 0.0 468.9322466126777 468.9322466126777 
gen 280 37144 468.9322466126777 0.0 468.9322466126777 468.9322466126777 
gen 281 37276 468.9322466126777 0.0 468.9322466126777 468.9322466126777 
gen 282 37404 468.9322466126777 0.0 468.9322466126777 468.9322466126777 
gen 283 37536 468.9322466126777 0.0 468.9322466126777 468.9322466126777 
gen 284 37666 468.9322466126777 0.0 468.9322466126777 468.9322466126777 
gen 285 37797 468.9322466126777 0.0 468.9322466126777 468.9322466126777 
gen 286 37928 468.9322466126777 0.0 468.9322466126777 468.9322466126777 
gen 287 38061 468.9322466126777 0.0 468.9322466126777 468.9322466126777 
gen 288 38191 468.9322466126777 0.0 468.9322466126777 468.9322466126777 
gen 289 38319 468.9322466126777 0.0 468.9322466126777 468.9322466126777 
gen 290 38449 468.9322466126777 0.0 468.9322466126777 468.9322466126777 
gen 291 38580 468.9322466126777 0.0 468.9322466126777 468.9322466126777 
gen 292 38709 468.9322466126777 0.0 468.9322466126777 468.9322466126777 
gen 293 38840 468.9322466126777 0.0 468.9322466126777 468.9322466126777 
gen 294 38973 468.9322466126777 0.0 468.9322466126777 468.9322466126777 
gen 295 39103 468.9322466126777 0.0 468.9322466126777 468.9322466126777 
gen 296 39234 468.9322466126777 0.0 468.9322466126777 468.9322466126777 
gen 297 39366 468.9322466126777 0.0 468.9322466126777 468.9322466126777 
gen 298 39498 468.9322466126777 0.0 468.9322466126777 468.9322466126777 
gen 299 39629 468.9322466126777 0.0 468.9322466126777 468.9322466126777 
gen 300 39763 468.9322466126777 0.0 468.9322466126777 468.9322466126777 
gen 301 39895 468.9322466126777 0.0 468.9322466126777 468.9322466126777 
gen 302 40027 468.9322466126777 0.0 468.9322466126777 468.9322466126777 
gen 303 40155 468.9322466126777 0.0 468.9322466126777 468.9322466126777 
gen 304 40285 468.9322466126777 0.0 468.9322466126777 468.9322466126777 
gen 305 40415 468.9322466126777 0.0 468.9322466126777 468.9322466126777 
gen 306 40543 468.9322466126777 0.0 468.9322466126777 468.9322466126777 
gen 307 40677 468.9322466126777 0.0 468.9322466126777 468.9322466126777 
gen 308 40806 468.9322466126777 0.0 468.9322466126777 468.9322466126777 
gen 309 40936 468.9322466126777 0.0 468.9322466126777 468.9322466126777 
gen 310 41067 468.9322466126777 0.0 468.9322466126777 468.9322466126777 
gen 311 41200 468.9322466126777 0.0 468.9322466126777 468.9322466126777 
gen 312 41332 468.9322466126777 0.0 468.9322466126777 468.9322466126777 
gen 313 41464 468.9322466126777 0.0 468.9322466126777 468.9322466126777 
gen 314 41597 468.9322466126777 0.0 468.9322466126777 468.9322466126777 
gen 315 41726 468.9322466126777 0.0 468.9322466126777 468.9322466126777 
gen 316 41859 468.9322466126777 0.0 468.9322466126777 468.9322466126777 
gen 317 41990 468.9322466126777 0.0 468.9322466126777 468.9322466126777 
gen 318 42122 468.9322466126777 0.0 468.9322466126777 468.9322466126777 
gen 319 42252 468.9322466126777 0.0 468.9322466126777 468.9322466126777 
gen 320 42380 468.9322466126777 0.0 468.9322466126777 468.9322466126777 
gen 321 42508 468.9322466126777 0.0 468.9322466126777 468.9322466126777 
gen 322 42639 468.9322466126777 0.0 468.9322466126777 468.9322466126777 
gen 323 42770 468.9322466126777 0.0 468.9322466126777 468.9322466126777 
gen 324 42900 468.9322466126777 0.0 468.9322466126777 468.9322466126777 
gen 325 43030 468.9322466126777 0.0 468.9322466126777 468.9322466126777 
gen 326 43159 468.9322466126777 0.0 468.9322466126777 468.9322466126777 
gen 327 43292 468.9322466126777 0.0 468.9322466126777 468.9322466126777 
gen 328 43423 468.9322466126777 0.0 468.9322466126777 468.9322466126777 
gen 329 43558 468.9322466126777 0.0 468.9322466126777 468.9322466126777 
gen 330 43688 468.9322466126777 0.0 468.9322466126777 468.9322466126777 
gen 331 43819 468.9322466126777 0.0 468.9322466126777 468.9322466126777 
gen 332 43950 468.9322466126777 0.0 468.9322466126777 468.9322466126777 
gen 333 44080 468.9322466126777 0.0 468.9322466126777 468.9322466126777 
gen 334 44211 468.9322466126777 0.0 468.9322466126777 468.9322466126777 
gen 335 44340 468.9322466126777 0.0 468.9322466126777 468.9322466126777 
gen 336 44470 468.9322466126777 0.0 468.9322466126777 468.9322466126777 
gen 337 44602 468.9322466126777 0.0 468.9322466126777 468.9322466126777 
gen 338 44734 468.9322466126777 0.0 468.9322466126777 468.9322466126777 
gen 339 44867 468.9322466126777 0.0 468.9322466126777 468.9322466126777 
[7, 5, 4, 3, 2, 6, 0, 1, 7, 5, 4, 2, 1, 3, 0, 6, 6, 0, 4, 2, 1, 3, 7, 5, 6, 0, 7, 4, 2, 3, 1, 5, 6, 0, 5, 4, 2, 1, 7, 3, 3, 7, 5, 4, 6, 0, 2, 1, 3, 6, 0, 4, 5, 7, 2, 1, 3, 7, 5, 4, 2, 0, 6, 1]
min  468.9322466126777
NFE 44867
LSNFE 0
VLSNFE 0
runTime 71.35581994056702
