gen 0 64 625000000001659.8 2420614591379207.0 770.5732320635977 1e+16 
gen 1 196 1034.7160073148264 98.81039937726393 770.5732320635977 1178.992643437576 
gen 2 332 935.5277933993299 68.6996797424532 770.5732320635977 1043.6892169609362 
gen 3 466 880.3896430171185 53.1325305884821 757.653754282695 950.65961225394 
gen 4 603 828.8077712292965 48.60867073335996 683.5222564574863 900.5224800564108 
gen 5 738 784.217702355533 54.24567694693172 659.2385779042754 850.0530686607567 
gen 6 874 758.2612957980427 50.39919605627202 651.1053438017401 828.7431663558576 
gen 7 1009 729.041524529676 42.71416744058737 640.3673007069797 789.0410083422181 
gen 8 1142 713.0969967981116 39.441627816768616 626.4491257576796 763.8208878814713 
gen 9 1279 693.3871480161307 35.83466923736293 577.2953497153205 740.404596357064 
gen 10 1416 678.8867466458499 30.25648507214227 577.2953497153205 723.3503966677704 
gen 11 1553 666.4499400093081 24.27686009490176 577.2953497153205 703.1608190738867 
gen 12 1687 654.4217238413014 21.70190259884834 577.2953497153205 683.5222564574863 
gen 13 1821 644.959825401122 21.03030381782242 577.2953497153205 668.4465043887183 
gen 14 1954 636.538330192279 20.744672190146456 577.2953497153205 659.2385779042754 
gen 15 2093 623.5296000343509 22.31067541144735 544.1753595689718 648.9077224367174 
gen 16 2227 618.360716168519 21.40076416863217 544.1753595689718 643.6020833466166 
gen 17 2359 610.6013608364689 19.04952460449175 544.1753595689718 635.1798324649128 
gen 18 2490 601.5641070265417 19.493986874868188 531.8454642527166 626.4491257576796 
gen 19 2623 594.4072250380746 17.238785937267444 531.8454642527166 611.984537848841 
gen 20 2755 589.292148169954 16.949989586353144 531.8454642527166 602.567499076027 
gen 21 2890 581.6490624653916 17.593190148616316 531.8454642527166 602.567499076027 
gen 22 3028 571.1670549490914 15.149502880354435 531.8454642527166 590.8371070827199 
gen 23 3161 558.8373737377996 11.5938087091601 529.7289239423003 577.2953497153205 
gen 24 3295 551.7641416392935 8.447252741521648 529.7289239423003 563.3425356423286 
gen 25 3434 541.8840182439003 6.500796746253991 524.3735814628158 551.5565698435373 
gen 26 3564 533.8085356065545 4.740769775936151 519.2506871715756 540.2778206206614 
gen 27 3700 529.2632967714295 3.7080601169887504 519.0267617509668 533.6949789195468 
gen 28 3831 525.7396509971279 3.7692505118969595 512.3103891684179 529.7289239423003 
gen 29 3966 521.6542458098886 4.167008381603266 505.55697719056855 526.4265018483061 
gen 30 4095 518.9821660074676 2.770172151712281 505.55697719056855 521.4637829560215 
gen 31 4226 517.7677910272539 2.3757412226449106 505.55697719056855 519.0267617509668 
gen 32 4355 516.625975891767 2.360208332472649 505.55697719056855 518.6066947548479 
gen 33 4487 515.685740208819 2.3809298270212844 505.55697719056855 517.8417409466899 
gen 34 4620 513.7223330951427 3.5698208630576094 498.8406814357378 516.2068397650085 
gen 35 4753 510.8733733485616 5.032800143304859 498.8406814357378 514.553742520367 
gen 36 4886 506.885132837927 5.516067794689394 496.9279588036669 513.5967037898706 
gen 37 5016 501.2179357374368 2.9383887835597293 488.84544069284937 506.6736760323895 
gen 38 5152 498.55275095193264 3.4951314518194474 484.4378346732816 500.2979856943365 
gen 39 5284 497.06859438012214 4.061904763623057 484.4378346732816 499.9035100728126 
gen 40 5417 492.89413622659276 4.355366693984747 484.4378346732816 498.8406814357378 
gen 41 5552 488.793604061312 0.5495360346903826 484.4378346732816 488.9139804578153 
gen 42 5683 488.5921190644917 0.9856522033927543 484.4378346732816 488.84544069284937 
gen 43 5817 488.16109484245874 1.525701404257341 484.4378346732816 488.84544069284937 
gen 44 5950 487.32064249446785 1.9918897539680713 484.4378346732816 488.84544069284937 
gen 45 6078 484.62106989570356 0.2695504750540191 484.4378346732816 485.33265250675925 
gen 46 6208 484.43783467328154 5.684341886080802e-14 484.4378346732816 484.4378346732816 
gen 47 6338 484.43783467328154 5.684341886080802e-14 484.4378346732816 484.4378346732816 
gen 48 6467 484.43783467328154 5.684341886080802e-14 484.4378346732816 484.4378346732816 
gen 49 6595 484.43783467328154 5.684341886080802e-14 484.4378346732816 484.4378346732816 
gen 50 6724 484.43783467328154 5.684341886080802e-14 484.4378346732816 484.4378346732816 
gen 51 6854 484.43783467328154 5.684341886080802e-14 484.4378346732816 484.4378346732816 
gen 52 6986 484.43783467328154 5.684341886080802e-14 484.4378346732816 484.4378346732816 
gen 53 7114 484.43783467328154 5.684341886080802e-14 484.4378346732816 484.4378346732816 
gen 54 7246 484.43783467328154 5.684341886080802e-14 484.4378346732816 484.4378346732816 
gen 55 7377 484.43783467328154 5.684341886080802e-14 484.4378346732816 484.4378346732816 
gen 56 7510 484.43783467328154 5.684341886080802e-14 484.4378346732816 484.4378346732816 
gen 57 7642 484.43783467328154 5.684341886080802e-14 484.4378346732816 484.4378346732816 
gen 58 7774 484.43783467328154 5.684341886080802e-14 484.4378346732816 484.4378346732816 
gen 59 7907 484.43783467328154 5.684341886080802e-14 484.4378346732816 484.4378346732816 
gen 60 8038 484.43783467328154 5.684341886080802e-14 484.4378346732816 484.4378346732816 
gen 61 8170 484.43783467328154 5.684341886080802e-14 484.4378346732816 484.4378346732816 
gen 62 8300 484.43783467328154 5.684341886080802e-14 484.4378346732816 484.4378346732816 
gen 63 8431 484.43783467328154 5.684341886080802e-14 484.4378346732816 484.4378346732816 
gen 64 8562 484.43783467328154 5.684341886080802e-14 484.4378346732816 484.4378346732816 
gen 65 8697 484.43783467328154 5.684341886080802e-14 484.4378346732816 484.4378346732816 
gen 66 8831 484.43783467328154 5.684341886080802e-14 484.4378346732816 484.4378346732816 
gen 67 8962 484.43783467328154 5.684341886080802e-14 484.4378346732816 484.4378346732816 
gen 68 9094 484.43783467328154 5.684341886080802e-14 484.4378346732816 484.4378346732816 
gen 69 9228 484.43783467328154 5.684341886080802e-14 484.4378346732816 484.4378346732816 
gen 70 9359 484.43783467328154 5.684341886080802e-14 484.4378346732816 484.4378346732816 
gen 71 9487 484.43783467328154 5.684341886080802e-14 484.4378346732816 484.4378346732816 
gen 72 9620 484.43783467328154 5.684341886080802e-14 484.4378346732816 484.4378346732816 
gen 73 9748 484.43783467328154 5.684341886080802e-14 484.4378346732816 484.4378346732816 
gen 74 9878 484.43783467328154 5.684341886080802e-14 484.4378346732816 484.4378346732816 
gen 75 10010 484.43783467328154 5.684341886080802e-14 484.4378346732816 484.4378346732816 
gen 76 10138 484.43783467328154 5.684341886080802e-14 484.4378346732816 484.4378346732816 
gen 77 10267 484.4041980505651 0.26698241595520483 482.28509081943116 484.4378346732816 
gen 78 10396 484.3369248051323 0.45502779800934817 482.28509081943116 484.4378346732816 
gen 79 10529 484.1014684461174 0.7816444776199801 482.28509081943116 484.4378346732816 
gen 80 10659 483.54982146845185 1.051530375741502 482.28509081943116 484.4378346732816 
gen 81 10789 482.2850908194313 1.1368683772161603e-13 482.28509081943116 482.28509081943116 
gen 82 10919 482.2850908194313 1.1368683772161603e-13 482.28509081943116 482.28509081943116 
gen 83 11053 482.26405272787474 0.16698467495386168 480.938652959814 482.28509081943116 
gen 84 11187 482.22197654476173 0.28459802745328006 480.938652959814 482.28509081943116 
gen 85 11318 482.0957479954226 0.4680679883184823 480.938652959814 482.28509081943116 
gen 86 11453 481.80121471363134 0.6460441335149031 480.938652959814 482.28509081943116 
gen 87 11583 481.0017672344836 0.2845980274532801 480.938652959814 482.28509081943116 
gen 88 11713 480.9386529598141 5.684341886080802e-14 480.938652959814 480.938652959814 
gen 89 11843 480.9386529598141 5.684341886080802e-14 480.938652959814 480.938652959814 
gen 90 11973 480.9386529598141 5.684341886080802e-14 480.938652959814 480.938652959814 
gen 91 12104 480.9386529598141 5.684341886080802e-14 480.938652959814 480.938652959814 
gen 92 12235 480.9386529598141 5.684341886080802e-14 480.938652959814 480.938652959814 
gen 93 12366 480.9386529598141 5.684341886080802e-14 480.938652959814 480.938652959814 
gen 94 12499 480.9386529598141 5.684341886080802e-14 480.938652959814 480.938652959814 
gen 95 12632 480.9386529598141 5.684341886080802e-14 480.938652959814 480.938652959814 
gen 96 12763 480.9386529598141 5.684341886080802e-14 480.938652959814 480.938652959814 
gen 97 12891 480.9386529598141 5.684341886080802e-14 480.938652959814 480.938652959814 
gen 98 13021 480.9386529598141 5.684341886080802e-14 480.938652959814 480.938652959814 
gen 99 13151 480.9386529598141 5.684341886080802e-14 480.938652959814 480.938652959814 
gen 100 13281 480.9386529598141 5.684341886080802e-14 480.938652959814 480.938652959814 
gen 101 13411 480.9386529598141 5.684341886080802e-14 480.938652959814 480.938652959814 
gen 102 13541 480.9386529598141 5.684341886080802e-14 480.938652959814 480.938652959814 
gen 103 13670 480.9386529598141 5.684341886080802e-14 480.938652959814 480.938652959814 
gen 104 13804 480.9386529598141 5.684341886080802e-14 480.938652959814 480.938652959814 
gen 105 13934 480.9386529598141 5.684341886080802e-14 480.938652959814 480.938652959814 
gen 106 14064 480.9386529598141 5.684341886080802e-14 480.938652959814 480.938652959814 
gen 107 14193 480.9386529598141 5.684341886080802e-14 480.938652959814 480.938652959814 
gen 108 14325 480.9386529598141 5.684341886080802e-14 480.938652959814 480.938652959814 
gen 109 14458 480.9386529598141 5.684341886080802e-14 480.938652959814 480.938652959814 
gen 110 14587 480.9386529598141 5.684341886080802e-14 480.938652959814 480.938652959814 
gen 111 14719 480.9386529598141 5.684341886080802e-14 480.938652959814 480.938652959814 
gen 112 14853 480.9386529598141 5.684341886080802e-14 480.938652959814 480.938652959814 
gen 113 14984 480.91340017878974 0.20043773550914593 479.3224749742593 480.938652959814 
gen 114 15115 480.81238905469263 0.4337307576030946 479.3224749742593 480.938652959814 
gen 115 15245 480.585114025474 0.6681257850304865 479.3224749742593 480.938652959814 
gen 116 15376 479.82046066568773 0.7406864845792944 479.3224749742593 480.938652959814 
gen 117 15504 479.32247497425936 5.684341886080802e-14 479.3224749742593 479.3224749742593 
gen 118 15634 479.32247497425936 5.684341886080802e-14 479.3224749742593 479.3224749742593 
gen 119 15764 479.32247497425936 5.684341886080802e-14 479.3224749742593 479.3224749742593 
gen 120 15897 479.32247497425936 5.684341886080802e-14 479.3224749742593 479.3224749742593 
gen 121 16029 479.31811077735006 0.03463973908385032 479.0431663720619 479.3224749742593 
gen 122 16159 479.305018186622 0.06760984779769534 479.0431663720619 479.3224749742593 
gen 123 16289 479.278833005166 0.10141477169654303 479.0431663720619 479.3224749742593 
gen 124 16422 479.1843879221888 0.13863737829150594 479.0431663720619 479.3224749742593 
gen 125 16553 479.0431663720619 0.0 479.0431663720619 479.0431663720619 
gen 126 16682 479.0431663720619 0.0 479.0431663720619 479.0431663720619 
gen 127 16814 479.0431663720619 0.0 479.0431663720619 479.0431663720619 
gen 128 16944 479.0431663720619 0.0 479.0431663720619 479.0431663720619 
gen 129 17075 479.0431663720619 0.0 479.0431663720619 479.0431663720619 
gen 130 17206 479.0431663720619 0.0 479.0431663720619 479.0431663720619 
gen 131 17337 479.0431663720619 0.0 479.0431663720619 479.0431663720619 
gen 132 17467 479.0431663720619 0.0 479.0431663720619 479.0431663720619 
gen 133 17596 479.0431663720619 0.0 479.0431663720619 479.0431663720619 
gen 134 17726 479.0431663720619 0.0 479.0431663720619 479.0431663720619 
gen 135 17856 479.0431663720619 0.0 479.0431663720619 479.0431663720619 
gen 136 17985 479.0431663720619 0.0 479.0431663720619 479.0431663720619 
gen 137 18116 479.0431663720619 0.0 479.0431663720619 479.0431663720619 
gen 138 18244 479.0431663720619 0.0 479.0431663720619 479.0431663720619 
gen 139 18375 479.0431663720619 0.0 479.0431663720619 479.0431663720619 
gen 140 18507 479.0431663720619 0.0 479.0431663720619 479.0431663720619 
gen 141 18636 479.0431663720619 0.0 479.0431663720619 479.0431663720619 
gen 142 18765 479.0431663720619 0.0 479.0431663720619 479.0431663720619 
gen 143 18895 479.0431663720619 0.0 479.0431663720619 479.0431663720619 
gen 144 19027 479.0431663720619 0.0 479.0431663720619 479.0431663720619 
gen 145 19157 479.0431663720619 0.0 479.0431663720619 479.0431663720619 
gen 146 19287 479.0431663720619 0.0 479.0431663720619 479.0431663720619 
gen 147 19417 479.0431663720619 0.0 479.0431663720619 479.0431663720619 
gen 148 19550 479.0431663720619 0.0 479.0431663720619 479.0431663720619 
gen 149 19680 479.0431663720619 0.0 479.0431663720619 479.0431663720619 
gen 150 19810 479.0431663720619 0.0 479.0431663720619 479.0431663720619 
gen 151 19941 479.0431663720619 0.0 479.0431663720619 479.0431663720619 
gen 152 20071 479.0431663720619 0.0 479.0431663720619 479.0431663720619 
gen 153 20202 479.0431663720619 0.0 479.0431663720619 479.0431663720619 
gen 154 20332 479.0431663720619 0.0 479.0431663720619 479.0431663720619 
gen 155 20464 479.0431663720619 0.0 479.0431663720619 479.0431663720619 
gen 156 20598 479.0431663720619 0.0 479.0431663720619 479.0431663720619 
gen 157 20732 479.0431663720619 0.0 479.0431663720619 479.0431663720619 
gen 158 20863 479.0431663720619 0.0 479.0431663720619 479.0431663720619 
gen 159 20995 479.0431663720619 0.0 479.0431663720619 479.0431663720619 
gen 160 21127 479.0431663720619 0.0 479.0431663720619 479.0431663720619 
gen 161 21260 479.0431663720619 0.0 479.0431663720619 479.0431663720619 
gen 162 21391 479.0431663720619 0.0 479.0431663720619 479.0431663720619 
gen 163 21522 479.0431663720619 0.0 479.0431663720619 479.0431663720619 
gen 164 21654 479.0431663720619 0.0 479.0431663720619 479.0431663720619 
gen 165 21786 479.0431663720619 0.0 479.0431663720619 479.0431663720619 
gen 166 21918 479.0431663720619 0.0 479.0431663720619 479.0431663720619 
gen 167 22048 479.0431663720619 0.0 479.0431663720619 479.0431663720619 
gen 168 22179 479.0431663720619 0.0 479.0431663720619 479.0431663720619 
gen 169 22307 479.0431663720619 0.0 479.0431663720619 479.0431663720619 
gen 170 22440 479.0431663720619 0.0 479.0431663720619 479.0431663720619 
gen 171 22571 479.0431663720619 0.0 479.0431663720619 479.0431663720619 
gen 172 22701 479.0431663720619 0.0 479.0431663720619 479.0431663720619 
gen 173 22830 479.0431663720619 0.0 479.0431663720619 479.0431663720619 
gen 174 22960 479.0431663720619 0.0 479.0431663720619 479.0431663720619 
gen 175 23091 479.0431663720619 0.0 479.0431663720619 479.0431663720619 
gen 176 23221 479.0431663720619 0.0 479.0431663720619 479.0431663720619 
gen 177 23353 479.0431663720619 0.0 479.0431663720619 479.0431663720619 
gen 178 23482 479.0431663720619 0.0 479.0431663720619 479.0431663720619 
gen 179 23616 479.0431663720619 0.0 479.0431663720619 479.0431663720619 
gen 180 23746 479.0431663720619 0.0 479.0431663720619 479.0431663720619 
gen 181 23879 479.0431663720619 0.0 479.0431663720619 479.0431663720619 
gen 182 24011 479.0431663720619 0.0 479.0431663720619 479.0431663720619 
gen 183 24142 479.0431663720619 0.0 479.0431663720619 479.0431663720619 
gen 184 24270 479.0431663720619 0.0 479.0431663720619 479.0431663720619 
gen 185 24400 479.0431663720619 0.0 479.0431663720619 479.0431663720619 
gen 186 24532 479.0431663720619 0.0 479.0431663720619 479.0431663720619 
gen 187 24663 479.0431663720619 0.0 479.0431663720619 479.0431663720619 
gen 188 24795 478.97044167714887 0.5772343707383506 474.3887858976313 479.0431663720619 
gen 189 24927 478.82499228732297 0.9838014376813974 474.3887858976313 479.0431663720619 
gen 190 25057 478.0250206432802 1.924114569127835 474.3887858976313 479.0431663720619 
gen 191 25187 475.261482236587 1.816662296662723 474.3887858976313 479.0431663720619 
gen 192 25319 474.3887858976313 0.0 474.3887858976313 474.3887858976313 
gen 193 25449 474.3887858976313 0.0 474.3887858976313 474.3887858976313 
gen 194 25583 474.3887858976313 0.0 474.3887858976313 474.3887858976313 
gen 195 25714 474.3887858976313 0.0 474.3887858976313 474.3887858976313 
gen 196 25844 474.3887858976313 0.0 474.3887858976313 474.3887858976313 
gen 197 25973 474.3887858976313 0.0 474.3887858976313 474.3887858976313 
gen 198 26105 474.3887858976313 0.0 474.3887858976313 474.3887858976313 
gen 199 26237 474.3887858976313 0.0 474.3887858976313 474.3887858976313 
gen 200 26366 474.3887858976313 0.0 474.3887858976313 474.3887858976313 
gen 201 26497 474.3887858976313 0.0 474.3887858976313 474.3887858976313 
gen 202 26627 474.3887858976313 0.0 474.3887858976313 474.3887858976313 
gen 203 26755 474.3887858976313 0.0 474.3887858976313 474.3887858976313 
gen 204 26885 474.3887858976313 0.0 474.3887858976313 474.3887858976313 
gen 205 27013 474.3887858976313 0.0 474.3887858976313 474.3887858976313 
gen 206 27141 474.3887858976313 0.0 474.3887858976313 474.3887858976313 
gen 207 27275 474.3887858976313 0.0 474.3887858976313 474.3887858976313 
gen 208 27405 474.3887858976313 0.0 474.3887858976313 474.3887858976313 
gen 209 27536 474.3887858976313 0.0 474.3887858976313 474.3887858976313 
gen 210 27666 474.3887858976313 0.0 474.3887858976313 474.3887858976313 
gen 211 27797 474.3887858976313 0.0 474.3887858976313 474.3887858976313 
gen 212 27926 474.3887858976313 0.0 474.3887858976313 474.3887858976313 
gen 213 28059 474.3887858976313 0.0 474.3887858976313 474.3887858976313 
gen 214 28190 474.3887858976313 0.0 474.3887858976313 474.3887858976313 
gen 215 28320 474.3887858976313 0.0 474.3887858976313 474.3887858976313 
gen 216 28449 474.3887858976313 0.0 474.3887858976313 474.3887858976313 
gen 217 28581 474.3887858976313 0.0 474.3887858976313 474.3887858976313 
gen 218 28713 474.3887858976313 0.0 474.3887858976313 474.3887858976313 
gen 219 28847 474.3887858976313 0.0 474.3887858976313 474.3887858976313 
gen 220 28979 474.3181624173492 0.5605564966449431 469.8688831595768 474.3887858976313 
gen 221 29111 474.17691545678497 0.9553767330166764 469.8688831595768 474.3887858976313 
gen 222 29241 473.7531745750924 1.5712732428646554 469.8688831595768 474.3887858976313 
gen 223 29373 472.62319889057875 2.205217465008264 469.8688831595768 474.3887858976313 
gen 224 29503 469.8688831595768 0.0 469.8688831595768 469.8688831595768 
gen 225 29632 469.8688831595768 0.0 469.8688831595768 469.8688831595768 
gen 226 29766 469.8688831595768 0.0 469.8688831595768 469.8688831595768 
gen 227 29899 469.8688831595768 0.0 469.8688831595768 469.8688831595768 
gen 228 30034 469.8688545227527 0.0002272977449724592 469.8670504028324 469.8688831595768 
gen 229 30162 469.8688545227527 0.0002272977449724592 469.8670504028324 469.8688831595768 
gen 230 30294 469.86879724910443 0.00038739177641070483 469.8670504028324 469.8688831595768 
gen 231 30426 469.86873997545615 0.0004918536066971346 469.8670504028324 469.8688831595768 
gen 232 30558 469.86851088086314 0.000737363467141509 469.8670504028324 469.8688831595768 
gen 233 30688 469.8677663234357 0.0008941845469106173 469.8670504028324 469.8688831595768 
gen 234 30822 469.8670504028324 0.0 469.8670504028324 469.8670504028324 
gen 235 30955 469.8670504028324 0.0 469.8670504028324 469.8670504028324 
gen 236 31086 469.8670504028324 0.0 469.8670504028324 469.8670504028324 
gen 237 31216 469.8670504028324 0.0 469.8670504028324 469.8670504028324 
gen 238 31347 469.8670504028324 0.0 469.8670504028324 469.8670504028324 
gen 239 31476 469.8670504028324 0.0 469.8670504028324 469.8670504028324 
gen 240 31604 469.8670504028324 0.0 469.8670504028324 469.8670504028324 
gen 241 31733 469.8670504028324 0.0 469.8670504028324 469.8670504028324 
gen 242 31864 469.8670504028324 0.0 469.8670504028324 469.8670504028324 
gen 243 31996 469.8670504028324 0.0 469.8670504028324 469.8670504028324 
gen 244 32125 469.8670504028324 0.0 469.8670504028324 469.8670504028324 
gen 245 32255 469.8670504028324 0.0 469.8670504028324 469.8670504028324 
gen 246 32388 469.8670504028324 0.0 469.8670504028324 469.8670504028324 
gen 247 32517 469.8670504028324 0.0 469.8670504028324 469.8670504028324 
gen 248 32650 469.8670504028324 0.0 469.8670504028324 469.8670504028324 
gen 249 32781 469.8670504028324 0.0 469.8670504028324 469.8670504028324 
gen 250 32911 469.8670504028324 0.0 469.8670504028324 469.8670504028324 
gen 251 33042 469.8670504028324 0.0 469.8670504028324 469.8670504028324 
gen 252 33174 469.8670504028324 0.0 469.8670504028324 469.8670504028324 
gen 253 33305 469.8670504028324 0.0 469.8670504028324 469.8670504028324 
gen 254 33440 469.8670504028324 0.0 469.8670504028324 469.8670504028324 
gen 255 33569 469.8670504028324 0.0 469.8670504028324 469.8670504028324 
gen 256 33700 469.8670504028324 0.0 469.8670504028324 469.8670504028324 
gen 257 33833 469.8670504028324 0.0 469.8670504028324 469.8670504028324 
gen 258 33963 469.8670504028324 0.0 469.8670504028324 469.8670504028324 
gen 259 34093 469.8670504028324 0.0 469.8670504028324 469.8670504028324 
gen 260 34222 469.8670504028324 0.0 469.8670504028324 469.8670504028324 
gen 261 34352 469.8670504028324 0.0 469.8670504028324 469.8670504028324 
gen 262 34482 469.8670504028324 0.0 469.8670504028324 469.8670504028324 
gen 263 34617 469.8670504028324 0.0 469.8670504028324 469.8670504028324 
gen 264 34748 469.8670504028324 0.0 469.8670504028324 469.8670504028324 
gen 265 34878 469.8670504028324 0.0 469.8670504028324 469.8670504028324 
gen 266 35008 469.8670504028324 0.0 469.8670504028324 469.8670504028324 
gen 267 35139 469.8670504028324 0.0 469.8670504028324 469.8670504028324 
gen 268 35272 469.8670504028324 0.0 469.8670504028324 469.8670504028324 
gen 269 35403 469.8670504028324 0.0 469.8670504028324 469.8670504028324 
gen 270 35534 469.8670504028324 0.0 469.8670504028324 469.8670504028324 
gen 271 35666 469.8670504028324 0.0 469.8670504028324 469.8670504028324 
gen 272 35798 469.8670504028324 0.0 469.8670504028324 469.8670504028324 
gen 273 35926 469.8670504028324 0.0 469.8670504028324 469.8670504028324 
gen 274 36058 469.8670504028324 0.0 469.8670504028324 469.8670504028324 
gen 275 36187 469.8670504028324 0.0 469.8670504028324 469.8670504028324 
gen 276 36317 469.8670504028324 0.0 469.8670504028324 469.8670504028324 
gen 277 36451 469.8670504028324 0.0 469.8670504028324 469.8670504028324 
gen 278 36581 469.8670504028324 0.0 469.8670504028324 469.8670504028324 
gen 279 36711 469.8670504028324 0.0 469.8670504028324 469.8670504028324 
gen 280 36842 469.8670504028324 0.0 469.8670504028324 469.8670504028324 
gen 281 36975 469.8670504028324 0.0 469.8670504028324 469.8670504028324 
gen 282 37106 469.8670504028324 0.0 469.8670504028324 469.8670504028324 
gen 283 37235 469.8670504028324 0.0 469.8670504028324 469.8670504028324 
gen 284 37365 469.8670504028324 0.0 469.8670504028324 469.8670504028324 
gen 285 37496 469.8670504028324 0.0 469.8670504028324 469.8670504028324 
gen 286 37626 469.8670504028324 0.0 469.8670504028324 469.8670504028324 
gen 287 37756 469.8670504028324 0.0 469.8670504028324 469.8670504028324 
gen 288 37888 469.8670504028324 0.0 469.8670504028324 469.8670504028324 
gen 289 38020 469.8670504028324 0.0 469.8670504028324 469.8670504028324 
gen 290 38152 469.8670504028324 0.0 469.8670504028324 469.8670504028324 
gen 291 38281 469.8670504028324 0.0 469.8670504028324 469.8670504028324 
gen 292 38415 469.8670504028324 0.0 469.8670504028324 469.8670504028324 
gen 293 38546 469.8670504028324 0.0 469.8670504028324 469.8670504028324 
gen 294 38675 469.8670504028324 0.0 469.8670504028324 469.8670504028324 
gen 295 38805 469.8670504028324 0.0 469.8670504028324 469.8670504028324 
gen 296 38938 469.8670504028324 0.0 469.8670504028324 469.8670504028324 
gen 297 39068 469.8670504028324 0.0 469.8670504028324 469.8670504028324 
gen 298 39199 469.8670504028324 0.0 469.8670504028324 469.8670504028324 
gen 299 39334 469.8670504028324 0.0 469.8670504028324 469.8670504028324 
gen 300 39466 469.8670504028324 0.0 469.8670504028324 469.8670504028324 
gen 301 39595 469.8670504028324 0.0 469.8670504028324 469.8670504028324 
gen 302 39726 469.8670504028324 0.0 469.8670504028324 469.8670504028324 
gen 303 39857 469.8670504028324 0.0 469.8670504028324 469.8670504028324 
gen 304 39985 469.8670504028324 0.0 469.8670504028324 469.8670504028324 
gen 305 40114 469.8670504028324 0.0 469.8670504028324 469.8670504028324 
gen 306 40246 469.8670504028324 0.0 469.8670504028324 469.8670504028324 
gen 307 40378 469.8670504028324 0.0 469.8670504028324 469.8670504028324 
gen 308 40508 469.8670504028324 0.0 469.8670504028324 469.8670504028324 
gen 309 40638 469.8670504028324 0.0 469.8670504028324 469.8670504028324 
gen 310 40770 469.8670504028324 0.0 469.8670504028324 469.8670504028324 
gen 311 40902 469.8670504028324 0.0 469.8670504028324 469.8670504028324 
gen 312 41032 469.8670504028324 0.0 469.8670504028324 469.8670504028324 
gen 313 41163 469.8670504028324 0.0 469.8670504028324 469.8670504028324 
gen 314 41295 469.8670504028324 0.0 469.8670504028324 469.8670504028324 
gen 315 41423 469.8670504028324 0.0 469.8670504028324 469.8670504028324 
gen 316 41554 469.8670504028324 0.0 469.8670504028324 469.8670504028324 
gen 317 41683 469.8670504028324 0.0 469.8670504028324 469.8670504028324 
gen 318 41815 469.8670504028324 0.0 469.8670504028324 469.8670504028324 
gen 319 41946 469.8670504028324 0.0 469.8670504028324 469.8670504028324 
gen 320 42078 469.8670504028324 0.0 469.8670504028324 469.8670504028324 
gen 321 42208 469.8670504028324 0.0 469.8670504028324 469.8670504028324 
gen 322 42338 469.8670504028324 0.0 469.8670504028324 469.8670504028324 
gen 323 42467 469.8670504028324 0.0 469.8670504028324 469.8670504028324 
gen 324 42597 469.8670504028324 0.0 469.8670504028324 469.8670504028324 
gen 325 42728 469.8670504028324 0.0 469.8670504028324 469.8670504028324 
gen 326 42858 469.8670504028324 0.0 469.8670504028324 469.8670504028324 
gen 327 42991 469.8670504028324 0.0 469.8670504028324 469.8670504028324 
gen 328 43123 469.8670504028324 0.0 469.8670504028324 469.8670504028324 
gen 329 43255 469.8670504028324 0.0 469.8670504028324 469.8670504028324 
gen 330 43383 469.8670504028324 0.0 469.8670504028324 469.8670504028324 
gen 331 43512 469.8670504028324 0.0 469.8670504028324 469.8670504028324 
gen 332 43644 469.8670504028324 0.0 469.8670504028324 469.8670504028324 
gen 333 43775 469.8670504028324 0.0 469.8670504028324 469.8670504028324 
gen 334 43904 469.8670504028324 0.0 469.8670504028324 469.8670504028324 
gen 335 44034 469.8670504028324 0.0 469.8670504028324 469.8670504028324 
gen 336 44165 469.8670504028324 0.0 469.8670504028324 469.8670504028324 
gen 337 44298 469.8670504028324 0.0 469.8670504028324 469.8670504028324 
gen 338 44430 469.8670504028324 0.0 469.8670504028324 469.8670504028324 
gen 339 44559 469.8670504028324 0.0 469.8670504028324 469.8670504028324 
gen 340 44690 469.8670504028324 0.0 469.8670504028324 469.8670504028324 
gen 341 44820 469.8670504028324 0.0 469.8670504028324 469.8670504028324 
[0, 1, 4, 2, 5, 7, 3, 6, 5, 6, 7, 4, 1, 2, 0, 3, 5, 7, 4, 1, 6, 2, 0, 3, 6, 0, 3, 1, 5, 4, 2, 7, 6, 0, 3, 4, 1, 2, 7, 5, 3, 6, 0, 4, 1, 2, 5, 7, 3, 7, 4, 1, 6, 2, 0, 5, 3, 5, 7, 4, 6, 0, 1, 2]
min  469.8670504028324
NFE 44820
LSNFE 0
VLSNFE 0
runTime 67.71324038505554
