gen 0 64 1093750000001349.8 3121091305536742.5 923.6074857229768 1e+16 
gen 1 199 1048.1545896514158 99.62313906438312 774.4334539000644 1220.4188430882202 
gen 2 332 946.855416150464 82.4407588880851 723.4338519513199 1059.6468064012329 
gen 3 468 882.3291405465611 63.47828913044296 699.2221605161154 965.0802478323264 
gen 4 605 838.1317070888765 52.99507251430159 699.2221605161154 909.4721938203922 
gen 5 740 814.6841742905458 49.40681629425927 671.9649815296756 874.1878053841692 
gen 6 870 772.0542144095598 47.76058864737967 618.0470237327086 830.8504023400636 
gen 7 1006 740.8847868565015 38.77987810975357 618.0470237327086 788.4098821838779 
gen 8 1139 717.8509336263089 36.33320911069403 618.0470237327086 764.3877299019351 
gen 9 1273 691.3817873064468 34.29522411771028 613.7968472722023 730.5307198081614 
gen 10 1413 661.1968039950755 25.145109607632108 613.7968472722023 699.2221605161154 
gen 11 1546 645.1772964285177 17.974531690939514 601.2662295301784 670.78911698296 
gen 12 1679 633.0676195518996 14.215973785087346 588.089976668438 653.1953169240238 
gen 13 1814 624.2930220576161 14.088039418598909 577.5284253651264 641.36727837155 
gen 14 1950 617.0404683432237 14.166077742234858 577.5284253651264 633.9872362472308 
gen 15 2087 610.4059809936836 14.46646128631634 574.9665451998193 626.5010612778891 
gen 16 2220 604.0256901834446 13.12379250118095 574.9665451998193 620.6635851143175 
gen 17 2354 599.5183640266478 11.807186144553393 572.2875359026058 613.7968472722023 
gen 18 2490 590.6427644541939 14.28298623450427 530.4910183947139 605.2769187528211 
gen 19 2623 583.8631503666481 14.381457432575353 530.4910183947139 597.4012284368566 
gen 20 2757 581.183707671863 13.531510933740504 530.4910183947139 594.4004732254904 
gen 21 2896 573.1727324284631 14.059339712349813 530.4910183947139 587.6038139052381 
gen 22 3029 560.7151971418394 13.921676112655648 530.2594252079316 577.6818038841968 
gen 23 3162 548.0601881675202 9.989812212895862 527.5860274287668 563.2664233867446 
gen 24 3298 540.2243460870702 7.2112637078244815 523.4890395439866 549.9519594579307 
gen 25 3431 533.3670763921118 5.596909923887836 516.0926540376297 540.7034775052175 
gen 26 3566 527.5223995922295 5.16325107445765 509.61775515768323 533.7989742845738 
gen 27 3699 522.8672632938841 4.186054312334699 509.61775515768323 527.679441833912 
gen 28 3837 518.465659378671 3.2849859159448664 509.61775515768323 523.1670118269774 
gen 29 3972 514.8442932097644 3.314872209377273 501.5391595500664 518.4865677184546 
gen 30 4105 511.4038936906719 3.517288496344851 499.30208340784935 515.0081000889782 
gen 31 4241 508.3840363344761 3.2220173610144296 499.30208340784935 511.983016532529 
gen 32 4374 505.73757315532526 2.3720982780998785 499.30208340784935 508.95209998791785 
gen 33 4506 503.216362882493 2.1360364866231047 496.18975040504347 505.8975220232069 
gen 34 4637 501.6531014952974 1.8356986359128353 496.18975040504347 503.96858115425437 
gen 35 4769 500.007109262104 1.689554716624018 496.18975040504347 502.3983605729563 
gen 36 4905 498.78128331010186 1.377747240636299 496.18975040504347 500.3309332404779 
gen 37 5037 497.5124831559219 0.720527385442118 495.6476164962314 498.6548610935516 
gen 38 5168 497.0932402303613 0.5266615846800521 495.6476164962314 497.40182428206805 
gen 39 5304 496.84814725911997 0.8012401001902454 493.2640882888815 497.40182428206805 
gen 40 5439 496.35862417319163 0.9810008683902771 493.2640882888815 497.40182428206805 
gen 41 5575 495.517023687608 0.9562385200748102 493.2640882888815 496.18975040504347 
gen 42 5709 494.45941682224196 0.875556369593243 493.2640882888815 495.6476164962314 
gen 43 5847 493.8198560551021 0.559605260702809 493.2640882888815 494.44258693568975 
gen 44 5982 493.3101990791733 0.20792506972588604 493.2640882888815 494.24778514844047 
gen 45 6117 493.26408828888145 5.684341886080802e-14 493.2640882888815 493.2640882888815 
gen 46 6247 493.26408828888145 5.684341886080802e-14 493.2640882888815 493.2640882888815 
gen 47 6380 493.26408828888145 5.684341886080802e-14 493.2640882888815 493.2640882888815 
gen 48 6516 493.26408828888145 5.684341886080802e-14 493.2640882888815 493.2640882888815 
gen 49 6652 493.26408828888145 5.684341886080802e-14 493.2640882888815 493.2640882888815 
gen 50 6785 493.26408828888145 5.684341886080802e-14 493.2640882888815 493.2640882888815 
gen 51 6924 493.26408828888145 5.684341886080802e-14 493.2640882888815 493.2640882888815 
gen 52 7055 493.26408828888145 5.684341886080802e-14 493.2640882888815 493.2640882888815 
gen 53 7185 493.26408828888145 5.684341886080802e-14 493.2640882888815 493.2640882888815 
gen 54 7318 493.26408828888145 5.684341886080802e-14 493.2640882888815 493.2640882888815 
gen 55 7455 493.26408828888145 5.684341886080802e-14 493.2640882888815 493.2640882888815 
gen 56 7593 493.26408828888145 5.684341886080802e-14 493.2640882888815 493.2640882888815 
gen 57 7726 493.26408828888145 5.684341886080802e-14 493.2640882888815 493.2640882888815 
gen 58 7860 493.26408828888145 5.684341886080802e-14 493.2640882888815 493.2640882888815 
gen 59 7991 493.26408828888145 5.684341886080802e-14 493.2640882888815 493.2640882888815 
gen 60 8126 493.26408828888145 5.684341886080802e-14 493.2640882888815 493.2640882888815 
gen 61 8262 493.26408828888145 5.684341886080802e-14 493.2640882888815 493.2640882888815 
gen 62 8394 493.26408828888145 5.684341886080802e-14 493.2640882888815 493.2640882888815 
gen 63 8530 493.26408828888145 5.684341886080802e-14 493.2640882888815 493.2640882888815 
gen 64 8660 493.26408828888145 5.684341886080802e-14 493.2640882888815 493.2640882888815 
gen 65 8793 493.26408828888145 5.684341886080802e-14 493.2640882888815 493.2640882888815 
gen 66 8928 493.26408828888145 5.684341886080802e-14 493.2640882888815 493.2640882888815 
gen 67 9063 493.26408828888145 5.684341886080802e-14 493.2640882888815 493.2640882888815 
gen 68 9198 493.26408828888145 5.684341886080802e-14 493.2640882888815 493.2640882888815 
gen 69 9329 493.26408828888145 5.684341886080802e-14 493.2640882888815 493.2640882888815 
gen 70 9462 493.26408828888145 5.684341886080802e-14 493.2640882888815 493.2640882888815 
gen 71 9595 493.26408828888145 5.684341886080802e-14 493.2640882888815 493.2640882888815 
gen 72 9730 493.26408828888145 5.684341886080802e-14 493.2640882888815 493.2640882888815 
gen 73 9864 493.26408828888145 5.684341886080802e-14 493.2640882888815 493.2640882888815 
gen 74 9998 493.26408828888145 5.684341886080802e-14 493.2640882888815 493.2640882888815 
gen 75 10128 493.26408828888145 5.684341886080802e-14 493.2640882888815 493.2640882888815 
gen 76 10263 493.26408828888145 5.684341886080802e-14 493.2640882888815 493.2640882888815 
gen 77 10394 493.26408828888145 5.684341886080802e-14 493.2640882888815 493.2640882888815 
gen 78 10528 493.26408828888145 5.684341886080802e-14 493.2640882888815 493.2640882888815 
gen 79 10664 493.26408828888145 5.684341886080802e-14 493.2640882888815 493.2640882888815 
gen 80 10796 493.26408828888145 5.684341886080802e-14 493.2640882888815 493.2640882888815 
gen 81 10934 493.26408828888145 5.684341886080802e-14 493.2640882888815 493.2640882888815 
gen 82 11064 493.26408828888145 5.684341886080802e-14 493.2640882888815 493.2640882888815 
gen 83 11198 493.26408828888145 5.684341886080802e-14 493.2640882888815 493.2640882888815 
gen 84 11330 493.26408828888145 5.684341886080802e-14 493.2640882888815 493.2640882888815 
gen 85 11465 493.26408828888145 5.684341886080802e-14 493.2640882888815 493.2640882888815 
gen 86 11603 493.26408828888145 5.684341886080802e-14 493.2640882888815 493.2640882888815 
gen 87 11740 493.26408828888145 5.684341886080802e-14 493.2640882888815 493.2640882888815 
gen 88 11871 493.26408828888145 5.684341886080802e-14 493.2640882888815 493.2640882888815 
gen 89 12003 493.26408828888145 5.684341886080802e-14 493.2640882888815 493.2640882888815 
gen 90 12135 493.26408828888145 5.684341886080802e-14 493.2640882888815 493.2640882888815 
gen 91 12272 493.26408828888145 5.684341886080802e-14 493.2640882888815 493.2640882888815 
gen 92 12406 493.26408828888145 5.684341886080802e-14 493.2640882888815 493.2640882888815 
gen 93 12538 493.26408828888145 5.684341886080802e-14 493.2640882888815 493.2640882888815 
gen 94 12670 493.26408828888145 5.684341886080802e-14 493.2640882888815 493.2640882888815 
gen 95 12805 493.26408828888145 5.684341886080802e-14 493.2640882888815 493.2640882888815 
gen 96 12938 493.26408828888145 5.684341886080802e-14 493.2640882888815 493.2640882888815 
gen 97 13074 493.26408828888145 5.684341886080802e-14 493.2640882888815 493.2640882888815 
gen 98 13207 493.26408828888145 5.684341886080802e-14 493.2640882888815 493.2640882888815 
gen 99 13339 493.26408828888145 5.684341886080802e-14 493.2640882888815 493.2640882888815 
gen 100 13475 493.26408828888145 5.684341886080802e-14 493.2640882888815 493.2640882888815 
gen 101 13611 493.26408828888145 5.684341886080802e-14 493.2640882888815 493.2640882888815 
gen 102 13750 493.26408828888145 5.684341886080802e-14 493.2640882888815 493.2640882888815 
gen 103 13882 493.26408828888145 5.684341886080802e-14 493.2640882888815 493.2640882888815 
gen 104 14017 493.26408828888145 5.684341886080802e-14 493.2640882888815 493.2640882888815 
gen 105 14156 493.26408828888145 5.684341886080802e-14 493.2640882888815 493.2640882888815 
gen 106 14288 493.26408828888145 5.684341886080802e-14 493.2640882888815 493.2640882888815 
gen 107 14424 493.26408828888145 5.684341886080802e-14 493.2640882888815 493.2640882888815 
gen 108 14555 493.26408828888145 5.684341886080802e-14 493.2640882888815 493.2640882888815 
gen 109 14689 493.26408828888145 5.684341886080802e-14 493.2640882888815 493.2640882888815 
gen 110 14827 493.26408828888145 5.684341886080802e-14 493.2640882888815 493.2640882888815 
gen 111 14961 493.26408828888145 5.684341886080802e-14 493.2640882888815 493.2640882888815 
gen 112 15096 493.26408828888145 5.684341886080802e-14 493.2640882888815 493.2640882888815 
gen 113 15232 493.26408828888145 5.684341886080802e-14 493.2640882888815 493.2640882888815 
gen 114 15366 493.26408828888145 5.684341886080802e-14 493.2640882888815 493.2640882888815 
gen 115 15497 493.26408828888145 5.684341886080802e-14 493.2640882888815 493.2640882888815 
gen 116 15634 493.26408828888145 5.684341886080802e-14 493.2640882888815 493.2640882888815 
gen 117 15769 493.26408828888145 5.684341886080802e-14 493.2640882888815 493.2640882888815 
gen 118 15902 493.26408828888145 5.684341886080802e-14 493.2640882888815 493.2640882888815 
gen 119 16036 493.26408828888145 5.684341886080802e-14 493.2640882888815 493.2640882888815 
gen 120 16171 493.26408828888145 5.684341886080802e-14 493.2640882888815 493.2640882888815 
gen 121 16306 493.26408828888145 5.684341886080802e-14 493.2640882888815 493.2640882888815 
gen 122 16441 493.26408828888145 5.684341886080802e-14 493.2640882888815 493.2640882888815 
gen 123 16572 493.26408828888145 5.684341886080802e-14 493.2640882888815 493.2640882888815 
gen 124 16707 493.26408828888145 5.684341886080802e-14 493.2640882888815 493.2640882888815 
gen 125 16839 493.26408828888145 5.684341886080802e-14 493.2640882888815 493.2640882888815 
gen 126 16977 493.26408828888145 5.684341886080802e-14 493.2640882888815 493.2640882888815 
gen 127 17111 493.26408828888145 5.684341886080802e-14 493.2640882888815 493.2640882888815 
gen 128 17242 493.26408828888145 5.684341886080802e-14 493.2640882888815 493.2640882888815 
gen 129 17377 493.26408828888145 5.684341886080802e-14 493.2640882888815 493.2640882888815 
gen 130 17507 493.26408828888145 5.684341886080802e-14 493.2640882888815 493.2640882888815 
gen 131 17638 493.26408828888145 5.684341886080802e-14 493.2640882888815 493.2640882888815 
gen 132 17773 493.26408828888145 5.684341886080802e-14 493.2640882888815 493.2640882888815 
gen 133 17907 493.26408828888145 5.684341886080802e-14 493.2640882888815 493.2640882888815 
gen 134 18042 493.26408828888145 5.684341886080802e-14 493.2640882888815 493.2640882888815 
gen 135 18177 493.26408828888145 5.684341886080802e-14 493.2640882888815 493.2640882888815 
gen 136 18311 493.26408828888145 5.684341886080802e-14 493.2640882888815 493.2640882888815 
gen 137 18450 493.26408828888145 5.684341886080802e-14 493.2640882888815 493.2640882888815 
gen 138 18589 493.26408828888145 5.684341886080802e-14 493.2640882888815 493.2640882888815 
gen 139 18727 493.26408828888145 5.684341886080802e-14 493.2640882888815 493.2640882888815 
gen 140 18858 493.26408828888145 5.684341886080802e-14 493.2640882888815 493.2640882888815 
gen 141 18992 493.26408828888145 5.684341886080802e-14 493.2640882888815 493.2640882888815 
gen 142 19125 493.26408828888145 5.684341886080802e-14 493.2640882888815 493.2640882888815 
gen 143 19262 493.26408828888145 5.684341886080802e-14 493.2640882888815 493.2640882888815 
gen 144 19398 493.26408828888145 5.684341886080802e-14 493.2640882888815 493.2640882888815 
gen 145 19530 493.26408828888145 5.684341886080802e-14 493.2640882888815 493.2640882888815 
gen 146 19666 493.26408828888145 5.684341886080802e-14 493.2640882888815 493.2640882888815 
gen 147 19800 493.26408828888145 5.684341886080802e-14 493.2640882888815 493.2640882888815 
gen 148 19939 493.26408828888145 5.684341886080802e-14 493.2640882888815 493.2640882888815 
gen 149 20074 493.26408828888145 5.684341886080802e-14 493.2640882888815 493.2640882888815 
gen 150 20207 493.26408828888145 5.684341886080802e-14 493.2640882888815 493.2640882888815 
gen 151 20343 493.26408828888145 5.684341886080802e-14 493.2640882888815 493.2640882888815 
gen 152 20475 493.26408828888145 5.684341886080802e-14 493.2640882888815 493.2640882888815 
gen 153 20608 493.26408828888145 5.684341886080802e-14 493.2640882888815 493.2640882888815 
gen 154 20743 493.26408828888145 5.684341886080802e-14 493.2640882888815 493.2640882888815 
gen 155 20874 493.26408828888145 5.684341886080802e-14 493.2640882888815 493.2640882888815 
gen 156 21007 493.26408828888145 5.684341886080802e-14 493.2640882888815 493.2640882888815 
gen 157 21145 493.26408828888145 5.684341886080802e-14 493.2640882888815 493.2640882888815 
gen 158 21278 493.26408828888145 5.684341886080802e-14 493.2640882888815 493.2640882888815 
gen 159 21410 493.26408828888145 5.684341886080802e-14 493.2640882888815 493.2640882888815 
gen 160 21543 493.26408828888145 5.684341886080802e-14 493.2640882888815 493.2640882888815 
gen 161 21674 493.26408828888145 5.684341886080802e-14 493.2640882888815 493.2640882888815 
gen 162 21807 493.26408828888145 5.684341886080802e-14 493.2640882888815 493.2640882888815 
gen 163 21940 493.26408828888145 5.684341886080802e-14 493.2640882888815 493.2640882888815 
gen 164 22075 493.26408828888145 5.684341886080802e-14 493.2640882888815 493.2640882888815 
gen 165 22208 493.26408828888145 5.684341886080802e-14 493.2640882888815 493.2640882888815 
gen 166 22342 493.26408828888145 5.684341886080802e-14 493.2640882888815 493.2640882888815 
gen 167 22478 493.26408828888145 5.684341886080802e-14 493.2640882888815 493.2640882888815 
gen 168 22611 493.26408828888145 5.684341886080802e-14 493.2640882888815 493.2640882888815 
gen 169 22746 493.26408828888145 5.684341886080802e-14 493.2640882888815 493.2640882888815 
gen 170 22880 493.26408828888145 5.684341886080802e-14 493.2640882888815 493.2640882888815 
gen 171 23014 493.26408828888145 5.684341886080802e-14 493.2640882888815 493.2640882888815 
gen 172 23147 493.26408828888145 5.684341886080802e-14 493.2640882888815 493.2640882888815 
gen 173 23283 493.26408828888145 5.684341886080802e-14 493.2640882888815 493.2640882888815 
gen 174 23415 493.26408828888145 5.684341886080802e-14 493.2640882888815 493.2640882888815 
gen 175 23547 493.26408828888145 5.684341886080802e-14 493.2640882888815 493.2640882888815 
gen 176 23683 493.26408828888145 5.684341886080802e-14 493.2640882888815 493.2640882888815 
gen 177 23816 493.26408828888145 5.684341886080802e-14 493.2640882888815 493.2640882888815 
gen 178 23947 493.26408828888145 5.684341886080802e-14 493.2640882888815 493.2640882888815 
gen 179 24081 493.26408828888145 5.684341886080802e-14 493.2640882888815 493.2640882888815 
gen 180 24215 493.26408828888145 5.684341886080802e-14 493.2640882888815 493.2640882888815 
gen 181 24351 493.26408828888145 5.684341886080802e-14 493.2640882888815 493.2640882888815 
gen 182 24485 493.26408828888145 5.684341886080802e-14 493.2640882888815 493.2640882888815 
gen 183 24621 493.26408828888145 5.684341886080802e-14 493.2640882888815 493.2640882888815 
gen 184 24753 493.26408828888145 5.684341886080802e-14 493.2640882888815 493.2640882888815 
gen 185 24888 493.26408828888145 5.684341886080802e-14 493.2640882888815 493.2640882888815 
gen 186 25023 493.26408828888145 5.684341886080802e-14 493.2640882888815 493.2640882888815 
gen 187 25156 493.26408828888145 5.684341886080802e-14 493.2640882888815 493.2640882888815 
gen 188 25291 493.26408828888145 5.684341886080802e-14 493.2640882888815 493.2640882888815 
gen 189 25422 493.26408828888145 5.684341886080802e-14 493.2640882888815 493.2640882888815 
gen 190 25557 493.26408828888145 5.684341886080802e-14 493.2640882888815 493.2640882888815 
gen 191 25688 493.26408828888145 5.684341886080802e-14 493.2640882888815 493.2640882888815 
gen 192 25821 493.26408828888145 5.684341886080802e-14 493.2640882888815 493.2640882888815 
gen 193 25952 493.26408828888145 5.684341886080802e-14 493.2640882888815 493.2640882888815 
gen 194 26082 493.26408828888145 5.684341886080802e-14 493.2640882888815 493.2640882888815 
gen 195 26214 493.26408828888145 5.684341886080802e-14 493.2640882888815 493.2640882888815 
gen 196 26345 493.26408828888145 5.684341886080802e-14 493.2640882888815 493.2640882888815 
gen 197 26479 493.26408828888145 5.684341886080802e-14 493.2640882888815 493.2640882888815 
gen 198 26616 493.26408828888145 5.684341886080802e-14 493.2640882888815 493.2640882888815 
gen 199 26748 493.26408828888145 5.684341886080802e-14 493.2640882888815 493.2640882888815 
gen 200 26886 493.26408828888145 5.684341886080802e-14 493.2640882888815 493.2640882888815 
gen 201 27021 493.26408828888145 5.684341886080802e-14 493.2640882888815 493.2640882888815 
gen 202 27153 493.26408828888145 5.684341886080802e-14 493.2640882888815 493.2640882888815 
gen 203 27285 493.26408828888145 5.684341886080802e-14 493.2640882888815 493.2640882888815 
gen 204 27418 493.26408828888145 5.684341886080802e-14 493.2640882888815 493.2640882888815 
gen 205 27554 493.26408828888145 5.684341886080802e-14 493.2640882888815 493.2640882888815 
gen 206 27688 493.26408828888145 5.684341886080802e-14 493.2640882888815 493.2640882888815 
gen 207 27825 493.26408828888145 5.684341886080802e-14 493.2640882888815 493.2640882888815 
gen 208 27961 493.26408828888145 5.684341886080802e-14 493.2640882888815 493.2640882888815 
gen 209 28092 493.26408828888145 5.684341886080802e-14 493.2640882888815 493.2640882888815 
gen 210 28227 493.26408828888145 5.684341886080802e-14 493.2640882888815 493.2640882888815 
gen 211 28357 493.26408828888145 5.684341886080802e-14 493.2640882888815 493.2640882888815 
gen 212 28490 493.26408828888145 5.684341886080802e-14 493.2640882888815 493.2640882888815 
gen 213 28625 493.26408828888145 5.684341886080802e-14 493.2640882888815 493.2640882888815 
gen 214 28758 493.26408828888145 5.684341886080802e-14 493.2640882888815 493.2640882888815 
gen 215 28893 493.26408828888145 5.684341886080802e-14 493.2640882888815 493.2640882888815 
gen 216 29027 493.26408828888145 5.684341886080802e-14 493.2640882888815 493.2640882888815 
gen 217 29164 493.26408828888145 5.684341886080802e-14 493.2640882888815 493.2640882888815 
gen 218 29300 493.26408828888145 5.684341886080802e-14 493.2640882888815 493.2640882888815 
gen 219 29440 493.26408828888145 5.684341886080802e-14 493.2640882888815 493.2640882888815 
gen 220 29577 493.26408828888145 5.684341886080802e-14 493.2640882888815 493.2640882888815 
gen 221 29711 493.26408828888145 5.684341886080802e-14 493.2640882888815 493.2640882888815 
gen 222 29843 493.26408828888145 5.684341886080802e-14 493.2640882888815 493.2640882888815 
gen 223 29982 493.26408828888145 5.684341886080802e-14 493.2640882888815 493.2640882888815 
gen 224 30117 493.26408828888145 5.684341886080802e-14 493.2640882888815 493.2640882888815 
gen 225 30252 493.26408828888145 5.684341886080802e-14 493.2640882888815 493.2640882888815 
gen 226 30390 493.26408828888145 5.684341886080802e-14 493.2640882888815 493.2640882888815 
gen 227 30525 493.26408828888145 5.684341886080802e-14 493.2640882888815 493.2640882888815 
gen 228 30659 493.26408828888145 5.684341886080802e-14 493.2640882888815 493.2640882888815 
gen 229 30794 493.26408828888145 5.684341886080802e-14 493.2640882888815 493.2640882888815 
gen 230 30928 493.26408828888145 5.684341886080802e-14 493.2640882888815 493.2640882888815 
gen 231 31058 493.26408828888145 5.684341886080802e-14 493.2640882888815 493.2640882888815 
gen 232 31192 493.26408828888145 5.684341886080802e-14 493.2640882888815 493.2640882888815 
gen 233 31328 493.26408828888145 5.684341886080802e-14 493.2640882888815 493.2640882888815 
gen 234 31463 493.26408828888145 5.684341886080802e-14 493.2640882888815 493.2640882888815 
gen 235 31596 493.26408828888145 5.684341886080802e-14 493.2640882888815 493.2640882888815 
gen 236 31727 493.26408828888145 5.684341886080802e-14 493.2640882888815 493.2640882888815 
gen 237 31861 493.26408828888145 5.684341886080802e-14 493.2640882888815 493.2640882888815 
gen 238 31997 493.26408828888145 5.684341886080802e-14 493.2640882888815 493.2640882888815 
gen 239 32128 493.26408828888145 5.684341886080802e-14 493.2640882888815 493.2640882888815 
gen 240 32264 493.26408828888145 5.684341886080802e-14 493.2640882888815 493.2640882888815 
gen 241 32399 493.26408828888145 5.684341886080802e-14 493.2640882888815 493.2640882888815 
gen 242 32531 493.26408828888145 5.684341886080802e-14 493.2640882888815 493.2640882888815 
gen 243 32667 493.26408828888145 5.684341886080802e-14 493.2640882888815 493.2640882888815 
gen 244 32802 493.26408828888145 5.684341886080802e-14 493.2640882888815 493.2640882888815 
gen 245 32938 493.26408828888145 5.684341886080802e-14 493.2640882888815 493.2640882888815 
gen 246 33073 493.26408828888145 5.684341886080802e-14 493.2640882888815 493.2640882888815 
gen 247 33208 493.26408828888145 5.684341886080802e-14 493.2640882888815 493.2640882888815 
gen 248 33339 493.26408828888145 5.684341886080802e-14 493.2640882888815 493.2640882888815 
gen 249 33474 493.26408828888145 5.684341886080802e-14 493.2640882888815 493.2640882888815 
gen 250 33604 493.26408828888145 5.684341886080802e-14 493.2640882888815 493.2640882888815 
gen 251 33741 493.26408828888145 5.684341886080802e-14 493.2640882888815 493.2640882888815 
gen 252 33872 493.26408828888145 5.684341886080802e-14 493.2640882888815 493.2640882888815 
gen 253 34008 493.26408828888145 5.684341886080802e-14 493.2640882888815 493.2640882888815 
gen 254 34142 493.26408828888145 5.684341886080802e-14 493.2640882888815 493.2640882888815 
gen 255 34275 493.26408828888145 5.684341886080802e-14 493.2640882888815 493.2640882888815 
gen 256 34408 493.26408828888145 5.684341886080802e-14 493.2640882888815 493.2640882888815 
gen 257 34543 493.26408828888145 5.684341886080802e-14 493.2640882888815 493.2640882888815 
gen 258 34675 493.26408828888145 5.684341886080802e-14 493.2640882888815 493.2640882888815 
gen 259 34808 493.26408828888145 5.684341886080802e-14 493.2640882888815 493.2640882888815 
gen 260 34941 493.26408828888145 5.684341886080802e-14 493.2640882888815 493.2640882888815 
gen 261 35074 493.26408828888145 5.684341886080802e-14 493.2640882888815 493.2640882888815 
gen 262 35213 493.26408828888145 5.684341886080802e-14 493.2640882888815 493.2640882888815 
gen 263 35349 493.26408828888145 5.684341886080802e-14 493.2640882888815 493.2640882888815 
gen 264 35486 493.26408828888145 5.684341886080802e-14 493.2640882888815 493.2640882888815 
gen 265 35621 493.26408828888145 5.684341886080802e-14 493.2640882888815 493.2640882888815 
gen 266 35760 493.26408828888145 5.684341886080802e-14 493.2640882888815 493.2640882888815 
gen 267 35895 493.26408828888145 5.684341886080802e-14 493.2640882888815 493.2640882888815 
gen 268 36029 493.26408828888145 5.684341886080802e-14 493.2640882888815 493.2640882888815 
gen 269 36164 493.26408828888145 5.684341886080802e-14 493.2640882888815 493.2640882888815 
gen 270 36297 493.26408828888145 5.684341886080802e-14 493.2640882888815 493.2640882888815 
gen 271 36428 493.26408828888145 5.684341886080802e-14 493.2640882888815 493.2640882888815 
gen 272 36560 493.26408828888145 5.684341886080802e-14 493.2640882888815 493.2640882888815 
gen 273 36698 493.26408828888145 5.684341886080802e-14 493.2640882888815 493.2640882888815 
gen 274 36835 493.26408828888145 5.684341886080802e-14 493.2640882888815 493.2640882888815 
gen 275 36972 493.26408828888145 5.684341886080802e-14 493.2640882888815 493.2640882888815 
gen 276 37101 493.26408828888145 5.684341886080802e-14 493.2640882888815 493.2640882888815 
gen 277 37231 493.26408828888145 5.684341886080802e-14 493.2640882888815 493.2640882888815 
gen 278 37365 493.26408828888145 5.684341886080802e-14 493.2640882888815 493.2640882888815 
gen 279 37499 493.26408828888145 5.684341886080802e-14 493.2640882888815 493.2640882888815 
gen 280 37636 493.26408828888145 5.684341886080802e-14 493.2640882888815 493.2640882888815 
gen 281 37769 493.26408828888145 5.684341886080802e-14 493.2640882888815 493.2640882888815 
gen 282 37902 493.26408828888145 5.684341886080802e-14 493.2640882888815 493.2640882888815 
gen 283 38034 493.26408828888145 5.684341886080802e-14 493.2640882888815 493.2640882888815 
gen 284 38167 493.26408828888145 5.684341886080802e-14 493.2640882888815 493.2640882888815 
gen 285 38301 493.26408828888145 5.684341886080802e-14 493.2640882888815 493.2640882888815 
gen 286 38429 493.26408828888145 5.684341886080802e-14 493.2640882888815 493.2640882888815 
gen 287 38563 493.26408828888145 5.684341886080802e-14 493.2640882888815 493.2640882888815 
gen 288 38695 493.26408828888145 5.684341886080802e-14 493.2640882888815 493.2640882888815 
gen 289 38826 493.26408828888145 5.684341886080802e-14 493.2640882888815 493.2640882888815 
gen 290 38958 493.26408828888145 5.684341886080802e-14 493.2640882888815 493.2640882888815 
gen 291 39095 493.26408828888145 5.684341886080802e-14 493.2640882888815 493.2640882888815 
gen 292 39227 493.26408828888145 5.684341886080802e-14 493.2640882888815 493.2640882888815 
gen 293 39363 493.26408828888145 5.684341886080802e-14 493.2640882888815 493.2640882888815 
gen 294 39493 493.26408828888145 5.684341886080802e-14 493.2640882888815 493.2640882888815 
gen 295 39626 493.26408828888145 5.684341886080802e-14 493.2640882888815 493.2640882888815 
gen 296 39757 493.26408828888145 5.684341886080802e-14 493.2640882888815 493.2640882888815 
gen 297 39890 493.26408828888145 5.684341886080802e-14 493.2640882888815 493.2640882888815 
gen 298 40024 493.26408828888145 5.684341886080802e-14 493.2640882888815 493.2640882888815 
gen 299 40162 493.26408828888145 5.684341886080802e-14 493.2640882888815 493.2640882888815 
gen 300 40295 493.26408828888145 5.684341886080802e-14 493.2640882888815 493.2640882888815 
gen 301 40429 493.26408828888145 5.684341886080802e-14 493.2640882888815 493.2640882888815 
gen 302 40564 493.26408828888145 5.684341886080802e-14 493.2640882888815 493.2640882888815 
gen 303 40697 493.26408828888145 5.684341886080802e-14 493.2640882888815 493.2640882888815 
gen 304 40833 493.26408828888145 5.684341886080802e-14 493.2640882888815 493.2640882888815 
gen 305 40966 493.26408828888145 5.684341886080802e-14 493.2640882888815 493.2640882888815 
gen 306 41102 493.26408828888145 5.684341886080802e-14 493.2640882888815 493.2640882888815 
gen 307 41231 493.26408828888145 5.684341886080802e-14 493.2640882888815 493.2640882888815 
gen 308 41366 493.26408828888145 5.684341886080802e-14 493.2640882888815 493.2640882888815 
gen 309 41497 493.26408828888145 5.684341886080802e-14 493.2640882888815 493.2640882888815 
gen 310 41629 493.26408828888145 5.684341886080802e-14 493.2640882888815 493.2640882888815 
gen 311 41763 493.26408828888145 5.684341886080802e-14 493.2640882888815 493.2640882888815 
gen 312 41898 493.26408828888145 5.684341886080802e-14 493.2640882888815 493.2640882888815 
gen 313 42033 493.26408828888145 5.684341886080802e-14 493.2640882888815 493.2640882888815 
gen 314 42165 493.26408828888145 5.684341886080802e-14 493.2640882888815 493.2640882888815 
gen 315 42299 493.26408828888145 5.684341886080802e-14 493.2640882888815 493.2640882888815 
gen 316 42435 493.26408828888145 5.684341886080802e-14 493.2640882888815 493.2640882888815 
gen 317 42566 493.26408828888145 5.684341886080802e-14 493.2640882888815 493.2640882888815 
gen 318 42704 493.26408828888145 5.684341886080802e-14 493.2640882888815 493.2640882888815 
gen 319 42834 493.26408828888145 5.684341886080802e-14 493.2640882888815 493.2640882888815 
gen 320 42963 493.26408828888145 5.684341886080802e-14 493.2640882888815 493.2640882888815 
gen 321 43096 493.26408828888145 5.684341886080802e-14 493.2640882888815 493.2640882888815 
gen 322 43228 493.26408828888145 5.684341886080802e-14 493.2640882888815 493.2640882888815 
gen 323 43363 493.26408828888145 5.684341886080802e-14 493.2640882888815 493.2640882888815 
gen 324 43495 493.26408828888145 5.684341886080802e-14 493.2640882888815 493.2640882888815 
gen 325 43629 493.26408828888145 5.684341886080802e-14 493.2640882888815 493.2640882888815 
gen 326 43765 493.26408828888145 5.684341886080802e-14 493.2640882888815 493.2640882888815 
gen 327 43898 493.26408828888145 5.684341886080802e-14 493.2640882888815 493.2640882888815 
gen 328 44031 493.26408828888145 5.684341886080802e-14 493.2640882888815 493.2640882888815 
gen 329 44166 493.26408828888145 5.684341886080802e-14 493.2640882888815 493.2640882888815 
gen 330 44303 493.26408828888145 5.684341886080802e-14 493.2640882888815 493.2640882888815 
gen 331 44440 493.26408828888145 5.684341886080802e-14 493.2640882888815 493.2640882888815 
gen 332 44573 493.26408828888145 5.684341886080802e-14 493.2640882888815 493.2640882888815 
gen 333 44710 493.26408828888145 5.684341886080802e-14 493.2640882888815 493.2640882888815 
gen 334 44844 493.26408828888145 5.684341886080802e-14 493.2640882888815 493.2640882888815 
[6, 4, 0, 3, 7, 1, 5, 2, 7, 5, 1, 3, 2, 0, 6, 4, 4, 0, 7, 1, 2, 5, 6, 3, 4, 0, 1, 2, 6, 7, 5, 3, 6, 0, 1, 7, 3, 5, 2, 4, 3, 7, 5, 1, 4, 0, 2, 6, 3, 6, 4, 0, 7, 1, 2, 5, 6, 3, 7, 5, 4, 0, 1, 2]
min  493.2640882888815
NFE 44844
LSNFE 0
VLSNFE 0
runTime 63.284722089767456
