gen 0 391 9974424552429670.0 505074620412509.06 1214.9988628463786 1e+16 
gen 1 39491 8107416879795637.0 3917136752164615.0 1007.6189625526712 1e+16 
gen 2 78591 4373401534527551.0 4960582058897988.0 907.8432534900692 1e+16 
gen 3 117691 1097.2912830566554 69.64936049878548 890.4923027119655 1193.406610878226 
gen 4 156791 970.4945920482982 42.61165314063108 796.1450761433945 1024.3266710172688 
gen 5 195891 886.8957675174464 31.28156227339683 760.6548696179394 924.756647305519 
gen 6 234991 826.7448760832111 27.402957591899266 724.3378362157133 859.5514492110777 
gen 7 274101 782.7822448792263 25.12516700785078 669.3794433310362 811.7989672101469 
[21, 5, 10, 22, 20, 2, 6, 7, 14, 8, 11, 9, 17, 19, 16, 12, 15, 0, 1, 13, 18, 4, 3, 21, 13, 10, 20, 19, 8, 3, 4, 11, 14, 1, 2, 0, 18, 12, 6, 7, 9, 22, 15, 5, 16, 17, 21, 10, 20, 16, 1, 18, 4, 17, 12, 14, 8, 15, 11, 6, 9, 7, 22, 13, 2, 0, 5, 19, 3, 17, 21, 8, 20, 7, 10, 14, 5, 18, 16, 15, 19, 9, 2, 12, 1, 13, 11, 0, 22, 4, 6, 3, 9, 1, 14, 22, 18, 5, 13, 10, 20, 0, 7, 19, 4, 6, 3, 15, 17, 2, 21, 16, 8, 12, 11, 14, 13, 11, 1, 3, 9, 10, 19, 5, 17, 4, 6, 7, 0, 22, 21, 12, 16, 2, 18, 20, 15, 8, 15, 18, 22, 1, 20, 14, 2, 0, 7, 8, 9, 16, 19, 4, 5, 13, 11, 10, 6, 3, 21, 17, 12, 21, 19, 6, 17, 12, 13, 0, 1, 10, 15, 11, 8, 20, 9, 4, 5, 16, 7, 2, 3, 22, 18, 14, 7, 4, 8, 6, 17, 2, 16, 3, 11, 13, 15, 22, 19, 0, 20, 21, 9, 18, 12, 5, 10, 14, 1, 9, 17, 15, 10, 12, 0, 19, 8, 20, 5, 14, 11, 18, 6, 2, 4, 1, 21, 13, 7, 3, 16, 22, 2, 21, 9, 6, 18, 16, 15, 10, 17, 1, 14, 20, 5, 3, 13, 22, 12, 8, 19, 7, 0, 4, 11, 8, 17, 9, 10, 3, 6, 12, 0, 21, 22, 4, 7, 20, 1, 11, 13, 15, 2, 16, 5, 18, 14, 19, 2, 15, 9, 6, 12, 10, 20, 7, 22, 1, 14, 3, 16, 8, 21, 18, 5, 0, 4, 11, 19, 17, 13, 19, 15, 8, 2, 1, 6, 0, 17, 22, 9, 21, 11, 20, 7, 16, 12, 4, 18, 14, 10, 13, 3, 5, 14, 16, 19, 7, 21, 8, 6, 15, 10, 3, 13, 20, 2, 1, 4, 0, 17, 5, 11, 22, 18, 12, 9, 13, 11, 6, 14, 9, 10, 18, 19, 5, 4, 2, 8, 15, 16, 7, 3, 12, 0, 22, 21, 1, 17, 20, 21, 20, 13, 19, 8, 1, 10, 7, 14, 16, 3, 11, 4, 6, 22, 9, 5, 0, 2, 15, 17, 18, 12]
min  669.3794433310362
NFE 274101
LSNFE 10
VLSNFE 0
runTime 736.0833222866058
