gen 0 391 9974424554.187958 505074565.9406931 1077.4916715036509 9999999999.0 
gen 1 1975 9693094661.462183 1724778871.6549296 891.829150309243 9999999999.0 
gen 2 3539 9539641993.186924 2095626412.3372567 891.829150309243 9999999999.0 
gen 3 5103 9309462991.3531 2535454190.0847635 891.829150309243 9999999999.0 
gen 4 6677 9028133101.766447 2962117925.0675464 891.829150309243 9999999999.0 
gen 5 8241 8670076878.807507 3395664023.6711597 891.829150309243 9999999999.0 
gen 6 9805 8491048764.509497 3579465993.0279665 857.8778524319932 9999999999.0 
gen 7 11369 8081841649.968307 3937289657.991239 857.8778524319932 9999999999.0 
gen 8 12933 7723785423.95465 4192969159.3979683 857.8778524319932 9999999999.0 
gen 9 14497 7212276531.494773 4483952426.951377 857.8778524319932 9999999999.0 
gen 10 16061 6675192193.216556 4711021898.573448 857.8778524319932 9999999999.0 
gen 11 17625 5856777962.465044 4926045759.301488 803.7409431706483 9999999999.0 
gen 12 19189 5217391847.195279 4995271298.524669 803.7409431706483 9999999999.0 
gen 13 20753 4552430284.939698 4979927225.055757 803.7409431706483 9999999999.0 
gen 14 22337 3452686158.648322 4754557024.889134 728.3692824719938 9999999999.0 
gen 15 23901 1764706803.7684042 3812199983.8327675 728.3692824719938 9999999999.0 
gen 16 25465 153453780.85710728 1229218772.6580412 728.3692824719938 9999999999.0 
gen 17 27039 1061.410645144257 97.28462191921078 728.3692824719938 1238.651611163515 
gen 18 28603 1029.2341502058764 83.2258950421505 728.3692824719938 1169.2951150869842 
gen 19 30167 1000.1251683231676 71.33529442201534 728.3692824719938 1108.1088605802431 
gen 20 31731 976.5084497708812 61.479225388062744 728.3692824719938 1067.2393936271321 
gen 21 33295 957.7809791035719 56.408558344306606 728.3692824719938 1035.6103925398547 
gen 22 34869 938.6670075239082 51.746247887508595 728.3692824719938 1011.6428790017778 
gen 23 36433 923.7603609344657 47.23101621010022 728.3692824719938 988.0459226476198 
gen 24 37997 910.4555664645369 44.523837995936276 728.3692824719938 971.1306775144777 
gen 25 39561 897.9252267686362 42.774366494948936 728.3692824719938 953.3889757065305 
gen 26 41125 886.2459396001464 41.90562044861251 728.3692824719938 940.5035699376983 
gen 27 42689 875.8028215680513 40.19355792412809 728.3692824719938 926.4698368388969 
gen 28 44273 866.4029271086681 39.33053164388454 699.0050324327251 915.2563681531603 
gen 29 45837 854.5624799241384 39.22472722360758 678.8395738794339 900.8557080071521 
gen 30 47401 844.4799935808315 38.807607995188306 670.3146073860067 891.0576527695936 
gen 31 48985 832.7900407601453 38.35370547806217 666.5963438523888 879.5562655290782 
gen 32 50549 824.5531824174825 36.7659308733634 666.5963438523888 871.0917234965079 
gen 33 52113 815.2041594152612 35.802648895350615 666.5963438523888 861.0492466766526 
gen 34 53677 807.5143213579568 34.52319414197268 666.5963438523888 850.1804006915168 
gen 35 55271 800.8380131030652 32.0128971091338 660.0584789513535 840.6185585692559 
gen 36 56845 793.6448001955276 31.46682744513869 660.0584789513535 833.2302174544792 
gen 37 58409 787.8980716791424 30.983251698501597 655.5699253157576 825.9437936677768 
gen 38 59973 778.939450670318 31.0313078041725 655.5699253157576 814.4374872610078 
gen 39 61537 773.0589394073039 30.090279666784504 655.5699253157576 808.843193050257 
gen 40 63131 768.7695180703577 30.27896069939991 604.2927693044686 805.2623898139096 
gen 41 64695 762.2358730672756 29.35600567048096 604.2927693044686 796.6809251947236 
gen 42 66259 756.5824196860887 29.58032925829118 604.2927693044686 791.4514058448468 
gen 43 67833 749.521149115132 29.62418498387499 604.2927693044686 784.0827074983868 
gen 44 69397 741.8049991390321 29.957138252629168 604.2927693044686 777.2326668768999 
gen 45 70981 732.4911876280235 29.56375200461093 578.4915516429846 766.9603313470956 
gen 46 72575 725.7697394147287 29.203446594405808 542.5458758183761 757.8189944693586 
gen 47 74139 717.7573929815285 29.15772027606788 542.5458758183761 749.5031676307593 
gen 48 75703 709.4942102969998 28.259758568460693 542.5458758183761 741.2668224927753 
gen 49 77267 699.5629236268574 27.176884609284972 542.5458758183761 730.1896797869091 
gen 50 78831 689.115541910613 26.188884880659664 542.5458758183761 717.3002854770444 
gen 51 80405 679.0950866356791 24.562004009762685 542.5458758183761 706.85600937644 
gen 52 81969 671.5510458585404 23.156210491479662 542.5458758183761 698.1871709014641 
gen 53 83533 663.1782395752581 22.91734358774385 542.5458758183761 689.1818103157261 
gen 54 85097 656.3816021186439 20.69363342751324 542.5458758183761 680.7422573492975 
gen 55 86671 650.0102453195021 20.5920097305667 542.5458758183761 674.6259994267061 
gen 56 88245 643.9623968168902 20.669542392237 542.5458758183761 667.755364172729 
gen 57 89809 637.2993409177338 20.37468272095487 542.5458758183761 661.6210858233105 
gen 58 91373 631.1346940383041 19.353350044836823 542.5458758183761 653.6022492256211 
gen 59 92937 625.7782753139766 18.912708012343124 542.5458758183761 648.2146510756271 
gen 60 94501 621.2241744876836 17.901265473499983 542.5458758183761 642.1624642550785 
gen 61 96065 616.9914695934938 17.66995193457748 542.5458758183761 637.2743374788719 
gen 62 97629 613.0094280007762 17.771954604062252 542.5458758183761 632.7990163179965 
gen 63 99193 608.6586847929116 17.366915677766265 542.5458758183761 627.896546864522 
gen 64 100757 604.605071588521 16.981229715545748 542.5458758183761 623.6816148129805 
gen 65 102321 601.6300985163551 17.463680170606356 510.76906151369667 620.8227766396273 
gen 66 103885 597.4004201581026 17.493629877134772 510.76906151369667 617.1553920054781 
gen 67 105449 593.0940240307738 17.399989965564313 510.76906151369667 612.4671101164929 
gen 68 107013 587.8288818830736 17.876443177095766 510.76906151369667 608.1413765943896 
gen 69 108607 582.9425652023533 17.09065735623752 502.6567755354405 603.5461866940886 
gen 70 110171 577.6214594659616 16.83185697648126 502.6567755354405 597.9583498313917 
gen 71 111755 571.5332371536666 16.119821817885768 498.78569933697577 592.3152216504736 
gen 72 113319 565.7116805590407 15.023637761525483 498.78569933697577 584.9700845987747 
gen 73 114883 558.7970369505913 14.228783109947353 491.01216873805254 575.229959154333 
gen 74 116447 551.4044746345364 14.515166852399261 491.01216873805254 567.8678245705999 
gen 75 118011 543.510170460818 14.261102165089042 491.01216873805254 559.6282445135992 
gen 76 119575 536.9893107728581 13.384749460090223 479.0598861944401 552.7552013442661 
gen 77 121139 527.9610894860969 12.582112169706898 479.0598861944401 544.6192236330311 
gen 78 122703 521.4801817220689 11.195904551955564 479.0598861944401 536.6569958852123 
gen 79 124267 516.2244148593711 10.1348731750474 475.5216183386829 530.3437044042628 
gen 80 125831 511.0838867219169 9.75855552046357 468.1513000276262 522.4292983527042 
gen 81 127395 506.1992694183566 10.002411644440357 458.40165076674833 517.8778240529205 
gen 82 128959 502.67382218060305 9.643668762362031 458.40165076674833 513.8115709129002 
gen 83 130523 499.4375972416396 9.673361675024216 458.40165076674833 509.6582535746788 
gen 84 132087 495.9193640109708 9.939371267671545 443.82991918197115 506.39965806375733 
gen 85 133651 492.6717538077965 10.07294524327959 443.82991918197115 503.2676317673884 
gen 86 135215 489.3857960779856 9.745776361643001 443.82991918197115 500.41200421969734 
gen 87 136779 486.78253981386825 9.133049253183886 443.82991918197115 497.2074106321487 
gen 88 138343 484.08054738122667 8.738106889831869 442.41659951723346 494.17809642101236 
gen 89 139907 481.60013382804306 8.229770806407082 442.41659951723346 491.76801161195993 
gen 90 141471 479.31624673894436 7.685664302842444 442.41659951723346 488.7748393175928 
gen 91 143035 477.3335008202464 7.43932858530514 442.41659951723346 486.037092120916 
gen 92 144599 475.22048584911107 7.538705264608563 442.41659951723346 484.02023509789234 
gen 93 146163 473.87778709579254 7.518390851024518 442.41659951723346 482.5825616972192 
gen 94 147727 472.18552044496016 7.159538354434738 442.41659951723346 480.72390054911597 
gen 95 149291 471.2701241758079 6.819729294478104 442.41659951723346 479.04382206930194 
gen 96 150855 469.7150025908659 7.077698729004418 442.41659951723346 477.4580327146573 
gen 97 152419 468.47770870207466 7.270741873288102 425.0258589432535 476.29486325848757 
gen 98 153983 467.0703201364109 7.131582010978046 425.0258589432535 474.6757305470355 
gen 99 155547 465.77230156785356 7.322530936209544 425.0258589432535 473.6964037665941 
gen 100 157111 464.56082960842457 7.430431877964172 422.0444396822913 472.25506163730523 
gen 101 158695 463.37202230054197 7.323323076733221 417.26393428826043 471.1442407598339 
gen 102 160259 462.3269012951629 7.1060561248333 417.26393428826043 470.2304415771686 
gen 103 161823 460.9596114545196 7.051778857007826 417.26393428826043 468.910639033356 
gen 104 163387 459.5903199556043 6.84704932879082 417.26393428826043 467.38933069997665 
gen 105 164951 458.01447633262467 6.8142871659525825 417.26393428826043 465.58068530125956 
gen 106 166515 456.8974478689579 6.668572077955168 417.26393428826043 464.2554247493779 
gen 107 168079 455.4540348548296 6.533137545969823 417.26393428826043 462.81345565379127 
gen 108 169643 453.7910249398152 6.823250671552468 416.57801042651226 461.572522069105 
gen 109 171207 452.1723480241721 6.7761406824189345 416.57801042651226 460.01755698339 
gen 110 172791 450.89963676813375 6.652397049878979 414.6788828132608 458.5127903178279 
gen 111 174365 449.62402314234356 6.601106484275536 414.6788828132608 457.3769377731106 
gen 112 175929 448.64807066862215 6.3420458005708 414.6788828132608 455.67087823163433 
gen 113 177493 447.52167296108075 6.4045557055327595 414.6788828132608 454.62286959379816 
gen 114 179057 446.61145589872467 6.177007605251358 414.6788828132608 453.625260382706 
gen 115 180621 445.3913461622044 6.076831508295058 414.6788828132608 452.196090871864 
gen 116 182185 444.20823815716653 5.951452303370727 414.6788828132608 450.7372860468817 
gen 117 183749 442.6358575313409 6.403662543509336 394.46240124594675 449.42900733728436 
gen 118 185323 441.24946578664503 6.40538028727323 394.46240124594675 448.35770089393816 
gen 119 186887 440.0469200501763 6.133898215140754 394.46240124594675 446.9386417336985 
gen 120 188451 438.78349180120375 6.0546982505133204 394.46240124594675 445.37782576819444 
gen 121 190015 437.4227320228117 5.917072519915069 394.46240124594675 443.78697786164116 
gen 122 191579 436.08234392011565 5.800117895451917 394.46240124594675 442.31563032619493 
gen 123 193143 434.9320697462884 5.58968576369198 394.46240124594675 440.91872810347417 
gen 124 194717 433.7363286485287 5.700559512194678 394.46240124594675 439.6211529696086 
gen 125 196281 432.5783039669474 5.678734298589558 394.46240124594675 438.5608352217675 
gen 126 197845 431.6391167190705 5.8016772789343465 394.46240124594675 437.5727916224139 
gen 127 199409 430.53432354826856 5.751867808328925 394.46240124594675 436.5883115871194 
gen 128 200973 429.65670155163076 5.590911838489112 394.46240124594675 435.8157524733045 
gen 129 202537 428.70712756882557 5.685086376161396 394.46240124594675 434.76677181549405 
gen 130 204121 427.88068735228774 5.587210603147425 393.20741091783486 433.7490027172933 
gen 131 205695 427.18165080565234 5.564547703386554 393.20741091783486 433.0729304896305 
gen 132 207259 426.3794945156061 5.609884017000508 393.20741091783486 432.3776163032768 
gen 133 208823 425.91422851023367 5.422176091817956 393.20741091783486 431.8405151669377 
gen 134 210397 425.2476505708337 5.319708902182728 393.20741091783486 430.93767423866524 
gen 135 211961 424.76752597864834 5.2210617841403035 393.20741091783486 430.33818593488894 
gen 136 213535 424.34513919384295 5.2079546352456525 393.20741091783486 429.9265199946883 
gen 137 215109 423.9888318003608 5.2108396431216475 393.20741091783486 429.57338812247843 
gen 138 216673 423.4125373973821 5.096769452673518 393.20741091783486 429.0042305996336 
gen 139 218237 423.0302022769874 5.015988128336304 393.20741091783486 428.60577666881306 
gen 140 219801 422.6224466663689 4.908793338709546 393.20741091783486 428.13675055096274 
gen 141 221365 422.1772381166997 4.900084962712761 393.20741091783486 427.6001985527266 
gen 142 222929 421.7862961471559 4.83541374328035 393.20741091783486 427.12015067189793 
gen 143 224493 421.2198919865298 4.882957493518061 393.20741091783486 426.6332710920119 
gen 144 226067 420.9972415513547 4.763586679624766 393.20741091783486 426.3228520208809 
gen 145 227631 420.57489617951165 4.77850655362009 393.20741091783486 425.91901981261907 
gen 146 229205 420.1541906927252 4.738360167757276 393.20741091783486 425.5766272721492 
gen 147 230769 419.6943042354352 4.759890638766144 393.20741091783486 425.0923627029118 
gen 148 232333 419.27297764345974 4.597399517737654 393.20741091783486 424.6155747600245 
gen 149 233897 418.9326948520559 4.607545975968356 393.20741091783486 424.1999880369106 
gen 150 235461 418.52488605336174 4.536991212939833 393.20741091783486 423.6913773675571 
gen 151 237025 418.2419366192652 4.455745657046635 393.20741091783486 423.40478817124955 
gen 152 238599 417.9622245188707 4.379767538540959 393.20741091783486 423.03462734264554 
gen 153 240163 417.76839751062323 4.319151479350328 393.20741091783486 422.7728673783036 
gen 154 241727 417.5524233797606 4.211632628910695 393.20741091783486 422.431847626886 
gen 155 243291 417.26457103144304 4.185041661461829 393.20741091783486 422.0630400002989 
gen 156 244855 417.07611739557734 4.198370261536519 393.20741091783486 421.8549512535974 
gen 157 246419 416.8189455291628 4.126809732915913 393.20741091783486 421.6311413302187 
gen 158 247993 416.2944215694892 4.099531218391998 393.20741091783486 421.0467951542311 
gen 159 249557 415.9443099644746 4.090687652685182 393.20741091783486 420.7604759113816 
gen 160 251121 415.22863681924537 4.039017110569761 393.20741091783486 420.1282316631018 
gen 161 252685 414.36436407727376 3.9525237730347653 393.20741091783486 419.1301955362178 
gen 162 254249 412.84533106692777 3.71174643084104 393.20741091783486 417.9056966962226 
gen 163 255813 410.31273768891236 2.795787063623532 393.20741091783486 413.56172768976256 
gen 164 257377 407.24235010101927 1.713011237525852 393.20741091783486 409.9867186724606 
gen 165 258941 405.54443561718784 1.0072724519771779 393.20741091783486 406.1364532830837 
gen 166 260505 404.54826496831544 0.9393502519912524 393.20741091783486 405.5550261855962 
gen 167 262069 403.81116396200923 0.595075042920429 393.20741091783486 404.00071340418555 
gen 168 263643 403.45877842029984 0.5248912584870913 393.20741091783486 403.4922899842287 
gen 169 265207 403.45877842029984 0.5248912584870913 393.20741091783486 403.4922899842287 
gen 170 266771 403.45877842029984 0.5248912584870913 393.20741091783486 403.4922899842287 
gen 171 268335 403.45877842029984 0.5248912584870913 393.20741091783486 403.4922899842287 
gen 172 269899 403.45877842029984 0.5248912584870913 393.20741091783486 403.4922899842287 
gen 173 271473 403.45877842029984 0.5248912584870913 393.20741091783486 403.4922899842287 
gen 174 273037 403.45877842029984 0.5248912584870913 393.20741091783486 403.4922899842287 
gen 175 274611 403.45877842029984 0.5248912584870913 393.20741091783486 403.4922899842287 
[2, 17, 15, 13, 16, 6, 0, 18, 11, 20, 12, 3, 4, 5, 1, 8, 19, 22, 9, 7, 14, 10, 21, 9, 1, 7, 5, 15, 14, 10, 3, 16, 6, 0, 18, 22, 2, 8, 19, 12, 17, 11, 21, 13, 4, 20, 5, 13, 16, 15, 2, 1, 0, 6, 11, 10, 20, 4, 21, 7, 18, 12, 14, 3, 22, 17, 8, 19, 9, 14, 2, 20, 21, 5, 7, 16, 9, 13, 10, 19, 11, 3, 4, 22, 0, 8, 1, 6, 12, 18, 15, 17, 9, 5, 1, 16, 20, 17, 22, 4, 18, 0, 21, 19, 3, 8, 12, 10, 6, 14, 13, 11, 15, 7, 2, 14, 17, 21, 7, 0, 22, 20, 11, 19, 6, 3, 13, 9, 16, 18, 2, 1, 15, 12, 8, 4, 10, 5, 3, 1, 18, 22, 4, 10, 17, 15, 8, 20, 0, 12, 6, 13, 2, 16, 19, 14, 7, 11, 9, 5, 21, 3, 8, 17, 14, 4, 9, 11, 21, 15, 19, 10, 22, 5, 0, 20, 2, 1, 7, 16, 6, 13, 12, 18, 7, 10, 6, 4, 12, 9, 11, 21, 14, 17, 2, 19, 3, 22, 8, 1, 13, 0, 15, 20, 18, 16, 5, 9, 6, 16, 22, 1, 20, 4, 18, 5, 12, 2, 13, 21, 15, 10, 11, 3, 0, 14, 8, 7, 17, 19, 8, 17, 13, 20, 7, 21, 22, 19, 18, 16, 6, 0, 10, 12, 15, 5, 2, 14, 11, 4, 9, 3, 1, 15, 0, 12, 11, 18, 3, 5, 13, 2, 21, 17, 9, 19, 7, 20, 8, 1, 6, 14, 16, 10, 4, 22, 1, 16, 9, 11, 7, 4, 10, 20, 15, 18, 8, 2, 21, 19, 13, 22, 0, 12, 17, 14, 3, 5, 6, 0, 5, 7, 8, 22, 13, 4, 10, 18, 14, 1, 2, 19, 12, 3, 20, 17, 16, 11, 6, 15, 21, 9, 13, 2, 8, 20, 18, 7, 19, 4, 15, 12, 16, 0, 5, 3, 14, 6, 1, 17, 11, 22, 21, 9, 10, 13, 5, 2, 11, 1, 17, 10, 21, 3, 22, 9, 12, 4, 0, 7, 16, 6, 19, 8, 15, 18, 14, 20, 13, 12, 16, 18, 21, 9, 19, 6, 17, 15, 2, 14, 0, 11, 3, 20, 10, 8, 22, 1, 4, 5, 7]
min  393.20741091783486
NFE 274611
LSNFE 520
VLSNFE 28
runTime 4400.062996387482
