gen 0 391 9999999999.0 0.0 9999999999.0 9999999999.0 
gen 1 1955 9872122777.931166 1123574411.951348 1042.5358541614664 9999999999.0 
gen 2 3519 9718670110.94857 1653527145.9462159 908.310927070366 9999999999.0 
gen 3 5083 9462915665.90441 2254414134.822027 901.7102351610773 9999999999.0 
gen 4 6647 9411764776.205803 2352940891.1767926 901.7102351610773 9999999999.0 
gen 5 8211 9181585774.570473 2741229545.903749 901.7102351610773 9999999999.0 
gen 6 9775 8976982215.864017 3030447367.959774 901.7102351610773 9999999999.0 
gen 7 11339 8695652324.17703 3367811214.835818 901.7102351610773 9999999999.0 
gen 8 12903 8337596097.389897 3722962580.9827414 901.7102351610773 9999999999.0 
gen 9 14467 8005115318.9210005 3996158106.219901 901.7102351610773 9999999999.0 
gen 10 16031 7519181867.322281 4318995240.547421 836.4161366506969 9999999999.0 
gen 11 17595 6675192190.570057 4711021902.323355 836.4161366506969 9999999999.0 
gen 12 19159 6189258739.67711 4856506909.411032 836.4161366506969 9999999999.0 
gen 13 20723 5294118175.873497 4991341422.892897 801.3992355775395 9999999999.0 
gen 14 22287 4296675828.758273 4950285722.272033 801.3992355775395 9999999999.0 
gen 15 23851 3324808924.6037593 4711021911.396575 801.3992355775395 9999999999.0 
gen 16 25415 1636829570.0415385 3699875051.995379 801.3992355775395 9999999999.0 
gen 17 26979 25576546.078283887 505074564.73684096 801.3992355775395 9999999999.0 
gen 18 28543 1054.0906544940922 96.21646402213163 801.3992355775395 1233.5591879825718 
gen 19 30107 1024.2122809526975 78.20970307681515 801.3992355775395 1155.703746839041 
gen 20 31671 1003.0661821539155 70.16543135335468 801.3992355775395 1112.0788965350705 
gen 21 33285 979.3471316828605 63.03097036024824 744.0352089302917 1071.3077692366717 
gen 22 34849 958.1197845356115 59.71883011867752 737.8405500127859 1040.1370638614753 
gen 23 36413 939.3551759360918 56.88919316564256 737.8405500127859 1015.2066552623327 
gen 24 37977 920.5450490425897 53.848545702955505 737.8405500127859 990.3271255123003 
gen 25 39551 901.8745730178189 50.36572241190178 725.827304747952 966.7901938108329 
gen 26 41115 885.4616910891486 46.54257158596687 725.827304747952 945.1629629659116 
gen 27 42679 875.9792647015865 45.05030757103053 664.2058803876722 932.819058400664 
gen 28 44293 862.3690732745001 43.4533474437343 621.0663580099504 912.8681654843724 
gen 29 45857 850.5564074272442 43.465071539074685 621.0663580099504 899.5736559255431 
gen 30 47421 837.5557196821122 42.281022081751736 621.0663580099504 886.1054828425342 
gen 31 49025 827.427392939112 39.60107226766808 602.5849742350258 875.6781953213188 
gen 32 50589 814.4378822394011 37.84165944083592 602.5849742350258 861.9315401182507 
gen 33 52153 802.7081847648358 35.64729141725379 602.5849742350258 845.1357629225316 
gen 34 53737 794.3022104524233 34.48397474609439 592.0366662341823 834.7522285918525 
gen 35 55301 784.9071646303324 32.65545003961497 592.0366662341823 823.0641686665305 
gen 36 56865 772.1975188987158 32.163904277687394 592.0366662341823 810.3487875104493 
gen 37 58449 762.2365844684122 31.18642111999953 591.6515896807816 796.9206753666278 
gen 38 60013 750.9383433759942 31.046992049086263 591.6515896807816 787.6189741838848 
gen 39 61577 742.2102170107394 29.84392562300307 591.6515896807816 776.542180881964 
gen 40 63141 733.1951315444326 29.191145812355074 591.6515896807816 765.8459429156093 
gen 41 64705 723.2179012300666 28.320153362859042 591.6515896807816 756.048581519382 
gen 42 66269 713.588510473268 26.788141879041586 591.6515896807816 745.4146702480773 
gen 43 67843 706.0276902485799 25.318934596428058 591.6515896807816 737.8405500127859 
gen 44 69407 697.960285411946 24.966612344388736 591.6515896807816 727.1363597104918 
gen 45 70981 689.3146823048684 24.667944494683976 585.7502879592926 718.6305850575434 
gen 46 72555 682.4100545224379 23.083715961931386 585.7502879592926 709.4752578018683 
gen 47 74119 675.6743368364947 22.08963477952648 582.0631852974618 702.901746677196 
gen 48 75683 669.4867681994145 21.06709523140428 582.0631852974618 695.1963048331432 
gen 49 77307 662.0324617352488 22.167265620975908 512.2532902362658 686.8718483864017 
gen 50 78871 655.400402673827 21.732716053345076 512.2532902362658 680.6144481270486 
gen 51 80435 648.3908500859729 22.513720148764712 512.2532902362658 673.8106958925617 
gen 52 81999 642.5869209801516 22.04399920718775 512.2532902362658 667.2345206122184 
gen 53 83573 635.2532296655481 21.883517401651233 512.2532902362658 659.5413159427796 
gen 54 85137 628.8147102952813 20.873264227892477 512.2532902362658 652.3291027380474 
gen 55 86701 622.5607611350013 19.25512682595412 512.2532902362658 644.3313854642439 
gen 56 88265 616.060316963894 19.427040521810998 512.2532902362658 637.3962592401047 
gen 57 89829 610.2354811004757 18.824167279297487 512.2532902362658 632.0746985292964 
gen 58 91393 605.0185793197651 18.341745434529898 512.2532902362658 625.945269559818 
gen 59 92957 600.2781686729601 16.766261103358158 512.2532902362658 620.1705018941503 
gen 60 94521 594.7376664774412 16.31195160544281 512.2532902362658 613.7346761668771 
gen 61 96085 589.5118285554541 16.77470946129543 512.2532902362658 608.0867218205677 
gen 62 97649 584.3212541075882 15.361765986926839 512.2532902362658 602.0463318088437 
gen 63 99213 579.5197318096465 14.508431179578679 512.2532902362658 595.891721736605 
gen 64 100777 574.8222257949102 14.542982371922175 512.2532902362658 591.62531844109 
gen 65 102351 570.3224445382538 14.458093907008255 512.2532902362658 587.5996609914322 
gen 66 103935 565.3352286508377 14.330325206455555 509.2240421360681 582.7344789112188 
gen 67 105509 560.7578613351642 14.345792606785334 480.5448928701878 578.1450424498518 
gen 68 107073 557.007461161831 13.935802910116625 480.5448928701878 572.9321422817056 
gen 69 108677 553.1011828581479 13.65953849425182 462.7473502342582 568.4259332864683 
gen 70 110241 548.8880238926455 13.70944593846303 461.7270510191885 564.195971738327 
gen 71 111805 544.8740526635539 13.644460384591294 461.7270510191885 559.6484807638719 
gen 72 113369 541.5641490445847 13.697275815620147 461.7270510191885 556.5046295784786 
gen 73 114943 536.6519593691414 13.810033126794558 461.7270510191885 552.1576958525822 
gen 74 116517 531.9938180832283 13.271754891562747 461.7270510191885 546.8738654649114 
gen 75 118091 528.0406356162679 13.137430048667124 461.7270510191885 543.1703280922394 
gen 76 119655 523.5155194650679 12.567184048940463 461.7270510191885 537.9422586319429 
gen 77 121219 519.320088000831 12.334805322189858 461.7270510191885 533.2024039782093 
gen 78 122783 515.1778853412171 11.978713996286219 461.7270510191885 528.8161484096004 
gen 79 124347 510.5435252691072 11.994586714990735 461.7270510191885 523.9679440112714 
gen 80 125911 505.2493532636681 12.524033096351905 450.930659995676 519.1374981201352 
gen 81 127475 499.64206579212896 13.073231418427842 444.4033248790264 514.1084317218031 
gen 82 129049 494.84983263815 12.71427999269966 444.4033248790264 508.47124271122175 
gen 83 130613 489.59624972042366 12.51358628756507 440.1877091357761 503.50262647247797 
gen 84 132177 484.102172121865 11.6004083510724 440.1877091357761 497.3934504141431 
gen 85 133741 477.87623842259666 10.93010275486413 434.9344451085314 490.44583287644355 
gen 86 135305 471.7025345611602 10.000427452210305 434.9344451085314 483.56301378036864 
gen 87 136869 466.7511717667103 8.808013751602317 427.1829700542788 477.2358873495482 
gen 88 138453 461.93870162548734 7.966900875867547 425.9378764057294 471.23570366327493 
gen 89 140017 457.5550649765817 7.530383751672669 422.82224372682896 466.2054419930692 
gen 90 141581 453.71295347319386 7.245931074800296 422.82224372682896 461.9838678130303 
gen 91 143145 450.5076864100098 7.04327699862773 422.82224372682896 458.412813167894 
gen 92 144709 447.62657211717504 6.4602850588875596 422.82224372682896 454.69480152638374 
gen 93 146273 445.0986549289441 6.2370692712463836 421.74212348213985 452.02855059724044 
gen 94 147837 442.3384511846886 6.327450380369263 417.5583207939615 449.42083059218515 
gen 95 149401 439.7036088114215 6.21038162435223 407.4090667120882 446.7005215865377 
gen 96 150965 437.62334296125556 5.844145259883373 407.4090667120882 444.4865051939177 
gen 97 152539 435.56280651708107 5.5110753245674164 407.4090667120882 442.3356927916181 
gen 98 154103 433.14604534931993 5.338457792480317 407.4090667120882 439.71301004355627 
gen 99 155677 431.2632368179087 5.148977568615224 407.4090667120882 437.50717531721597 
gen 100 157241 429.26056160869587 4.845169989825993 407.4090667120882 435.1128215459702 
gen 101 158805 426.9502806286422 4.940699189107505 404.05033566291763 432.7648703653456 
gen 102 160369 424.8489030180099 4.9521559412731735 404.05033566291763 430.719913256774 
gen 103 161933 422.6583723444932 5.104037173058538 397.7958212414601 428.59677761464803 
gen 104 163497 420.92740208803616 4.939541747280916 397.7958212414601 426.54974971327584 
gen 105 165061 419.630307000229 4.798382562638926 397.7958212414601 425.08544494517537 
gen 106 166625 418.0920744642323 4.526523494559261 397.7958212414601 423.4108491611246 
gen 107 168189 416.73016455566903 4.488099807504995 397.7958212414601 421.8316067483876 
gen 108 169753 415.53980406968947 4.581323707041049 397.7958212414601 420.6719463101534 
gen 109 171317 414.60412375303656 4.611188723465892 397.75603565311036 419.6811971894889 
gen 110 172881 413.1927808307668 4.554387147455991 390.5265932403179 418.40854358391897 
gen 111 174445 412.40172390203315 4.605461873304497 390.5265932403179 417.70724483899767 
gen 112 176009 411.53796781403224 4.444252861598902 390.5265932403179 416.6859979535288 
gen 113 177573 410.6364165585304 4.400745536350862 390.5265932403179 415.7892464832303 
gen 114 179147 409.7758119960449 4.2874045113681865 390.5265932403179 414.7829064839473 
gen 115 180711 408.9567363724112 4.279010152644494 390.5265932403179 413.9187250570466 
gen 116 182275 408.09995059021486 4.318424699384774 390.4733720901456 413.1368446750831 
gen 117 183839 406.92890185650754 4.730037611473585 381.9600592534408 412.21144769107036 
gen 118 185403 406.1294509710743 4.77933168373838 381.9600592534408 411.4524437311736 
gen 119 186967 405.3259345819232 4.7447869399318945 381.9600592534408 410.5997370491789 
gen 120 188531 404.67383117210136 4.767042081892791 379.3857953247017 410.1249939840332 
gen 121 190095 404.0315586941381 4.903643009510018 379.3857953247017 409.2893260628352 
gen 122 191659 403.3676880256474 5.048745430858428 379.3857953247017 408.7225603829804 
gen 123 193233 402.71120274402506 5.108185881316197 379.3857953247017 408.05771742421706 
gen 124 194797 401.7735456427826 5.294153615141512 378.4085607965306 407.1232841184668 
gen 125 196361 401.3286778293327 5.12985643398436 378.4085607965306 406.3918220705281 
gen 126 197925 400.8572920639033 5.149769695926574 378.4085607965306 405.86443483156864 
gen 127 199489 400.24617663543444 5.099351101113021 378.4085607965306 405.2760524329698 
gen 128 201063 399.3414733649509 5.071839451355619 378.4085607965306 404.6199527589957 
gen 129 202627 398.54265981396736 4.96062886308697 378.4085607965306 403.8959762307366 
gen 130 204191 397.70561276306296 4.938906346685852 375.8710271956817 403.2330080605526 
gen 131 205765 396.6836272759562 5.029894509656785 375.8710271956817 402.1790597566095 
gen 132 207339 395.90640990755713 4.931102135257867 375.8710271956817 401.3448059357996 
gen 133 208913 395.35721078018685 4.87428110237742 375.8710271956817 400.8118156515158 
gen 134 210477 394.5484122106141 4.9236963346397085 375.8710271956817 400.1608463374249 
gen 135 212041 393.72175827620265 4.8333459868506585 375.8710271956817 399.24086018373515 
gen 136 213605 393.1644018155293 4.788654151757315 375.8710271956817 398.69714633431784 
gen 137 215169 392.40677026120926 4.686017592199313 375.8710271956817 397.96655990250144 
gen 138 216733 391.75131002783206 4.547092606600398 375.8710271956817 397.31103250198 
gen 139 218297 391.01152094353176 4.440827255128251 375.8710271956817 396.51670242327816 
gen 140 219861 390.2016582188476 4.468117727424745 375.8710271956817 395.7226008235063 
gen 141 221425 389.3546625016388 4.323670974590377 375.8710271956817 394.49493707075493 
gen 142 223009 388.67182743495766 4.395389864333825 371.4508843277039 393.8748012281527 
gen 143 224583 388.07576389854614 4.291748276634669 371.4508843277039 393.1828203093466 
gen 144 226147 387.3314905505837 4.06627175546174 371.4508843277039 392.37282600261864 
gen 145 227711 386.80579285856237 4.009957365385354 371.4508843277039 391.56457153862357 
gen 146 229285 386.4358118191062 3.9161232318646437 371.4508843277039 391.1498660651045 
gen 147 230849 385.85366703754465 3.790221914186844 371.4508843277039 390.383718589247 
gen 148 232413 385.39858288442014 3.7376591306223568 371.4508843277039 389.8828265683829 
gen 149 233987 384.9191253916796 3.639083206653988 371.4508843277039 389.4244204709202 
gen 150 235551 384.5778275055581 3.5663570070405157 371.4508843277039 389.009877486454 
gen 151 237115 384.1630152554619 3.5666553981917266 371.4508843277039 388.62632455145217 
gen 152 238679 383.61166675399664 3.462433801625398 371.4508843277039 387.83664363908935 
gen 153 240243 383.0035834800892 3.412524960257169 371.4508843277039 387.3283760761768 
gen 154 241807 382.5883794951171 3.3239934386963337 371.4508843277039 386.79533442312936 
gen 155 243381 381.9886140998644 3.301167172702653 370.64926353569416 386.2313069427676 
gen 156 244945 381.49531450331307 3.231869874092986 370.64926353569416 385.7022969809773 
gen 157 246519 381.09735876080106 3.099202609973445 370.64926353569416 385.2817210832198 
gen 158 248083 380.8310917911841 2.989609746575307 370.64926353569416 384.8580598371782 
gen 159 249647 380.4352740079902 2.8558965339047786 370.64926353569416 384.38539033891374 
gen 160 251211 380.08826494209177 2.929515313762427 365.1713739063908 383.8988641091034 
gen 161 252785 379.71357156347364 2.9278432310041436 365.1713739063908 383.42479377874395 
gen 162 254359 379.35285033233697 2.8380308435745727 365.1713739063908 382.98248215293387 
gen 163 255923 379.16591284367126 2.7642771450840113 365.1713739063908 382.604512174971 
gen 164 257487 378.86513775538396 2.701391047074705 365.1713739063908 382.1434594193064 
gen 165 259051 378.4526635630534 2.6888220933946947 365.1713739063908 381.8388752087859 
gen 166 260615 378.1777451887957 2.671245565578411 365.1713739063908 381.52475982125793 
gen 167 262179 377.85152751713525 2.62077147372783 365.1713739063908 381.17585165969365 
gen 168 263743 377.5947239823002 2.603090169921483 365.1713739063908 380.80882072331906 
gen 169 265317 377.3747971722774 2.5707764642851165 365.1713739063908 380.56049693788475 
gen 170 266881 377.167130954159 2.4937699369985884 365.1713739063908 380.2116430451485 
gen 171 268445 376.88566960207737 2.5772823732399335 363.06045700261495 379.9048048304902 
gen 172 270009 376.5871234939827 2.5701367160887765 363.06045700261495 379.57508103041596 
gen 173 271573 376.36939176692175 2.585018280563723 363.06045700261495 379.3857953247017 
gen 174 273137 376.0171117321802 2.4985013102534626 363.06045700261495 379.0065643370895 
gen 175 274711 375.57629397083383 2.4547395820687585 363.06045700261495 378.4776423143213 
[14, 13, 0, 4, 17, 15, 11, 19, 1, 7, 5, 6, 20, 2, 22, 18, 21, 12, 16, 3, 9, 8, 10, 6, 5, 15, 9, 13, 22, 1, 17, 0, 12, 8, 16, 19, 20, 14, 11, 18, 10, 7, 2, 4, 21, 3, 4, 1, 12, 6, 7, 16, 20, 22, 13, 8, 10, 14, 18, 15, 11, 9, 3, 2, 5, 0, 17, 21, 19, 15, 5, 16, 8, 21, 7, 2, 6, 11, 13, 18, 0, 4, 9, 10, 20, 14, 1, 17, 12, 3, 19, 22, 9, 1, 2, 12, 18, 5, 19, 8, 20, 16, 21, 15, 7, 14, 4, 10, 11, 3, 13, 0, 22, 17, 6, 14, 20, 13, 17, 3, 8, 0, 19, 11, 1, 21, 5, 4, 18, 12, 16, 10, 6, 22, 9, 7, 15, 2, 1, 13, 3, 19, 15, 21, 16, 17, 11, 8, 14, 6, 12, 20, 22, 18, 7, 9, 0, 4, 2, 10, 5, 9, 1, 19, 10, 7, 14, 5, 18, 16, 22, 8, 2, 21, 3, 4, 12, 15, 13, 0, 20, 11, 17, 6, 6, 4, 15, 10, 13, 7, 12, 17, 18, 14, 9, 19, 1, 0, 22, 21, 2, 3, 8, 11, 5, 16, 20, 8, 13, 4, 1, 22, 11, 17, 9, 16, 15, 14, 5, 20, 19, 18, 10, 7, 21, 12, 3, 6, 0, 2, 2, 20, 12, 13, 11, 19, 3, 10, 18, 15, 21, 6, 16, 14, 17, 1, 4, 8, 7, 9, 22, 0, 5, 0, 22, 18, 11, 7, 16, 20, 6, 10, 5, 9, 21, 19, 2, 15, 14, 3, 17, 4, 8, 1, 13, 12, 8, 3, 19, 20, 4, 13, 5, 15, 2, 22, 9, 21, 7, 10, 12, 6, 1, 11, 0, 18, 16, 14, 17, 0, 17, 15, 9, 4, 3, 20, 13, 16, 22, 5, 8, 2, 12, 14, 7, 21, 1, 10, 11, 6, 18, 19, 2, 13, 17, 3, 9, 6, 0, 12, 18, 19, 5, 20, 22, 8, 15, 11, 10, 21, 1, 4, 14, 16, 7, 11, 2, 13, 1, 17, 8, 14, 20, 10, 12, 3, 6, 5, 0, 4, 7, 21, 22, 9, 18, 19, 15, 16, 14, 9, 8, 17, 21, 20, 5, 13, 7, 10, 6, 2, 22, 0, 19, 3, 18, 11, 4, 15, 12, 1, 16]
min  363.06045700261495
NFE 274711
LSNFE 620
VLSNFE 33
runTime 4015.2052686214447
