gen 0 391 9999999999.0 0.0 9999999999.0 9999999999.0 
gen 1 1955 9872122775.13607 1123574436.5100381 921.5176596483755 9999999999.0 
gen 2 3519 9718670108.457083 1653527160.590028 921.5176596483755 9999999999.0 
gen 3 5083 9616368329.61407 1920714188.6321614 921.5176596483755 9999999999.0 
gen 4 6647 9309462995.013662 2535454176.6442266 921.5176596483755 9999999999.0 
gen 5 8211 9130434883.955063 2817713015.4937153 921.5176596483755 9999999999.0 
gen 6 9775 8746803214.992517 3310810201.633464 917.7835762736095 9999999999.0 
gen 7 11339 8516624212.528253 3554342754.2587423 884.1940534749232 9999999999.0 
gen 8 12903 8132992539.74731 3896710870.1834865 884.1940534749232 9999999999.0 
gen 9 14467 7698209981.360373 4209472681.2497764 873.2538472504895 9999999999.0 
gen 10 16031 7314578309.818619 4432011302.563779 845.1070156747334 9999999999.0 
gen 11 17595 6649616744.952057 4720038221.754021 782.38507801683 9999999999.0 
gen 12 19169 5933504291.963675 4912083587.293025 782.38507801683 9999999999.0 
gen 13 20743 5089514611.357243 4999198103.252596 782.38507801683 9999999999.0 
gen 14 22307 4015345925.3241796 4902086267.842962 782.38507801683 9999999999.0 
gen 15 23871 2838875465.361822 4508828327.7985735 782.38507801683 9999999999.0 
gen 16 25505 1457801442.2736838 3528855347.995963 654.5677710745193 9999999999.0 
gen 17 27069 1064.7919903373754 122.07995549448964 654.5677710745193 1301.917387581498 
gen 18 28633 1007.4876357976593 91.51308222227985 654.5677710745193 1152.3391340778016 
gen 19 30197 967.4155280134006 75.0151493653585 654.5677710745193 1077.1888394905802 
gen 20 31761 934.5641421635524 61.113354222126084 654.5677710745193 1022.8363704141341 
gen 21 33325 904.4807782672215 52.55670596443966 654.5677710745193 974.3795249757219 
gen 22 34889 883.3356752076301 44.54481750717067 654.5677710745193 944.3338121663934 
gen 23 36453 862.6606007333248 40.23276228125173 654.5677710745193 917.185009046373 
gen 24 38017 845.0585794170602 37.531026342119134 654.5677710745193 890.0544938054549 
gen 25 39581 831.8957160559779 35.05696760823003 654.5677710745193 875.1796346422684 
gen 26 41145 821.3675920202643 33.24134288568115 654.5677710745193 861.4229171759747 
gen 27 42709 808.7492959599691 32.739378692820175 654.5677710745193 846.5821440297569 
gen 28 44273 796.1919671509379 31.525704304785716 654.5677710745193 834.6400041798034 
gen 29 45837 782.7446024907754 29.608206627336376 654.5677710745193 820.4803675338632 
gen 30 47411 769.3862286981787 29.40541299867537 654.5677710745193 805.3083171690605 
gen 31 48975 757.1942498587516 27.519477963494754 654.5677710745193 791.8426497480483 
gen 32 50539 743.5375408121561 27.38408925039665 619.8006277943937 777.286297056461 
gen 33 52103 727.1109774095312 27.40833516925156 619.8006277943937 759.8423465332719 
gen 34 53677 708.2944800225044 28.30510508988933 556.1321871987537 740.3580768342629 
gen 35 55241 688.5433387509098 27.95081422210833 556.1321871987537 720.0878966871898 
gen 36 56805 673.2027883504705 25.702164167178676 556.1321871987537 702.671963546105 
gen 37 58369 657.8846480126367 22.593983800221693 556.1321871987537 684.7845570785801 
gen 38 59933 644.8874948906229 20.715265701008637 556.1321871987537 669.7692001447489 
gen 39 61507 633.5131438528656 19.687876383228552 556.1321871987537 656.9079121444242 
gen 40 63071 622.8944392953227 19.866439603859494 546.6972012178126 645.7563938457578 
gen 41 64635 614.7903572978593 17.970262087414195 546.6972012178126 636.1750849214084 
gen 42 66199 607.1699029036291 17.176520281112445 545.8377346411509 627.0742823452181 
gen 43 67763 597.7098471505907 17.074123627580956 535.1525786171741 618.1854390832274 
gen 44 69327 589.9199561038447 16.14893399094839 529.0133176464535 609.4438699425419 
gen 45 70891 581.6228830822678 16.10442387452029 523.063579948332 600.428650344549 
gen 46 72455 575.9999941539344 15.346742151695375 523.063579948332 594.1495980951527 
gen 47 74019 570.1776871723915 14.535143705351496 523.063579948332 588.5321467454556 
gen 48 75583 564.7441836732788 14.27863077983724 495.3708141178149 582.4174525687017 
gen 49 77147 558.4924777564897 14.975180064337346 495.3708141178149 575.3729007857628 
gen 50 78711 553.5817089267114 15.196593791770576 489.06138074949683 570.2430745068135 
gen 51 80295 548.4912512445679 14.66397530990346 473.2527277352343 565.3647078302016 
gen 52 81859 543.6472381747158 14.122424607336738 473.2527277352343 560.1653335630938 
gen 53 83433 539.837916510612 13.318440418909425 473.2527277352343 555.488216688798 
gen 54 85017 535.6649559574436 13.338434670056445 468.6748211430627 551.0322868790612 
gen 55 86581 531.3343548300352 13.448433497446365 468.6748211430627 547.1536297031276 
gen 56 88145 528.6045636722566 12.860617382436487 468.6748211430627 543.3494870545818 
gen 57 89709 524.9445169903827 12.522241312931818 468.6748211430627 540.0502529289716 
gen 58 91273 521.3112693992912 12.50317089135695 468.6748211430627 535.7166707984558 
gen 59 92837 516.9762071134377 11.8976475583869 468.6748211430627 531.3552322991 
gen 60 94401 513.0623838925181 12.09597493312378 468.6748211430627 527.649904323878 
gen 61 95965 508.58351649196084 11.927985852248517 448.24008735029213 522.6729223304465 
gen 62 97539 504.68639262400364 11.37586826800435 448.24008735029213 518.2539680188406 
gen 63 99103 499.79791749342974 11.22096865687738 448.24008735029213 512.4330242377131 
gen 64 100667 494.84789464770637 11.259733527203265 448.24008735029213 507.66599578240675 
gen 65 102231 488.3971314787149 10.785661919692178 440.60193514031283 501.4610794693622 
gen 66 103795 481.8970688415122 10.47934756735106 440.2469038412518 494.30316194760155 
gen 67 105359 475.15729409038073 9.572629750411076 440.1645509424377 487.0005238596057 
gen 68 106923 469.68497919235693 8.604302762387341 437.08435526069917 480.3748883716028 
gen 69 108487 464.22337094735667 7.841999393949676 435.3719565322807 474.10395273707616 
gen 70 110051 459.6758888687122 7.414412827435682 433.50263443478565 468.79322559624336 
gen 71 111615 456.2238604420017 7.461588942539639 420.8503570664743 464.9793718851015 
gen 72 113179 452.3969868148597 7.228886325778223 420.8503570664743 461.03264979028984 
gen 73 114743 449.1514262126433 6.937064754473616 420.8503570664743 457.56219284970575 
gen 74 116307 446.27146662877504 6.668314452564807 420.8503570664743 454.4164691640582 
gen 75 117871 443.92539368814977 6.391745064907881 420.8503570664743 451.73489185571395 
gen 76 119435 441.81595811190067 6.0671944166971254 420.8503570664743 449.1389527137534 
gen 77 120999 439.82777829035547 5.883948624532114 418.4415384174258 446.9523620340887 
gen 78 122563 438.26470555395775 5.656854073256515 414.70242514970903 445.4935584742493 
gen 79 124127 436.4050121118321 5.454896499434966 412.70538815901443 443.4041215625487 
gen 80 125691 434.9937161833518 5.345041043115798 412.70538815901443 441.44620786960155 
gen 81 127255 433.92020069457527 5.105098450312908 412.70538815901443 440.0045056926624 
gen 82 128819 433.10012259189415 5.136395477002793 409.2201099876851 438.870901216627 
gen 83 130383 432.1501806299814 5.208098510143181 408.7068936706436 437.82400268480933 
gen 84 131947 431.30023833632197 5.166742014677156 408.7068936706436 436.84704904375224 
gen 85 133511 430.2173289550157 5.0447421235747045 408.7068936706436 435.80692097189245 
gen 86 135075 429.25740870178817 5.196535330406843 408.7068936706436 435.021602742242 
gen 87 136639 428.1042614201116 5.2672185259777935 401.28212669952967 433.99991492609416 
gen 88 138203 427.27224648259823 4.994170356102371 401.28212669952967 433.01467639910936 
gen 89 139777 426.1374738927445 5.051322848930397 401.28212669952967 431.7869746265972 
gen 90 141341 425.0777504566022 5.202937445830598 401.28212669952967 431.00061395868056 
gen 91 142905 424.45227284747597 5.24016654355785 401.28212669952967 430.1827797173373 
gen 92 144469 423.8924809565632 5.159366256883636 401.28212669952967 429.55929125579627 
gen 93 146043 423.0510194755753 5.118983140729421 401.28212669952967 428.7045270309213 
gen 94 147607 422.5617950858374 4.963601407175429 401.28212669952967 427.97706173498403 
gen 95 149171 421.93056654915097 4.9286181051584235 401.28212669952967 427.3985203584247 
gen 96 150735 421.2158493936264 4.880232258261388 401.28212669952967 426.8076101275028 
gen 97 152309 420.6487410831188 4.697588844333986 401.28212669952967 426.10103173120285 
gen 98 153873 419.86943259550117 4.785141469213981 398.75969687434616 425.26076275512025 
gen 99 155437 419.3197474324931 4.7331334208069835 398.75969687434616 424.57700089341694 
gen 100 157001 418.7268025531887 4.670201897866146 398.75969687434616 423.91016077379163 
gen 101 158565 418.3582554814009 4.606075790025269 398.75969687434616 423.42134021507155 
gen 102 160149 417.8184107644281 4.582811811146607 397.4301271079092 422.83095612429 
gen 103 161733 417.0858985114327 4.543702467053015 396.6352383854318 422.2853266931104 
gen 104 163297 416.4096740745792 4.492626970644621 396.6352383854318 421.67910432231247 
gen 105 164871 415.6490666915742 4.650585064291399 396.6352383854318 420.7619566462709 
gen 106 166435 414.9324949853236 4.654101174112967 396.6352383854318 420.2280476891602 
gen 107 167999 414.23757333298164 4.561861833398334 396.6352383854318 419.5482899272174 
gen 108 169583 413.22742602550375 4.851254784800758 386.807033360079 418.82154270871024 
gen 109 171147 412.59799599456136 4.784932147144466 386.807033360079 418.0652421288508 
gen 110 172711 412.0510621702067 4.694652010855566 386.807033360079 417.58468371357594 
gen 111 174275 411.4925321675299 4.573536561858738 386.807033360079 416.75800170219986 
gen 112 175849 410.6630843060966 4.429161872295105 386.807033360079 416.06296324425847 
gen 113 177413 409.58284578347354 4.366879054894647 386.807033360079 415.0295752632382 
gen 114 178987 408.2288659927188 4.284235832508632 386.807033360079 413.39619189731695 
gen 115 180561 406.9483641756818 4.148818903059655 386.807033360079 412.1608419226586 
gen 116 182125 404.9478499501321 3.7820050779457537 386.807033360079 409.7439584754855 
gen 117 183689 402.36137049678 3.345718711016903 386.807033360079 406.5361212114474 
gen 118 185253 399.8617461090559 2.980130987928216 386.79496036245916 403.4765706925999 
gen 119 186817 397.5974730227016 2.6231811640092966 386.79496036245916 400.72012577968206 
gen 120 188381 395.7544625657664 2.269123215205783 386.79496036245916 398.3917394008707 
gen 121 189945 394.4765368396326 1.9958172479569891 386.70780420547567 396.8821876266534 
gen 122 191509 393.29518263386666 1.9163750293843687 383.7106868290912 395.5187302737804 
gen 123 193083 392.50068017879835 1.8812800944426284 383.4767234496589 394.48124536174697 
gen 124 194647 391.6188041703766 1.8585737249594545 383.4767234496589 393.5951279275433 
gen 125 196211 390.7852858511774 2.006140035814041 379.64222993996316 392.9235632431777 
gen 126 197775 390.05803939085774 2.0237660219965847 379.64222993996316 392.2679820426117 
gen 127 199359 389.43124438941715 1.9968679217325966 379.44258262296734 391.667807151543 
gen 128 200923 388.93454009419173 1.9505214203310806 379.44258262296734 391.0874863595444 
gen 129 202487 388.3803539014563 1.9719677102285886 379.44258262296734 390.54110651599933 
gen 130 204051 387.7139248046807 1.897595715261106 379.44258262296734 389.9336080134491 
gen 131 205615 387.0257936546761 1.9807668510196603 378.88643879672594 389.2600444134428 
gen 132 207179 386.3832910898968 2.0531467675644155 378.13633990651937 388.680321319522 
gen 133 208773 385.51021037895475 2.1119954141152326 375.9411121031599 387.8596294293668 
gen 134 210347 384.6929598672922 2.0869022202323575 375.9411121031599 387.1110003901876 
gen 135 211911 383.73301923648364 2.059154323379205 374.30935693820254 386.1444009673943 
gen 136 213475 383.014788166546 1.98257581896353 373.0398674000211 385.3222244065792 
gen 137 215059 382.2899531645982 1.9566339534634778 372.0487485815252 384.62686313525654 
gen 138 216623 381.44078822527337 1.832909981380638 372.0487485815252 383.60488807217655 
gen 139 218187 380.77697268207356 1.7091044656427399 372.0487485815252 382.8855812657712 
gen 140 219751 380.23122413397607 1.6660437905792522 372.0487485815252 382.1742941505779 
gen 141 221315 379.75236476822386 1.603206653812571 372.0487485815252 381.5569327522134 
gen 142 222879 379.35552972276645 1.4902069467518564 372.0487485815252 381.09288984672924 
gen 143 224443 379.0095879545866 1.4055122008111474 372.0487485815252 380.60916279154503 
gen 144 226007 378.6231822000727 1.361323102443411 372.0487485815252 380.0587051143695 
gen 145 227571 378.3489248793448 1.3435866177840015 372.0487485815252 379.7544918152699 
gen 146 229145 378.05144920716504 1.3101535435356544 372.0487485815252 379.49362954002805 
gen 147 230709 377.75928542417677 1.2788832219724897 372.0487485815252 379.1559123282792 
gen 148 232273 377.49028724068705 1.3128152660951196 371.99683161596073 378.9201539009759 
gen 149 233837 377.28894707252647 1.2818894847290034 371.99683161596073 378.64261459228527 
gen 150 235401 377.00779124391755 1.2987605886164344 370.4830919286064 378.35840557283393 
gen 151 236975 376.86075175706435 1.2749727716765935 370.4830919286064 378.1728255931833 
gen 152 238539 376.65830397044414 1.2510362432007238 370.4830919286064 378.0288032715202 
gen 153 240103 376.5196893935086 1.2114330446780808 370.4830919286064 377.82907994815065 
gen 154 241677 376.3247449605282 1.1814509538755402 370.4830919286064 377.600244710754 
gen 155 243241 376.16726577396037 1.1786331831066061 370.4830919286064 377.4378936798074 
gen 156 244825 376.02800127348314 1.2138065501249344 368.87095575822843 377.2994354698404 
gen 157 246389 375.8796696646466 1.2552730539608479 367.65053045101433 377.1331034214175 
gen 158 247953 375.73215723270374 1.2859302376675263 367.65053045101433 377.0140887541734 
gen 159 249517 375.5867481512543 1.2890264280110428 367.65053045101433 376.8901297301348 
gen 160 251081 375.3584329780293 1.3249440085847601 367.65053045101433 376.7148102182045 
gen 161 252645 375.1862314686763 1.3108596892247135 367.65053045101433 376.55686564508227 
gen 162 254209 375.0922722146768 1.293915588283333 367.65053045101433 376.46163089170307 
gen 163 255773 374.96716274666517 1.2728324358293421 367.65053045101433 376.33558164733387 
gen 164 257337 374.85475428684066 1.3199660244955496 367.65053045101433 376.2438960714828 
gen 165 258901 374.68204529069516 1.3490287235144234 367.65053045101433 376.1002334900176 
gen 166 260475 374.5566753422522 1.359817237159778 367.65053045101433 375.98395335065857 
gen 167 262039 374.41910106416077 1.3787524495341594 367.65053045101433 375.8727549572383 
gen 168 263613 374.32980213651723 1.371811377380212 367.65053045101433 375.8033659501763 
gen 169 265177 374.22082822635116 1.3777041799778447 367.65053045101433 375.6554203319636 
gen 170 266741 374.0899388493371 1.3894841039740498 367.65053045101433 375.5273523091512 
gen 171 268305 373.9157221050233 1.4070700012501354 367.65053045101433 375.38502660108105 
gen 172 269869 373.80973341655437 1.4015942408507158 367.65053045101433 375.2981355165448 
gen 173 271443 373.713796909822 1.3920677842870899 367.65053045101433 375.1832796757541 
gen 174 273017 373.5802925880832 1.4336809031290292 367.65053045101433 375.0964665476285 
gen 175 274581 373.4633709682234 1.4380733815904663 367.65053045101433 374.99394177830857 
[7, 12, 18, 20, 15, 17, 4, 11, 22, 0, 2, 13, 5, 16, 6, 10, 9, 21, 14, 19, 3, 8, 1, 19, 20, 17, 10, 22, 21, 18, 15, 12, 2, 14, 11, 9, 8, 13, 6, 0, 1, 16, 5, 7, 3, 4, 2, 13, 12, 17, 5, 9, 0, 19, 7, 4, 18, 3, 8, 14, 22, 6, 10, 11, 1, 15, 16, 20, 21, 15, 18, 9, 3, 2, 22, 20, 5, 14, 16, 21, 1, 0, 7, 8, 13, 19, 17, 10, 12, 6, 11, 4, 1, 9, 16, 2, 13, 5, 7, 21, 10, 3, 17, 20, 0, 14, 8, 22, 19, 12, 11, 6, 4, 15, 18, 14, 2, 13, 10, 15, 11, 9, 3, 17, 5, 22, 21, 6, 19, 16, 12, 1, 4, 20, 7, 18, 0, 8, 2, 13, 10, 3, 16, 19, 15, 4, 6, 20, 1, 9, 18, 0, 14, 12, 5, 22, 8, 11, 7, 17, 21, 9, 16, 4, 0, 20, 5, 15, 8, 3, 2, 12, 13, 17, 1, 6, 10, 7, 19, 21, 18, 11, 14, 22, 7, 10, 4, 0, 6, 5, 9, 17, 19, 21, 20, 1, 16, 11, 12, 2, 13, 3, 15, 14, 22, 8, 18, 4, 6, 5, 8, 7, 17, 15, 18, 19, 21, 22, 1, 9, 20, 3, 13, 0, 10, 11, 14, 2, 16, 12, 19, 6, 15, 5, 1, 7, 0, 14, 10, 3, 4, 22, 8, 18, 21, 9, 16, 17, 13, 20, 2, 11, 12, 0, 12, 9, 18, 22, 8, 4, 1, 17, 3, 6, 19, 21, 7, 5, 16, 10, 20, 13, 2, 11, 14, 15, 2, 8, 12, 17, 13, 22, 14, 3, 15, 20, 4, 11, 16, 19, 18, 0, 1, 10, 7, 5, 21, 6, 9, 0, 12, 18, 11, 7, 15, 4, 9, 10, 17, 3, 19, 2, 13, 20, 1, 8, 6, 5, 22, 16, 14, 21, 14, 15, 13, 17, 9, 18, 8, 0, 10, 11, 1, 20, 7, 3, 22, 2, 19, 5, 6, 4, 12, 21, 16, 20, 2, 13, 8, 17, 12, 16, 11, 7, 5, 0, 4, 19, 3, 9, 1, 15, 21, 14, 6, 18, 22, 10, 20, 2, 16, 15, 4, 17, 6, 11, 1, 10, 7, 13, 8, 14, 12, 3, 5, 18, 0, 9, 21, 19, 22]
min  367.65053045101433
NFE 274581
LSNFE 490
VLSNFE 27
runTime 5327.864361047745
