gen 0 391 9974424554.310879 505074563.513218 1125.5533778059057 9999999999.0 
gen 1 1955 9846547330.848373 1229218771.1915936 967.0376108946572 9999999999.0 
gen 2 3569 9718670108.11493 1653527162.601054 901.7929819502153 9999999999.0 
gen 3 5133 9590792885.292095 1981065420.6754036 901.7929819502153 9999999999.0 
gen 4 6697 9437340216.541119 2304346144.3342023 901.7929819502153 9999999999.0 
gen 5 8261 9104859436.129732 2854842899.4418216 901.7929819502153 9999999999.0 
gen 6 9825 8849104990.279884 3191299021.817911 901.7929819502153 9999999999.0 
gen 7 11389 8491048766.146504 3579465989.1447296 832.8858257127312 9999999999.0 
gen 8 12953 8107417095.244236 3917136304.174377 832.8858257127312 9999999999.0 
gen 9 14517 7672634533.96145 4225756974.0715847 832.8858257127312 9999999999.0 
gen 10 16081 7135550191.521261 4520997917.632542 787.9979078624789 9999999999.0 
gen 11 17645 6496164072.459092 4770900246.216045 787.9979078624789 9999999999.0 
gen 12 19209 5601023504.045561 4963745146.052104 787.9979078624789 9999999999.0 
gen 13 20773 4910486495.340749 4999198106.126037 787.9979078624789 9999999999.0 
gen 14 22337 3734016032.0861387 4837073259.455748 776.015276652546 9999999999.0 
gen 15 23921 2480819234.585356 4318995260.888013 774.8742788340599 9999999999.0 
gen 16 25485 818415324.2459433 2741229574.0981064 774.8742788340599 9999999999.0 
gen 17 27049 1059.195271052066 100.58389085015591 774.8742788340599 1249.499717662274 
gen 18 28693 1018.3325940669798 81.21015527549297 664.1415507257252 1147.1527278762617 
gen 19 30257 997.2352399972087 73.01194606371679 664.1415507257252 1102.9397712597454 
gen 20 31821 975.2835618538724 67.27215401874241 664.1415507257252 1067.691712424554 
gen 21 33385 952.6365138156791 58.982368957090195 664.1415507257252 1033.724274362326 
gen 22 34949 932.160360574637 56.71069465977149 664.1415507257252 1003.4008103884618 
gen 23 36513 917.6593314029411 54.906488910452246 664.1415507257252 984.1948414991726 
gen 24 38077 899.530277663397 51.29291000121512 664.1415507257252 965.0722140883015 
gen 25 39661 885.5563071923558 47.98975068697885 661.9837482576455 944.2203640273557 
gen 26 41235 872.9572163648237 44.0290428882135 661.9837482576455 928.2280707557319 
gen 27 42799 861.4651473578804 41.866271007881686 661.9837482576455 910.6576732364731 
gen 28 44363 848.0447779748874 40.21239429013095 661.9837482576455 895.4408268196167 
gen 29 45927 839.4794726899636 38.45783730956422 661.9837482576455 885.6612323829513 
gen 30 47501 827.4657019153589 36.948966080930504 661.9837482576455 874.0038940821923 
gen 31 49065 815.787265538469 34.69518166875477 661.9837482576455 859.1350032062215 
gen 32 50629 804.7285504995169 34.13835519752101 647.8707446560524 845.9208949122182 
gen 33 52193 794.111647011351 33.55898590395717 647.8707446560524 837.1209232307755 
gen 34 53757 785.841065664918 30.63192583664232 647.8707446560524 825.784489963796 
gen 35 55321 778.4740873307201 29.090539005059455 647.8707446560524 814.2438797728524 
gen 36 56885 769.6118648339386 27.744875580918826 647.8707446560524 805.2771453806726 
gen 37 58449 762.9859855116775 27.687620481779504 647.8707446560524 796.4551162501675 
gen 38 60013 756.1266772911446 27.490021382486365 647.8707446560524 788.5368812490266 
gen 39 61577 747.8393007371193 27.71517657075236 647.8707446560524 781.2100268126487 
gen 40 63141 737.1622011656465 27.482960388604955 639.2663024327943 770.9866852194989 
gen 41 64705 730.4949142865972 26.84029143899967 639.2663024327943 761.8750545422905 
gen 42 66269 722.2177867230238 26.06338873172111 639.2663024327943 753.0409277509777 
gen 43 67833 713.2776073196615 25.095997840051325 635.7568440558782 743.6900875679711 
gen 44 69397 703.203660903816 24.371752171316622 612.1910836040332 733.5154396388509 
gen 45 70961 693.4432962468046 23.777864603574585 587.26063775315 723.2418343489026 
gen 46 72525 683.7857248002647 23.343937817970975 587.26063775315 710.6702685716848 
gen 47 74089 677.6207515975088 21.946229429156624 587.26063775315 704.0878909793923 
gen 48 75653 669.4210747664364 21.421319756634535 581.2223271221048 696.4383835881165 
gen 49 77217 664.4819022357026 20.425468233452865 580.7810969868199 688.7156190254011 
gen 50 78801 659.0877942343479 19.571983843548743 580.3596410326842 682.4770628949317 
gen 51 80385 653.5562316105033 19.140961311504384 576.0874013137251 676.1482270498014 
gen 52 81949 648.6123397645714 18.028661921443494 576.0874013137251 671.0006700893827 
gen 53 83513 643.6253419493112 18.080990253929325 573.6751185819073 665.4057478531982 
gen 54 85077 638.616247619492 18.42192968517952 570.4509121048409 660.4999774873444 
gen 55 86641 633.7268729090217 17.928439418125752 570.4509121048409 655.3480024012046 
gen 56 88205 630.5006950197705 16.98840554655549 570.4509121048409 650.995475785671 
gen 57 89769 626.7296675021181 16.586828466371728 570.2988838648042 646.0946269835081 
gen 58 91333 623.181470752582 16.238948916436087 570.2988838648042 642.9373420411839 
gen 59 92907 618.5173557731304 16.10246245265766 569.7168338481546 638.5520762007616 
gen 60 94471 613.769254496362 15.863320179242445 548.1672361181193 633.4669060371556 
gen 61 96035 610.1104136376674 15.926536209654302 548.1672361181193 629.1712969566529 
gen 62 97599 606.0757107635063 15.301913514040207 542.2925724157786 624.2801323692678 
gen 63 99163 601.7764673058542 16.13773982467386 539.1638815593359 619.6632411765701 
gen 64 100727 598.2460399004593 16.242413926908547 539.1638815593359 616.4550850858935 
gen 65 102291 594.2515151854561 15.65233808872548 539.1638815593359 611.9795803635747 
gen 66 103855 590.4428930867596 15.637862041814738 539.1638815593359 608.3166577782882 
gen 67 105419 586.7081383169302 15.100736537851004 532.2151633862205 604.2898942485316 
gen 68 106983 582.0705708412742 14.979241403914427 529.3021876103869 600.4020201622791 
gen 69 108547 577.1112923513527 13.972397266903133 529.3021876103869 593.0081409833396 
gen 70 110131 573.5570297589671 13.539839265282225 516.3215433375055 589.1703591286148 
gen 71 111695 569.6158516325452 12.87107308491873 516.3215433375055 584.6346771435427 
gen 72 113259 565.6712197024976 12.239155194915082 512.1299364466514 580.3184686857049 
gen 73 114823 560.9230176555109 12.875837066413196 490.18577072764236 575.6929379791244 
gen 74 116387 556.6680926721821 12.67435013175949 490.18577072764236 570.8131371313942 
gen 75 117951 552.0994433757955 12.555692066925712 490.18577072764236 566.5767721607981 
gen 76 119525 547.9280194124227 12.268393568995306 490.18577072764236 562.2116448395951 
gen 77 121089 543.8141083785993 11.626555830757619 490.18577072764236 557.2981224934215 
gen 78 122653 540.2016724503579 11.247241698815108 490.18577072764236 552.8411118277571 
gen 79 124217 536.1833219713662 10.826305274949453 490.18577072764236 549.0037539376222 
gen 80 125781 532.9801612666048 10.437088662925724 490.18577072764236 544.9996121008663 
gen 81 127345 529.6005372495854 10.023700234191095 490.18577072764236 541.9145883730987 
gen 82 128909 526.2547689038772 10.027668510102572 487.69083794741533 538.1954052644029 
gen 83 130473 523.5338325623202 9.75263706683031 487.69083794741533 535.1889400336161 
gen 84 132037 520.9951221417629 9.622746499338255 487.69083794741533 532.3859735433664 
gen 85 133621 518.5067079161303 9.446939081367342 481.4832416293063 529.6263100783988 
gen 86 135185 516.0288913267736 9.671788898698242 462.7491934327727 527.6731864177234 
gen 87 136749 513.9548439006393 9.242618527149949 462.7491934327727 525.4241025261707 
gen 88 138323 512.3298447218082 8.951951648931471 462.7491934327727 523.2428060898867 
gen 89 139887 510.620653420858 9.09549419945858 462.7491934327727 521.4415288927974 
gen 90 141451 509.1181399118584 8.609223521563143 462.7491934327727 518.9077747471085 
gen 91 143015 507.3257088761878 8.66873541048054 462.7491934327727 517.5088217647055 
gen 92 144579 505.71358032971045 8.657450296290072 462.7491934327727 516.2840678786296 
gen 93 146143 504.17733178701087 8.560958582467254 462.7491934327727 514.4848715080765 
gen 94 147707 502.1191515458426 8.502128715889915 462.7491934327727 512.2820619192742 
gen 95 149271 500.06958434306426 8.562493837265947 462.7491934327727 509.9523490143608 
gen 96 150835 498.36896142706365 8.59542475533857 458.06357932699785 508.44156716606255 
gen 97 152399 496.7791915880202 8.410108665781257 458.06357932699785 506.5060377852216 
gen 98 153963 495.23849896326556 8.117308271552641 458.06357932699785 504.52567113436436 
gen 99 155527 493.9032151411276 8.158413224326951 458.06357932699785 503.3204069674864 
gen 100 157091 492.4328713782681 8.21283207956437 458.06357932699785 501.95568732906986 
gen 101 158665 491.07664214252094 8.314933041608638 458.06357932699785 500.23889352104914 
gen 102 160229 489.74645420478214 8.342242862764886 458.06357932699785 498.3148182628624 
gen 103 161793 488.45844938856806 8.566701453803446 445.46411197970286 497.45418068087673 
gen 104 163357 487.1987473904768 8.886416941437876 445.46411197970286 496.52388245520535 
gen 105 164921 485.77855761373763 8.90522431195057 445.46411197970286 495.4036686135572 
gen 106 166485 484.87082377758645 8.859068092131656 445.46411197970286 494.1862798761284 
gen 107 168059 483.8884783806672 8.719149209969908 445.46411197970286 493.1016363678149 
gen 108 169643 482.65024602735406 8.686997579418707 440.8404852343665 492.0939035934105 
gen 109 171217 481.1691937581966 8.752041341202466 440.8404852343665 490.59111013482686 
gen 110 172791 479.51096687053143 8.572598743047708 440.8404852343665 489.19593276963974 
gen 111 174365 478.02535304729855 8.412200844697429 440.8404852343665 487.8708761241601 
gen 112 175929 476.68740443868364 8.58325099287275 426.93247490920004 486.3972115266214 
gen 113 177493 475.1383068214463 8.591679607958909 426.93247490920004 484.8636695605271 
gen 114 179057 473.5903081505133 8.473027203594496 426.93247490920004 483.2254227342372 
gen 115 180621 472.5820243280018 8.410249616784352 426.93247490920004 481.8420446518534 
gen 116 182185 471.49031185053315 8.243536244588999 426.93247490920004 480.66635568189264 
gen 117 183759 470.2126435642112 8.092290687751976 426.93247490920004 479.27758868336076 
gen 118 185323 468.74267812614363 8.077639399527234 426.93247490920004 477.66080682311866 
gen 119 186887 467.4359631889409 7.788829113105069 426.93247490920004 476.45675713221715 
gen 120 188451 466.47486565849647 7.707683304742067 426.93247490920004 475.386756178007 
gen 121 190015 464.9178754911545 7.533490325166876 426.93247490920004 473.8824681453052 
gen 122 191579 463.13315515486147 7.534099880056042 426.93247490920004 472.01502339517805 
gen 123 193143 462.0442709048925 7.297661867679793 426.93247490920004 470.5913490227134 
gen 124 194707 461.04982484960135 6.909984614192207 426.93247490920004 469.1702473121875 
gen 125 196271 460.0727938753856 7.16365035471137 426.93247490920004 468.2292766698598 
gen 126 197835 459.41627526731367 6.980972863949574 426.93247490920004 467.39256307460954 
gen 127 199399 458.4830763809753 6.851768053651501 426.93247490920004 466.2132895166331 
gen 128 200963 457.63983164265915 6.616906017223335 426.93247490920004 465.2597177552372 
gen 129 202527 456.73621335114655 6.681370834745352 426.93247490920004 464.3743696444608 
gen 130 204091 455.50325208012316 6.769827630783881 426.93247490920004 463.2907259987425 
gen 131 205655 454.7543379661485 6.626699298517535 426.93247490920004 462.43190456260174 
gen 132 207219 453.8630421824943 6.632757344561383 426.93247490920004 461.75963098254965 
gen 133 208783 452.82703636620874 6.491800244179176 426.93247490920004 460.7978404322676 
gen 134 210347 451.9959838501628 6.338441338105409 426.93247490920004 459.91775973616916 
gen 135 211911 451.13336345109286 6.127536650442655 426.93247490920004 458.6152802771164 
gen 136 213475 450.19963884791514 5.9884776271343085 425.36225638796793 457.3997575915879 
gen 137 215039 449.5828593793808 5.849848208059971 425.36225638796793 456.6541712221238 
gen 138 216603 448.6586354294514 5.956347127330316 425.36225638796793 455.7846261462996 
gen 139 218167 447.6568625821536 6.057408392702919 425.36225638796793 454.9382002097004 
gen 140 219731 446.5888518346849 6.010060992077416 425.36225638796793 453.67344432612 
gen 141 221295 445.36973069616533 6.205931596512903 416.68566031218234 452.7025975053111 
gen 142 222859 443.9343567531503 6.312357437284044 416.68566031218234 450.9751809913894 
gen 143 224423 442.3351289237892 6.364364542067415 416.68566031218234 449.667241440814 
gen 144 225987 440.54195638447317 6.460971475353932 411.74578922357244 447.94811120254656 
gen 145 227551 438.31370872093277 6.5879922164844 401.4808982120702 445.9513574127576 
gen 146 229115 436.6930241030029 6.258161721160667 401.4808982120702 443.59776929388914 
gen 147 230689 435.09249593509594 5.917373517321508 401.4808982120702 441.5739600890937 
gen 148 232253 433.4550677476634 5.943797519804005 401.4808982120702 440.0316722376013 
gen 149 233817 431.24349344792796 5.784816648196524 401.4808982120702 437.85449539929687 
gen 150 235381 429.62661144822926 5.414998446450419 401.4808982120702 436.04017971213125 
gen 151 236945 428.47557380694826 5.145334286576663 401.4808982120702 434.4445030088358 
gen 152 238509 427.4304011072947 4.947463364324662 401.4808982120702 433.1552299161343 
gen 153 240073 426.05606988681166 4.591140481406471 401.4808982120702 431.4970190260892 
gen 154 241637 425.17737337490655 4.6854279432062835 401.4808982120702 430.62453561341835 
gen 155 243201 424.22977431738553 4.574786594893688 401.4808982120702 429.64688445028503 
gen 156 244765 423.3354645185567 4.54730459717229 401.4808982120702 428.5913116801434 
gen 157 246329 422.7408643202504 4.490160160797654 401.4808982120702 427.7974318892464 
gen 158 247893 421.937589982398 4.452242905824439 401.4808982120702 427.02951966560283 
gen 159 249457 421.3059114153716 4.35294045265315 401.4808982120702 426.3234499787578 
gen 160 251021 420.5494455260676 4.308408887847511 401.4808982120702 425.6147315283911 
gen 161 252585 419.66830143029773 4.263682022968504 401.4808982120702 424.6973966155081 
gen 162 254149 419.07025503288605 4.128596003015484 401.4808982120702 424.0931547806625 
gen 163 255713 418.4805272920695 3.996691319799608 401.4808982120702 423.2830688743638 
gen 164 257277 418.02229036901093 4.027477357559186 395.35625362835754 422.59491580856826 
gen 165 258841 417.48234693592394 4.006943650424979 395.35625362835754 422.11600870625875 
gen 166 260405 417.1020493529376 3.933532325576533 395.35625362835754 421.67855708872787 
gen 167 261979 416.6170276623857 3.9089131821162737 395.35625362835754 421.1716121073252 
gen 168 263543 416.036777037016 3.9815849472168465 395.35625362835754 420.55737435957747 
gen 169 265117 415.59801726404106 3.928978868156052 395.35625362835754 420.02695412640907 
gen 170 266691 415.0991935179218 3.970390328151406 395.35625362835754 419.6486324561622 
gen 171 268255 414.87728790803743 3.8803070628271947 395.35625362835754 419.38893266018624 
gen 172 269819 414.43929685879795 3.8830693979738897 395.35625362835754 418.99563350163726 
gen 173 271383 414.0784986836367 3.7940041196031262 395.35625362835754 418.510456444834 
gen 174 272947 413.6093326745567 3.788863575777906 395.35625362835754 418.0282251800632 
gen 175 274521 413.1287203741269 3.725774645437654 395.35625362835754 417.54391071387914 
[5, 18, 1, 12, 15, 16, 11, 3, 7, 0, 4, 2, 6, 14, 13, 19, 10, 22, 17, 9, 8, 21, 20, 6, 1, 16, 4, 7, 19, 9, 2, 12, 10, 0, 14, 13, 3, 15, 5, 8, 21, 11, 20, 22, 18, 17, 3, 15, 7, 16, 13, 6, 12, 14, 8, 5, 20, 19, 18, 4, 1, 9, 21, 0, 2, 10, 11, 17, 22, 14, 2, 9, 6, 17, 12, 22, 21, 20, 7, 11, 18, 16, 0, 4, 15, 5, 19, 8, 3, 13, 10, 1, 9, 1, 5, 16, 10, 18, 17, 4, 2, 8, 22, 21, 19, 0, 14, 3, 12, 20, 11, 7, 13, 15, 6, 14, 13, 3, 2, 17, 21, 0, 15, 19, 8, 7, 22, 9, 11, 18, 16, 12, 10, 1, 20, 6, 5, 4, 15, 20, 11, 4, 2, 6, 3, 8, 0, 12, 18, 7, 1, 17, 13, 5, 16, 19, 9, 22, 14, 10, 21, 9, 6, 4, 2, 11, 8, 19, 16, 18, 20, 7, 15, 1, 12, 21, 3, 22, 14, 5, 0, 13, 17, 10, 7, 10, 6, 4, 14, 22, 13, 9, 12, 11, 16, 19, 18, 8, 5, 1, 0, 15, 21, 3, 2, 20, 17, 3, 17, 2, 20, 7, 8, 18, 16, 21, 12, 6, 15, 22, 0, 4, 13, 19, 5, 10, 1, 9, 11, 14, 11, 1, 13, 8, 18, 17, 5, 3, 12, 9, 16, 22, 7, 4, 21, 15, 20, 2, 10, 0, 14, 19, 6, 15, 22, 12, 7, 18, 21, 1, 3, 10, 2, 13, 8, 6, 16, 0, 17, 14, 5, 4, 9, 11, 19, 20, 3, 9, 8, 16, 17, 22, 12, 18, 11, 1, 5, 10, 0, 15, 6, 13, 7, 14, 19, 2, 4, 21, 20, 8, 20, 12, 13, 11, 10, 19, 15, 22, 14, 6, 16, 7, 18, 1, 0, 21, 9, 17, 3, 5, 2, 4, 20, 2, 6, 17, 7, 11, 22, 12, 10, 5, 16, 21, 14, 19, 18, 3, 1, 4, 0, 8, 15, 13, 9, 13, 17, 20, 18, 3, 12, 6, 14, 19, 7, 5, 22, 9, 2, 16, 11, 0, 15, 10, 21, 8, 4, 1, 11, 13, 15, 12, 20, 17, 14, 21, 7, 5, 1, 9, 8, 6, 2, 16, 10, 22, 0, 19, 18, 3, 4]
min  395.35625362835754
NFE 274521
LSNFE 430
VLSNFE 28
runTime 3622.364223718643
