gen 0 391 9999999999.0 0.0 9999999999.0 9999999999.0 
gen 1 5845 9872122777.931166 1123574411.951348 1042.5358541614664 9999999999.0 
gen 2 11239 9616368333.041702 1920714171.471177 924.5325632058639 9999999999.0 
gen 3 16783 9283887554.240767 2578431023.307129 924.5325632058639 9999999999.0 
gen 4 22337 8925831331.790888 3096424880.2496333 924.5325632058639 9999999999.0 
gen 5 28061 8721227772.95139 3339530255.843305 894.9852584448792 9999999999.0 
gen 6 33625 8337596102.287844 3722962570.013763 894.9852584448792 9999999999.0 
gen 7 38939 7672634537.681317 4225756967.3174872 894.9852584448792 9999999999.0 
gen 8 44313 7033248418.686848 4567920477.130393 875.6539330774981 9999999999.0 
gen 9 49487 6470588632.503136 4778845581.196536 863.4102557263734 9999999999.0 
gen 10 55031 5652174397.3651 4957283903.600988 863.4102557263734 9999999999.0 
gen 11 60685 4552430268.819367 4979927239.79225 804.7960913540645 9999999999.0 
gen 12 66179 2915601799.985201 4544807627.201811 804.7960913540645 9999999999.0 
gen 13 71843 1355499667.1008153 3423099160.4182086 772.6589102848452 9999999999.0 
gen 14 77727 1076.2223515194003 110.93696793326005 772.6589102848452 1287.1664315399948 
gen 15 82861 1039.5618820149043 88.51321691315579 772.6589102848452 1192.581651866242 
gen 16 88555 1007.1471688588508 74.40072897788377 772.6589102848452 1126.8500824977393 
gen 17 94019 981.6013598891983 64.46597831905846 772.6589102848452 1076.9943108599577 
gen 18 99543 958.8882669025055 59.01860009736238 772.6589102848452 1044.7211774770374 
gen 19 105207 942.0000820419018 54.88981315080284 770.684261168877 1017.9986140595635 
gen 20 110881 925.8955837285052 52.56843119582079 719.0073422531937 996.1968619633922 
gen 21 116405 911.1372333583851 49.16699126108558 719.0073422531937 974.3350851892702 
gen 22 121999 894.663512779797 45.282892989079244 719.0073422531937 958.2766836729622 
gen 23 127813 879.2224357491705 42.708475193488944 719.0073422531937 936.49278841236 
gen 24 133127 868.7093977856363 41.37226129375651 688.1506115214981 923.638696607434 
gen 25 138871 855.0171734263043 38.85631725378497 688.1506115214981 905.4305768096593 
gen 26 144425 843.801401688321 37.226931867169895 688.1506115214981 892.684913295027 
gen 27 149859 833.9902177488688 36.13426012497624 688.1506115214981 879.2206485068475 
gen 28 155133 825.0221226383852 34.766085274898224 688.1506115214981 868.8028023977835 
gen 29 160537 817.1213075167805 32.46166210665006 688.1506115214981 858.0439092542116 
gen 30 165971 810.6550313055214 31.834345767903685 688.1506115214981 850.4840175049117 
gen 31 171415 801.3414436092075 30.552023990616004 681.8543516764543 841.4140221171567 
gen 32 177139 793.285780529277 30.705815047922606 678.1035091292365 832.7070973430003 
gen 33 182493 785.14079266218 29.95835716016248 678.1035091292365 823.2717497336685 
gen 34 187837 775.386320784036 29.8984005399239 678.1021686870441 814.3307806480873 
gen 35 193221 767.1363991189454 30.14809297993608 669.8231399776969 805.2925509800497 
gen 36 198625 761.0808440595705 29.769337103747024 665.3265239979112 798.7018892224115 
gen 37 204289 753.2724910914847 29.66713761821879 637.3702601794066 789.4507060155352 
gen 38 209633 745.1265468827264 28.66668433712329 637.3702601794066 781.5792744963578 
gen 39 215347 738.8909590981649 26.657037003516034 637.3702601794066 773.0780671595916 
gen 40 220881 732.4929580087121 27.481309939631466 631.319507283517 766.6384210033698 
gen 41 226195 725.7718057766785 26.43949485155601 631.319507283517 757.9452061499642 
gen 42 231679 717.4415978070339 26.47996227646909 614.8254126514151 751.3785546345898 
gen 43 237133 711.5085957042472 26.236232897649533 589.1851800186669 745.3194132146358 
gen 44 242477 705.792290621736 25.433041671914182 589.1851800186669 738.2325936969235 
gen 45 247781 700.1209205486354 23.354706905966665 589.1851800186669 731.3507189682841 
gen 46 253285 694.396492740675 22.77003222078263 589.1851800186669 723.5464676563047 
gen 47 258779 688.2843367103794 22.320776092188115 589.1851800186669 716.1672937770084 
gen 48 264303 682.7556031425601 22.42006991116509 589.1851800186669 711.1861547944178 
gen 49 269647 677.4494710684036 21.93410470485618 589.1851800186669 706.3181857699273 
gen 50 275091 672.0470500381505 21.00235462700888 589.1851800186669 699.1404504204764 
[14, 17, 8, 6, 3, 15, 10, 22, 4, 16, 19, 5, 11, 13, 20, 1, 2, 21, 0, 9, 12, 18, 7, 0, 22, 19, 11, 16, 15, 1, 4, 7, 8, 20, 5, 3, 10, 21, 17, 6, 14, 12, 18, 2, 9, 13, 4, 11, 10, 16, 0, 7, 12, 5, 22, 15, 17, 19, 18, 2, 14, 6, 20, 9, 21, 3, 1, 13, 8, 2, 21, 6, 16, 13, 1, 9, 5, 7, 20, 17, 0, 3, 4, 11, 19, 18, 10, 15, 14, 12, 8, 22, 1, 9, 16, 4, 19, 10, 6, 13, 20, 22, 3, 2, 15, 17, 11, 12, 14, 21, 5, 8, 0, 7, 18, 14, 20, 16, 0, 8, 1, 2, 15, 9, 18, 11, 21, 7, 4, 12, 22, 17, 19, 3, 6, 10, 5, 13, 0, 6, 2, 20, 12, 22, 4, 18, 17, 5, 9, 15, 3, 8, 19, 10, 21, 16, 7, 14, 13, 11, 1, 9, 4, 6, 1, 17, 3, 10, 15, 5, 21, 11, 20, 22, 0, 8, 18, 19, 2, 16, 12, 13, 14, 7, 7, 4, 6, 10, 3, 11, 17, 15, 14, 21, 16, 5, 20, 1, 13, 9, 8, 12, 18, 22, 2, 0, 19, 13, 12, 3, 7, 14, 9, 15, 17, 6, 16, 18, 20, 4, 11, 1, 10, 21, 2, 22, 0, 8, 19, 5, 7, 19, 12, 11, 1, 22, 20, 9, 21, 3, 15, 0, 16, 8, 13, 6, 4, 18, 2, 17, 14, 5, 10, 15, 22, 13, 11, 19, 1, 14, 17, 12, 2, 5, 0, 3, 20, 4, 21, 6, 16, 7, 8, 18, 9, 10, 7, 22, 9, 1, 0, 16, 21, 17, 11, 8, 13, 3, 5, 2, 19, 15, 14, 12, 4, 6, 20, 18, 10, 8, 18, 1, 12, 14, 10, 4, 5, 2, 17, 11, 9, 7, 0, 21, 22, 3, 13, 20, 6, 16, 15, 19, 8, 16, 14, 9, 5, 2, 18, 7, 20, 15, 1, 10, 4, 22, 0, 19, 21, 6, 11, 13, 12, 17, 3, 11, 2, 13, 9, 6, 5, 8, 17, 10, 4, 14, 18, 12, 19, 20, 15, 3, 21, 7, 16, 1, 22, 0, 4, 1, 19, 20, 22, 21, 2, 12, 11, 7, 3, 10, 16, 0, 18, 15, 17, 8, 6, 5, 13, 14, 9]
min  589.1851800186669
NFE 275091
LSNFE 196500
VLSNFE 10215
runTime 2038.3738100528717
