gen 0 391 9974424554.802689 505074553.800713 1317.8518006268048 9999999999.0 
gen 1 6035 9718670109.590412 1653527153.9288409 964.2902198992654 9999999999.0 
gen 2 11229 9411764774.269531 2352940898.921879 964.2902198992654 9999999999.0 
gen 3 16883 9079283996.668213 2891269784.0855937 953.3454175511936 9999999999.0 
gen 4 22327 8695652326.47788 3367811208.8950524 953.3454175511936 9999999999.0 
gen 5 28001 8516624214.682441 3554342749.0970554 898.3705569896224 9999999999.0 
gen 6 33735 8056266209.511557 3957175077.238476 898.3705569896224 9999999999.0 
gen 7 38749 7544757315.339646 4303975763.177638 898.3705569896224 9999999999.0 
gen 8 44243 6777493972.518362 4673383303.379231 898.3705569896224 9999999999.0 
gen 9 49747 6086956964.59589 4880422124.814151 860.3267610153672 9999999999.0 
gen 10 55361 5268542732.0682535 4992782737.584245 860.3267610153672 9999999999.0 
gen 11 60895 4194374050.7182155 4934669221.905246 860.3267610153672 9999999999.0 
gen 12 66439 2992328142.5265265 4579218922.343522 854.5759902838181 9999999999.0 
gen 13 71693 1611254119.2117517 3676464623.712724 810.8295488816264 9999999999.0 
gen 14 76987 1085.9074955322164 107.22450604942581 810.8295488816264 1364.8132140265297 
gen 15 82241 1043.1173521275236 82.26256624185562 793.9284713253487 1183.508696775244 
gen 16 87855 1012.3818615801808 68.0900384676962 793.9284713253487 1119.0129154026565 
gen 17 93449 990.1926332618758 61.02711303003929 793.9284713253487 1076.8413129850023 
gen 18 99003 966.1650058082608 57.443452562967266 780.37865385847 1044.9856452921306 
gen 19 104687 948.3822985330855 51.90902080279587 780.37865385847 1021.8594252264934 
gen 20 110101 928.5308744143209 48.359232915490786 779.1146779513141 995.0380942411202 
gen 21 115405 914.16142373939 45.184247659406715 756.4815945631423 976.7943600527776 
gen 22 120619 900.312886551939 45.177988254660185 700.2806393270994 959.0428456041042 
gen 23 126113 889.2751296864244 41.762646948153865 700.2806393270994 944.3031684425383 
gen 24 131297 877.4728764365243 40.11306864294465 700.2806393270994 928.6789119620801 
gen 25 136961 866.3939624799916 39.20297589296276 665.4660663893919 912.8095661006843 
gen 26 142785 854.3492987961897 38.52615550238311 665.4660663893919 901.5835149445418 
gen 27 148019 844.4547332171867 38.612760824472126 665.4660663893919 892.2664976283809 
gen 28 153513 832.8284622188091 37.77099946891743 663.8390071968937 880.3940492093097 
gen 29 158867 822.8463318453648 37.077929323112734 657.8782690308508 865.7783056719308 
gen 30 164221 815.1728207786446 35.94171765784059 657.8782690308508 858.6951004494903 
gen 31 169885 805.8343197731307 34.285491668156055 657.8782690308508 846.8869751247203 
gen 32 175419 795.8093100569938 32.10874094772393 657.8782690308508 834.9155801172903 
gen 33 180973 787.8252454720297 31.82052569758659 657.8782690308508 826.3727471261345 
gen 34 186547 779.4901659600798 32.971874379256725 640.303779556433 817.7595471111161 
gen 35 191831 771.502322372049 33.679087539985126 640.303779556433 810.1558902281175 
gen 36 197285 763.9204916421547 32.46577923358194 640.303779556433 803.6529669772198 
gen 37 203029 756.1346481440921 31.85053936095869 634.2398204141145 795.7204166580915 
gen 38 208553 747.8499187176923 30.09029747826011 634.2398204141145 784.5102333777947 
gen 39 214017 742.277511276701 29.388475538714513 634.2398204141145 777.1331517967045 
gen 40 219441 734.6529279207251 29.29736487013711 632.005446818393 770.1309744665068 
gen 41 225205 729.2077786150202 28.458203662557683 614.4912558182986 763.4147248007781 
gen 42 230289 722.4649647049814 29.518499414554107 614.4912558182986 756.0134536699394 
gen 43 235803 713.7594818107478 29.751853647777708 588.7139423216411 748.6852758856794 
gen 44 241457 705.7014025286958 29.387169236278083 588.7139423216411 740.3270133665071 
gen 45 247151 699.6253678160148 28.472754583262258 588.7139423216411 734.1694821598636 
gen 46 252925 690.5985797655811 26.797098265332995 588.7139423216411 724.98165459342 
gen 47 258499 685.2712708118883 25.723228402069452 588.7139423216411 717.8181705306164 
gen 48 264113 679.0563430638077 25.165670226948688 588.7139423216411 710.7495241377749 
gen 49 269557 672.6948068594962 25.337755799974424 578.674159030139 704.2451975327668 
gen 50 274841 667.3595526906504 24.544135062234044 577.2918329276207 697.6065142222749 
[18, 1, 5, 12, 2, 10, 4, 11, 13, 19, 20, 21, 6, 3, 0, 14, 22, 7, 16, 17, 9, 15, 8, 19, 10, 5, 1, 21, 7, 17, 20, 6, 15, 9, 18, 22, 0, 12, 16, 14, 8, 4, 13, 3, 2, 11, 21, 12, 16, 3, 9, 1, 19, 20, 4, 6, 22, 7, 10, 5, 11, 15, 17, 8, 14, 18, 0, 13, 2, 22, 18, 0, 4, 14, 2, 6, 10, 7, 1, 12, 11, 13, 19, 3, 15, 8, 17, 5, 21, 16, 9, 20, 9, 4, 10, 11, 22, 21, 3, 6, 8, 13, 19, 2, 17, 12, 20, 15, 0, 1, 14, 16, 5, 18, 7, 2, 17, 11, 4, 10, 0, 3, 21, 16, 9, 1, 5, 18, 7, 13, 12, 8, 6, 15, 14, 22, 20, 19, 20, 9, 0, 17, 1, 21, 15, 3, 11, 12, 13, 18, 7, 5, 19, 2, 10, 6, 4, 8, 16, 14, 22, 9, 4, 10, 6, 22, 7, 17, 21, 14, 0, 2, 16, 5, 8, 19, 15, 1, 11, 12, 18, 13, 20, 3, 4, 6, 19, 11, 0, 7, 5, 21, 12, 9, 16, 3, 20, 18, 15, 1, 22, 14, 13, 8, 10, 2, 17, 21, 16, 8, 19, 17, 1, 18, 3, 22, 12, 7, 4, 10, 11, 5, 15, 14, 0, 2, 6, 13, 9, 20, 9, 13, 16, 5, 1, 6, 21, 20, 14, 15, 17, 4, 12, 8, 7, 11, 3, 19, 10, 2, 0, 18, 22, 15, 12, 20, 18, 22, 13, 3, 6, 16, 4, 2, 5, 19, 11, 9, 0, 7, 14, 17, 10, 21, 1, 8, 0, 19, 16, 14, 2, 9, 7, 12, 8, 22, 13, 17, 6, 20, 21, 5, 10, 4, 3, 18, 15, 11, 1, 17, 20, 10, 18, 14, 15, 1, 22, 9, 11, 4, 16, 2, 3, 7, 6, 19, 8, 12, 13, 0, 5, 21, 15, 20, 11, 9, 17, 2, 12, 18, 0, 13, 21, 5, 22, 14, 10, 7, 1, 3, 6, 4, 19, 8, 16, 2, 11, 16, 6, 14, 5, 21, 4, 12, 18, 3, 22, 0, 1, 17, 8, 19, 7, 13, 10, 20, 9, 15, 4, 6, 12, 3, 1, 19, 2, 16, 9, 22, 5, 13, 17, 0, 21, 18, 20, 8, 14, 10, 7, 15, 11]
min  577.2918329276207
NFE 274841
LSNFE 196250
VLSNFE 10166
runTime 2075.2069206237793
