gen 0 400 75000408.74746779 862771660.7178768 292.65356341104325 9999999999.0 
gen 1 5920 351.6612523195238 16.591888864115177 290.47281114390734 373.315705137456 
gen 2 11350 329.3655047447834 13.562489365980152 272.30645210997335 346.5639591921022 
gen 3 16960 316.50045215682474 11.921100966056702 268.29238068034 330.83079401734153 
gen 4 22440 306.3805239697637 11.526186220287695 263.58437618158933 320.5804030955994 
gen 5 27960 298.751853033912 11.078636131120419 263.58437618158933 312.7028231901311 
gen 6 33580 292.9397644564402 10.953030322691347 246.14753712078294 306.5210767986703 
gen 7 39010 288.33192162071595 9.745143053971974 246.14753712078294 300.35608103782783 
gen 8 44860 283.64825190395254 9.691882147920923 244.8546628598428 295.4150298563658 
gen 9 50320 278.98938605959233 9.800719492557594 236.80987332829247 290.30131248665043 
gen 10 56010 275.00566918558997 9.736899575343104 234.83888550637366 286.19306056846517 
gen 11 61050 271.51848114061926 9.505586740332715 234.83888550637366 282.7752999403856 
gen 12 66580 268.16184772964147 8.912953261273687 234.83888550637366 279.1330184328864 
gen 13 72540 264.9670166773121 8.832841927287802 230.2150020858659 275.6167079222322 
gen 14 78220 262.1486752231192 9.121493771789796 225.148107855684 272.99470127208195 
gen 15 83950 259.74993986248234 8.831204479224423 222.9121466716903 270.3486082763316 
gen 16 89700 257.1444514330957 8.486715831355925 222.9121466716903 267.3192620103691 
gen 17 95300 255.1851186418949 8.091877284766953 222.9121466716903 265.6918372239012 
gen 18 100780 253.3505146961601 7.86066156477208 222.9121466716903 263.37427621900963 
gen 19 106380 251.50645934266475 7.692800102486857 222.9121466716903 260.924146829314 
gen 20 111770 249.6187589675393 7.775681065181646 211.58166215591024 259.3300075244507 
gen 21 117430 247.8713418105364 7.509237594502203 211.58166215591024 257.4374206152325 
gen 22 123070 246.55427624785816 7.313937958672448 211.58166215591024 255.78369644724617 
gen 23 128840 245.272050524478 7.245092876590042 211.58166215591024 254.4161841694497 
gen 24 134450 243.73411291571662 7.163729661692002 211.58166215591024 252.78765644979748 
gen 25 139940 242.30011795416337 7.206599464967811 211.58166215591024 251.14892636614488 
gen 26 145670 241.18323674390342 7.170615289931221 207.35162841561657 250.2416973642994 
gen 27 151360 239.9903386891335 7.051017402934564 207.35162841561657 248.52310705772464 
gen 28 156990 238.97812924963557 6.910144217247288 207.35162841561657 247.37549094762255 
gen 29 162200 237.83756046580413 6.8150409361388675 207.35162841561657 246.20016490365032 
gen 30 168210 236.48757979330227 6.837574533481874 207.35162841561657 244.65199216569627 
gen 31 173810 235.53316146299608 6.666788709586953 207.35162841561657 243.6640711677923 
gen 32 179470 234.35002203914496 6.758938591650968 207.35162841561657 242.43959833251057 
gen 33 185080 233.23882961975877 6.701078717554751 207.35162841561657 241.41110609307626 
gen 34 190830 232.14749153556545 6.783863530977608 207.14021763006593 240.3454568292745 
gen 35 196190 231.31280310902991 6.713356116132095 207.14021763006593 239.38168642421928 
gen 36 201680 230.43388647338983 6.508448386354619 207.14021763006593 238.30493631346 
gen 37 207360 229.6876641523138 6.274166199204738 207.14021763006593 237.2973690906103 
gen 38 213230 228.84471487305885 6.2811309131711655 207.14021763006593 236.11049162338418 
gen 39 218770 228.146506001124 6.092086790995418 206.11111115474017 235.46875913602193 
gen 40 224580 227.24906113539706 6.0404621513301 205.70504525575916 234.65429523665486 
gen 41 230150 226.35118780981753 6.111161661347326 204.72288913303436 233.61802086924138 
gen 42 235920 225.46742919967167 6.033237883593445 204.72288913303436 232.76528404882794 
gen 43 241650 224.67557256562927 6.042150723936904 200.42187240952393 232.1900695827503 
gen 44 247130 223.81372592553572 5.96866375851897 200.42187240952393 231.14297656900823 
gen 45 252270 223.15300299214886 5.81906742828964 200.42187240952393 230.42098013867044 
gen 46 257930 222.52499184403297 5.813094479244691 200.42187240952393 229.8543200616241 
gen 47 263510 221.5012375787524 5.820852670843372 188.57181046575357 228.88626858161223 
gen 48 268840 220.72462026412057 5.728207956004233 188.57181046575357 227.920537910656 
gen 49 274110 220.06241542908228 5.694395667541801 188.57181046575357 227.1091234834531 
gen 50 279840 219.36359305275465 5.634362425309845 188.57181046575357 226.27834760859488 
gen 51 285520 218.74655220572663 5.596229180773392 183.11117064452662 225.65930430413167 
[2, 5, 9, 17, 7, 11, 18, 10, 16, 3, 8, 0, 19, 1, 13, 12, 15, 14, 4, 6, 14, 12, 7, 3, 0, 17, 9, 15, 16, 18, 6, 4, 1, 10, 2, 11, 13, 19, 5, 8, 10, 8, 3, 17, 1, 14, 13, 9, 15, 12, 11, 6, 19, 2, 5, 18, 16, 0, 7, 4, 9, 4, 5, 3, 11, 0, 12, 16, 8, 15, 10, 7, 2, 13, 17, 19, 14, 6, 18, 1, 3, 6, 14, 12, 15, 11, 16, 18, 19, 0, 10, 8, 17, 7, 13, 4, 1, 9, 2, 5, 2, 7, 1, 13, 0, 18, 11, 3, 12, 16, 6, 9, 17, 10, 4, 5, 15, 14, 19, 8, 16, 11, 4, 8, 19, 9, 13, 17, 12, 15, 18, 6, 0, 7, 5, 1, 14, 10, 3, 2, 13, 1, 4, 5, 8, 18, 19, 2, 9, 7, 11, 6, 12, 16, 17, 0, 15, 3, 10, 14, 19, 11, 16, 9, 0, 10, 1, 8, 13, 5, 14, 17, 4, 6, 18, 7, 3, 2, 15, 12, 6, 19, 8, 18, 0, 7, 4, 2, 10, 5, 17, 13, 3, 14, 9, 16, 12, 15, 11, 1, 4, 14, 17, 1, 13, 12, 16, 2, 9, 18, 7, 3, 19, 0, 11, 10, 6, 8, 5, 15, 10, 14, 2, 4, 19, 17, 15, 16, 3, 11, 5, 1, 6, 12, 8, 9, 7, 0, 13, 18, 10, 15, 18, 14, 16, 0, 8, 12, 9, 13, 6, 1, 3, 11, 4, 2, 17, 7, 19, 5, 14, 7, 5, 10, 0, 13, 16, 9, 18, 11, 8, 15, 12, 19, 17, 1, 6, 4, 3, 2, 13, 3, 17, 7, 19, 14, 2, 16, 15, 5, 1, 10, 9, 0, 4, 12, 8, 18, 6, 11, 8, 0, 2, 18, 5, 1, 11, 7, 4, 16, 14, 15, 3, 17, 9, 19, 6, 10, 12, 13, 9, 1, 11, 3, 14, 7, 18, 17, 6, 5, 4, 8, 10, 13, 16, 15, 19, 2, 12, 0, 3, 18, 16, 8, 0, 1, 5, 12, 10, 19, 2, 7, 15, 17, 14, 13, 9, 11, 4, 6, 14, 9, 1, 17, 2, 18, 11, 19, 3, 6, 15, 7, 12, 8, 0, 4, 10, 5, 16, 13, 14, 19, 3, 8, 0, 6, 4, 18, 1, 10, 5, 12, 7, 9, 13, 16, 2, 11, 15, 17]
min  183.11117064452662
NFE 285520
LSNFE 203520
VLSNFE 33165
runTime 7449.99268579483
