gen 0 400 25000415.834512763 499374588.0181295 300.29846801235624 9999999999.0 
gen 1 5910 354.9560244353223 18.130976973600635 299.56362632525264 377.1566575590931 
gen 2 11940 333.28273716063217 13.661921907401677 275.88373926220476 350.7007510699426 
gen 3 17680 317.96118920908566 13.24370961555984 265.1930412207927 333.62622365579216 
gen 4 23440 305.96302023080545 13.1798194798375 252.05953381710546 321.21440722200293 
gen 5 29020 296.69043649312846 12.55492916991954 250.4138595908226 312.0274403392172 
gen 6 34750 289.69804416621776 11.439577874194889 243.4278178889403 304.3003183287069 
gen 7 40110 284.35871791502416 10.137632041894804 243.4278178889403 296.9631055508201 
gen 8 45580 279.70478305079894 9.623970784085824 237.48513245248444 291.15737236666786 
gen 9 51320 275.9066626573592 9.455823972659982 237.48513245248444 287.0230107612986 
gen 10 56940 272.77469649457237 9.415700926500358 237.48513245248444 283.4786707851162 
gen 11 62750 269.95928605006577 9.170465088741757 236.6702069709325 280.530433398568 
gen 12 68420 266.77089844394925 9.433902087846697 232.58898925350314 277.5901194355571 
gen 13 74240 263.58469031806777 9.461788193201842 223.34666884924314 275.319289120666 
gen 14 79800 260.83300552268537 9.02566405527305 222.23322478089824 272.4061997587261 
gen 15 85420 258.2843335211786 8.420244552661098 222.23322478089824 269.41917433452784 
gen 16 91220 255.86519820153 8.145474778481637 222.23322478089824 266.2885980117198 
gen 17 96860 253.3722018858685 7.743315379715124 222.23322478089824 263.3927227067469 
gen 18 102550 251.40567048275102 7.242236290083143 222.23322478089824 261.0028227119525 
gen 19 108260 249.82215016129135 7.376427671453159 210.03642685908542 259.252928261721 
gen 20 114020 247.9198063658834 7.359247117359275 210.03642685908542 256.904668573605 
gen 21 119740 246.2252475612587 7.089332375290952 210.03642685908542 254.99790448150014 
gen 22 124980 244.54999641598113 7.179304772625196 210.03642685908542 253.151067917372 
gen 23 130680 243.40646661355026 7.320134188723972 210.03642685908542 252.25046448018367 
gen 24 136230 241.80706782096863 7.189943218417006 210.03642685908542 250.5981840793345 
gen 25 141790 240.4865941830077 7.229050074236792 210.03642685908542 249.1788860760579 
gen 26 147490 239.20163897399115 7.22980362739608 210.03642685908542 248.1893457972661 
gen 27 153180 237.8907789869965 7.089708381327981 210.03642685908542 246.60868220944315 
gen 28 158760 236.9097370114796 6.894932487497561 210.03642685908542 245.57436749427114 
gen 29 164640 235.9993859631577 6.791504559670294 210.03642685908542 244.59404886695478 
gen 30 170100 234.87771619845324 6.650309403770852 210.03642685908542 243.5213423589433 
gen 31 175400 233.60565178253782 6.678974627156639 205.0121166270469 242.13732762874002 
gen 32 181380 232.43109754640906 6.5110978506749095 205.0121166270469 240.44588191780446 
gen 33 186740 231.52496728758814 6.377556498845644 205.0121166270469 239.2908856017582 
gen 34 192250 230.3700003275153 6.449519523639664 205.0121166270469 238.0063872332758 
gen 35 197770 229.45542855643413 6.45450749734714 205.0121166270469 237.4030132876384 
gen 36 203330 228.390018339791 6.191553623050632 205.0121166270469 236.06895101517824 
gen 37 208740 227.28525429473112 6.388299737289824 199.57779537865392 235.00465112021115 
gen 38 214140 226.06106644334096 6.311182959962777 199.57779537865392 233.81322288553721 
gen 39 219720 225.1027971970728 6.111988815462021 199.57779537865392 232.58564874592403 
gen 40 225300 224.15458934572243 6.155909581007132 199.57779537865392 231.62034402348408 
gen 41 230570 223.25510206978146 6.094605538548764 199.57779537865392 230.93314836170276 
gen 42 236020 222.34700464265816 6.140126420610219 199.57779537865392 230.2124248528113 
gen 43 241570 221.28224268149694 6.045878741682834 199.57779537865392 229.14657529317685 
gen 44 247230 220.2024378395646 6.014980710820726 199.57779537865392 228.0343405204331 
gen 45 252650 219.23546369105236 5.992248989554704 199.52792434123623 226.7978262075066 
gen 46 258280 218.0049207543164 5.83414578876625 199.49475004965626 225.50656387232658 
gen 47 263850 217.176843501076 5.875563379687882 196.41039593835825 224.5182620804435 
gen 48 269380 216.18559200771685 6.039885209536882 196.41039593835825 223.8750099018104 
gen 49 274850 215.3542235964967 6.146944131653359 187.57378996760875 223.12071989602535 
gen 50 280650 214.59519574521607 6.092692309129062 187.57378996760875 222.28497878379835 
[2, 0, 15, 18, 19, 16, 14, 1, 13, 3, 11, 8, 4, 10, 17, 5, 9, 6, 7, 12, 4, 2, 19, 7, 1, 8, 11, 10, 9, 12, 0, 15, 3, 5, 13, 6, 17, 18, 16, 14, 10, 5, 19, 2, 17, 13, 18, 9, 7, 6, 4, 0, 16, 12, 3, 15, 1, 11, 14, 8, 13, 0, 9, 11, 15, 7, 10, 14, 1, 12, 17, 19, 18, 3, 16, 5, 8, 2, 4, 6, 3, 5, 8, 0, 4, 17, 6, 12, 9, 11, 10, 14, 1, 2, 19, 15, 7, 16, 18, 13, 2, 5, 4, 16, 3, 18, 1, 17, 14, 0, 13, 15, 8, 11, 7, 10, 12, 19, 6, 9, 10, 4, 13, 7, 2, 9, 18, 14, 0, 15, 12, 3, 1, 5, 16, 11, 17, 6, 8, 19, 15, 17, 12, 18, 6, 2, 19, 3, 4, 5, 9, 7, 13, 1, 16, 0, 8, 10, 14, 11, 19, 3, 2, 8, 15, 12, 5, 6, 9, 16, 11, 0, 7, 17, 4, 1, 18, 10, 13, 14, 14, 16, 3, 1, 18, 10, 8, 15, 0, 4, 7, 13, 6, 9, 5, 2, 17, 12, 11, 19, 18, 14, 6, 8, 7, 3, 5, 16, 9, 17, 10, 13, 0, 15, 12, 4, 11, 19, 2, 1, 8, 3, 2, 15, 9, 1, 12, 0, 18, 5, 19, 11, 7, 16, 14, 10, 6, 13, 17, 4, 8, 4, 10, 5, 9, 17, 15, 18, 6, 0, 16, 19, 11, 12, 1, 2, 14, 7, 3, 13, 6, 3, 10, 19, 9, 7, 16, 2, 13, 8, 17, 15, 11, 14, 18, 0, 4, 5, 12, 1, 19, 14, 12, 0, 13, 18, 4, 11, 15, 17, 10, 7, 6, 5, 8, 9, 3, 16, 1, 2, 17, 16, 3, 12, 2, 10, 15, 9, 11, 4, 5, 1, 19, 8, 0, 7, 6, 14, 18, 13, 9, 4, 11, 18, 0, 5, 8, 16, 10, 7, 1, 15, 3, 6, 14, 13, 17, 19, 2, 12, 3, 4, 6, 5, 18, 17, 13, 8, 19, 12, 14, 7, 16, 10, 11, 9, 15, 1, 0, 2, 14, 8, 19, 17, 11, 9, 15, 4, 3, 6, 0, 16, 13, 12, 5, 1, 7, 10, 18, 2, 11, 12, 2, 19, 10, 16, 9, 6, 3, 0, 5, 7, 8, 14, 15, 1, 4, 13, 18, 17]
min  187.57378996760875
NFE 280650
LSNFE 200250
VLSNFE 32584
runTime 7231.680980920792
