gen 0 400 525000000000466.25 2230330692968984.8 363.4623455941259 1e+16 
gen 1 2000 428.9883158068961 22.163186124046987 335.364678951026 454.67136385046433 
gen 2 3600 402.58894870550796 17.74375083724749 335.364678951026 422.619621460527 
gen 3 5200 387.7198102601056 16.166206783552365 316.5295538563423 406.39418367211454 
gen 4 6810 379.5259133493869 14.807429110177708 304.5951006876503 396.68722497291037 
gen 5 8410 372.3303074561993 14.035528329358332 304.5951006876503 388.62880594771775 
gen 6 10010 366.97232654379 13.015752934175538 304.5951006876503 382.11053620189597 
gen 7 11610 360.9424900188782 13.49965122322601 304.5951006876503 376.70143884445844 
gen 8 13220 355.9939757032547 12.86081295911023 293.1849258578445 370.6275776019952 
gen 9 14820 350.7671314240815 12.424262607625817 293.1849258578445 365.92019559800934 
gen 10 16420 347.3184656130234 11.797743213340684 293.1849258578445 361.23016453860146 
gen 11 18020 344.3851298345231 11.524022990133078 291.1166675205368 357.49360354402904 
gen 12 19620 340.9125352986549 11.530220462812169 275.8545946939196 354.23290854874335 
gen 13 21220 338.25980758995314 10.987847474082033 275.8545946939196 351.1882289413729 
gen 14 22820 334.92294757707714 10.841528208538728 273.4312400873008 347.59559657043167 
gen 15 24420 331.7837748123995 10.36037532032031 273.4312400873008 344.0095299702108 
gen 16 26030 329.0721420888812 11.065825620722267 268.3809335483706 341.1494008321439 
gen 17 27630 326.5782223576058 10.910784775245979 268.3809335483706 338.1065497708504 
gen 18 29230 324.7175069476582 10.796203840878508 268.3809335483706 335.8497612361223 
gen 19 30830 322.64185026650483 11.362856146979034 268.3809335483706 334.3330545819888 
gen 20 32430 320.67967192408634 11.452997555109759 268.3809335483706 332.54860043711403 
gen 21 34030 318.9381257226513 11.181792748286638 268.3809335483706 330.6801317261901 
gen 22 35630 317.5050680872348 11.371131885615213 268.3809335483706 329.0915656182424 
gen 23 37230 316.0698893139108 11.105920903513367 268.3809335483706 327.39133338876417 
gen 24 38830 314.8971183961487 10.96156245822599 268.3809335483706 326.35349302988 
gen 25 40440 313.4657025711962 11.284224686837895 241.2058538978489 325.26485600422046 
gen 26 42040 311.7022766179603 10.938093183428016 241.2058538978489 323.31807946188843 
gen 27 43640 309.9887928026414 10.947657172434713 241.2058538978489 321.5632844473267 
gen 28 45240 308.4180253524857 11.160827822149443 241.2058538978489 319.74523964513946 
gen 29 46840 306.7167335307139 11.316379583174239 241.2058538978489 318.30646166916114 
gen 30 48440 305.04436169194435 11.144992599517957 241.2058538978489 316.8094817966454 
gen 31 50040 303.83407526413544 10.729819315021635 241.2058538978489 315.36534564229464 
gen 32 51640 302.226452757741 10.610644977620908 241.2058538978489 313.21312080389384 
gen 33 53240 300.75853565526836 10.678511288132494 241.2058538978489 311.8915445347296 
gen 34 54840 299.2566904073755 11.143546732590512 240.133727376301 310.3821742755187 
gen 35 56440 297.5361496080217 11.57953812973601 240.133727376301 308.8869963857517 
gen 36 58040 296.3091544582159 11.248808517780594 240.133727376301 307.7345721829403 
gen 37 59640 294.86817565124556 11.030191079256642 240.133727376301 306.1109724271432 
gen 38 61250 293.36831162412915 11.196688964779927 237.8433999028792 304.89947050050057 
gen 39 62850 291.723745901172 10.988035880336225 237.8433999028792 303.1570701435223 
gen 40 64450 289.96363403691174 10.797797539748192 237.8433999028792 301.30699523732244 
gen 41 66050 287.9840491182652 10.722487252997572 237.8433999028792 299.3548702902332 
gen 42 67650 286.3455614498179 10.479969652643131 237.8433999028792 297.3637330327369 
gen 43 69250 284.34555506527084 10.53399969910044 236.55868826606957 295.50693443235133 
gen 44 70850 282.7800343697765 10.194776230849083 236.55868826606957 293.4739388626687 
gen 45 72450 280.66898894982495 9.948319598299678 236.55868826606957 291.247671524483 
gen 46 74050 278.79372130188915 9.85765373215925 236.55868826606957 289.96652565804726 
gen 47 75650 276.0449702438465 9.416340109518604 236.55868826606957 287.2622664558472 
gen 48 77250 273.63662931518934 8.781530460254755 236.55868826606957 283.70899401878694 
gen 49 78850 270.9059783632133 8.30798561861894 236.55868826606957 280.7084989903165 
gen 50 80450 268.74039290737386 7.959287098582989 236.55868826606957 277.84474856960253 
gen 51 82050 266.56856767375126 7.839742657017872 236.55868826606957 275.1522673639438 
gen 52 83650 264.11655071915436 7.84752451532475 232.35935103481236 272.49199294129096 
gen 53 85250 262.2333640314953 7.455772339841327 232.35935103481236 270.3683281924512 
gen 54 86850 260.3028829267545 7.257826544114706 232.35935103481236 268.61814857270423 
gen 55 88450 258.1693435746788 7.053885614133979 232.35935103481236 266.55451723894447 
gen 56 90050 256.23853263590297 6.632093858686266 232.35935103481236 264.24851884734466 
gen 57 91650 254.63945038426536 6.423034163153089 232.35935103481236 262.4091970398537 
gen 58 93250 253.34653331816287 6.167544200094337 232.35935103481236 260.62553510300336 
gen 59 94850 252.54890126062912 5.978309430650244 232.35935103481236 259.5214905176338 
gen 60 96450 251.56600226137692 5.90740296282075 232.35935103481236 258.376368589672 
gen 61 98050 250.61971848902408 5.663091422841367 232.35935103481236 257.2297454775447 
gen 62 99660 249.87145937059432 5.437279491733596 230.1507302377295 256.4718226892172 
gen 63 101260 248.79914316073834 5.352988115955693 230.1507302377295 255.01669298140808 
gen 64 102860 248.18043014135728 5.136750949411866 230.1507302377295 254.1776885411643 
gen 65 104460 247.32412680149974 5.150453564591606 227.75704727207062 253.26122150266323 
gen 66 106060 246.64852453369167 5.152875578623076 224.30361535475546 252.50230977075339 
gen 67 107660 245.95530439826015 5.051428149441843 224.30361535475546 251.70208367815118 
gen 68 109260 244.91664205916268 4.944972690666607 224.30361535475546 250.69398228492113 
gen 69 110860 244.171188635858 4.838348178893625 224.30361535475546 250.04796414013745 
gen 70 112460 243.42303818166792 5.016696545269707 219.0394837906724 249.41398128766113 
gen 71 114060 242.57897567235915 4.812955698517417 219.0394837906724 248.4902310710911 
gen 72 115660 241.91688574494046 4.889021506718303 212.41270385870016 247.58590878681682 
gen 73 117260 241.01077925696634 4.772481077032095 212.41270385870016 246.7454471448328 
gen 74 118860 240.44202579355036 4.599985955265037 212.41270385870016 245.8973323845347 
gen 75 120460 239.35282192602617 4.575172318699009 212.41270385870016 244.73112438758892 
gen 76 122060 238.58058843345043 4.474778697995144 212.41270385870016 243.93320546651637 
gen 77 123660 237.61190750002356 4.369696820446064 212.41270385870016 242.69740743612806 
gen 78 125260 236.443487940427 4.670906703756126 209.433421497391 241.577252796445 
gen 79 126860 235.1775644394854 4.791932346125831 209.433421497391 240.29738651372153 
gen 80 128460 233.74591593126675 4.980354691954759 209.433421497391 238.83470145610676 
gen 81 130060 232.37724580647352 4.7371204713861195 209.433421497391 237.42769911916776 
gen 82 131660 231.12271580856296 4.661806188919465 209.433421497391 236.24947190791232 
gen 83 133260 229.85195403318852 4.370060140292388 209.433421497391 234.56438127906017 
gen 84 134860 228.37763180707915 4.343622898755712 209.433421497391 233.25109754000113 
gen 85 136460 227.07378491873635 4.102250074765575 209.433421497391 231.84308266861154 
gen 86 138060 225.790640140487 4.095417271888072 207.86779202344462 230.501714589336 
gen 87 139660 224.68810698067634 3.9480737548920506 207.86779202344462 229.00052153120913 
gen 88 141260 223.6002972274902 4.047049154754721 206.74430241153095 227.77449080258253 
gen 89 142860 222.35651017541954 3.937039599027952 206.74430241153095 226.7603511247878 
gen 90 144460 221.1322521557678 3.7886193193425504 206.74430241153095 225.71997331929532 
gen 91 146060 220.11153150321937 3.6125282711448823 206.74430241153095 224.28480218313493 
gen 92 147660 219.2011384451952 3.467464644683902 205.51683334682764 223.2439445329173 
gen 93 149260 218.2037113376604 3.4195495232838735 205.51683334682764 222.17491176610227 
gen 94 150860 217.16296080197066 3.2445569004308155 205.51683334682764 221.19648604107283 
gen 95 152460 216.23179037202488 3.0597871380730264 205.51683334682764 220.04299718176642 
gen 96 154060 215.52772848115288 2.8887418840272274 205.51683334682764 219.00901412666306 
gen 97 155660 214.97124664154342 2.7507359696841673 205.51683334682764 218.261162678334 
gen 98 157260 214.1668683577253 2.6786440275912575 205.51683334682764 217.4084018696619 
gen 99 158860 213.4906127406088 2.6209145989927034 205.32889198966544 216.56855810960425 
gen 100 160460 212.7303198902673 2.665108619483051 201.60237049416594 215.92694075314645 
gen 101 162060 212.29175333614722 2.5528222839632644 201.60237049416594 215.2750908426567 
gen 102 163660 211.76706380125282 2.517644302864774 201.60237049416594 214.70582188569355 
gen 103 165260 211.23907068738555 2.3903670111318136 201.60237049416594 214.04864163623884 
gen 104 166860 210.6077293363427 2.357233632755895 201.60237049416594 213.50493911002297 
gen 105 168460 210.03133984678752 2.2414830722987396 201.60237049416594 212.90424634938333 
gen 106 170060 209.407921809533 2.2520383352451394 200.612578259788 212.181619890805 
gen 107 171660 208.858743637052 2.2294581220126535 200.612578259788 211.59358061651264 
gen 108 173260 208.3508653333303 2.1438915384941803 198.89665523220842 210.90678207009677 
gen 109 174860 207.80948318759332 2.165056020011107 198.89665523220842 210.3362275996329 
gen 110 176460 207.22412962031908 2.162163469694741 198.89665523220842 209.65699228777672 
gen 111 178060 206.86728180028163 2.072292406391891 198.89665523220842 209.25734452549426 
gen 112 179660 206.5151389734149 2.0524057952919295 198.89665523220842 208.8142397042469 
gen 113 181260 206.1409229538779 2.054770270822005 196.177213551995 208.2305860799631 
gen 114 182860 205.8329734689028 2.0934541796572206 196.177213551995 207.86779202344462 
gen 115 184460 205.40431897782116 2.146562217180058 196.177213551995 207.86779202344462 
gen 116 186080 204.9766606261103 2.1436832726887642 193.96370599212997 207.37476666601782 
gen 117 187680 204.53542557509297 2.115300074737157 193.96370599212997 206.95186162632749 
gen 118 189280 204.107554872355 2.072814526537375 193.96370599212997 206.42762035618603 
gen 119 190880 203.640206586729 2.051645399000995 193.96370599212997 206.04730469871635 
gen 120 192480 203.0161542928149 2.040436281112361 193.96370599212997 205.51114818406086 
gen 121 194080 202.5159713616875 2.0060601933473583 193.96370599212997 204.73701371324447 
gen 122 195680 201.97716235251895 1.9177779069760093 193.96370599212997 204.33189387394214 
gen 123 197280 201.4844217285551 1.8485571918755663 193.96370599212997 203.81510054403554 
gen 124 198880 200.97044705568797 1.7396477180465033 193.96370599212997 203.0727202323198 
gen 125 200480 200.4880392853464 1.647195162493165 193.96370599212997 202.5941413284273 
gen 126 202080 200.06263897975143 1.5266173030641261 193.48569882524967 201.9561750124594 
gen 127 203680 199.70638447628338 1.4338413425016543 193.48569882524967 201.36966003635388 
gen 128 205280 199.34200944210104 1.38899344342056 193.48569882524967 200.8359882053702 
gen 129 206880 198.9389116912069 1.39402468406134 192.24310186508671 200.62893980006484 
gen 130 208480 198.53697089920533 1.292320150671845 192.24310186508671 200.244216008415 
gen 131 210080 198.1203140414581 1.1570796333266178 192.24310186508671 199.57599846933272 
gen 132 211680 197.90812862671746 1.099831642468368 192.24310186508671 198.93155565239388 
gen 133 213280 197.70251256006554 1.183151479782692 192.24310186508671 198.39427190457326 
gen 134 214880 197.53147651005187 1.2559987242102808 192.24310186508671 198.39427190457326 
gen 135 216480 197.2877408547716 1.328339131740038 192.24310186508671 198.39427190457326 
gen 136 218080 197.0019492389331 1.3869741515677547 192.09941356754396 198.39427190457326 
gen 137 219680 196.70180746805883 1.441244387324068 189.18269160488904 198.3352655031899 
gen 138 221280 196.46069208948254 1.4152871229709196 189.18269160488904 198.10192498073215 
gen 139 222880 196.18002840349297 1.4132055617821606 189.18269160488904 197.82086134051067 
gen 140 224480 195.91708039406822 1.3286941251531816 189.18269160488904 197.54840432051085 
gen 141 226080 195.63014337342932 1.2690087558928012 189.18269160488904 197.2107045507484 
gen 142 227680 195.37311401047066 1.2441126440466734 189.18269160488904 196.8643763111219 
gen 143 229280 195.11222975217018 1.1859086780307346 189.18269160488904 196.5476564481577 
gen 144 230880 194.89301493905623 1.132976431277738 189.18269160488904 196.2449597521334 
gen 145 232480 194.67945549020817 1.110122722420712 189.18269160488904 195.9986615335993 
gen 146 234080 194.44366999694034 1.102837746795247 189.18269160488904 195.59159090097796 
gen 147 235680 194.1897116629061 1.1371465827510492 189.18269160488904 195.2058990291621 
gen 148 237280 193.98515411521757 1.1407705138282136 189.18269160488904 195.0365949289442 
gen 149 238880 193.74643495035716 1.1305199781798698 189.18269160488904 195.01428109178553 
gen 150 240480 193.44618629693764 1.0901863518293167 189.18269160488904 194.62743378291663 
gen 151 242080 193.13527291773818 1.0554406284521385 189.18269160488904 194.47311055628555 
gen 152 243680 192.7819107325916 0.9881267865019974 189.18269160488904 194.01134992130972 
gen 153 245280 192.40423874296374 0.910355000574453 189.18269160488904 193.6694511453343 
gen 154 246880 191.97026159373164 0.70964192592147 189.18269160488904 193.05242484796352 
gen 155 248480 191.64290850697697 0.5835556845874537 189.18269160488904 192.51714401880082 
gen 156 250080 191.37425473962176 0.43537810635649604 189.18269160488904 191.94944594307432 
gen 157 251680 191.21963375780456 0.4141150002639557 189.18269160488904 191.65618761491993 
gen 158 253280 191.01819050139312 0.36078749832896845 189.18269160488904 191.599278171247 
gen 159 254880 190.84190666911917 0.25101358678208097 189.18269160488904 191.0330893247802 
gen 160 256480 190.75289826495364 0.25023854375977456 189.18269160488904 191.0330893247802 
gen 161 258080 190.6582619258979 0.2156206753151632 189.18269160488904 190.9500294870994 
gen 162 259680 190.58502836239097 0.18679902137125046 189.18269160488904 190.8220284895273 
gen 163 261280 190.52590163843394 0.1514500377920041 189.18269160488904 190.75638593629353 
gen 164 262880 190.48931279549382 0.16044098809269602 189.18269160488904 190.5292535224894 
gen 165 264480 190.48538625504742 0.1614943554873313 189.18269160488904 190.5292535224894 
gen 166 266080 190.47126725177586 0.17952443044867294 189.18269160488904 190.5292535224894 
gen 167 267680 190.45223513348537 0.20764354698323767 189.06356662905355 190.5292535224894 
gen 168 269280 190.43405507343357 0.22094051921212693 189.06356662905355 190.5292535224894 
gen 169 270880 190.40741675250914 0.23029391164684146 189.06356662905355 190.5292535224894 
gen 170 272480 190.3686757210388 0.24108453994675996 189.06356662905355 190.5292535224894 
gen 171 274080 190.32044387479246 0.23152838878571214 189.06356662905355 190.5292535224894 
gen 172 275680 190.266431847425 0.2194606630819109 189.06356662905355 190.4109802823051 
gen 173 277280 190.24668078992073 0.24308682505913573 189.06356662905355 190.33601226410988 
gen 174 278880 190.22245926226253 0.2708962608013743 189.06356662905355 190.33601226410988 
gen 175 280480 190.18898373664743 0.2995995320477535 189.06356662905355 190.33601226410988 
[9, 2, 5, 0, 16, 15, 12, 11, 14, 7, 17, 19, 1, 13, 8, 3, 6, 4, 18, 10, 14, 2, 9, 0, 5, 10, 3, 11, 19, 8, 12, 4, 15, 1, 13, 7, 6, 18, 16, 17, 10, 14, 4, 13, 19, 0, 17, 9, 16, 1, 2, 8, 7, 15, 6, 12, 5, 18, 11, 3, 3, 5, 1, 18, 15, 19, 0, 16, 4, 7, 6, 14, 9, 12, 8, 2, 11, 17, 10, 13, 6, 18, 12, 4, 19, 17, 10, 13, 7, 3, 0, 5, 15, 9, 11, 1, 14, 2, 16, 8, 1, 5, 8, 10, 7, 14, 19, 16, 3, 0, 12, 13, 9, 6, 4, 2, 18, 15, 17, 11, 10, 12, 0, 18, 7, 8, 2, 16, 19, 1, 5, 14, 15, 4, 3, 11, 13, 9, 17, 6, 4, 3, 8, 14, 7, 0, 2, 11, 9, 16, 17, 12, 13, 6, 1, 19, 10, 15, 18, 5, 19, 16, 13, 6, 14, 4, 3, 17, 2, 10, 18, 8, 0, 15, 1, 9, 5, 7, 11, 12, 3, 8, 6, 9, 2, 12, 4, 19, 7, 5, 0, 1, 13, 15, 17, 16, 14, 18, 10, 11, 0, 7, 4, 17, 13, 15, 2, 1, 18, 10, 19, 14, 6, 16, 5, 9, 12, 8, 3, 11, 14, 13, 7, 10, 0, 1, 9, 8, 17, 3, 16, 18, 2, 6, 12, 4, 19, 15, 11, 5, 16, 0, 13, 2, 19, 7, 8, 5, 6, 10, 12, 11, 15, 1, 14, 18, 17, 4, 3, 9, 6, 18, 5, 16, 11, 3, 14, 0, 17, 15, 8, 13, 19, 10, 4, 7, 12, 1, 2, 9, 15, 3, 14, 5, 10, 4, 1, 11, 13, 16, 7, 18, 17, 0, 19, 2, 6, 9, 8, 12, 17, 8, 7, 9, 13, 0, 15, 19, 6, 3, 14, 16, 2, 4, 11, 5, 10, 18, 12, 1, 11, 9, 3, 5, 15, 4, 12, 8, 14, 6, 17, 2, 7, 19, 10, 13, 1, 18, 16, 0, 12, 3, 17, 9, 5, 10, 11, 0, 19, 8, 1, 4, 7, 14, 6, 16, 13, 2, 18, 15, 3, 15, 8, 5, 4, 1, 19, 10, 18, 0, 2, 17, 12, 6, 9, 16, 7, 11, 13, 14, 2, 7, 5, 3, 15, 14, 1, 0, 13, 10, 6, 18, 8, 19, 17, 16, 9, 11, 12, 4]
min  189.06356662905355
NFE 280480
LSNFE 80
VLSNFE 8
runTime 1181.6210985183716
