gen 0 400 350000000000476.25 1837797594948820.0 357.7317364010473 1e+16 
gen 1 2000 429.3092292503773 20.74842791906632 357.7317364010473 455.15311689654027 
gen 2 3600 405.04616182924065 16.47015973952358 332.6499019496743 426.58262043979386 
gen 3 5220 389.2348946299481 15.36683824627137 315.595546659439 406.94049155279174 
gen 4 6820 379.1945768167663 15.246564042932343 292.762796967373 396.451790493578 
gen 5 8420 371.14737623893166 14.499697034266863 292.762796967373 387.6428225770836 
gen 6 10020 364.7699888798143 14.007099028404145 292.762796967373 380.00213262085106 
gen 7 11650 358.2365018255316 14.32654796138699 275.67103188051993 374.0525559820496 
gen 8 13250 351.49620622012577 13.892988185388756 275.67103188051993 367.4987431995641 
gen 9 14850 345.9361167455986 13.348508970262746 275.67103188051993 360.8382090998123 
gen 10 16450 340.08141962115945 12.79645522455936 275.67103188051993 355.30970043155844 
gen 11 18050 336.0517718823015 12.518856373151385 275.67103188051993 350.4974157271816 
gen 12 19650 332.68990803457416 11.601090211317494 275.67103188051993 346.7003041846442 
gen 13 21250 329.1921833730587 11.4884101714633 275.67103188051993 342.6027894455184 
gen 14 22870 325.9553659349716 11.024426381081168 267.01996757976065 338.46648945772586 
gen 15 24470 323.2832641726056 10.47416400900173 267.01996757976065 335.3278973396643 
gen 16 26070 319.7861696112458 10.59078237355924 267.01996757976065 332.07416446043425 
gen 17 27670 317.7755493865557 10.149890972960192 267.01996757976065 328.96030305920254 
gen 18 29270 315.31610119962477 10.252791164326517 267.01996757976065 326.3486214232463 
gen 19 30870 313.64458980636437 10.119904879008576 267.01996757976065 324.79754175597924 
gen 20 32470 311.54223137424424 10.319006688851882 257.21334297693306 323.08177336369766 
gen 21 34070 309.77264165617294 10.116041087402639 257.21334297693306 320.97716878380106 
gen 22 35670 308.0926324513203 9.782494012960528 257.21334297693306 319.1169372907789 
gen 23 37270 306.1308749038521 10.293964280802552 256.35035607680635 317.4958024986751 
gen 24 38870 304.42735355143463 10.01038835528624 256.35035607680635 315.7921334428399 
gen 25 40470 302.5733075037949 10.121109051320534 256.35035607680635 314.0684770593592 
gen 26 42070 300.65533243137526 9.891254979279193 256.35035607680635 312.319609113254 
gen 27 43670 299.23705640773767 9.752684543352595 253.49303508694973 310.564372896323 
gen 28 45270 297.8219886548261 9.901515250800987 248.09117108696046 309.2002490366495 
gen 29 46870 296.70308500108354 9.603481039396497 248.09117108696046 307.5506992056324 
gen 30 48470 295.756608397031 9.468715568338459 248.09117108696046 306.34095857951235 
gen 31 50070 294.1999256655893 9.870957372348496 239.0505620737428 305.00800485266797 
gen 32 51670 293.0997428343025 9.73537139536091 239.0505620737428 303.72779364714586 
gen 33 53270 291.86402700175375 9.741491919060818 239.0505620737428 302.09294936736865 
gen 34 54870 290.78441264744123 9.583204626219208 239.0505620737428 301.03914155738016 
gen 35 56470 289.67814023572856 9.430927407465235 239.0505620737428 299.89871779352916 
gen 36 58070 288.52055890875397 9.252870979652565 239.0505620737428 298.64426606836685 
gen 37 59670 287.3092726122239 9.047542991025077 239.0505620737428 297.44954843343913 
gen 38 61270 286.44850968474816 8.761907842623714 239.0505620737428 296.3197194634567 
gen 39 62870 285.4630759763557 8.577780749953083 239.0505620737428 295.1644211893631 
gen 40 64470 284.5288817533919 8.351053230720526 239.0505620737428 294.0126599179786 
gen 41 66070 283.5501566319545 8.661965200550169 232.80281430521168 293.09351789721984 
gen 42 67670 282.3594860263828 9.035306133217109 232.80281430521168 292.0485735737342 
gen 43 69270 281.2006292655982 9.131137804667159 232.80281430521168 290.82694438328383 
gen 44 70870 280.3020579244749 9.047016599859303 232.80281430521168 289.9258568529349 
gen 45 72470 278.8930387541613 9.059137464621964 232.80281430521168 288.5409389514639 
gen 46 74070 278.21582822947437 8.908905870343204 232.80281430521168 287.5362105079131 
gen 47 75670 277.61049951118855 8.676916566543165 232.80281430521168 286.4086383392781 
gen 48 77290 276.807727683896 8.532404681980593 226.20393115246077 285.6447997674459 
gen 49 78890 275.8842773081296 8.419631941939988 226.20393115246077 285.0133359522819 
gen 50 80490 274.876216714275 8.738077417042541 219.47450976453473 283.8782515620416 
gen 51 82090 273.92823427692554 8.80614298200636 219.47450976453473 283.0155969212444 
gen 52 83690 273.3558071620796 8.653165515770759 219.47450976453473 282.5487323748384 
gen 53 85290 272.497406424527 8.5504063830743 219.47450976453473 281.6299202825112 
gen 54 86890 271.672513659413 8.449300694569875 219.47450976453473 280.5271267589638 
gen 55 88490 271.03203289632313 8.255735804659222 219.47450976453473 279.5226195850983 
gen 56 90090 270.22000962848176 8.215620046759094 219.47450976453473 278.745915682978 
gen 57 91690 269.31095301642193 8.079923765725558 219.47450976453473 277.71858910033524 
gen 58 93290 268.62701390922683 7.990337435446127 219.47450976453473 277.14397953970956 
gen 59 94890 267.900431590536 7.913888514867451 219.47450976453473 276.2570115607381 
gen 60 96490 266.92833212050033 7.929876534851949 219.47450976453473 275.3277611194603 
gen 61 98090 266.2546411301947 7.9226582170663375 219.47450976453473 274.76909970433553 
gen 62 99690 265.3294692363134 7.920776699531973 219.47450976453473 274.08265216223185 
gen 63 101290 264.57381051228185 7.783253815666015 219.47450976453473 273.3081742038675 
gen 64 102890 264.1366150947744 7.710939589039825 219.47450976453473 272.8317661941637 
gen 65 104490 263.44813556391034 7.526379653196017 219.47450976453473 271.75924246674265 
gen 66 106090 262.34498950568855 7.618388456930425 219.47450976453473 270.82528061794125 
gen 67 107690 261.5709809059441 7.540574043861389 219.47450976453473 270.2240728660399 
gen 68 109290 260.7426012176357 7.434969805071136 219.47450976453473 269.42879041155646 
gen 69 110890 259.6678183694541 7.345545418117877 219.47450976453473 268.37485742952686 
gen 70 112490 258.70905340064104 7.177075108493682 219.47450976453473 267.3410706209553 
gen 71 114090 257.8397689527972 7.00073271300777 219.47450976453473 266.16031519214584 
gen 72 115690 256.889775274717 7.238852149093034 216.44487466018327 265.28638268178673 
gen 73 117290 255.786268361809 7.208954897418417 216.44487466018327 263.9820684922386 
gen 74 118890 255.04878263134705 7.1751170156739414 216.44487466018327 262.8636267584935 
gen 75 120490 253.98057883331015 7.294640744050094 216.44487466018327 261.9327845232784 
gen 76 122090 253.00085544539368 7.475814528971018 216.44487466018327 260.65712992301985 
gen 77 123690 251.9550954055378 7.50350302309749 216.44487466018327 259.7371627508416 
gen 78 125290 250.63748178646205 7.457468551607303 216.44487466018327 258.5381686315269 
gen 79 126900 249.51206506199492 7.450852626668703 215.5585721700137 257.6742159276328 
gen 80 128500 248.63622387926037 7.2691646094443705 215.5585721700137 256.87120049174064 
gen 81 130100 247.33676844676813 7.412751988941873 215.5585721700137 255.55123291889578 
gen 82 131710 245.66982271255065 7.299753310286787 211.5664089332111 253.7539075362133 
gen 83 133310 244.1224294701325 7.406029296846462 208.01998775606046 252.18960366634875 
gen 84 134910 242.16911452908636 7.387941700539657 208.01998775606046 250.5327243594864 
gen 85 136510 240.61349046809394 7.397739020533449 206.78896627833194 248.64750782170702 
gen 86 138110 238.82905981135016 7.2020128612351035 206.78896627833194 246.72731569442394 
gen 87 139710 236.92592593805625 7.017405153115778 206.78896627833194 244.90678400814176 
gen 88 141310 234.81034741959817 6.697576770137885 206.78896627833194 242.53406102767724 
gen 89 142910 232.85731171557592 6.4706671296729255 206.78896627833194 240.5813237778343 
gen 90 144510 231.28010117622048 6.2999784086887 202.27199463069596 238.52428600239236 
gen 91 146110 229.68804152968966 6.017863542242486 202.27199463069596 236.89872156819715 
gen 92 147710 228.3690840253588 6.0883770358098355 194.79409691661238 235.26117614118587 
gen 93 149310 226.9583577232496 5.93841498195712 194.79409691661238 233.62138344737565 
gen 94 150910 225.81471708030926 5.948246030172314 194.79409691661238 232.30738712855083 
gen 95 152510 224.71996353595696 5.792300598885779 194.79409691661238 231.25341271508086 
gen 96 154110 223.35431754688943 5.993828210364844 194.79409691661238 230.1070997223266 
gen 97 155710 222.00511690868453 5.867032555592754 194.79409691661238 228.66023898946892 
gen 98 157310 220.8713517592439 5.820125918730145 194.79409691661238 227.45053721455378 
gen 99 158910 220.0517023771553 5.568293760235147 194.79409691661238 226.58498661501687 
gen 100 160510 219.28538671441268 5.490748642027417 194.79409691661238 225.63609465303733 
gen 101 162110 218.29373681885045 5.695758062900001 192.61312347330005 224.70251314231 
gen 102 163710 217.4218330302048 5.421488568829077 192.61312347330005 223.8428811876332 
gen 103 165310 216.50219035865476 5.329017843929668 192.61312347330005 222.76329505250695 
gen 104 166910 215.62917087318064 5.211110659718068 192.61312347330005 221.68870629879507 
gen 105 168510 215.04006806006524 5.095168523180701 192.61312347330005 220.9971424139576 
gen 106 170110 214.29583085494 4.944735679122176 192.61312347330005 220.13439512515922 
gen 107 171710 213.4248978194182 4.878112679184936 192.61312347330005 219.0252546375861 
gen 108 173310 212.67710989959508 4.9607430502575225 192.61312347330005 218.48198691281158 
gen 109 174910 211.8739156024425 4.7606455467250655 192.61312347330005 217.3865250878717 
gen 110 176510 211.09511188811754 4.710511285309194 192.61312347330005 216.5853805186411 
gen 111 178110 210.61475465203534 4.664636974580357 192.61312347330005 216.02262524397418 
gen 112 179710 210.10901488345044 4.606671447530018 192.61312347330005 215.46815390220266 
gen 113 181310 209.69281519426033 4.590279428634628 192.61312347330005 214.92834094953017 
gen 114 182910 209.08069040765352 4.517388024042124 192.41032546376357 214.430342614572 
gen 115 184510 208.40265452254948 4.438538425565697 192.41032546376357 213.67893909072654 
gen 116 186110 207.80312739326007 4.488525081560502 192.41032546376357 213.00908750890602 
gen 117 187710 207.38363833859546 4.348707754734097 192.41032546376357 212.50721004866392 
gen 118 189310 206.92052006905914 4.383651362308329 191.55927344038508 212.08279474444225 
gen 119 190910 206.47431062148945 4.378947825869877 187.73878560207382 211.65008318764166 
gen 120 192510 206.1056902380196 4.336716172521876 187.73878560207382 211.16471181311292 
gen 121 194110 205.6543097489716 4.300541643691769 187.73878560207382 210.6918433071416 
gen 122 195710 205.44080349509852 4.268420935565187 187.73878560207382 210.41359283327006 
gen 123 197310 204.95586134798256 4.4000577522309 181.3544999384739 210.0383452047867 
gen 124 198910 204.52469968747795 4.421368560297286 181.3544999384739 209.55837474082054 
gen 125 200510 204.0043745362672 4.347691001443386 181.3544999384739 209.03064423642715 
gen 126 202110 203.4958877285317 4.509744155685708 181.3544999384739 208.63218739754618 
gen 127 203710 202.93309571644124 4.536059533819541 181.3544999384739 208.0170527409658 
gen 128 205310 202.47138920217472 4.496070498732992 181.3544999384739 207.48282218131598 
gen 129 206910 202.15676602932152 4.414071191641389 181.3544999384739 207.09317082684012 
gen 130 208520 201.72816848453698 4.461082037913563 180.70961969935846 206.78896627833194 
gen 131 210120 201.2927607803266 4.434461942041687 180.70961969935846 206.37157029194836 
gen 132 211720 200.66065870790422 4.386573579455641 180.70961969935846 206.0165030320896 
gen 133 213320 200.30518257816374 4.356055851209057 180.70961969935846 205.58691768029104 
gen 134 214920 199.63880853278297 4.309946619517762 180.70961969935846 204.67426841240436 
gen 135 216520 199.05204736822895 4.14899854736368 180.70961969935846 203.95275678973786 
gen 136 218120 198.15113849934417 4.2932698559112765 173.57701952762267 203.0686596129935 
gen 137 219720 197.62711202090694 4.194505000231548 173.57701952762267 202.5425488441016 
gen 138 221320 196.9111573372378 4.08142693792518 173.57701952762267 201.91391155959576 
gen 139 222920 195.9589105968147 3.9764638670997807 173.57701952762267 200.92249339420073 
gen 140 224520 194.69928609262578 3.7681647325123273 173.57701952762267 199.32222103062819 
gen 141 226120 193.3417582696755 3.5189793504631477 173.57701952762267 197.47933417064235 
gen 142 227720 192.3094974169287 3.3625661850175153 173.57701952762267 194.79409691661238 
gen 143 229320 191.05390576265773 3.2174284252498055 173.57701952762267 194.06678011266285 
gen 144 230920 189.89596416519578 3.1364233034865534 173.57701952762267 193.06849119226317 
gen 145 232520 188.40345176574897 2.627603992543923 173.57701952762267 190.3611414185805 
gen 146 234120 187.048359382107 2.2278577888683104 173.57701952762267 190.23335165262594 
gen 147 235720 185.90311078068447 1.7033973799181723 173.57701952762267 186.83376059514322 
gen 148 237320 184.98449454180474 1.411103839574377 173.57701952762267 185.70278115656248 
gen 149 238920 184.788849911578 1.352979498418921 173.57701952762267 185.1858278586996 
gen 150 240520 184.7648843119103 1.3885768286067874 173.57701952762267 185.1858278586996 
gen 151 242120 184.7569622485022 1.3926267102996672 173.57701952762267 185.1858278586996 
gen 152 243720 184.67531137536196 1.4921543565830242 173.57701952762267 185.1858278586996 
gen 153 245320 184.60085788244228 1.5321125374669646 173.57701952762267 185.1858278586996 
gen 154 246920 184.4228305494535 1.6379080977565341 173.57701952762267 185.1858278586996 
gen 155 248520 183.93093198624584 1.8654065899001835 173.57701952762267 185.1858278586996 
gen 156 250120 182.25931340324277 1.641182341945678 173.57701952762267 185.1858278586996 
gen 157 251720 181.3044915591874 1.1823658967235828 173.57701952762267 181.80843820181155 
gen 158 253320 180.82703265425857 1.5328349607400773 173.57701952762267 181.80843820181155 
gen 159 254920 179.8092983343685 1.722546554652378 173.57701952762267 181.80843820181155 
gen 160 256520 178.3582939780445 1.1971578626114894 173.57701952762267 179.76655116303846 
gen 161 258120 177.16551353092436 0.28015852128709556 173.57701952762267 178.08200260837245 
gen 162 259720 177.12035816251512 0.23304043628930896 173.57701952762267 177.1606438906893 
gen 163 261320 177.10258970719758 0.25328780995990585 173.57701952762267 177.1606438906893 
gen 164 262920 177.05757044287645 0.33628859100463987 173.48369542566948 177.1606438906893 
gen 165 264520 176.98853589753438 0.3764875853753456 173.48369542566948 177.1606438906893 
gen 166 266120 176.86318841004956 0.4022351263885998 173.48369542566948 177.1606438906893 
gen 167 267720 176.53895967819543 0.3060853198170131 173.48369542566948 177.1606438906893 
gen 168 269320 176.49585434962424 0.32168627923565424 173.0830948230379 176.5448115364085 
gen 169 270920 176.47719413741487 0.38209150944822073 173.0830948230379 176.5448115364085 
gen 170 272520 176.44936636362385 0.4376312367679546 173.0830948230379 176.5448115364085 
gen 171 274120 176.42205093592986 0.4678987157654118 173.0830948230379 176.5448115364085 
gen 172 275720 176.35153163716933 0.6184413993245133 170.70215496148717 176.5448115364085 
gen 173 277320 176.18354201470902 0.8428706931797192 170.70215496148717 176.5448115364085 
gen 174 278920 175.87249489094617 1.0594841185261408 170.70215496148717 176.5448115364085 
gen 175 280520 175.35172156552565 1.2185140450125607 170.70215496148717 176.21068763861675 
[9, 16, 1, 10, 12, 5, 13, 4, 15, 18, 6, 0, 8, 2, 19, 14, 7, 17, 11, 3, 2, 1, 12, 7, 14, 19, 5, 16, 3, 4, 8, 17, 0, 13, 9, 15, 11, 6, 18, 10, 10, 9, 4, 12, 2, 19, 8, 13, 17, 0, 3, 7, 5, 14, 16, 6, 18, 1, 15, 11, 7, 15, 4, 9, 1, 14, 19, 17, 13, 3, 2, 11, 8, 6, 16, 12, 10, 0, 18, 5, 3, 8, 12, 0, 10, 6, 5, 11, 7, 17, 9, 4, 15, 18, 2, 1, 16, 14, 13, 19, 2, 7, 17, 1, 13, 5, 3, 4, 6, 0, 12, 14, 11, 15, 8, 16, 10, 18, 9, 19, 17, 11, 4, 5, 9, 13, 7, 8, 19, 1, 2, 0, 14, 18, 6, 12, 15, 16, 10, 3, 14, 12, 5, 18, 1, 9, 0, 8, 3, 15, 7, 17, 10, 13, 2, 16, 11, 19, 6, 4, 19, 16, 10, 5, 1, 13, 17, 15, 3, 7, 4, 9, 12, 8, 0, 18, 6, 2, 11, 14, 12, 9, 1, 11, 18, 3, 15, 5, 0, 7, 6, 10, 16, 19, 13, 4, 17, 2, 8, 14, 8, 14, 5, 9, 0, 11, 15, 6, 7, 13, 1, 16, 19, 3, 2, 18, 17, 10, 4, 12, 8, 0, 12, 6, 16, 10, 14, 5, 7, 11, 4, 9, 18, 19, 13, 15, 3, 17, 2, 1, 10, 18, 6, 8, 19, 15, 13, 5, 2, 3, 7, 0, 14, 11, 1, 17, 9, 12, 16, 4, 14, 10, 13, 2, 1, 19, 17, 9, 11, 7, 0, 8, 3, 18, 4, 16, 6, 15, 5, 12, 0, 5, 10, 3, 6, 2, 19, 14, 13, 11, 8, 16, 18, 17, 15, 9, 1, 7, 12, 4, 14, 13, 6, 12, 8, 19, 11, 15, 1, 2, 3, 16, 10, 0, 5, 18, 17, 7, 4, 9, 11, 5, 12, 6, 14, 0, 18, 7, 9, 1, 15, 8, 17, 19, 2, 13, 10, 4, 16, 3, 3, 15, 19, 12, 4, 7, 16, 13, 6, 9, 5, 0, 14, 1, 8, 17, 11, 2, 10, 18, 14, 13, 3, 6, 4, 10, 0, 8, 15, 11, 2, 1, 18, 17, 16, 5, 12, 7, 19, 9, 1, 3, 11, 19, 2, 18, 16, 14, 7, 8, 12, 15, 13, 17, 10, 9, 4, 0, 5, 6]
min  170.70215496148717
NFE 280520
LSNFE 120
VLSNFE 14
runTime 1228.1567409038544
