gen 0 400 500000000000464.94 2179449471770230.5 369.78320505912893 1e+16 
gen 1 2000 428.56692541597863 19.951472985711842 346.22120263079364 452.391649553654 
gen 2 3600 407.0019707056826 17.23781044212624 336.90054848184906 427.16475957893437 
gen 3 5200 389.3894963128496 16.645078393847356 328.23525998238 409.0721352681178 
gen 4 6800 378.0040492422024 16.436182634684286 302.68011337683055 396.66130891710856 
gen 5 8400 368.37776716378426 14.849734958704795 302.68011337683055 385.71822989963744 
gen 6 10000 361.4483932238711 14.17392953663339 302.68011337683055 377.22062605410576 
gen 7 11600 356.58692749501165 12.585471382650848 302.68011337683055 371.62820839896165 
gen 8 13200 351.8083256174697 12.560281913825905 297.0689173085196 366.00131233145623 
gen 9 14800 347.91445456587496 11.79123381529847 297.0689173085196 361.2973123281211 
gen 10 16400 342.9338382627478 12.09231095970833 292.23987849439675 356.8305587958394 
gen 11 18000 340.0609903981183 11.765091279439712 292.23987849439675 353.2161598377636 
gen 12 19600 335.92148477018003 11.834863627366444 275.3841435575337 349.2731632377151 
gen 13 21210 333.2003634062098 11.407244447288884 273.31415144463415 345.98658635566113 
gen 14 22810 330.070932779953 11.450514532013797 273.31415144463415 342.69581765465955 
gen 15 24410 327.05124793267225 11.21481851530754 273.31415144463415 339.54370242974596 
gen 16 26010 325.1380465127163 10.83163803867421 273.31415144463415 337.1579932888083 
gen 17 27610 322.313713092451 10.80448526495327 273.31415144463415 334.6213687099074 
gen 18 29210 320.3490285390181 10.576987120792962 273.31415144463415 331.94576743868174 
gen 19 30830 318.3650686673628 10.56382073807841 268.22430254117984 330.0888357687998 
gen 20 32430 316.47089556281554 10.00972531723473 268.22430254117984 327.71928366023155 
gen 21 34030 314.05043986521326 9.959046736141362 268.22430254117984 325.59931660268114 
gen 22 35630 311.9266705218343 9.710529147996999 268.22430254117984 323.17136069475055 
gen 23 37230 310.0463979266675 9.895667038189977 254.63653424651926 321.38572962792387 
gen 24 38870 308.0332833976751 9.8735892897025 239.7746224669487 319.18874721009837 
gen 25 40470 306.3102642016352 9.635436956768826 239.7746224669487 317.38955215999715 
gen 26 42090 305.100481516238 9.480321173231909 236.28234871077828 316.04807208876343 
gen 27 43690 303.2374967569174 9.211743234204514 236.28234871077828 314.1779178521101 
gen 28 45290 301.49233014714736 8.855069680482028 236.28234871077828 312.3613118388254 
gen 29 46890 299.8155605505549 8.490400156794093 236.28234871077828 309.7997734240896 
gen 30 48490 297.5280720200489 8.96254908492623 236.28234871077828 307.60759083316424 
gen 31 50090 295.49175620361945 8.988607979049856 236.28234871077828 305.48179728574297 
gen 32 51690 293.44701136513214 8.592652796065597 236.28234871077828 303.2555934568407 
gen 33 53290 291.31118858712375 8.660017409221041 236.28234871077828 301.21919792482333 
gen 34 54890 288.4618318991914 8.364611972940914 236.28234871077828 297.8504916812616 
gen 35 56490 285.4523879860605 8.27315522869008 236.28234871077828 294.4432215564617 
gen 36 58090 282.34577220422625 7.9778970617123415 236.28234871077828 290.80494592326363 
gen 37 59690 278.23735708756845 7.959248493963684 236.28234871077828 286.7803274353987 
gen 38 61290 274.4735459359936 7.733777626559284 236.28234871077828 283.1243897779064 
gen 39 62890 270.59062075139 7.45418176925144 236.28234871077828 278.9062028477294 
gen 40 64490 266.97044010201006 7.290356878492897 236.28234871077828 275.5395993895161 
gen 41 66090 263.25263068565806 6.701508519693705 236.28234871077828 271.1379085487066 
gen 42 67690 260.08003145986675 6.4888959812303595 236.28234871077828 267.73063911777365 
gen 43 69290 257.5696621474136 6.4141919621092 232.691600291845 264.96858810728054 
gen 44 70890 255.1674921754234 6.19857775113688 232.691600291845 262.52250141793303 
gen 45 72490 252.77229879453495 5.826139748079839 232.691600291845 259.8035664514817 
gen 46 74090 250.46704780300547 5.848407303327927 228.8796042876263 257.7056466649445 
gen 47 75690 248.42168482168475 5.646610736084891 226.95711913365287 255.26443846961274 
gen 48 77290 246.07423637732765 5.641961366254306 220.83020117115865 252.7034371871251 
gen 49 78890 244.49627337484927 5.640324800936847 220.83020117115865 250.96816094482668 
gen 50 80490 242.74065498361077 5.297620864076082 220.83020117115865 249.18799291570187 
gen 51 82090 241.5024807802976 5.110293090560823 220.83020117115865 247.7514671114641 
gen 52 83690 240.31185468441842 4.935944882541802 220.83020117115865 246.27368244837407 
gen 53 85290 238.87834742206377 4.927857894091938 213.18864506658792 244.66573324568165 
gen 54 86890 237.85479948003405 4.964049072318343 213.18864506658792 243.50643711417194 
gen 55 88490 236.82921905910763 4.805494259945795 213.18864506658792 242.43816844308054 
gen 56 90090 235.71067750326415 4.940671095529181 213.18864506658792 241.4699420614511 
gen 57 91690 234.67533996826694 4.781430377581412 213.18864506658792 240.19803295492162 
gen 58 93290 233.9959079132686 4.572466197674337 213.18864506658792 239.39784161427752 
gen 59 94890 233.09726728083987 4.592052460322769 213.18864506658792 238.4387407351359 
gen 60 96490 232.00192655064603 4.504684881654162 213.18864506658792 237.4868629630809 
gen 61 98090 230.96968260301986 4.527490139960518 213.18864506658792 236.40876721089066 
gen 62 99690 229.97579548154755 4.724167771250282 207.3255309900286 235.5271750176699 
gen 63 101290 229.1484467550915 4.7709913234306285 207.3255309900286 234.61052789608556 
gen 64 102890 228.27848919343276 4.688175835575234 207.3255309900286 233.7555376738107 
gen 65 104490 227.55351709596368 4.548026903440699 207.3255309900286 232.76520602855538 
gen 66 106090 226.8933270844703 4.388982853525801 207.3255309900286 231.86596102337194 
gen 67 107690 226.11349214858132 4.490866722035635 205.67565222279268 231.16445127670812 
gen 68 109290 225.45450746723589 4.393037251906433 205.67565222279268 230.25049400477215 
gen 69 110890 224.96195879165506 4.349774348426698 205.67565222279268 229.70526777777255 
gen 70 112490 224.42660419193973 4.408512962401525 202.65002500609754 229.01034354494888 
gen 71 114090 223.96136393249915 4.4415670964280585 201.87665350873965 228.42837051783565 
gen 72 115690 223.49048609308247 4.555373356609595 201.87665350873965 228.10292246460764 
gen 73 117290 222.64061842173524 4.668359496724667 201.87665350873965 227.37785029792997 
gen 74 118890 221.9518042172687 4.724282792706123 201.87665350873965 227.09801268066587 
gen 75 120490 221.34626353140476 4.819425603209597 199.70294960083015 226.67207526781385 
gen 76 122090 220.8738440809945 4.901436825454943 199.70294960083015 226.16774572148705 
gen 77 123690 220.21951308173587 5.02271098434314 199.70294960083015 225.6258228101547 
gen 78 125290 219.59628990136835 4.924213909354139 199.70294960083015 225.05422129431147 
gen 79 126890 218.89910088057593 4.925978078926945 199.70294960083015 224.44237215701816 
gen 80 128490 218.0886979416787 5.0573566250760775 199.70294960083015 223.62039756861972 
gen 81 130090 217.37876805382672 5.118233989517994 199.70294960083015 222.892869749603 
gen 82 131690 216.84113461603292 5.2288646735556314 192.5429985881569 222.33282911634504 
gen 83 133290 216.23114700364707 5.185512921409069 192.5429985881569 221.75910094622375 
gen 84 134890 215.6752670570222 5.079921045987027 192.5429985881569 221.10287896046282 
gen 85 136490 214.90546324296758 5.283804844403989 182.8321083936134 220.45061579040177 
gen 86 138090 214.2726985128458 5.183385528650324 182.8321083936134 219.92207703301622 
gen 87 139690 213.6508795165285 5.018861033139308 182.8321083936134 219.20423601061833 
gen 88 141290 212.96468597498367 4.919850327501353 182.8321083936134 218.19854126087756 
gen 89 142890 212.15245158498274 4.935082048947228 182.8321083936134 217.27904391103343 
gen 90 144490 211.28253163605018 4.959669517462343 182.8321083936134 216.96045180702916 
gen 91 146090 210.6557291569712 4.850743145833871 182.8321083936134 216.25546810647566 
gen 92 147690 209.85298261714613 4.701525072369348 182.8321083936134 215.3376969625961 
gen 93 149290 208.8892247210003 4.497992167185545 182.8321083936134 214.4395637143319 
gen 94 150890 207.87497442824338 4.350004488468059 182.8321083936134 213.02400159990341 
gen 95 152490 206.81440254835627 4.439125437766811 182.8321083936134 211.922721981608 
gen 96 154090 205.9375884480362 4.3790588142484905 182.8321083936134 210.87817242896105 
gen 97 155690 205.02953896160986 4.461050274292683 182.8321083936134 209.78223156349043 
gen 98 157290 203.94094453646485 4.4896540686722775 182.8321083936134 209.0833420393879 
gen 99 158890 202.76438025601286 4.310716826723356 182.8321083936134 207.69879759449265 
gen 100 160490 201.5114381559062 4.248526035661995 182.8321083936134 206.4061083581443 
gen 101 162090 200.2848067004578 3.9933957438863796 182.8321083936134 204.94832942604225 
gen 102 163690 198.7986606793364 4.260772572377437 179.52521742270673 203.69994593713906 
gen 103 165290 197.03041584468548 4.142383328128187 179.52521742270673 202.06709745765323 
gen 104 166890 195.01675717591533 3.8768904398869495 179.00196335942556 199.70294960083015 
gen 105 168490 192.86889684354685 3.47474152245298 179.00196335942556 197.41364196595242 
gen 106 170090 191.30304945994874 3.0065163130178036 179.00196335942556 195.20366117019114 
gen 107 171690 189.8323056232115 2.8455153258068013 179.00196335942556 193.0278510512526 
gen 108 173290 188.51426078768745 2.884878847595048 177.97928821667438 192.1049677168789 
gen 109 174890 187.32295719482698 2.7660462361181786 176.92501899139813 190.64123181928554 
gen 110 176490 185.98651650787878 2.668216466822845 176.92501899139813 189.18696051030722 
gen 111 178090 184.7651472356803 2.619645741800688 173.4810229085439 187.91666659913264 
gen 112 179690 183.47533407395997 2.5140980537542608 173.4810229085439 186.71803477075287 
gen 113 181290 182.39059796457565 2.350618506023186 173.4810229085439 185.20180625238132 
gen 114 182890 181.30941877225527 2.2950284662337834 173.00706860211668 183.9348565277951 
gen 115 184490 180.2365033006976 2.3216042388594937 170.09208898104245 182.89854987338495 
gen 116 186090 179.11407890105394 2.234335243422435 168.4476910286583 181.87492827814827 
gen 117 187690 178.0219330857331 2.0029342491389115 168.4476910286583 180.65575742069046 
gen 118 189290 176.95903336414722 1.8129290727682397 168.4476910286583 179.09538518859603 
gen 119 190890 176.14003597952015 1.6859060306184441 168.4476910286583 178.11609448521605 
gen 120 192490 175.42732344981619 1.6438295223719082 168.4476910286583 177.239282992322 
gen 121 194090 174.76576656215883 1.6405132037736292 168.4476910286583 176.39480593368273 
gen 122 195690 173.9112382007218 1.7832701345252746 165.27932086111622 175.7565764967705 
gen 123 197290 173.2367405007339 1.8192016629047556 165.27932086111622 175.14467458880787 
gen 124 198890 172.4490449630888 1.8050572814770842 165.27932086111622 174.36207392160645 
gen 125 200490 171.55762642542032 1.667336697454865 165.27932086111622 173.70518629936265 
gen 126 202090 170.91699865010168 1.544882419545689 165.27932086111622 172.77927723613104 
gen 127 203690 170.09339818587767 1.5980642525198858 164.9958671315682 171.96300941658407 
gen 128 205290 169.25545270017378 1.4630834488052866 163.85730995477155 171.24277788199123 
gen 129 206890 168.4871537033202 1.2865189679128899 163.85730995477155 170.17479256003924 
gen 130 208490 167.66735791384417 1.175856429628373 163.85730995477155 168.9237326878814 
gen 131 210090 166.9043718150496 1.1902103994541366 163.40127161415995 168.46022464221898 
gen 132 211690 165.98741507075675 0.8449446029944491 163.40127161415995 167.20238015360363 
gen 133 213290 165.15532696703653 0.48695522329117524 163.0286838723036 166.21509582502898 
gen 134 214890 164.82829232402167 0.40644083248004026 162.10100873244602 164.9958671315682 
gen 135 216490 164.59446262135398 0.5683441711207949 162.10100873244602 164.9958671315682 
gen 136 218090 164.09849151853882 0.5260306004118255 162.10100873244602 164.9958671315682 
gen 137 219690 163.68691533857887 0.40302149598070847 162.10100873244602 163.99044697806562 
gen 138 221290 163.17923276596025 0.21943125905523 162.10100873244602 163.40127161415995 
gen 139 222890 162.99368567380122 0.10502934603607254 162.10100873244602 163.01787258054264 
gen 140 224490 162.97492437419126 0.1306775288397465 162.10100873244602 163.01787258054264 
gen 141 226090 162.94435724254626 0.1609442878794224 162.10100873244602 163.01787258054264 
gen 142 227690 162.8580728000603 0.19207590611922107 162.10100873244602 163.01787258054264 
gen 143 229290 162.7060455304471 0.15624533834232474 162.10100873244602 162.76963395242828 
gen 144 230890 162.65040300734196 0.19684649384540118 162.10100873244602 162.76963395242828 
gen 145 232490 162.50865666092608 0.21999558024136254 162.10100873244602 162.76963395242828 
gen 146 234090 162.29457497824612 0.06405592076983835 162.10100873244602 162.3936423828073 
gen 147 235690 162.26179205402963 0.037846963276557906 162.10100873244602 162.2707008924287 
gen 148 237290 162.2562770588302 0.04732403726317894 162.10100873244602 162.2707008924287 
gen 149 238890 162.24227745563164 0.06336673121498322 162.10100873244602 162.2707008924287 
gen 150 240490 162.21724786203416 0.07882470251710136 162.10100873244602 162.2707008924287 
gen 151 242090 162.15615868444038 0.07947953995767736 162.10100873244602 162.2707008924287 
gen 152 243690 162.101008732446 2.842170943040401e-14 162.10100873244602 162.10100873244602 
gen 153 245290 162.101008732446 2.842170943040401e-14 162.10100873244602 162.10100873244602 
gen 154 246890 162.101008732446 2.842170943040401e-14 162.10100873244602 162.10100873244602 
gen 155 248490 162.101008732446 2.842170943040401e-14 162.10100873244602 162.10100873244602 
gen 156 250090 162.101008732446 2.842170943040401e-14 162.10100873244602 162.10100873244602 
gen 157 251690 162.101008732446 2.842170943040401e-14 162.10100873244602 162.10100873244602 
gen 158 253290 162.101008732446 2.842170943040401e-14 162.10100873244602 162.10100873244602 
gen 159 254890 162.101008732446 2.842170943040401e-14 162.10100873244602 162.10100873244602 
gen 160 256490 162.101008732446 2.842170943040401e-14 162.10100873244602 162.10100873244602 
gen 161 258090 162.101008732446 2.842170943040401e-14 162.10100873244602 162.10100873244602 
gen 162 259690 162.101008732446 2.842170943040401e-14 162.10100873244602 162.10100873244602 
gen 163 261290 162.101008732446 2.842170943040401e-14 162.10100873244602 162.10100873244602 
gen 164 262890 162.101008732446 2.842170943040401e-14 162.10100873244602 162.10100873244602 
gen 165 264490 162.101008732446 2.842170943040401e-14 162.10100873244602 162.10100873244602 
gen 166 266090 162.101008732446 2.842170943040401e-14 162.10100873244602 162.10100873244602 
gen 167 267690 162.101008732446 2.842170943040401e-14 162.10100873244602 162.10100873244602 
gen 168 269290 162.101008732446 2.842170943040401e-14 162.10100873244602 162.10100873244602 
gen 169 270890 162.101008732446 2.842170943040401e-14 162.10100873244602 162.10100873244602 
gen 170 272490 162.101008732446 2.842170943040401e-14 162.10100873244602 162.10100873244602 
gen 171 274090 162.101008732446 2.842170943040401e-14 162.10100873244602 162.10100873244602 
gen 172 275690 162.101008732446 2.842170943040401e-14 162.10100873244602 162.10100873244602 
gen 173 277290 162.101008732446 2.842170943040401e-14 162.10100873244602 162.10100873244602 
gen 174 278890 162.101008732446 2.842170943040401e-14 162.10100873244602 162.10100873244602 
gen 175 280490 162.101008732446 2.842170943040401e-14 162.10100873244602 162.10100873244602 
[1, 0, 7, 3, 17, 8, 6, 4, 18, 2, 9, 12, 16, 11, 10, 5, 15, 14, 13, 19, 7, 14, 19, 2, 11, 6, 18, 15, 1, 3, 10, 0, 4, 17, 13, 16, 8, 9, 12, 5, 8, 12, 6, 7, 3, 0, 10, 16, 9, 13, 11, 5, 17, 1, 2, 14, 19, 15, 4, 18, 6, 18, 9, 4, 12, 7, 1, 11, 19, 10, 0, 17, 2, 15, 13, 14, 5, 8, 3, 16, 3, 12, 9, 10, 4, 7, 18, 1, 14, 8, 15, 2, 6, 16, 13, 5, 11, 0, 19, 17, 2, 5, 11, 13, 3, 14, 8, 19, 0, 16, 17, 6, 7, 4, 9, 18, 12, 1, 15, 10, 16, 14, 1, 17, 12, 13, 3, 11, 9, 6, 0, 15, 8, 18, 7, 5, 4, 10, 2, 19, 6, 12, 18, 3, 17, 10, 7, 5, 13, 14, 16, 8, 0, 2, 4, 19, 1, 9, 15, 11, 11, 5, 15, 19, 18, 12, 10, 13, 7, 4, 14, 0, 1, 17, 2, 8, 9, 16, 6, 3, 8, 5, 0, 2, 16, 10, 7, 9, 6, 3, 15, 1, 18, 14, 4, 13, 12, 17, 11, 19, 13, 14, 17, 19, 10, 16, 3, 8, 9, 15, 2, 0, 1, 4, 18, 11, 5, 6, 7, 12, 13, 14, 2, 3, 16, 15, 19, 4, 6, 12, 7, 1, 5, 8, 18, 9, 10, 11, 17, 0, 16, 11, 14, 18, 6, 10, 0, 17, 3, 1, 5, 4, 19, 8, 12, 9, 13, 2, 7, 15, 18, 11, 9, 15, 19, 5, 7, 1, 13, 14, 8, 3, 0, 16, 4, 6, 2, 17, 10, 12, 10, 2, 5, 6, 0, 17, 14, 8, 16, 3, 13, 7, 4, 19, 18, 12, 1, 15, 9, 11, 10, 4, 14, 6, 2, 11, 5, 8, 15, 7, 18, 0, 13, 19, 17, 1, 12, 3, 9, 16, 9, 19, 17, 14, 4, 16, 10, 3, 5, 15, 0, 13, 6, 7, 1, 2, 18, 8, 11, 12, 3, 15, 12, 9, 2, 14, 7, 18, 16, 1, 10, 19, 4, 17, 13, 11, 0, 8, 5, 6, 6, 19, 12, 10, 0, 4, 16, 8, 14, 2, 17, 9, 7, 3, 5, 15, 18, 13, 1, 11, 19, 7, 1, 3, 16, 2, 18, 9, 8, 15, 0, 5, 4, 11, 12, 13, 10, 17, 6, 14]
min  162.10100873244602
NFE 280490
LSNFE 90
VLSNFE 12
runTime 1136.6756393909454
