gen 0 20 177.30243619515363 35.68122610191811 115.5160554636423 271.3957643782417 
gen 1 100 134.81317645500235 13.103210361329948 111.92317407027069 150.15851151245874 
gen 2 190 117.50575747898029 4.9328594159449155 108.93282032572814 128.43404807588007 
gen 3 270 112.04179512726444 1.1927419458045059 108.93282032572814 113.31706174898628 
gen 4 360 111.21802978394558 1.169466349019939 108.93282032572814 111.92317407027069 
gen 5 450 110.13613457303506 1.3513055561505087 108.93282032572814 111.92317407027069 
gen 6 530 108.93282032572816 1.4210854715202004e-14 108.93282032572814 108.93282032572814 
gen 7 610 108.93282032572816 1.4210854715202004e-14 108.93282032572814 108.93282032572814 
gen 8 700 108.93282032572816 1.4210854715202004e-14 108.93282032572814 108.93282032572814 
gen 9 790 108.93282032572816 1.4210854715202004e-14 108.93282032572814 108.93282032572814 
gen 10 870 108.93282032572816 1.4210854715202004e-14 108.93282032572814 108.93282032572814 
gen 11 960 108.93282032572816 1.4210854715202004e-14 108.93282032572814 108.93282032572814 
gen 12 1040 108.93282032572816 1.4210854715202004e-14 108.93282032572814 108.93282032572814 
gen 13 1130 108.93282032572816 1.4210854715202004e-14 108.93282032572814 108.93282032572814 
gen 14 1210 108.93282032572816 1.4210854715202004e-14 108.93282032572814 108.93282032572814 
gen 15 1290 108.93282032572816 1.4210854715202004e-14 108.93282032572814 108.93282032572814 
gen 16 1380 108.93282032572816 1.4210854715202004e-14 108.93282032572814 108.93282032572814 
gen 17 1460 108.93282032572816 1.4210854715202004e-14 108.93282032572814 108.93282032572814 
gen 18 1550 108.93282032572816 1.4210854715202004e-14 108.93282032572814 108.93282032572814 
gen 19 1630 108.93282032572816 1.4210854715202004e-14 108.93282032572814 108.93282032572814 
gen 20 1710 108.93282032572816 1.4210854715202004e-14 108.93282032572814 108.93282032572814 
gen 21 1790 108.93282032572816 1.4210854715202004e-14 108.93282032572814 108.93282032572814 
gen 22 1880 108.93282032572816 1.4210854715202004e-14 108.93282032572814 108.93282032572814 
gen 23 1960 108.93282032572816 1.4210854715202004e-14 108.93282032572814 108.93282032572814 
gen 24 2040 108.93282032572816 1.4210854715202004e-14 108.93282032572814 108.93282032572814 
gen 25 2120 108.93282032572816 1.4210854715202004e-14 108.93282032572814 108.93282032572814 
gen 26 2200 108.93282032572816 1.4210854715202004e-14 108.93282032572814 108.93282032572814 
gen 27 2280 108.93282032572816 1.4210854715202004e-14 108.93282032572814 108.93282032572814 
gen 28 2360 108.93282032572816 1.4210854715202004e-14 108.93282032572814 108.93282032572814 
gen 29 2440 108.93282032572816 1.4210854715202004e-14 108.93282032572814 108.93282032572814 
gen 30 2520 108.93282032572816 1.4210854715202004e-14 108.93282032572814 108.93282032572814 
gen 31 2600 108.93282032572816 1.4210854715202004e-14 108.93282032572814 108.93282032572814 
gen 32 2690 108.93282032572816 1.4210854715202004e-14 108.93282032572814 108.93282032572814 
gen 33 2770 108.93282032572816 1.4210854715202004e-14 108.93282032572814 108.93282032572814 
gen 34 2850 108.93282032572816 1.4210854715202004e-14 108.93282032572814 108.93282032572814 
gen 35 2930 108.93282032572816 1.4210854715202004e-14 108.93282032572814 108.93282032572814 
gen 36 3010 108.93282032572816 1.4210854715202004e-14 108.93282032572814 108.93282032572814 
gen 37 3090 108.93282032572816 1.4210854715202004e-14 108.93282032572814 108.93282032572814 
gen 38 3170 108.93282032572816 1.4210854715202004e-14 108.93282032572814 108.93282032572814 
gen 39 3250 108.93282032572816 1.4210854715202004e-14 108.93282032572814 108.93282032572814 
gen 40 3330 108.93282032572816 1.4210854715202004e-14 108.93282032572814 108.93282032572814 
gen 41 3410 108.93282032572816 1.4210854715202004e-14 108.93282032572814 108.93282032572814 
gen 42 3490 108.93282032572816 1.4210854715202004e-14 108.93282032572814 108.93282032572814 
gen 43 3580 108.93282032572816 1.4210854715202004e-14 108.93282032572814 108.93282032572814 
gen 44 3670 108.93282032572816 1.4210854715202004e-14 108.93282032572814 108.93282032572814 
gen 45 3750 108.93282032572816 1.4210854715202004e-14 108.93282032572814 108.93282032572814 
gen 46 3830 108.93282032572816 1.4210854715202004e-14 108.93282032572814 108.93282032572814 
gen 47 3910 108.93282032572816 1.4210854715202004e-14 108.93282032572814 108.93282032572814 
gen 48 3990 108.93282032572816 1.4210854715202004e-14 108.93282032572814 108.93282032572814 
gen 49 4070 108.93282032572816 1.4210854715202004e-14 108.93282032572814 108.93282032572814 
gen 50 4160 108.93282032572816 1.4210854715202004e-14 108.93282032572814 108.93282032572814 
gen 51 4240 108.93282032572816 1.4210854715202004e-14 108.93282032572814 108.93282032572814 
gen 52 4320 108.93282032572816 1.4210854715202004e-14 108.93282032572814 108.93282032572814 
gen 53 4410 108.93282032572816 1.4210854715202004e-14 108.93282032572814 108.93282032572814 
gen 54 4490 108.93282032572816 1.4210854715202004e-14 108.93282032572814 108.93282032572814 
gen 55 4570 108.93282032572816 1.4210854715202004e-14 108.93282032572814 108.93282032572814 
gen 56 4650 108.93282032572816 1.4210854715202004e-14 108.93282032572814 108.93282032572814 
gen 57 4740 108.93282032572816 1.4210854715202004e-14 108.93282032572814 108.93282032572814 
gen 58 4820 108.93282032572816 1.4210854715202004e-14 108.93282032572814 108.93282032572814 
gen 59 4900 108.93282032572816 1.4210854715202004e-14 108.93282032572814 108.93282032572814 
gen 60 4980 108.93282032572816 1.4210854715202004e-14 108.93282032572814 108.93282032572814 
gen 61 5060 108.93282032572816 1.4210854715202004e-14 108.93282032572814 108.93282032572814 
gen 62 5140 108.93282032572816 1.4210854715202004e-14 108.93282032572814 108.93282032572814 
gen 63 5220 108.93282032572816 1.4210854715202004e-14 108.93282032572814 108.93282032572814 
gen 64 5300 108.93282032572816 1.4210854715202004e-14 108.93282032572814 108.93282032572814 
gen 65 5380 108.93282032572816 1.4210854715202004e-14 108.93282032572814 108.93282032572814 
gen 66 5460 108.93282032572816 1.4210854715202004e-14 108.93282032572814 108.93282032572814 
gen 67 5540 108.93282032572816 1.4210854715202004e-14 108.93282032572814 108.93282032572814 
gen 68 5620 108.93282032572816 1.4210854715202004e-14 108.93282032572814 108.93282032572814 
gen 69 5700 108.93282032572816 1.4210854715202004e-14 108.93282032572814 108.93282032572814 
gen 70 5780 108.93282032572816 1.4210854715202004e-14 108.93282032572814 108.93282032572814 
gen 71 5870 108.93282032572816 1.4210854715202004e-14 108.93282032572814 108.93282032572814 
gen 72 5950 108.93282032572816 1.4210854715202004e-14 108.93282032572814 108.93282032572814 
gen 73 6040 108.93282032572816 1.4210854715202004e-14 108.93282032572814 108.93282032572814 
gen 74 6120 108.93282032572816 1.4210854715202004e-14 108.93282032572814 108.93282032572814 
gen 75 6210 108.93282032572816 1.4210854715202004e-14 108.93282032572814 108.93282032572814 
gen 76 6290 108.93282032572816 1.4210854715202004e-14 108.93282032572814 108.93282032572814 
gen 77 6370 108.93282032572816 1.4210854715202004e-14 108.93282032572814 108.93282032572814 
gen 78 6450 108.93282032572816 1.4210854715202004e-14 108.93282032572814 108.93282032572814 
gen 79 6540 108.93282032572816 1.4210854715202004e-14 108.93282032572814 108.93282032572814 
gen 80 6630 108.93282032572816 1.4210854715202004e-14 108.93282032572814 108.93282032572814 
gen 81 6710 108.93282032572816 1.4210854715202004e-14 108.93282032572814 108.93282032572814 
gen 82 6790 108.93282032572816 1.4210854715202004e-14 108.93282032572814 108.93282032572814 
gen 83 6880 108.93282032572816 1.4210854715202004e-14 108.93282032572814 108.93282032572814 
gen 84 6960 108.93282032572816 1.4210854715202004e-14 108.93282032572814 108.93282032572814 
gen 85 7040 108.93282032572816 1.4210854715202004e-14 108.93282032572814 108.93282032572814 
gen 86 7120 108.93282032572816 1.4210854715202004e-14 108.93282032572814 108.93282032572814 
gen 87 7200 108.93282032572816 1.4210854715202004e-14 108.93282032572814 108.93282032572814 
gen 88 7280 108.93282032572816 1.4210854715202004e-14 108.93282032572814 108.93282032572814 
gen 89 7370 108.93282032572816 1.4210854715202004e-14 108.93282032572814 108.93282032572814 
gen 90 7450 108.93282032572816 1.4210854715202004e-14 108.93282032572814 108.93282032572814 
gen 91 7530 108.93282032572816 1.4210854715202004e-14 108.93282032572814 108.93282032572814 
gen 92 7610 108.93282032572816 1.4210854715202004e-14 108.93282032572814 108.93282032572814 
gen 93 7690 108.93282032572816 1.4210854715202004e-14 108.93282032572814 108.93282032572814 
gen 94 7770 108.93282032572816 1.4210854715202004e-14 108.93282032572814 108.93282032572814 
gen 95 7850 108.93282032572816 1.4210854715202004e-14 108.93282032572814 108.93282032572814 
gen 96 7930 108.93282032572816 1.4210854715202004e-14 108.93282032572814 108.93282032572814 
gen 97 8010 108.93282032572816 1.4210854715202004e-14 108.93282032572814 108.93282032572814 
gen 98 8090 108.93282032572816 1.4210854715202004e-14 108.93282032572814 108.93282032572814 
gen 99 8170 108.93282032572816 1.4210854715202004e-14 108.93282032572814 108.93282032572814 
gen 100 8260 108.93282032572816 1.4210854715202004e-14 108.93282032572814 108.93282032572814 
gen 101 8340 108.93282032572816 1.4210854715202004e-14 108.93282032572814 108.93282032572814 
gen 102 8420 108.93282032572816 1.4210854715202004e-14 108.93282032572814 108.93282032572814 
gen 103 8500 108.93282032572816 1.4210854715202004e-14 108.93282032572814 108.93282032572814 
gen 104 8580 108.93282032572816 1.4210854715202004e-14 108.93282032572814 108.93282032572814 
gen 105 8670 108.93282032572816 1.4210854715202004e-14 108.93282032572814 108.93282032572814 
gen 106 8750 108.93282032572816 1.4210854715202004e-14 108.93282032572814 108.93282032572814 
gen 107 8840 108.93282032572816 1.4210854715202004e-14 108.93282032572814 108.93282032572814 
gen 108 8930 108.93282032572816 1.4210854715202004e-14 108.93282032572814 108.93282032572814 
gen 109 9010 108.93282032572816 1.4210854715202004e-14 108.93282032572814 108.93282032572814 
gen 110 9100 108.93282032572816 1.4210854715202004e-14 108.93282032572814 108.93282032572814 
gen 111 9180 108.93282032572816 1.4210854715202004e-14 108.93282032572814 108.93282032572814 
gen 112 9260 108.93282032572816 1.4210854715202004e-14 108.93282032572814 108.93282032572814 
gen 113 9340 108.93282032572816 1.4210854715202004e-14 108.93282032572814 108.93282032572814 
gen 114 9420 108.93282032572816 1.4210854715202004e-14 108.93282032572814 108.93282032572814 
gen 115 9500 108.93282032572816 1.4210854715202004e-14 108.93282032572814 108.93282032572814 
gen 116 9590 108.93282032572816 1.4210854715202004e-14 108.93282032572814 108.93282032572814 
gen 117 9670 108.93282032572816 1.4210854715202004e-14 108.93282032572814 108.93282032572814 
gen 118 9760 108.93282032572816 1.4210854715202004e-14 108.93282032572814 108.93282032572814 
gen 119 9840 108.93282032572816 1.4210854715202004e-14 108.93282032572814 108.93282032572814 
gen 120 9920 108.93282032572816 1.4210854715202004e-14 108.93282032572814 108.93282032572814 
gen 121 10000 108.93282032572816 1.4210854715202004e-14 108.93282032572814 108.93282032572814 
gen 122 10080 108.93282032572816 1.4210854715202004e-14 108.93282032572814 108.93282032572814 
gen 123 10160 108.93282032572816 1.4210854715202004e-14 108.93282032572814 108.93282032572814 
gen 124 10240 108.93282032572816 1.4210854715202004e-14 108.93282032572814 108.93282032572814 
gen 125 10320 108.93282032572816 1.4210854715202004e-14 108.93282032572814 108.93282032572814 
gen 126 10400 108.93282032572816 1.4210854715202004e-14 108.93282032572814 108.93282032572814 
gen 127 10480 108.93282032572816 1.4210854715202004e-14 108.93282032572814 108.93282032572814 
gen 128 10560 108.93282032572816 1.4210854715202004e-14 108.93282032572814 108.93282032572814 
gen 129 10650 108.93282032572816 1.4210854715202004e-14 108.93282032572814 108.93282032572814 
gen 130 10740 108.93282032572816 1.4210854715202004e-14 108.93282032572814 108.93282032572814 
gen 131 10820 108.93282032572816 1.4210854715202004e-14 108.93282032572814 108.93282032572814 
gen 132 10900 108.93282032572816 1.4210854715202004e-14 108.93282032572814 108.93282032572814 
gen 133 10980 108.93282032572816 1.4210854715202004e-14 108.93282032572814 108.93282032572814 
gen 134 11060 108.93282032572816 1.4210854715202004e-14 108.93282032572814 108.93282032572814 
gen 135 11140 108.93282032572816 1.4210854715202004e-14 108.93282032572814 108.93282032572814 
gen 136 11230 108.93282032572816 1.4210854715202004e-14 108.93282032572814 108.93282032572814 
gen 137 11320 108.93282032572816 1.4210854715202004e-14 108.93282032572814 108.93282032572814 
gen 138 11400 108.93282032572816 1.4210854715202004e-14 108.93282032572814 108.93282032572814 
gen 139 11480 108.93282032572816 1.4210854715202004e-14 108.93282032572814 108.93282032572814 
gen 140 11560 108.93282032572816 1.4210854715202004e-14 108.93282032572814 108.93282032572814 
gen 141 11650 108.93282032572816 1.4210854715202004e-14 108.93282032572814 108.93282032572814 
gen 142 11730 108.93282032572816 1.4210854715202004e-14 108.93282032572814 108.93282032572814 
gen 143 11810 108.93282032572816 1.4210854715202004e-14 108.93282032572814 108.93282032572814 
gen 144 11900 108.93282032572816 1.4210854715202004e-14 108.93282032572814 108.93282032572814 
gen 145 11990 108.93282032572816 1.4210854715202004e-14 108.93282032572814 108.93282032572814 
gen 146 12070 108.93282032572816 1.4210854715202004e-14 108.93282032572814 108.93282032572814 
gen 147 12150 108.93282032572816 1.4210854715202004e-14 108.93282032572814 108.93282032572814 
gen 148 12230 108.93282032572816 1.4210854715202004e-14 108.93282032572814 108.93282032572814 
gen 149 12310 108.93282032572816 1.4210854715202004e-14 108.93282032572814 108.93282032572814 
gen 150 12390 108.93282032572816 1.4210854715202004e-14 108.93282032572814 108.93282032572814 
gen 151 12470 108.93282032572816 1.4210854715202004e-14 108.93282032572814 108.93282032572814 
gen 152 12550 108.93282032572816 1.4210854715202004e-14 108.93282032572814 108.93282032572814 
gen 153 12640 108.93282032572816 1.4210854715202004e-14 108.93282032572814 108.93282032572814 
gen 154 12730 108.93282032572816 1.4210854715202004e-14 108.93282032572814 108.93282032572814 
gen 155 12810 108.93282032572816 1.4210854715202004e-14 108.93282032572814 108.93282032572814 
gen 156 12890 108.93282032572816 1.4210854715202004e-14 108.93282032572814 108.93282032572814 
gen 157 12970 108.93282032572816 1.4210854715202004e-14 108.93282032572814 108.93282032572814 
gen 158 13060 108.93282032572816 1.4210854715202004e-14 108.93282032572814 108.93282032572814 
gen 159 13140 108.93282032572816 1.4210854715202004e-14 108.93282032572814 108.93282032572814 
gen 160 13220 108.93282032572816 1.4210854715202004e-14 108.93282032572814 108.93282032572814 
gen 161 13300 108.93282032572816 1.4210854715202004e-14 108.93282032572814 108.93282032572814 
gen 162 13380 108.93282032572816 1.4210854715202004e-14 108.93282032572814 108.93282032572814 
gen 163 13470 108.93282032572816 1.4210854715202004e-14 108.93282032572814 108.93282032572814 
gen 164 13560 108.93282032572816 1.4210854715202004e-14 108.93282032572814 108.93282032572814 
gen 165 13640 108.93282032572816 1.4210854715202004e-14 108.93282032572814 108.93282032572814 
gen 166 13720 108.93282032572816 1.4210854715202004e-14 108.93282032572814 108.93282032572814 
gen 167 13800 108.93282032572816 1.4210854715202004e-14 108.93282032572814 108.93282032572814 
gen 168 13880 108.93282032572816 1.4210854715202004e-14 108.93282032572814 108.93282032572814 
gen 169 13960 108.93282032572816 1.4210854715202004e-14 108.93282032572814 108.93282032572814 
gen 170 14040 108.93282032572816 1.4210854715202004e-14 108.93282032572814 108.93282032572814 
[1, 0, 3, 2, 2, 0, 3, 1, 3, 2, 1, 0, 0, 1, 3, 2, 1, 3, 2, 0]
min  108.93282032572814
NFE 14040
LSNFE 420
VLSNFE 0
runTime 4.570840358734131
