gen 0 64 1875000000002147.8 3903123748997967.5 1171.803628387464 1e+16 
gen 1 6484 1061.7515267196934 61.45804751691026 827.620745163675 1151.570205388595 
gen 2 12884 892.8954281868307 30.791425526006375 799.8432991164173 928.5376519081653 
gen 3 19284 829.9995027412963 15.921188575707633 786.4593719187959 851.5230823706045 
gen 4 25684 793.3240140011744 13.729429103682039 753.8853374400942 807.6235859756487 
gen 5 32084 761.5428176565603 8.3975942515522 736.6432335764259 771.3711787550642 
gen 6 38484 733.8444174571531 5.972521489941264 712.541702639197 740.335835138972 
gen 7 44884 718.0751363913282 2.9171129156486413 708.5074775726994 720.9945833644953 
[1, 7, 4, 5, 2, 6, 3, 0, 6, 0, 4, 5, 1, 2, 3, 7, 6, 0, 4, 7, 2, 5, 1, 3, 1, 7, 5, 2, 4, 0, 6, 3, 6, 7, 4, 5, 2, 0, 3, 1, 1, 0, 7, 4, 5, 6, 2, 3, 1, 7, 4, 5, 3, 2, 6, 0, 0, 5, 7, 2, 1, 4, 6, 3]
min  708.5074775726994
NFE 44884
LSNFE 20
VLSNFE 3
runTime 53.79620003700256
