gen 0 64 1093750000002417.2 3121091305536368.5 881.5815937648124 1e+16 
gen 1 6464 1098.6916567936676 74.29273295524573 881.5815937648124 1179.4556742037123 
gen 2 12864 896.5783774981201 30.580803428488935 777.6237665093837 936.3762957805455 
gen 3 19264 828.993593792855 20.05862906178369 777.5348294981974 855.2764294500428 
gen 4 25664 795.2242952179867 16.138014569509256 745.091612996312 813.228906129615 
gen 5 32064 771.036201128043 12.584516205100964 725.3956057300161 785.466279199333 
gen 6 38464 737.1935105996038 16.125262097101473 683.2126601439525 755.8799043534855 
gen 7 44864 691.8881286304284 6.895520041756409 675.2317011618863 700.7192013814889 
[1, 0, 5, 7, 4, 6, 3, 2, 6, 3, 5, 7, 1, 4, 2, 0, 6, 3, 2, 5, 7, 1, 0, 4, 1, 0, 7, 6, 3, 4, 2, 5, 6, 3, 2, 7, 4, 0, 5, 1, 6, 3, 5, 7, 0, 2, 1, 4, 1, 2, 6, 5, 4, 3, 0, 7, 1, 2, 0, 5, 3, 7, 4, 6]
min  675.2317011618863
NFE 44864
LSNFE 0
VLSNFE 0
runTime 52.96868181228638
