gen 0 360 65.58150752580673 0.37275547753922705 64.46795818702796 66.62299186118828 
gen 1 7200 64.98315235983077 0.15731532524197503 64.41015625505631 65.16698487423854 
gen 2 14620 64.69377664435368 0.09769679416859281 64.38530767443862 64.8138052074846 
gen 3 22030 64.53741683930222 0.05687594711124415 64.36273774295233 64.61411264962163 
gen 4 29550 64.4352722539611 0.03942556652991585 64.27897616278712 64.48662006440783 
gen 5 36510 64.3661420956591 0.03002681329436202 64.26845012563884 64.4013127286686 
gen 6 43680 64.31558233872228 0.021959835971318533 64.23644764183551 64.3442011979097 
gen 7 50830 64.28229256290466 0.017519536499244075 64.21200556273126 64.3035067373765 
gen 8 58230 64.26014960248219 0.01571260315733963 64.18756340519087 64.2774055914217 
gen 9 65250 64.24404295433236 0.013287014342035561 64.18756340519087 64.25972413938284 
gen 10 72670 64.23061603799877 0.011916351180915124 64.18756340519087 64.2450797138536 
gen 11 79790 64.22070628176718 0.011678108698710608 64.17096041391507 64.2336402453238 
gen 12 86970 64.21145265062496 0.011408791858339972 64.15793736037689 64.22486620597512 
gen 13 94300 64.20355689144961 0.011269632429465371 64.14738048803771 64.21734811389908 
gen 14 101270 64.19648545695361 0.01032565113351273 64.14738048803771 64.20925638468646 
gen 15 108540 64.19041037134805 0.00978512449472228 64.14738048803771 64.20229828168415 
gen 16 115640 64.18514813783301 0.010186228235602626 64.1438525364406 64.19672009442021 
gen 17 122790 64.18008852100047 0.00966231468592463 64.1438525364406 64.19087961969602 
gen 18 129820 64.17495503128546 0.009225163486744969 64.1438525364406 64.18604129307491 
gen 19 136960 64.17005178646274 0.008473629344943803 64.13951250830642 64.18100916224547 
gen 20 143890 64.16467894169698 0.008526295436648621 64.1204657936679 64.17510615682353 
gen 21 150990 64.15994769034052 0.008205407079432585 64.1204657936679 64.17001329265612 
gen 22 158160 64.1550583202961 0.007904761508120419 64.1204657936679 64.16502208566412 
gen 23 165050 64.15012733826771 0.007343183368135632 64.1204657936679 64.1586829462957 
gen 24 172230 64.14518140854341 0.007295819837099736 64.11785944037857 64.15397378360106 
gen 25 179310 64.14049629554584 0.0065081069238497 64.11785944037857 64.14816177279933 
gen 26 186760 64.13554364415636 0.006165268619354112 64.1161701814739 64.14327277644807 
gen 27 193920 64.13120735419058 0.005628124286479506 64.10661487703166 64.13827567211507 
gen 28 200790 64.12754461837018 0.0049763990012681005 64.10661487703166 64.13358308691306 
gen 29 207920 64.12425769694183 0.004616123948812381 64.10364392989999 64.1297328925202 
gen 30 215200 64.12079032128297 0.004365550603351896 64.10134805356083 64.12613508195027 
gen 31 222580 64.1180044675582 0.0038033856003924817 64.10134805356083 64.12276186672626 
gen 32 229760 64.11558215500445 0.00371233746225657 64.10134805356083 64.12005931656059 
gen 33 236910 64.11325723360571 0.003965646368560019 64.09468190301571 64.11739520548002 
gen 34 243760 64.11140024703485 0.004134271246416687 64.09468190301571 64.1157482430172 
gen 35 250850 64.10932618432577 0.004011383198465652 64.09359372103455 64.11380224117637 
gen 36 258020 64.10683840616983 0.0040459350746828125 64.09052277900679 64.11156740716399 
[4, 7, 15, 13, 12, 2, 1, 11, 17, 0, 9, 5, 16, 8, 3, 10, 6, 14, 13, 4, 14, 5, 2, 1, 8, 16, 17, 15, 6, 7, 3, 11, 9, 10, 12, 0, 5, 13, 12, 3, 0, 8, 15, 16, 14, 9, 1, 7, 17, 10, 11, 4, 2, 6, 2, 1, 15, 12, 5, 9, 3, 4, 6, 11, 10, 8, 16, 17, 14, 7, 0, 13, 5, 3, 2, 9, 17, 8, 14, 1, 7, 0, 6, 11, 12, 13, 16, 15, 10, 4, 13, 0, 14, 7, 4, 3, 1, 5, 2, 9, 8, 12, 6, 16, 15, 11, 17, 10, 2, 15, 1, 0, 17, 13, 6, 11, 14, 8, 7, 9, 3, 5, 12, 10, 4, 16, 8, 0, 9, 1, 5, 17, 2, 6, 13, 4, 15, 16, 11, 3, 12, 10, 14, 7, 8, 6, 13, 9, 11, 15, 16, 12, 10, 0, 14, 7, 4, 1, 5, 17, 3, 2, 14, 10, 9, 2, 6, 3, 11, 12, 13, 15, 16, 4, 7, 8, 17, 0, 1, 5, 4, 9, 1, 10, 8, 15, 0, 17, 3, 7, 13, 12, 2, 14, 6, 16, 5, 11, 12, 10, 0, 16, 14, 7, 4, 3, 8, 1, 2, 5, 13, 11, 15, 9, 17, 6, 2, 9, 10, 17, 4, 6, 8, 0, 11, 12, 15, 3, 16, 5, 13, 7, 1, 14, 13, 0, 3, 10, 12, 11, 7, 1, 15, 16, 6, 2, 5, 4, 17, 9, 14, 8, 17, 6, 5, 16, 3, 4, 15, 12, 14, 13, 9, 2, 0, 11, 8, 10, 1, 7, 17, 15, 7, 10, 16, 5, 0, 6, 1, 11, 9, 8, 4, 13, 12, 14, 2, 3, 3, 10, 6, 7, 4, 8, 15, 16, 17, 9, 2, 13, 12, 14, 5, 0, 11, 1, 12, 1, 8, 3, 2, 0, 16, 6, 5, 11, 7, 15, 14, 9, 10, 13, 17, 4, 3, 4, 8, 14, 7, 17, 16, 12, 0, 6, 2, 1, 10, 11, 9, 13, 5, 15, 17, 4, 13, 16, 11, 6, 9, 15, 7, 12, 2, 3, 5, 8, 1, 10, 0, 14]
min  64.09052277900679
NFE 258020
LSNFE 179900
VLSNFE 9928
runTime 701.8414990901947
