gen 0 360 65.62357511557687 0.3549550363102271 64.54860842044422 66.55409477399033 
gen 1 7280 65.06050909342721 0.14610242713727628 64.54860842044422 65.2390372905302 
gen 2 14210 64.77109315250785 0.09136512441044999 64.47805740239141 64.89902669461071 
gen 3 21270 64.60096177769753 0.06115973181207149 64.30100743953588 64.67440341171223 
gen 4 28320 64.49229826807095 0.048700629591147675 64.30100743953588 64.54972421641097 
gen 5 35410 64.41038094295172 0.036272335507759525 64.27171397505187 64.45352230288243 
gen 6 42810 64.34999346185899 0.030033056270574753 64.23585422419106 64.38435278615951 
gen 7 49940 64.30219193502246 0.01995682238262553 64.23585422419106 64.32784196270936 
gen 8 57400 64.27166766819538 0.016652683857572778 64.19542603209422 64.29117565207135 
gen 9 64710 64.25083272233654 0.014292751618360477 64.17790323909988 64.26720958454001 
gen 10 72010 64.23277897559218 0.013537850347271693 64.17790323909988 64.24862818032915 
gen 11 79370 64.22224171414297 0.012294301813146875 64.17790323909988 64.23625004577956 
gen 12 86630 64.21422478519314 0.01228566945224225 64.16576938542265 64.2280775347361 
gen 13 93530 64.20592306633813 0.01155926422965237 64.16576938542265 64.21972334047364 
gen 14 100730 64.19713734441898 0.011251943863946337 64.14927868972595 64.21104174982545 
gen 15 107870 64.19169668046548 0.010354371243902727 64.14927868972595 64.20436893754672 
gen 16 115430 64.18727955562515 0.009955593443030097 64.14927868972595 64.19875331298529 
gen 17 122580 64.18272880522642 0.009765001334752457 64.1475206871477 64.19368245766242 
gen 18 129570 64.1789513663765 0.009597451867518732 64.14628551266063 64.19016004727783 
gen 19 136780 64.17445579638279 0.009275350682125937 64.14208122201457 64.1859612370629 
gen 20 144180 64.17047528930105 0.009326292619903412 64.13844334604372 64.18237826270322 
gen 21 151350 64.16615433308944 0.009146187641687904 64.13255295675559 64.17690014694398 
gen 22 158550 64.15962264554834 0.00999749308816355 64.11162895993868 64.17143551797665 
gen 23 165460 64.15312940140979 0.008962627387999163 64.11162895993868 64.16376751987411 
gen 24 172830 64.14473891707692 0.007260285824253052 64.10713713558232 64.153870636502 
gen 25 180380 64.13758204731897 0.0063489990921515626 64.10669767410556 64.14495475218571 
gen 26 187580 64.13133782877674 0.006554654805237861 64.10033391422128 64.138377821375 
gen 27 194900 64.12527236189577 0.006290449303764419 64.0980598819959 64.13248762751707 
gen 28 202120 64.12094166496209 0.0055685257535826975 64.0980598819959 64.12726804307424 
gen 29 209480 64.11629942661142 0.005758889446320417 64.09570838915204 64.12311260188196 
gen 30 216990 64.1116313056525 0.005198034199205202 64.08984920398822 64.11820203007166 
gen 31 224360 64.10737576893601 0.004404021282678882 64.08984920398822 64.11284112376376 
gen 32 231140 64.10409947726772 0.003901223829972519 64.08867514994182 64.10896098667378 
gen 33 238250 64.10069464792828 0.0033360259030273125 64.08867514994182 64.10505143345367 
gen 34 245700 64.09806955702425 0.00310746096658 64.08794492100289 64.10206451655584 
gen 35 253080 64.09519823255643 0.0030156850225063164 64.08626848430667 64.09878742166366 
[15, 17, 6, 0, 5, 8, 7, 4, 3, 9, 1, 10, 11, 14, 2, 13, 12, 16, 4, 9, 7, 8, 2, 10, 5, 3, 0, 15, 11, 12, 14, 16, 13, 6, 17, 1, 2, 12, 7, 10, 11, 14, 16, 13, 6, 4, 8, 5, 17, 9, 15, 3, 1, 0, 5, 13, 11, 9, 12, 6, 17, 3, 10, 2, 14, 15, 8, 4, 1, 7, 0, 16, 6, 8, 4, 14, 11, 9, 1, 3, 15, 17, 7, 0, 16, 12, 10, 2, 5, 13, 6, 14, 0, 4, 3, 7, 2, 1, 13, 9, 11, 8, 17, 16, 12, 5, 10, 15, 16, 12, 15, 5, 17, 10, 9, 14, 13, 8, 2, 11, 3, 4, 1, 6, 0, 7, 0, 7, 14, 12, 9, 5, 16, 17, 13, 15, 4, 10, 2, 1, 8, 6, 3, 11, 8, 6, 13, 9, 11, 12, 15, 16, 10, 14, 0, 4, 3, 7, 5, 1, 17, 2, 2, 6, 12, 14, 10, 7, 16, 17, 9, 3, 15, 0, 4, 5, 8, 13, 1, 11, 12, 14, 3, 10, 9, 6, 4, 8, 17, 2, 13, 1, 0, 15, 11, 5, 16, 7, 16, 10, 12, 14, 0, 4, 9, 15, 3, 5, 13, 11, 8, 6, 2, 7, 17, 1, 7, 8, 11, 10, 2, 14, 17, 4, 5, 15, 9, 3, 0, 16, 13, 12, 6, 1, 3, 16, 11, 7, 13, 0, 9, 8, 15, 12, 6, 10, 4, 14, 2, 5, 17, 1, 11, 2, 14, 0, 7, 1, 9, 12, 16, 8, 5, 13, 10, 15, 17, 6, 4, 3, 4, 6, 12, 7, 13, 15, 3, 8, 9, 16, 1, 11, 2, 10, 14, 17, 5, 0, 4, 5, 8, 14, 15, 6, 10, 12, 17, 16, 3, 13, 1, 7, 11, 9, 2, 0, 8, 15, 4, 5, 11, 6, 16, 1, 14, 2, 12, 3, 9, 10, 7, 0, 17, 13, 14, 5, 9, 2, 3, 7, 11, 15, 13, 0, 8, 16, 10, 4, 17, 1, 6, 12, 14, 7, 4, 3, 2, 16, 15, 0, 10, 8, 5, 12, 1, 17, 13, 9, 11, 6]
min  64.08626848430667
NFE 253080
LSNFE 177120
VLSNFE 9785
runTime 670.1470296382904
