gen 0 360 65.61915183628503 0.3636804588228195 64.67244292251512 66.59083135071828 
gen 1 7570 65.03100640893919 0.14518529304778283 64.46917738811788 65.21776346313291 
gen 2 15080 64.72901892793385 0.08765993625256219 64.41804350870284 64.8396935733893 
gen 3 22230 64.56159459485829 0.06436263934522253 64.28819753103858 64.64097152051927 
gen 4 29670 64.44851059293526 0.04630796080200878 64.28018308815109 64.5060472847061 
gen 5 36970 64.36381896372052 0.03344191804188002 64.22149262165838 64.40874774882332 
gen 6 44340 64.31208733180281 0.020970739130774223 64.21267067304557 64.33882119925765 
gen 7 51430 64.28047843646004 0.015957117137348608 64.21267067304557 64.30008509367738 
gen 8 58720 64.26046378587226 0.014055363240941745 64.19972662975849 64.27607156842829 
gen 9 65930 64.24403582174276 0.013403754325565719 64.19244230314587 64.26032034187548 
gen 10 73470 64.23133397696749 0.012699549746459595 64.18009679963454 64.24561541169501 
gen 11 80520 64.22135914203443 0.013183042528900093 64.15499672685989 64.23587777370855 
gen 12 87420 64.21252720403893 0.012078747547877178 64.15499672685989 64.22725220736051 
gen 13 94750 64.20548206735204 0.010968421186716898 64.15499672685989 64.21880204665509 
gen 14 101880 64.19858899286945 0.010701253372008763 64.15499672685989 64.21188810285787 
gen 15 109190 64.19296395383826 0.010151764438757935 64.14487788823106 64.20531945881288 
gen 16 116630 64.18724580026627 0.010257097624372328 64.14487788823106 64.19935945095663 
gen 17 123730 64.18219632183296 0.009851496877485492 64.14487788823106 64.19366492698116 
gen 18 130890 64.17607762000567 0.009610920710297153 64.13787958167583 64.18792930138635 
gen 19 137920 64.17051730209491 0.009944606401158707 64.10986083194275 64.18201593221686 
gen 20 144950 64.16599473761102 0.009177708435999117 64.10986083194275 64.1770288806003 
gen 21 152500 64.16149430265166 0.009045182678154571 64.10986083194275 64.17170068681381 
gen 22 159540 64.15734991234369 0.008826985092155891 64.10986083194275 64.1669482586738 
gen 23 166750 64.15325601021293 0.008489795177767259 64.10986083194275 64.16241109494717 
gen 24 173810 64.14809869454444 0.008757965677425851 64.10581847645486 64.15769106452512 
gen 25 180870 64.14346686994205 0.008079564045202362 64.10581847645486 64.15264599230068 
gen 26 188250 64.1386463462502 0.008065419848972313 64.10240829168183 64.14823011938788 
gen 27 195500 64.13288976609753 0.007763099113397647 64.10240829168183 64.14149115465523 
gen 28 202660 64.12681393988682 0.007348465274662573 64.1022732805104 64.13527242221325 
gen 29 210020 64.12120607634006 0.006431965696854576 64.10008269486558 64.12887354495459 
gen 30 217230 64.11661952617244 0.0054148504942991196 64.09892604398188 64.12344122163056 
gen 31 224420 64.11235759209987 0.004684263866695733 64.09205917312961 64.11821773546504 
gen 32 231240 64.10856288397385 0.003947606487349812 64.09205917312961 64.1136736005411 
gen 33 238190 64.10565661684569 0.00364949812193841 64.08665351589917 64.11008322186605 
gen 34 245330 64.10276126488756 0.0032454709968934986 64.08665351589917 64.10671609990793 
gen 35 252800 64.10001254488849 0.002940347345673011 64.08665351589917 64.10315324679384 
[0, 2, 6, 3, 16, 10, 12, 5, 17, 13, 4, 1, 9, 15, 7, 11, 8, 14, 1, 10, 2, 16, 13, 4, 17, 3, 0, 12, 5, 15, 14, 11, 8, 6, 9, 7, 14, 16, 13, 3, 17, 11, 12, 9, 4, 2, 15, 7, 6, 10, 0, 5, 8, 1, 0, 15, 13, 8, 10, 16, 1, 2, 7, 9, 3, 17, 14, 6, 12, 11, 5, 4, 5, 12, 1, 10, 3, 14, 8, 0, 9, 2, 13, 16, 7, 4, 17, 6, 11, 15, 0, 16, 13, 15, 6, 14, 8, 2, 11, 9, 3, 7, 17, 12, 1, 4, 10, 5, 13, 5, 2, 12, 8, 10, 15, 7, 6, 14, 11, 16, 0, 1, 17, 9, 3, 4, 17, 13, 0, 9, 12, 11, 2, 3, 16, 5, 7, 15, 6, 14, 1, 10, 8, 4, 8, 6, 13, 9, 11, 12, 15, 10, 0, 16, 14, 2, 3, 7, 17, 4, 5, 1, 1, 14, 12, 3, 5, 7, 13, 6, 8, 4, 15, 11, 17, 9, 0, 16, 2, 10, 17, 15, 13, 2, 0, 4, 1, 10, 6, 11, 14, 16, 7, 9, 12, 8, 3, 5, 10, 0, 16, 13, 14, 11, 2, 9, 3, 8, 17, 5, 15, 1, 4, 6, 7, 12, 6, 16, 9, 13, 14, 11, 0, 5, 17, 7, 15, 3, 8, 12, 10, 4, 2, 1, 15, 11, 6, 12, 9, 2, 7, 10, 13, 5, 4, 0, 3, 17, 8, 16, 14, 1, 7, 15, 14, 5, 2, 8, 9, 4, 12, 13, 10, 1, 0, 11, 3, 17, 6, 16, 8, 1, 3, 10, 13, 11, 16, 15, 2, 5, 4, 6, 14, 9, 17, 0, 12, 7, 5, 14, 12, 7, 16, 8, 13, 9, 2, 4, 3, 11, 0, 1, 17, 15, 10, 6, 1, 8, 14, 9, 2, 0, 15, 16, 3, 6, 17, 7, 10, 11, 13, 5, 4, 12, 13, 3, 1, 5, 15, 4, 17, 7, 10, 0, 12, 8, 11, 6, 16, 2, 9, 14, 14, 5, 3, 15, 9, 8, 10, 17, 0, 1, 2, 11, 7, 4, 16, 12, 13, 6]
min  64.08665351589917
NFE 252800
LSNFE 176840
VLSNFE 10030
runTime 675.2553403377533
