gen 0 25 800000000003504.4 2712931993249074.0 1685.6763438600574 1e+16 
gen 1 2525 1537.141823711017 56.40091770136404 1418.6704177211955 1617.1736037509743 
gen 2 5035 1401.32125640518 32.03477112467264 1295.9934946217281 1437.7709806200369 
gen 3 7545 1303.9698222297786 18.78635220252234 1258.0202106070358 1331.711191166218 
gen 4 10045 1247.9430695844703 6.346300049933216 1237.6454248660427 1259.8058025273954 
gen 5 12545 1224.9717510879543 8.921133858771016 1199.9470453789238 1230.9077745728487 
gen 6 15045 1198.9025306071737 1.2377659105833914 1197.3925526549476 1199.9470453789238 
gen 7 17555 1197.3925526549476 0.0 1197.3925526549476 1197.3925526549476 
[1, 2, 4, 0, 3, 0, 1, 2, 4, 3, 0, 1, 2, 4, 3, 0, 2, 4, 1, 3, 0, 1, 2, 4, 3]
min  1197.3925526549476
NFE 17555
LSNFE 30
VLSNFE 0
runTime 10.759804487228394
