gen 0 25 2000000000003123.0 3999999999998438.5 1802.634971779102 1e+16 
gen 1 2525 1562.1113648281619 58.02498233424354 1446.58395543726 1644.5052568020392 
gen 2 5035 1417.35015702693 24.852342741992334 1346.5898408395283 1456.4206075911234 
gen 3 7545 1299.6490019193702 17.04342103829845 1250.1002145711043 1322.3951789659466 
gen 4 10055 1226.8104002451685 4.088016825661965 1219.7803619348224 1231.9030498699474 
gen 5 12555 1219.1351040090742 1.6462721602915493 1213.7753273210549 1219.7803619348224 
gen 6 15055 1213.7753273210549 0.0 1213.7753273210549 1213.7753273210549 
gen 7 17565 1213.7753273210549 0.0 1213.7753273210549 1213.7753273210549 
[0, 1, 2, 4, 3, 0, 1, 2, 4, 3, 1, 2, 4, 0, 3, 0, 1, 2, 4, 3, 0, 1, 2, 4, 3]
min  1213.7753273210549
NFE 17565
LSNFE 40
VLSNFE 0
runTime 11.049895763397217
