gen 0 25 2400000000003822.5 4270831300810376.5 1747.3328199476712 1e+16 
gen 1 2525 1586.7394722258139 70.78831050994198 1356.8835692457014 1659.6010938509035 
gen 2 5025 1411.617527187993 49.67803695180841 1304.608914136396 1471.4082791003616 
gen 3 7525 1302.103510019829 24.888479423510997 1243.6668859524716 1336.244042123142 
gen 4 10035 1229.6396661112933 9.318540697470425 1194.4786594480515 1234.4106625198478 
gen 5 12535 1187.7489210895806 7.73571276270336 1175.1756719631082 1194.4786594480515 
gen 6 15035 1175.1756719631082 0.0 1175.1756719631082 1175.1756719631082 
gen 7 17535 1175.1756719631082 0.0 1175.1756719631082 1175.1756719631082 
[0, 2, 1, 4, 3, 0, 2, 1, 4, 3, 0, 2, 1, 4, 3, 2, 1, 4, 3, 0, 0, 2, 1, 4, 3]
min  1175.1756719631082
NFE 17535
LSNFE 10
VLSNFE 0
runTime 10.957911014556885
