gen 0 25 1200000000003636.2 3249615361853041.5 1564.0607730362326 1e+16 
gen 1 2525 1533.6299865142937 62.40483265475245 1333.6509184804831 1600.4670948157457 
gen 2 5025 1324.5170781352704 28.980155536171598 1265.3778747566469 1367.873498106471 
gen 3 7525 1233.7861851708615 7.678904744736023 1212.693145081634 1238.0302997199651 
gen 4 10025 1212.693145081634 0.0 1212.693145081634 1212.693145081634 
gen 5 12535 1212.693145081634 0.0 1212.693145081634 1212.693145081634 
gen 6 15035 1212.693145081634 0.0 1212.693145081634 1212.693145081634 
gen 7 17535 1212.693145081634 0.0 1212.693145081634 1212.693145081634 
[0, 1, 2, 4, 3, 0, 2, 4, 1, 3, 0, 1, 2, 4, 3, 0, 2, 4, 3, 1, 1, 2, 0, 4, 3]
min  1212.693145081634
NFE 17535
LSNFE 10
VLSNFE 0
runTime 11.199342966079712
