gen 0 25 1200000000004317.8 3249615361852790.0 1685.1884192844154 1e+16 
gen 1 2525 1511.6637469693896 55.51931937878184 1408.403370654638 1595.1753433512758 
gen 2 5025 1359.6611646293948 29.76283589597925 1262.8517000029537 1398.7254446873415 
gen 3 7525 1247.4790453372334 19.12455463068903 1206.6295612691629 1266.7538742618028 
gen 4 10025 1188.7027736370453 9.167125942197103 1165.3891949482522 1199.659143846599 
gen 5 12525 1149.443259938192 3.866053184917645 1140.967021489979 1151.455345730082 
gen 6 15025 1136.3220516429883 2.896647623222574 1134.5156744802696 1140.967021489979 
gen 7 17525 1134.5156744802696 0.0 1134.5156744802696 1134.5156744802696 
[4, 3, 1, 0, 2, 4, 3, 1, 0, 2, 4, 3, 1, 0, 2, 4, 3, 1, 0, 2, 4, 3, 1, 0, 2]
min  1134.5156744802696
NFE 17525
LSNFE 0
VLSNFE 0
runTime 11.285099983215332
