gen 0 64 781250000001407.2 2683681880830475.5 836.5621944788414 1e+16 
gen 1 572 1013.2204169421179 111.50973766929897 767.2241582653852 1184.3595164484007 
gen 2 1140 931.7266169601633 87.01274195484088 706.0614146513562 1058.8075207152453 
gen 3 1648 837.8988549443864 72.77375337162447 639.3108149222456 935.0619103013903 
gen 4 2166 780.3702653918826 57.88842966377921 639.3108149222456 857.761496468973 
gen 5 2654 745.6537265644807 53.26088149304629 608.5123327927652 814.5628705974267 
gen 6 3132 708.9816990194915 41.707154165057545 608.5123327927652 765.5976920022583 
gen 7 3590 685.0630380998618 36.16983266798272 590.4958287477955 735.2878262273267 
gen 8 4038 668.741082383152 31.36081326140522 581.8506893529797 708.6789598817255 
gen 9 4456 657.6472768234065 27.236275422903326 581.8506893529797 693.5892095629922 
gen 10 4994 641.119976174758 23.744697794124015 577.2004210045733 673.1684064736694 
gen 11 5482 632.3369486219909 23.71759112685908 550.6081736284298 663.4910880517675 
gen 12 5900 622.4241090833605 22.688904671509572 550.6081736284298 650.0494444752693 
gen 13 6498 605.6998306878174 25.33478972362193 523.6367965908889 633.7382388365502 
gen 14 7026 596.1610156843828 24.6347853437615 523.6367965908889 624.9380980595568 
gen 15 7564 585.9892398136376 24.463626067769233 511.5856082582197 613.5288740773149 
gen 16 8122 571.2600937932816 20.520312218713343 511.5856082582197 597.2220408281087 
gen 17 8760 559.9498398993829 16.981078245255237 511.5856082582197 581.8506893529797 
gen 18 9238 547.6297246898407 16.94710953112632 493.8600419023277 568.8379865259035 
gen 19 9726 533.1055883220843 11.725898602428021 493.8600419023277 548.237389490815 
gen 20 10294 524.0663812665343 8.750439806712357 492.34432963550404 534.1346438598595 
gen 21 10772 518.4345151581956 7.078235960688261 492.34432963550404 525.6876051543967 
gen 22 11280 512.2215604629137 5.6906614288144715 492.34432963550404 519.7884914482537 
gen 23 11768 506.75233567434447 5.688214730977693 485.81818865113917 512.997215569298 
gen 24 12356 500.48282911541406 5.455213878996432 485.81818865113917 507.4011024327657 
gen 25 12844 496.4367797837202 4.358900757786439 485.81818865113917 501.8238210311096 
gen 26 13462 491.21016892397927 4.636370987423857 476.7518723106333 497.0179671653905 
gen 27 13950 486.52294915916445 4.227853590939417 476.7518723106333 492.35565884259137 
gen 28 14538 482.53157947348717 3.0761862015594192 473.67476148898396 486.85950830692843 
gen 29 15156 478.07990269169716 2.42818802113001 470.5764235422597 481.8311292482577 
gen 30 15624 474.9995383994054 2.41249502701145 467.53353132208986 477.7938448111212 
gen 31 16072 472.6354265334314 2.045705626267073 466.54970060416576 475.39499376352404 
gen 32 16600 470.37909186946524 1.842991594684012 466.0823296731103 472.3261377303601 
gen 33 17108 468.3968141821798 1.6112071489968518 466.0823296731103 470.5764235422597 
gen 34 17626 466.7200063854905 0.5423914993014275 465.6955572204258 467.58255737192525 
gen 35 18094 466.2017112815881 0.18435358244560884 465.6318601179384 466.45145583931367 
gen 36 18542 466.03978644323126 0.11717043797290343 465.6318601179384 466.0823296731103 
gen 37 19080 465.9498888065506 0.17238223362102748 465.61899544606416 466.0823296731103 
gen 38 19618 465.82347689756114 0.15182583253518522 465.61899544606416 466.0823296731103 
gen 39 20096 465.6731639969132 0.04886312379147289 465.61899544606416 465.80880542265396 
gen 40 20634 465.6325198701517 0.016717878680701095 465.61899544606416 465.6773048039409 
gen 41 21152 465.6230156560248 0.005962935005670157 465.61899544606416 465.6318601179384 
gen 42 21630 465.61899544606416 0.0 465.61899544606416 465.61899544606416 
gen 43 22148 465.61899544606416 0.0 465.61899544606416 465.61899544606416 
gen 44 22756 465.61899544606416 0.0 465.61899544606416 465.61899544606416 
gen 45 23374 465.61899544606416 0.0 465.61899544606416 465.61899544606416 
gen 46 23852 465.61899544606416 0.0 465.61899544606416 465.61899544606416 
gen 47 24390 465.61899544606416 0.0 465.61899544606416 465.61899544606416 
gen 48 24878 465.61899544606416 0.0 465.61899544606416 465.61899544606416 
gen 49 25526 465.61899544606416 0.0 465.61899544606416 465.61899544606416 
gen 50 26004 465.61899544606416 0.0 465.61899544606416 465.61899544606416 
gen 51 26552 465.61899544606416 0.0 465.61899544606416 465.61899544606416 
gen 52 27010 465.61899544606416 0.0 465.61899544606416 465.61899544606416 
gen 53 27598 465.61899544606416 0.0 465.61899544606416 465.61899544606416 
gen 54 28166 465.61899544606416 0.0 465.61899544606416 465.61899544606416 
gen 55 28624 465.61899544606416 0.0 465.61899544606416 465.61899544606416 
gen 56 29182 465.61899544606416 0.0 465.61899544606416 465.61899544606416 
gen 57 29690 465.61899544606416 0.0 465.61899544606416 465.61899544606416 
gen 58 30178 465.61899544606416 0.0 465.61899544606416 465.61899544606416 
gen 59 30656 465.61899544606416 0.0 465.61899544606416 465.61899544606416 
gen 60 31144 465.61899544606416 0.0 465.61899544606416 465.61899544606416 
gen 61 31672 465.61899544606416 0.0 465.61899544606416 465.61899544606416 
gen 62 32210 465.61899544606416 0.0 465.61899544606416 465.61899544606416 
gen 63 32768 465.61899544606416 0.0 465.61899544606416 465.61899544606416 
gen 64 33146 465.61899544606416 0.0 465.61899544606416 465.61899544606416 
gen 65 33694 465.61899544606416 0.0 465.61899544606416 465.61899544606416 
gen 66 34202 465.61899544606416 0.0 465.61899544606416 465.61899544606416 
gen 67 34770 465.61899544606416 0.0 465.61899544606416 465.61899544606416 
gen 68 35338 465.61899544606416 0.0 465.61899544606416 465.61899544606416 
gen 69 35836 465.61899544606416 0.0 465.61899544606416 465.61899544606416 
gen 70 36274 465.61899544606416 0.0 465.61899544606416 465.61899544606416 
gen 71 36792 465.61899544606416 0.0 465.61899544606416 465.61899544606416 
gen 72 37220 465.61899544606416 0.0 465.61899544606416 465.61899544606416 
gen 73 37688 465.61899544606416 0.0 465.61899544606416 465.61899544606416 
gen 74 38136 465.61899544606416 0.0 465.61899544606416 465.61899544606416 
gen 75 38704 465.61899544606416 0.0 465.61899544606416 465.61899544606416 
gen 76 39182 465.61899544606416 0.0 465.61899544606416 465.61899544606416 
gen 77 39680 465.61899544606416 0.0 465.61899544606416 465.61899544606416 
gen 78 40158 465.61899544606416 0.0 465.61899544606416 465.61899544606416 
gen 79 40676 465.61899544606416 0.0 465.61899544606416 465.61899544606416 
gen 80 41214 465.61899544606416 0.0 465.61899544606416 465.61899544606416 
gen 81 41672 465.61899544606416 0.0 465.61899544606416 465.61899544606416 
gen 82 42080 465.61899544606416 0.0 465.61899544606416 465.61899544606416 
gen 83 42678 465.61899544606416 0.0 465.61899544606416 465.61899544606416 
gen 84 43216 465.61899544606416 0.0 465.61899544606416 465.61899544606416 
gen 85 43744 465.61899544606416 0.0 465.61899544606416 465.61899544606416 
gen 86 44202 465.61899544606416 0.0 465.61899544606416 465.61899544606416 
gen 87 44800 465.61899544606416 0.0 465.61899544606416 465.61899544606416 
gen 88 45448 465.61899544606416 0.0 465.61899544606416 465.61899544606416 
[6, 0, 2, 5, 7, 1, 3, 4, 7, 5, 4, 3, 2, 1, 0, 6, 3, 7, 5, 4, 2, 0, 1, 6, 6, 0, 2, 7, 4, 1, 3, 5, 6, 0, 4, 3, 1, 7, 2, 5, 3, 6, 0, 5, 2, 4, 7, 1, 3, 5, 4, 2, 7, 0, 6, 1, 7, 5, 4, 2, 3, 0, 1, 6]
min  465.61899544606416
NFE 45448
LSNFE 34120
VLSNFE 2626
runTime 66.06831812858582
