gen 0 64 1093750000001319.9 3121091305536753.0 733.7423342263352 1e+16 
gen 1 572 1003.8371555993812 102.81004212245188 714.919196181564 1145.92293982007 
gen 2 1180 913.4864850312213 77.7568909638825 706.1920972150981 1012.4336014209341 
gen 3 1708 853.4240403195187 56.990840019064855 672.8511684741734 918.4747335781911 
gen 4 2186 803.1537096377008 54.80908406750518 664.559091587277 867.9464714461847 
gen 5 2704 770.7540810452807 55.944347382863086 606.6474877003593 840.3795038488216 
gen 6 3262 737.8916107548102 43.50966229340225 606.6474877003593 801.5758880561209 
gen 7 3790 710.2291391967605 39.47022296900714 606.6474877003593 761.7003193148928 
gen 8 4258 688.9790686163695 35.18928694453845 585.11833181514 734.619394213151 
gen 9 4806 667.491222121206 29.308929887958776 560.1821110048984 710.0198208248573 
gen 10 5264 656.0479614547434 28.074818914099506 560.1821110048984 688.430755998438 
gen 11 5722 645.0424223775373 25.7733456526665 560.1821110048984 672.0690461883671 
gen 12 6210 635.2137212179274 26.42956235284075 560.1821110048984 669.1460191760214 
gen 13 6718 624.3149623298888 23.102123459184142 560.1821110048984 658.3923908284081 
gen 14 7256 617.5190656250444 22.44649287098653 560.1821110048984 647.4529287841997 
gen 15 7684 606.4675899705198 21.187148279719207 552.7904765834631 631.6651410534996 
gen 16 8112 599.7947498150731 20.421008880634947 551.3159831217597 627.4480280037519 
gen 17 8590 592.3950957862949 19.605458506707365 551.3159831217597 618.5136950875296 
gen 18 9088 586.8773822492744 18.13342464319244 547.5788993428339 611.8832789836471 
gen 19 9596 581.7765279733293 15.901153455542266 547.5788993428339 604.9042824057769 
gen 20 10044 579.9343143820214 16.137609595427136 547.5788993428339 601.8435069912598 
gen 21 10582 575.0910787678093 13.745698390474079 547.5788993428339 593.2063869519365 
gen 22 11030 570.7408652758688 14.704389335768894 510.3198052528156 588.0179706439937 
gen 23 11488 567.9938563077023 13.87144756280453 510.3198052528156 584.8188067521253 
gen 24 11906 565.1039217965265 13.055196636170754 510.3198052528156 581.1074399634687 
gen 25 12544 562.0273196070624 11.847464594932768 510.3198052528156 578.0584057404161 
gen 26 13132 557.724073972108 10.920949765332889 510.3198052528156 572.8579583652183 
gen 27 13650 553.9452779555484 9.221329255906879 510.3198052528156 566.0865412314298 
gen 28 14148 550.3513352275991 8.970813816738929 510.3198052528156 561.0491879318693 
gen 29 14676 547.5844301163493 8.462849059004565 510.3198052528156 558.0018487291626 
gen 30 15244 543.1658881099033 8.472962827772347 506.1313018182946 553.9391841192968 
gen 31 15782 541.705309187503 7.710492790837097 506.1313018182946 550.5989913006391 
gen 32 16330 539.4898939707994 7.090746724109859 506.1313018182946 547.5443969672164 
gen 33 16888 537.7765404762005 6.838710756187984 506.1313018182946 545.0180248490474 
gen 34 17296 535.4059952584807 7.347350577431313 506.1313018182946 543.0705185121287 
gen 35 17864 532.1200122029595 6.177776404670664 506.1313018182946 539.6078159412167 
gen 36 18362 528.8494385349956 5.134172688733297 506.1313018182946 535.1419071428032 
gen 37 18840 525.5437420913149 4.503855104138773 506.1313018182946 530.0860488605057 
gen 38 19368 523.0572884732669 4.848921314634285 500.2430276425011 527.2332851844085 
gen 39 19836 521.3716979883707 4.6142171922425455 500.2430276425011 525.1483608695821 
gen 40 20274 519.7194938909361 5.312623627888194 494.63001864776453 523.3512995458339 
gen 41 20742 518.4041489698785 5.6831123744187435 494.63001864776453 522.0651212402413 
gen 42 21230 516.1740269371771 6.457391123037516 494.63001864776453 520.7631867622085 
gen 43 21658 515.101447447083 6.1900186677709765 494.63001864776453 519.6906883944677 
gen 44 22126 513.8157176890866 5.7951652456716 494.63001864776453 518.83652877795 
gen 45 22654 511.4194030077239 5.780364980074227 494.63001864776453 517.4283415202098 
gen 46 23112 509.6134549463421 5.592397214518733 492.8268205868842 514.576408248445 
gen 47 23610 508.2747541615428 5.365373981930557 490.7511065430845 512.6165107195358 
gen 48 24018 507.1592812461592 5.562092242728063 490.7066732256328 511.47860326496766 
gen 49 24556 505.8414714323916 6.042301938038429 489.7695972496728 511.47860326496766 
gen 50 25054 503.6388034569489 5.535141628098939 489.7695972496728 510.81138546417117 
gen 51 25602 501.33871758444457 4.874821506569171 489.7695972496728 506.13027821906786 
gen 52 26030 499.631606713597 4.933402276309471 488.71797275033066 506.04820802401775 
gen 53 26438 497.22111447005966 4.411106890266882 483.94100170342404 503.0932995537744 
gen 54 26996 493.71073330363583 3.7226922537755667 483.94100170342404 499.74640972895855 
gen 55 27504 490.41829027923734 3.6257677892052773 477.6988670992807 495.05678658538636 
gen 56 28032 488.23446222040104 3.2734606168004725 477.6988670992807 491.8106494830682 
gen 57 28640 484.8958232508002 2.9290132358414906 474.75877928157996 488.83599651514623 
gen 58 29118 481.23483022172604 2.923784588381838 474.1762158968374 484.22637376753994 
gen 59 29736 478.7744729658185 2.4975242966917017 473.19878413769624 481.5422417919397 
gen 60 30124 476.56684250001535 1.9814499029659733 473.19878413769624 479.2552605996737 
gen 61 30742 474.5137078537221 0.9864195712713718 472.26591625062576 476.68747448269727 
gen 62 31290 473.7659875071144 0.6290530818953393 472.26591625062576 474.473937109434 
gen 63 31788 473.14336218526574 0.47465712104815755 472.26591625062576 473.5470979243539 
gen 64 32276 472.8251582525619 0.45594624007055234 472.26591625062576 473.2704415300318 
gen 65 32744 472.497635123161 0.3454887183980461 472.26591625062576 473.19878413769624 
gen 66 33322 472.2659162506257 5.684341886080802e-14 472.26591625062576 472.26591625062576 
gen 67 33790 472.2659162506257 5.684341886080802e-14 472.26591625062576 472.26591625062576 
gen 68 34308 472.2659162506257 5.684341886080802e-14 472.26591625062576 472.26591625062576 
gen 69 34836 472.2659162506257 5.684341886080802e-14 472.26591625062576 472.26591625062576 
gen 70 35244 472.2659162506257 5.684341886080802e-14 472.26591625062576 472.26591625062576 
gen 71 35812 472.2659162506257 5.684341886080802e-14 472.26591625062576 472.26591625062576 
gen 72 36270 472.2659162506257 5.684341886080802e-14 472.26591625062576 472.26591625062576 
gen 73 36758 472.2659162506257 5.684341886080802e-14 472.26591625062576 472.26591625062576 
gen 74 37266 472.2659162506257 5.684341886080802e-14 472.26591625062576 472.26591625062576 
gen 75 37804 472.2659162506257 5.684341886080802e-14 472.26591625062576 472.26591625062576 
gen 76 38342 472.2659162506257 5.684341886080802e-14 472.26591625062576 472.26591625062576 
gen 77 38880 472.2659162506257 5.684341886080802e-14 472.26591625062576 472.26591625062576 
gen 78 39378 472.2659162506257 5.684341886080802e-14 472.26591625062576 472.26591625062576 
gen 79 39786 472.2659162506257 5.684341886080802e-14 472.26591625062576 472.26591625062576 
gen 80 40304 472.2659162506257 5.684341886080802e-14 472.26591625062576 472.26591625062576 
gen 81 40692 472.2659162506257 5.684341886080802e-14 472.26591625062576 472.26591625062576 
gen 82 41240 472.2659162506257 5.684341886080802e-14 472.26591625062576 472.26591625062576 
gen 83 41718 472.2659162506257 5.684341886080802e-14 472.26591625062576 472.26591625062576 
gen 84 42256 472.2659162506257 5.684341886080802e-14 472.26591625062576 472.26591625062576 
gen 85 42804 472.2659162506257 5.684341886080802e-14 472.26591625062576 472.26591625062576 
gen 86 43232 472.2659162506257 5.684341886080802e-14 472.26591625062576 472.26591625062576 
gen 87 43780 472.2659162506257 5.684341886080802e-14 472.26591625062576 472.26591625062576 
gen 88 44258 472.2659162506257 5.684341886080802e-14 472.26591625062576 472.26591625062576 
gen 89 44836 472.2659162506257 5.684341886080802e-14 472.26591625062576 472.26591625062576 
[6, 7, 3, 1, 4, 5, 2, 0, 5, 7, 1, 3, 6, 4, 0, 2, 3, 5, 7, 1, 4, 0, 2, 6, 6, 4, 0, 7, 1, 5, 2, 3, 6, 4, 0, 1, 5, 2, 7, 3, 3, 5, 7, 1, 0, 2, 4, 6, 3, 4, 0, 5, 1, 7, 6, 2, 6, 4, 3, 0, 5, 1, 7, 2]
min  472.26591625062576
NFE 44836
LSNFE 33380
VLSNFE 4235
runTime 62.43057918548584
