gen 0 64 156250000001436.6 1240195927061346.0 753.9293017547737 1e+16 
gen 1 682 930.1667136377743 90.65264497198258 745.1389826214902 1047.1155003447645 
gen 2 1120 851.8332460702538 66.68001335799056 688.2045085403611 953.5935959385683 
gen 3 1628 809.1048099330835 49.922234582568876 679.3523589010721 880.1844292745232 
gen 4 2156 767.3008775768108 43.71003039258329 664.0827265206427 823.901148614429 
gen 5 2714 740.5454426571865 40.01602670011088 625.4152442667919 794.0090213516906 
gen 6 3172 719.488762045876 34.056320101037144 625.4152442667919 763.7790840146886 
gen 7 3740 699.7297932178017 36.108075456937904 600.0244430808293 748.196239375702 
gen 8 4118 679.493629745632 33.93225062668227 589.7507137407595 727.4036407178917 
gen 9 4606 665.6026983315032 30.231282160568263 589.7507137407595 711.0757383523276 
gen 10 5104 657.8738579485857 25.92251031370389 589.7507137407595 696.8354589264284 
gen 11 5622 639.9676476169255 22.62412718023174 588.7167637538761 671.666711275604 
gen 12 6120 629.8537360391122 23.285520716645873 574.8507705335833 660.698629510133 
gen 13 6698 622.6703935102757 24.827292792112257 554.0514495567559 655.5249205511922 
gen 14 7276 611.0529108474498 25.033594566561394 549.7203139650029 647.7049540960878 
gen 15 7834 601.1110071663641 20.48178222305005 530.2436469169556 632.8133324828216 
gen 16 8352 596.2547708552228 19.292405531070408 525.7881243230903 625.4691019931688 
gen 17 8750 592.6630332021622 18.152372373323903 525.7881243230903 619.8440756506021 
gen 18 9308 589.1845606848209 17.780459888774253 525.7881243230903 613.5603403823644 
gen 19 9916 585.0584338038717 17.27166112976138 525.7881243230903 607.6741616082434 
gen 20 10404 583.1600028864265 17.710325627176648 525.7881243230903 602.6270182320126 
gen 21 10952 580.5810448859517 17.585123495154022 525.7881243230903 601.0720175025266 
gen 22 11480 577.8689811276308 16.29226004871336 525.7881243230903 600.0727666955304 
gen 23 11958 576.3724158090617 15.94798860439863 525.7881243230903 597.6110364458648 
gen 24 12516 570.9613105217886 16.018857257749712 523.1311378139833 588.9839519552388 
gen 25 13054 566.4409869376976 16.526117775552812 523.1311378139833 586.4448984558766 
gen 26 13512 563.5262694194316 15.951133979570656 523.1311378139833 583.8611739870961 
gen 27 14130 559.7284670432884 13.65633967292023 523.1311378139833 578.1709537674333 
gen 28 14678 557.4731457762289 14.029507413523636 514.8687291761642 575.2094659192239 
gen 29 15246 554.5313351771799 13.182015459692014 513.8997215409806 572.4580889179496 
gen 30 15754 553.1007277719349 13.234845607698972 513.8997215409806 571.2386485843341 
gen 31 16282 550.7907745044358 13.858235541534219 513.8997215409806 570.1108559306823 
gen 32 16780 548.6754787584185 13.68192717521556 513.8997215409806 569.5379001773756 
gen 33 17258 545.7147498736708 13.596229966180015 512.4885442828684 564.3701242346013 
gen 34 17726 542.8195232293019 13.754628775503575 502.21571602063943 560.6205158656195 
gen 35 18264 541.4030445288672 13.062565092337831 502.21571602063943 559.1260100596409 
gen 36 18752 539.1803308827652 13.094805565517644 502.21571602063943 555.9247584778556 
gen 37 19230 535.7535742697197 13.34868861231099 489.6665915958394 553.825433596596 
gen 38 19798 532.4584896017195 12.942562171003985 481.87433577949236 550.4583533561997 
gen 39 20276 530.9409854046279 12.152290489325905 481.87433577949236 546.999368448644 
gen 40 20704 530.1269932778421 11.630423408638501 481.87433577949236 544.7089729930101 
gen 41 21132 529.094413658912 11.529829243953165 481.87433577949236 542.4791418128616 
gen 42 21690 526.2234254113275 11.915819375820476 481.87433577949236 540.3050830534042 
gen 43 22258 524.0586934383455 11.615430207736107 481.87433577949236 537.2645940686351 
gen 44 22746 520.879520054062 11.388444262043384 481.87433577949236 534.9834541043376 
gen 45 23214 517.3126891846493 10.418702696202073 481.87433577949236 533.1087710763467 
gen 46 23712 513.9930181658303 11.5895854512103 477.93009275238467 530.1887205366265 
gen 47 24140 510.2151739173929 11.426613609870607 477.93009275238467 522.5740560077647 
gen 48 24568 508.22246310876096 11.554262130769839 477.93009275238467 520.9444384424597 
gen 49 25106 502.2832457544341 12.13363340148577 477.93009275238467 516.6875964967137 
gen 50 25614 493.5553525541962 9.052401451734056 476.5413015321322 505.6603945702152 
gen 51 26122 486.60082449270345 7.603143526610025 467.1093016082178 498.29508935862725 
gen 52 26710 480.61656794362614 4.681189578996279 467.1093016082178 488.596290247049 
gen 53 27268 474.968247170536 3.8806200538817235 464.84063900661755 479.41719054352313 
gen 54 27666 471.56846328231643 3.8141926591721806 451.10245175237617 475.322027795046 
gen 55 27994 468.2116311707698 3.548228003571487 451.10245175237617 472.2779897210945 
gen 56 28432 464.8066066793614 3.7279939443026 451.10245175237617 467.74994192322475 
gen 57 28990 462.2387977841118 3.4791475310473925 451.10245175237617 465.2779248017765 
gen 58 29538 460.3382494228603 3.1796408509486023 451.10245175237617 463.78168565536805 
gen 59 29956 457.90425082071147 2.5558978379238972 451.10245175237617 461.32017824999815 
gen 60 30534 455.6385541610378 2.129354576045269 447.0922047673861 458.619337241221 
gen 61 31022 454.59288758070136 1.9409456836606247 446.655024613082 456.6240690361838 
gen 62 31390 453.1972177308206 1.8728490001594382 445.8816368319931 454.7857173890649 
gen 63 31918 451.790788304988 2.229497316437549 444.9426693230791 453.73362012571266 
gen 64 32466 450.5281059696178 2.5204291882401595 443.8390598694847 453.1179526657511 
gen 65 32994 448.45928320993164 2.318799113060242 443.7449219849286 452.0087916840113 
gen 66 33532 446.79945555694115 1.5779725425062703 443.7449219849286 449.003576605512 
gen 67 34040 445.24449190326015 1.1158781660250858 442.8218123454274 446.8618110617209 
gen 68 34638 444.23935374815505 0.6554976692575678 442.8218123454274 445.30786836475573 
gen 69 35196 443.61289418686863 0.3599363813133381 442.8218123454274 444.02468254845036 
gen 70 35684 443.2216143862404 0.21389000471588418 442.8218123454274 443.6081541204182 
gen 71 36242 443.04223871493696 0.16124145608172577 442.8218123454274 443.2732340082193 
gen 72 36800 442.9127765239651 0.09818550416849897 442.7935613516943 443.10586816957374 
gen 73 37348 442.82077009590455 0.019646079365114102 442.7935613516943 442.91558983249405 
gen 74 37886 442.8154749021005 0.01166248864060794 442.7935613516943 442.8218123454274 
gen 75 38414 442.81074560743394 0.013475419414051846 442.7935613516943 442.8218123454274 
gen 76 39012 442.7989223707675 0.009990778284979216 442.7935613516943 442.8218123454274 
gen 77 39520 442.7935613516943 0.0 442.7935613516943 442.7935613516943 
gen 78 40088 442.7935613516943 0.0 442.7935613516943 442.7935613516943 
gen 79 40656 442.7935613516943 0.0 442.7935613516943 442.7935613516943 
gen 80 41254 442.7935613516943 0.0 442.7935613516943 442.7935613516943 
gen 81 41822 442.7935613516943 0.0 442.7935613516943 442.7935613516943 
gen 82 42360 442.7935613516943 0.0 442.7935613516943 442.7935613516943 
gen 83 42918 442.7935613516943 0.0 442.7935613516943 442.7935613516943 
gen 84 43486 442.7935613516943 0.0 442.7935613516943 442.7935613516943 
gen 85 44034 442.7935613516943 0.0 442.7935613516943 442.7935613516943 
gen 86 44502 442.7935613516943 0.0 442.7935613516943 442.7935613516943 
gen 87 45030 442.7935613516943 0.0 442.7935613516943 442.7935613516943 
[6, 5, 3, 4, 0, 1, 2, 7, 7, 5, 4, 1, 6, 0, 3, 2, 3, 7, 5, 4, 6, 0, 1, 2, 0, 4, 7, 3, 1, 5, 2, 6, 6, 5, 4, 1, 7, 3, 0, 2, 3, 6, 0, 4, 5, 7, 1, 2, 3, 6, 0, 4, 5, 7, 1, 2, 7, 5, 4, 0, 6, 1, 3, 2]
min  442.7935613516943
NFE 45030
LSNFE 33830
VLSNFE 5234
runTime 62.70223093032837
