gen 0 64 1718750000002074.8 3772717646139566.0 1193.1156330690078 1e+16 
gen 1 4154 1193.7868092691494 95.46907283252689 961.5974994064165 1326.154542498266 
gen 2 7794 998.2206821740128 45.05490438837209 891.9223219811266 1059.9760477009377 
gen 3 11804 907.5373205011942 26.466061160241114 845.3347225900425 945.6020774412319 
gen 4 16004 863.9287574613909 22.289492584789986 785.2520621584846 891.034644171959 
gen 5 20114 827.6333692369984 22.627541971940097 758.5616922270541 852.808392141734 
gen 6 24034 803.6090728611812 20.842553231321027 737.5129987581197 827.8596592610338 
gen 7 28064 776.095742202504 17.15145873555046 722.2895570329583 798.71836184841 
gen 8 32054 750.6420060158351 14.937637610312793 693.8213970972388 765.5717917131452 
gen 9 36264 724.7719464107076 12.982838510206292 687.5349948212968 739.7326640552035 
gen 10 40144 705.9545295330315 9.759991233706073 670.2753176018764 718.2862642877549 
gen 11 44094 687.3442847394252 7.043345627880323 668.0104223687066 695.6735363911534 
gen 12 47844 675.6069962153133 6.089250787026478 651.7806486024618 681.8053953902375 
[1, 0, 5, 7, 2, 3, 6, 4, 1, 0, 7, 5, 3, 4, 6, 2, 1, 0, 2, 5, 3, 6, 7, 4, 6, 3, 2, 5, 7, 1, 0, 4, 6, 3, 2, 1, 5, 4, 0, 7, 6, 3, 2, 5, 1, 7, 4, 0, 6, 3, 2, 1, 5, 0, 7, 4, 1, 6, 2, 5, 3, 0, 7, 4]
min  651.7806486024618
NFE 47844
LSNFE 32420
VLSNFE 8989
runTime 55.23452281951904
