gen 0 121 740.3757508990047 113.93810402078606 542.8959040786829 1156.9575095290506 
gen 1 1143 606.0560438381316 38.773529700781985 473.2426163812278 662.0275429368664 
gen 2 2195 560.186701471771 29.33636538776525 441.7766426385937 600.5050569585574 
gen 3 3217 537.9252984273139 26.9508546683452 441.7766426385937 567.8457360277677 
gen 4 4179 524.3135588151208 25.434378025533118 441.7766426385937 554.8046188822851 
gen 5 4991 511.33475051522447 24.67885920119155 441.7766426385937 540.824081749226 
gen 6 6033 498.2497148546369 20.445489435860686 441.7766426385937 526.9187065220246 
gen 7 6995 485.35437826255884 20.621201760300977 425.4708316126202 510.39246575968554 
gen 8 7897 474.8526555318198 19.610314458282545 414.7520401634094 499.751349472 
gen 9 8829 464.9102133290021 19.931791609325366 404.8379592736387 487.27608218014404 
gen 10 9831 456.4917477318899 20.020035847928135 367.3931437610024 481.7529616943977 
gen 11 10843 450.9620914092286 20.399598189707806 367.3931437610024 476.5249515600479 
gen 12 11715 445.45640610784784 18.04040183900344 362.5492756524461 466.68641746031574 
gen 13 12607 437.24301644043703 18.388625643662934 362.5492756524461 459.84723132301013 
gen 14 13679 431.3914549943909 17.065322300531527 362.5492756524461 451.779261208865 
gen 15 14751 426.5009131270366 16.71088670704407 355.8464357622536 445.60863055816714 
gen 16 15843 420.45207046904284 16.33916683608035 352.8629512991485 439.63025712763033 
gen 17 16865 414.67878963446583 15.810655874633428 352.8629512991485 434.208431245915 
gen 18 17817 411.49023108832006 15.558727053952957 352.8629512991485 432.10776728189245 
gen 19 18809 407.356711979443 14.375378943291121 352.8629512991485 426.8395141282165 
gen 20 19691 404.9674980474934 13.552409650493654 352.8629512991485 422.66779155641217 
gen 21 20633 401.6601667016963 12.488795739544654 352.8629512991485 418.97459107282987 
gen 22 21605 397.9965271131297 11.933868558509737 352.8629512991485 414.0346366945372 
gen 23 22667 395.4595918741992 11.637284118696414 352.8629512991485 410.9004897766836 
gen 24 23679 393.1117978516131 10.672920482813817 352.8629512991485 408.5487584612813 
gen 25 24621 391.0012844045583 10.23462584204486 352.8629512991485 404.64398521304474 
gen 26 25633 388.3210085271055 10.655246215883142 351.4569634110102 402.2830524698163 
gen 27 26665 384.8247911451503 10.637755035507977 351.4569634110102 398.57722463147365 
gen 28 27717 382.1529796924698 11.834165874000954 319.26726334272263 395.5456148763335 
gen 29 28759 380.36502599056456 11.651467565952151 319.26726334272263 394.07132907121917 
gen 30 29791 378.79718780059585 11.201435371900159 319.26726334272263 393.04206946900104 
gen 31 30743 377.39660040598073 10.898485664066323 319.26726334272263 391.0703235644919 
gen 32 31815 375.6339466936173 10.381621186026763 319.26726334272263 389.3240276676166 
gen 33 32747 374.30306711455864 10.202162283324922 319.26726334272263 388.3056809646124 
gen 34 33699 371.9952318651099 9.328385263043694 319.26726334272263 384.4092815294052 
gen 35 34451 370.5535968138346 8.827961587185882 319.26726334272263 381.8930258002352 
gen 36 35333 369.2774744755902 9.232226158432098 319.26726334272263 380.8533109792629 
gen 37 36345 368.27252166014233 9.370594337440481 319.26726334272263 379.1271074570862 
gen 38 37317 366.4412307130706 9.297053661741773 319.26726334272263 376.83908777318203 
gen 39 38269 364.67467156207226 9.814161800048518 319.26726334272263 375.3871029787118 
gen 40 39391 363.5960400944112 9.857493835485867 319.26726334272263 374.81213329899316 
gen 41 40353 362.1423182568509 9.446331048883508 319.26726334272263 373.62541077385913 
gen 42 41375 360.84200657324004 9.333547485549733 319.26726334272263 371.63840980654095 
gen 43 42167 360.12806361148677 9.170558094231197 319.26726334272263 370.9767175781111 
gen 44 43109 359.0938042815645 9.418827238190774 319.26726334272263 370.1968539424607 
gen 45 44111 357.50664366155127 8.87681915865519 319.26726334272263 368.31318979084733 
gen 46 45103 356.89290992556835 8.917269768531172 319.26726334272263 367.5358410996096 
gen 47 46105 355.56954315146 8.855085137236873 319.26726334272263 366.14086076569316 
gen 48 47187 354.3646908471941 8.65100429648083 319.26726334272263 365.1085166222257 
gen 49 48139 353.645852234359 9.213758812966399 316.1010835209456 364.4503534923507 
gen 50 49231 352.5395906194046 9.057385706959357 314.82560773427804 363.0347443491813 
gen 51 50173 351.21326988679266 8.896234128465533 314.82560773427804 362.2821654567181 
gen 52 51195 350.5939187214487 8.969272245738178 314.82560773427804 361.2752424299165 
gen 53 52257 349.9295883154974 8.861695747946836 314.82560773427804 360.4266259112757 
gen 54 53199 348.85936859789484 8.774310294441312 314.82560773427804 359.2222187136014 
gen 55 54181 348.1945307856538 8.521204339629397 314.82560773427804 358.7808500139516 
gen 56 55193 347.2760738942724 8.735733175305775 312.52036344971555 356.80804738168405 
gen 57 56035 346.5613632326594 8.835363605876466 312.52036344971555 356.19642323185536 
gen 58 57087 345.78857693007177 8.745462155547157 312.52036344971555 355.50835018631125 
gen 59 58179 343.9976317231123 9.039771974096626 311.05221930546855 353.53207580310175 
gen 60 59131 343.31630169646604 9.255095958812127 311.05221930546855 353.24963146273063 
gen 61 60063 342.4634659572607 9.040665569710562 311.05221930546855 352.77412155220304 
gen 62 60915 341.9134412306087 9.309530294247912 311.05221930546855 352.3794539545409 
gen 63 61987 341.3055391676785 9.332236526005357 311.05221930546855 351.8455690861422 
gen 64 63019 340.20237382885625 9.644957288413432 299.43458942331864 351.118137542546 
gen 65 63901 339.57108725739323 9.434298815604643 299.43458942331864 350.3600237904384 
gen 66 64993 338.64214002763873 9.57413110030332 299.43458942331864 349.8207435606418 
gen 67 65995 338.2489324778504 9.675336665701812 299.43458942331864 349.8037810582555 
gen 68 66897 337.6055192236195 9.615712686133845 299.43458942331864 349.65203470067456 
gen 69 67939 336.59769602271564 9.628529430483052 299.43458942331864 347.6937870420364 
gen 70 69011 335.88134308338056 9.258009230938896 299.43458942331864 346.61526966568687 
gen 71 70133 334.8750143161629 9.12653883512519 299.43458942331864 345.77512893827435 
gen 72 71125 334.47642566754905 8.940827852856682 299.43458942331864 344.9564629282235 
gen 73 72087 333.9227564671721 8.90452503247626 299.43458942331864 344.3827411044822 
gen 74 73009 333.16905290944845 8.79405251186148 299.43458942331864 343.45240463852195 
gen 75 74111 331.2502502211729 8.998664026747415 299.43458942331864 342.02933735842714 
gen 76 75013 330.8781917062514 8.804671537358207 299.43458942331864 341.5246002275127 
gen 77 75965 330.26631900638597 8.631289883409387 299.43458942331864 340.35064191928797 
gen 78 76837 329.1909321566688 8.471994466632674 299.43458942331864 339.01596462182243 
gen 79 77749 327.33953077852124 8.063166269719483 299.43458942331864 337.4643528976935 
gen 80 78641 325.78315555660157 7.565460642196548 298.1536836960797 335.59958925397257 
gen 81 79673 323.6220146971147 6.988664014464383 298.1536836960797 333.61581611958235 
gen 82 80525 320.1479526644688 5.644467043348917 298.1536836960797 328.10783319841596 
gen 83 81527 316.4752583875246 4.106547692533294 298.1536836960797 321.66869522593805 
gen 84 82459 314.10270670602733 3.241514505890958 298.1536836960797 317.54377077948527 
gen 85 83391 312.60275781715563 2.8445611061244307 298.1536836960797 315.3066121278817 
gen 86 84333 311.55544058919867 2.6026910143910382 298.1536836960797 314.24549481634494 
gen 87 85425 310.49358303520177 2.365279797695551 298.1536836960797 313.08204378475955 
[5, 6, 10, 0, 7, 2, 4, 3, 1, 9, 8, 3, 8, 0, 7, 4, 6, 1, 9, 10, 2, 5, 5, 2, 7, 0, 4, 1, 6, 8, 9, 3, 10, 3, 7, 8, 0, 6, 1, 4, 9, 10, 2, 5, 3, 8, 1, 7, 10, 2, 4, 9, 5, 6, 0, 4, 9, 0, 5, 2, 10, 3, 7, 8, 6, 1, 5, 2, 3, 6, 10, 8, 9, 7, 1, 0, 4, 10, 2, 9, 6, 7, 8, 3, 1, 5, 0, 4, 3, 0, 7, 2, 9, 8, 4, 1, 5, 10, 6, 9, 1, 4, 7, 2, 8, 0, 5, 3, 10, 6, 10, 4, 9, 0, 2, 1, 8, 5, 7, 6, 3]
min  298.1536836960797
NFE 85425
LSNFE 64250
VLSNFE 12646
runTime 158.82328581809998
