gen 0 121 756.7746900792632 134.02270123915724 507.59714939882025 1331.8965559346718 
gen 1 1093 609.1719074534118 41.52558278431092 481.23728270466455 662.1612537351889 
gen 2 2075 562.6150448256436 33.98409355904284 459.71481779674616 608.1352975241514 
gen 3 3007 536.3518372187234 26.324909077597983 459.71481779674616 572.0468376316962 
gen 4 3949 518.0031398742138 22.082789359942534 447.32053572138653 551.0029268610118 
gen 5 4881 502.113906340672 20.36973218147031 446.1777438304598 532.6603420247391 
gen 6 5733 492.72757539887584 18.622714433812142 442.54723201353136 519.0822843354815 
gen 7 6735 484.8396786585998 17.436933630837668 434.29761285248156 507.69415206473997 
gen 8 7587 476.2111699210813 17.879753698004656 420.6254985044108 501.0920678498343 
gen 9 8699 466.91544448755894 17.7480961320918 410.13349157384425 488.40868293789845 
gen 10 9691 459.2640181813941 15.772137434357264 410.13349157384425 481.2765412961996 
gen 11 10593 452.92436199511405 14.884387963848209 410.13349157384425 473.9638137007519 
gen 12 11475 449.0533910094849 13.946804630767396 410.13349157384425 467.31091942531395 
gen 13 12327 443.2123143817019 13.748470475314425 407.095213328808 461.9651563011645 
gen 14 13289 438.1716901028828 13.727902782104417 391.48927096287207 456.7855410135039 
gen 15 14341 432.49106931254335 13.72585947997845 391.48927096287207 451.2227315133846 
gen 16 15273 428.7254424299659 13.111843422418183 387.97423202440376 445.1644493402361 
gen 17 16235 425.23392896180735 12.349890687672167 385.63554461304943 441.15218919734735 
gen 18 17117 421.2874408679487 12.027112591158097 385.63554461304943 438.04871718949005 
gen 19 18129 418.470650051508 12.729124364832371 378.44928707815285 434.8700267929263 
gen 20 19041 415.45269879459136 12.454709873619016 378.44928707815285 431.5706788227115 
gen 21 19973 414.2231716458157 12.186721674759793 375.8325926254238 430.15557803218803 
gen 22 20845 410.62845139585204 12.039977998481278 373.90475956624437 427.769505849309 
gen 23 21877 407.9329673714911 11.541738381835886 369.7957026349861 424.74465699004685 
gen 24 22949 405.7659333365944 10.874215194707253 369.7957026349861 421.96016093125945 
gen 25 24041 401.4706316210704 11.373720605626453 369.7957026349861 415.7389526695648 
gen 26 25113 398.44821880302743 10.644067730162314 369.7957026349861 412.72095992747586 
gen 27 25995 396.1389791340768 11.03293129352905 364.67425687382274 411.1464972719737 
gen 28 26967 394.0696202808668 11.015684877712156 353.50519397030655 408.5080084468467 
gen 29 27849 392.2841610200254 10.991221573309442 353.50519397030655 405.385512066628 
gen 30 28841 390.4662060871273 10.623630421004028 353.50519397030655 403.8081591045424 
gen 31 29803 388.5529075755378 10.193107365931738 353.50519397030655 401.6017514002873 
gen 32 30735 385.94587744556264 9.266946674703663 348.095999651416 397.84726084207557 
gen 33 31727 382.93848484654086 7.985708221399 348.095999651416 393.02431472139216 
gen 34 32719 380.47005437126705 7.17888193441506 348.095999651416 387.95652800798746 
gen 35 33651 379.04020068287167 6.656759116055196 348.095999651416 385.5245752873013 
gen 36 34703 377.1189918105384 6.113876994642909 348.095999651416 383.15185508840773 
gen 37 35525 375.3196852112725 5.429360547655882 348.095999651416 380.8194058229719 
gen 38 36347 373.99749598574067 5.083504396033562 348.095999651416 379.1308573589693 
gen 39 37329 372.1016356559701 4.956724289879302 348.095999651416 377.1234439770219 
gen 40 38151 370.6565241131463 4.680212205743471 348.095999651416 375.49804100302947 
gen 41 39133 369.197288088365 4.433177117576209 348.095999651416 373.93633331413804 
gen 42 40085 367.9356459833966 4.150712455699934 348.095999651416 371.5906581421285 
gen 43 41147 366.4692426359404 4.299336527842951 340.12877329119027 370.3339484647025 
gen 44 42019 365.180192760085 4.053425268469282 340.12877329119027 368.8358053861343 
gen 45 43021 364.3730292011073 4.167366769984596 339.8066155584561 367.8838416701304 
gen 46 43953 363.4421358742887 3.900015468214647 339.8066155584561 366.62301875473383 
gen 47 44855 362.6375380540548 3.7740531811736044 339.8066155584561 365.6216535581406 
gen 48 45757 361.8313167527151 3.6260629276894103 339.8066155584561 364.9390602157284 
gen 49 46849 360.66790017067837 3.689829497935421 339.8066155584561 363.8593034298788 
gen 50 47821 359.9344800240944 3.6681984263720433 339.8066155584561 363.0413089512192 
gen 51 48763 359.1578794788426 3.8703525809811308 333.1555645306682 362.43266978269145 
gen 52 49675 358.39114419969616 3.8215704556207344 333.1555645306682 361.8160382708984 
gen 53 50577 357.6194050504915 3.660102896553453 333.1555645306682 360.910731615742 
gen 54 51589 357.002030611712 3.536165799033398 333.1555645306682 360.35443297562756 
gen 55 52601 356.2865475437385 3.7583595968071855 333.1555645306682 359.6605829919595 
gen 56 53533 355.6027980080928 3.689051330733421 333.1555645306682 358.88106109132315 
gen 57 54365 354.5362559879627 3.786799465526511 333.1555645306682 358.03609599591397 
gen 58 55217 353.54201178713754 3.805924318198744 333.1555645306682 357.0987403197348 
gen 59 56229 352.8431066465457 3.8883808804980178 333.1555645306682 356.3707744803277 
gen 60 57321 351.9580105750498 3.8993232406790908 333.1555645306682 355.73132993264664 
gen 61 58153 351.26713773556634 4.049956168060917 333.1555645306682 355.2732735785356 
gen 62 59295 350.5250226869865 4.150474221200755 333.1555645306682 354.82899398150573 
gen 63 60177 349.97470381237497 4.066762251137847 332.4587964631805 354.23896796178377 
gen 64 61149 349.12179634482874 4.004703636985666 332.4587964631805 353.62240074408055 
gen 65 62151 347.90898001793244 4.269964228391467 331.9548789805166 352.68650773957273 
gen 66 63303 346.6931961672969 3.9800821717359445 331.9548789805166 351.480650509822 
gen 67 64205 345.87817708412047 4.2918931812672 328.00736684062383 350.6119429122214 
gen 68 65127 344.3065567653945 4.387979479801501 328.00736684062383 349.1440847648839 
gen 69 66049 343.1899192376414 4.3394189692869976 327.7532113465205 348.22048459743536 
gen 70 67051 342.06081043115086 4.229618003689637 326.8080304361465 346.93703469629367 
gen 71 68003 341.1880496085117 4.245675172332029 326.8080304361465 345.6744212864821 
gen 72 69015 340.4415470638302 4.221962564729796 326.8080304361465 345.114457086348 
gen 73 69967 339.2603528627304 4.146986095829809 326.8080304361465 344.0515776273307 
gen 74 70909 338.2377135745514 4.019939094551168 326.8080304361465 343.2755702269279 
gen 75 71981 337.3687625016875 4.030072225017167 326.8080304361465 342.312395987513 
gen 76 73003 336.5855810904302 3.872625706585826 324.88710887249533 341.30534000200055 
gen 77 74175 335.4428462575539 3.720230479638096 324.88710887249533 340.07278893207126 
gen 78 75087 334.92541851278213 3.6435273951893046 324.88710887249533 339.5856424018079 
gen 79 76029 334.19735214941124 3.421844156390087 324.88710887249533 338.5250992423282 
gen 80 77051 333.3261609465718 3.3372736540909407 323.65348696526917 337.5622066981733 
gen 81 77923 332.47161045430926 3.2348844964345855 323.65348696526917 336.5809082673208 
gen 82 78845 331.91770614430703 3.0775295827112683 323.65348696526917 335.9641569874514 
gen 83 79777 331.47617213362514 2.9650127206631187 323.65348696526917 335.4032415699725 
gen 84 80739 330.8040995786554 2.791237439357609 323.24129780638185 334.33518477294706 
gen 85 81721 330.35165014768285 2.9000720664799755 318.8557810160452 333.93516195020106 
gen 86 82653 329.85944753761925 2.7378344181940952 318.8557810160452 333.5540652450602 
gen 87 83585 329.44144314111537 2.762663723621957 318.8557810160452 333.0030380563521 
gen 88 84557 328.8020061131946 2.783148958564048 318.8557810160452 332.6773791536443 
gen 89 85599 328.5412756929484 2.6416996375672226 318.8557810160452 332.1189931278911 
[3, 9, 8, 0, 5, 4, 6, 10, 2, 7, 1, 3, 9, 6, 4, 2, 7, 10, 5, 0, 8, 1, 5, 8, 6, 1, 0, 10, 9, 3, 4, 7, 2, 1, 7, 8, 4, 5, 3, 0, 2, 6, 10, 9, 8, 3, 5, 7, 2, 6, 10, 1, 9, 0, 4, 4, 0, 9, 10, 8, 5, 6, 7, 2, 3, 1, 4, 9, 5, 3, 10, 8, 6, 2, 1, 7, 0, 10, 7, 3, 0, 9, 5, 4, 6, 8, 1, 2, 3, 0, 9, 1, 5, 2, 8, 7, 4, 6, 10, 8, 3, 7, 0, 1, 6, 5, 4, 10, 9, 2, 10, 4, 0, 7, 5, 3, 8, 9, 2, 6, 1]
min  318.8557810160452
NFE 85599
LSNFE 63940
VLSNFE 12297
runTime 173.6581735610962
