gen 0 0 100001263.71255255 994987309.9983622 748.3233610007616 9999999999.0 
gen 1 210 66668086.44329127 813770257.9879482 748.3233610007616 9999999999.0 
gen 2 420 100001262.00265858 994987310.1701835 748.3233610007616 9999999999.0 
gen 3 630 166667889.67217952 1280190798.626246 748.3233610007616 9999999999.0 
gen 4 840 300001228.04344404 1705871994.7798796 731.7007165922785 9999999999.0 
gen 5 1050 33334525.375659954 576387146.5311348 731.7007165922785 9999999999.0 
gen 6 1260 266668055.2011667 1611072566.4821181 731.7007165922785 9999999999.0 
gen 7 1470 33334436.21356011 576387151.6874334 582.1837364451533 9999999999.0 
gen 8 1680 977.2758014993514 202.69859959677007 582.1837364451533 2904.6372985177322 
gen 9 1890 980.7614134534277 316.86174383366296 582.1837364451533 3752.1601488260276 
[5, 4, 3, 0, 6, 1, 2, 7, 5, 0, 3, 6, 4, 2, 1, 7, 3, 4, 7, 2, 6, 1, 5, 0, 6, 3, 0, 4, 1, 5, 7, 2, 5, 0, 2, 4, 7, 6, 1, 3, 5, 7, 6, 4, 3, 0, 1, 2, 3, 6, 7, 0, 2, 4, 1, 5, 6, 0, 3, 1, 7, 5, 4, 2]
min  582.1837364451533
NFE 300
runTime 22.947498321533203
