gen 0 510 1010.1568019250742 224.9551992533927 687.8367757667775 2673.9014679543047 
gen 1 720 366667780.3385932 1879420497.067231 678.2492187083958 9999999999.0 
gen 2 930 66667675.48963818 813770291.6543988 678.2492187083958 9999999999.0 
gen 3 1140 66667655.04523036 813770293.3293658 620.9837895796489 9999999999.0 
gen 4 1350 66667755.68928444 813770285.0842254 620.9837895796489 9999999999.0 
gen 5 1560 166667765.1638696 1280190814.8358793 620.9837895796489 9999999999.0 
gen 6 1770 200000976.86165905 1399999860.305543 620.9837895796489 9999999999.0 
gen 7 1980 266667639.2979534 1611072635.3227553 620.9837895796489 9999999999.0 
gen 8 2190 166667671.832714 1280190826.98659 620.9837895796489 9999999999.0 
gen 9 2400 266667608.62845966 1611072640.3991773 620.9837895796489 9999999999.0 
gen 10 2610 166667588.6228555 1280190837.819499 577.1376550562296 9999999999.0 
gen 11 2820 33334330.023990028 576387157.828555 577.1376550562296 9999999999.0 
gen 12 3030 33334265.372293707 576387161.5674005 577.1376550562296 9999999999.0 
gen 13 3240 66667634.86423507 813770294.9825665 577.1376550562296 9999999999.0 
gen 14 3450 33334407.80460329 576387153.3305409 577.1376550562296 9999999999.0 
gen 15 3660 33334408.74848067 576387153.2759992 577.1376550562296 9999999999.0 
gen 16 3870 1026.432577548823 455.4528683605068 577.1376550562296 4271.913002482818 
gen 17 4080 66667705.8946948 813770289.163547 577.1376550562296 9999999999.0 
gen 18 4290 66667767.74231467 813770284.0969315 577.1376550562296 9999999999.0 
gen 19 4500 66667685.220226735 813770290.8572888 577.1376550562296 9999999999.0 
gen 20 4710 200000963.88366887 1399999862.1595163 577.1376550562296 9999999999.0 
gen 21 4920 66667753.761082076 813770285.2421601 577.1376550562296 9999999999.0 
gen 22 5130 66667758.15935103 813770284.8818296 577.1376550562296 9999999999.0 
gen 23 5340 1164.5338578876222 460.96062466775646 577.1376550562296 3942.824899525016 
gen 24 5550 1090.2008233478557 370.4433016040002 577.1376550562296 3182.4521662836714 
gen 25 5760 33334475.145871423 576387149.4360195 577.1376550562296 9999999999.0 
gen 26 5970 33334503.63529174 576387147.7883462 577.1376550562296 9999999999.0 
gen 27 6180 33334450.135574926 576387150.8824052 577.1376550562296 9999999999.0 
gen 28 6390 1092.037197342188 374.57453253916174 577.1376550562296 3324.643586443249 
gen 29 6600 1185.6817660261822 482.5664580145974 577.1376550562296 6445.070650179304 
gen 30 6810 33334566.12939705 576387144.1743006 577.1376550562296 9999999999.0 
gen 31 7020 1239.369178808997 471.31848066359254 577.1376550562296 3783.3812521639475 
gen 32 7230 33334611.647517413 576387141.5419688 577.1376550562296 9999999999.0 
gen 33 7440 1183.7735898256255 420.545781253802 577.1376550562296 3470.926980833315 
gen 34 7650 1174.758167418398 492.51531841668617 577.1376550562296 3856.4320142563242 
gen 35 7860 33334394.83524823 576387154.0804043 577.1376550562296 9999999999.0 
gen 36 8070 33334425.465911794 576387152.3089907 577.1376550562296 9999999999.0 
gen 37 8280 1106.0783659182125 397.9652841471803 577.1376550562296 2992.12979630707 
gen 38 8490 33334367.533630066 576387155.6592823 577.1376550562296 9999999999.0 
gen 39 8700 33334610.152783744 576387141.6284467 577.1376550562296 9999999999.0 
gen 40 8910 1199.0480712377616 575.2975688444437 577.1376550562296 6346.667937846959 
gen 41 9120 33334360.683853958 576387156.0553911 577.1376550562296 9999999999.0 
gen 42 9330 1152.538353281162 473.8081944503823 577.1376550562296 5259.8221645190915 
gen 43 9540 33334407.8056613 576387153.3302929 577.1376550562296 9999999999.0 
gen 44 9750 66667705.25143461 813770289.2162342 577.1376550562296 9999999999.0 
gen 45 9960 1172.6636928573482 440.9239220786956 577.1376550562296 3607.534134119902 
gen 46 10170 100001395.2280982 994987296.7806973 577.1376550562296 9999999999.0 
gen 47 10380 33334522.387332097 576387146.7039269 577.1376550562296 9999999999.0 
gen 48 10590 100001176.86852875 994987318.7264931 577.1376550562296 9999999999.0 
gen 49 10800 33334530.93746984 576387146.2094948 577.1376550562296 9999999999.0 
gen 50 11010 133334360.24223325 1146976582.7804377 577.1376550562296 9999999999.0 
gen 51 11220 1092.1234495950607 344.80536499787803 577.1376550562296 2698.796171136659 
gen 52 11430 1082.1448547247214 342.9586711904272 577.1376550562296 2940.1877750691833 
gen 53 11640 1021.456039687374 297.27594731658684 577.1376550562296 3005.4635321317132 
gen 54 11850 66667975.594486654 813770267.068989 577.1376550562296 9999999999.0 
gen 55 12060 33334397.794714585 576387153.9093466 577.1376550562296 9999999999.0 
gen 56 12270 1143.2184130628798 437.61429480467524 577.1376550562296 4025.919979571857 
gen 57 12480 1081.8483725198344 394.75837194265966 577.1376550562296 4493.1951109696365 
gen 58 12690 1061.4252095276256 351.0769915024461 577.1376550562296 3457.7514171843613 
gen 59 12900 1065.219073484687 402.4293014773881 577.1376550562296 3505.023096828025 
gen 60 13110 935.3378106755542 367.93674830325114 577.1376550562296 4693.843178996162 
gen 61 13320 100001079.90435553 994987328.4718652 577.1376550562296 9999999999.0 
gen 62 13530 200001079.22493586 1399999845.6822615 577.1376550562296 9999999999.0 
gen 63 13740 133334481.85614118 1146976568.6432164 577.1376550562296 9999999999.0 
gen 64 13950 100001082.96937725 994987328.1637249 577.1376550562296 9999999999.0 
gen 65 14160 133334426.02247149 1146976575.1337032 577.1376550562296 9999999999.0 
gen 66 14370 400001060.96846515 1959591577.453211 577.1376550562296 9999999999.0 
gen 67 14580 100001001.0686339 994987336.3950307 577.1376550562296 9999999999.0 
gen 68 14790 100001001.4424881 994987336.3574648 577.1376550562296 9999999999.0 
gen 69 15000 66667744.83064909 813770285.9740084 577.1376550562296 9999999999.0 
gen 70 15210 233334586.8648653 1509598722.6549504 577.1376550562296 9999999999.0 
gen 71 15420 400001183.6156226 1959591552.4180236 577.1376550562296 9999999999.0 
gen 72 15630 200001158.55667213 1399999834.3492446 577.1376550562296 9999999999.0 
gen 73 15840 200001059.65508816 1399999848.4779327 577.1376550562296 9999999999.0 
gen 74 16050 33334388.63929404 576387154.4387826 577.1376550562296 9999999999.0 
gen 75 16260 166667814.45832506 1280190808.4183638 577.1376550562296 9999999999.0 
gen 76 16470 266667754.62791312 1611072616.23326 577.1376550562296 9999999999.0 
gen 77 16680 266667850.52670115 1611072600.3599808 577.1376550562296 9999999999.0 
gen 78 16890 366667894.4373051 1879420474.8072064 577.1376550562296 9999999999.0 
gen 79 17100 133334324.69377513 1146976586.9128664 577.1376550562296 9999999999.0 
gen 80 17310 802.8748147395113 202.76601240696104 577.1376550562296 2615.340068331067 
gen 81 17520 898.3839915225852 264.902592176986 577.1376550562296 2155.476131904882 
gen 82 17730 66667669.046070606 813770292.182305 577.1376550562296 9999999999.0 
gen 83 17940 66667612.97530197 813770296.7757765 577.1376550562296 9999999999.0 
gen 84 18150 867.0683681482832 242.6597197995654 577.1376550562296 2377.4655316138947 
gen 85 18360 66667679.2745858 813770291.3443731 577.1376550562296 9999999999.0 
gen 86 18570 166667532.22446328 1280190845.1619296 577.1376550562296 9999999999.0 
gen 87 18780 200001183.70037532 1399999830.7573519 577.1376550562296 9999999999.0 
gen 88 18990 66667662.59447011 813770292.7108215 577.1376550562296 9999999999.0 
gen 89 19200 861.7476629922546 218.92647950379305 577.1376550562296 2023.4181243337307 
gen 90 19410 944.7524150961203 281.91781109178794 577.1376550562296 2245.1054937425306 
gen 91 19620 33334238.110319793 576387163.1440122 577.1376550562296 9999999999.0 
gen 92 19830 33334366.316000037 576387155.7297484 577.1376550562296 9999999999.0 
gen 93 20040 200000922.71657562 1399999868.0405426 577.1376550562296 9999999999.0 
gen 94 20250 33334213.01404101 576387164.5953265 577.1376550562296 9999999999.0 
gen 95 20460 925.8577949433853 287.5024039321119 577.1376550562296 3168.766404890521 
gen 96 20670 100000982.34501651 994987338.2768564 577.1376550562296 9999999999.0 
gen 97 20880 911.5105358953638 272.32694649070004 577.1376550562296 2645.272841938475 
gen 98 21090 100000888.97746558 994987347.6605568 577.1376550562296 9999999999.0 
gen 99 21300 922.8114358275159 364.2180951310254 577.1376550562296 3008.0061072188396 
gen 100 21510 66667708.19203125 813770288.9754192 577.1376550562296 9999999999.0 
gen 101 21720 951.0739902681089 304.9100314008792 577.1376550562296 2676.215592691782 
gen 102 21930 66667531.899865165 813770303.4177048 577.1376550562296 9999999999.0 
gen 103 22140 886.0944308496523 328.9547288483673 577.1376550562296 3278.942863097812 
gen 104 22350 133334397.40225536 1146976578.46083 577.1376550562296 9999999999.0 
gen 105 22560 300001204.2956301 1705871998.9563005 577.1376550562296 9999999999.0 
gen 106 22770 200001114.5035648 1399999840.6425138 577.1376550562296 9999999999.0 
gen 107 22980 886.1122533383748 236.4801893937561 577.1376550562296 2263.6025493594752 
gen 108 23190 166667751.14646435 1280190816.6607769 577.1376550562296 9999999999.0 
gen 109 23400 233334387.00088474 1509598753.547118 577.1376550562296 9999999999.0 
gen 110 23610 233334497.19404805 1509598736.5150425 577.1376550562296 9999999999.0 
gen 111 23820 66667639.88145792 813770294.5715598 577.1376550562296 9999999999.0 
gen 112 24030 133334516.03653717 1146976564.669886 577.1376550562296 9999999999.0 
gen 113 24240 166667707.20589226 1280190822.3814158 577.1376550562296 9999999999.0 
gen 114 24450 33334233.13119471 576387163.4319407 577.1376550562296 9999999999.0 
gen 115 24660 868.8487956233674 336.2695459696655 577.1376550562296 4680.135073495431 
gen 116 24870 33334449.41489539 576387150.9240768 577.1376550562296 9999999999.0 
gen 117 25080 982.7236256549411 301.1722984126813 577.1376550562296 2572.890662347145 
gen 118 25290 939.4737543087571 260.33327432452325 577.1376550562296 2082.411957875562 
gen 119 25500 33334328.884919524 576387157.8943865 577.1376550562296 9999999999.0 
gen 120 25710 66667706.41933543 813770289.1205633 577.1376550562296 9999999999.0 
gen 121 25920 1075.5434412927966 416.98012549490346 577.1376550562296 2840.5174022931337 
gen 122 26130 33334281.54804313 576387160.6319268 577.1376550562296 9999999999.0 
gen 123 26340 33334489.389280364 576387148.612299 577.1376550562296 9999999999.0 
gen 124 26550 100001145.08768752 994987321.9206582 577.1376550562296 9999999999.0 
gen 125 26760 33334328.043388747 576387157.9430659 577.1376550562296 9999999999.0 
gen 126 26970 1047.169661394216 491.25495379894164 577.1376550562296 4670.846523042737 
gen 127 27180 200001158.97418398 1399999834.2895489 577.1376550562296 9999999999.0 
gen 128 27390 33334516.842270754 576387147.0247425 577.1376550562296 9999999999.0 
gen 129 27600 1026.7149833801268 330.80936950162504 577.1376550562296 3148.5031817812405 
gen 130 27810 100001087.94328286 994987327.6638392 577.1376550562296 9999999999.0 
gen 131 28020 971.3773213052235 327.71926185190256 577.1376550562296 4519.64848248262 
gen 132 28230 988.0192505430535 292.4782663472552 577.1376550562296 2185.5825076102374 
gen 133 28440 133334460.88459793 1146976571.0810657 577.1376550562296 9999999999.0 
gen 134 28650 987.5469298164741 304.1041927964716 577.1376550562296 2462.2822536675103 
gen 135 28860 66667780.061885424 813770283.0876082 577.1376550562296 9999999999.0 
gen 136 29070 947.8253883628045 262.8037983538146 577.1376550562296 2470.76054209251 
gen 137 29280 66667792.80756706 813770282.0434581 577.1376550562296 9999999999.0 
gen 138 29490 900.3055546871185 221.2448403707704 577.1376550562296 2008.2492619659902 
gen 139 29700 66667674.747157134 813770291.7152427 577.1376550562296 9999999999.0 
gen 140 29910 1087.714646665835 462.8748291222704 577.1376550562296 4545.369547140917 
gen 141 30120 66667748.787648186 813770285.6497129 577.1376550562296 9999999999.0 
gen 142 30330 949.3279377909148 268.74132439536885 577.1376550562296 2935.228642534709 
gen 143 30540 922.3961778361834 223.06773295175142 577.1376550562296 2057.4410861389065 
gen 144 30750 1164.7007301262688 667.5221312783472 577.1376550562296 6681.709070666568 
gen 145 30960 33334316.92420668 576387158.5860951 577.1376550562296 9999999999.0 
gen 146 31170 978.2166391129897 328.9352763460023 577.1376550562296 3663.0901607018136 
gen 147 31380 1030.243847445618 364.5162644702901 577.1376550562296 3499.748084330424 
gen 148 31590 966.8699450525634 267.37363424520845 577.1376550562296 1998.165035876065 
gen 149 31800 33334370.820679087 576387155.4692616 577.1376550562296 9999999999.0 
gen 150 32010 932.9694676377686 279.5560610197208 577.1376550562296 3513.258795716856 
gen 151 32220 965.3941891974044 320.472175114552 577.1376550562296 3812.6780078814586 
gen 152 32430 976.1072567915832 300.00782755651954 577.1376550562296 3505.0252622905955 
gen 153 32640 1002.8821876476674 373.70983113124 577.1376550562296 4276.135583408021 
gen 154 32850 33334335.016430866 576387157.5397953 577.1376550562296 9999999999.0 
gen 155 33060 33334309.75179073 576387159.000879 577.1376550562296 9999999999.0 
gen 156 33270 33334350.529893246 576387156.6426543 577.1376550562296 9999999999.0 
gen 157 33480 33334378.807032596 576387155.0074413 577.1376550562296 9999999999.0 
gen 158 33690 33334351.705071736 576387156.5746685 577.1376550562296 9999999999.0 
gen 159 33900 978.9641978259109 293.16991149092615 577.1376550562296 2400.818031575882 
gen 160 34110 66667763.57172167 813770284.438507 577.1376550562296 9999999999.0 
gen 161 34320 66667680.85828011 813770291.2146142 577.1376550562296 9999999999.0 
gen 162 34530 66667643.28829778 813770294.2924459 577.1376550562296 9999999999.0 
gen 163 34740 973.8725395926232 365.4176367467888 577.1376550562296 4852.232220220076 
gen 164 34950 956.5067797934835 264.11747008010246 577.1376550562296 2394.253582692324 
gen 165 35160 66667770.00512559 813770283.9114459 577.1376550562296 9999999999.0 
gen 166 35370 33334360.68164777 576387156.0555995 577.1376550562296 9999999999.0 
gen 167 35580 100000988.66485822 994987337.6416103 577.1376550562296 9999999999.0 
gen 168 35790 952.5015850812094 314.92801945205287 577.1376550562296 3822.8162300537288 
gen 169 36000 953.2328802405474 298.38876834434234 577.1376550562296 2914.3318700186614 
gen 170 36210 1000.8587781729383 365.5995194616838 577.1376550562296 3985.4728970597457 
gen 171 36420 980.2187070886273 347.2122955982967 577.1376550562296 4419.470925583565 
gen 172 36630 33334364.811129563 576387155.8167444 577.1376550562296 9999999999.0 
gen 173 36840 300001173.5413234 1705872004.3648262 577.1376550562296 9999999999.0 
gen 174 37050 200001039.29756954 1399999851.386144 577.1376550562296 9999999999.0 
gen 175 37260 995.248169158936 401.55999696232027 577.1376550562296 5184.371813774426 
gen 176 37470 66667590.2812722 813770298.6349107 577.1376550562296 9999999999.0 
gen 177 37680 949.9224986467991 311.8387431508616 577.1376550562296 3621.1934594704026 
gen 178 37890 66667700.41838543 813770289.6121768 577.1376550562296 9999999999.0 
gen 179 38100 933.2940824028057 249.99341961224468 577.1376550562296 2639.9499963311305 
gen 180 38310 33334251.22191515 576387162.3856982 577.1376550562296 9999999999.0 
gen 181 38520 975.9736542483763 311.4443309367672 577.1376550562296 3132.9966446484827 
gen 182 38730 100001006.75766307 994987335.8232269 577.1376550562296 9999999999.0 
gen 183 38940 1039.7223104120228 358.39378621127264 577.1376550562296 2748.9696436300483 
gen 184 39150 1031.0637585795996 380.63941843108677 577.1376550562296 2988.2619240148865 
gen 185 39360 983.7935976506288 312.2731014525386 577.1376550562296 3063.9446739413825 
gen 186 39570 166667779.1351363 1280190813.0170069 577.1376550562296 9999999999.0 
gen 187 39780 972.376271333801 353.7934509462158 577.1376550562296 3899.3299774940992 
gen 188 39990 33334310.74142097 576387158.9436263 577.1376550562296 9999999999.0 
gen 189 40200 956.326619194569 278.2323034500138 577.1376550562296 2634.2385668585503 
gen 190 40410 66667619.61894775 813770296.2314732 577.1376550562296 9999999999.0 
gen 191 40620 984.2402365266004 293.8232675958546 577.1376550562296 3093.618469728087 
gen 192 40830 100000979.32355152 994987338.5804509 577.1376550562296 9999999999.0 
gen 193 41040 932.2446935739481 244.31631579300102 577.1376550562296 1941.1856354870763 
gen 194 41250 100000979.06808077 994987338.6061269 577.1376550562296 9999999999.0 
gen 195 41460 33334267.914292272 576387161.4203719 577.1376550562296 9999999999.0 
gen 196 41670 33334429.87816331 576387152.0538901 577.1376550562296 9999999999.0 
gen 197 41880 33334367.01665362 576387155.6892155 577.1376550562296 9999999999.0 
gen 198 42090 200001049.50814775 1399999849.9274788 577.1376550562296 9999999999.0 
gen 199 42300 967.9059868238722 302.4832197486802 577.1376550562296 3648.088875286274 
gen 200 42510 921.1132673028269 249.79077693066412 577.1376550562296 1919.6165050628917 
gen 201 42720 990.7140525931508 367.67673881480886 577.1376550562296 3953.911639118563 
gen 202 42930 1081.9781256811607 583.0959141041623 577.1376550562296 5757.242233092665 
gen 203 43140 958.9393620492684 279.355995759772 577.1376550562296 2924.346151251594 
gen 204 43350 1071.5348074035749 390.5768351092377 577.1376550562296 4082.4654501239065 
gen 205 43560 1028.2817711851703 350.9064265987729 577.1376550562296 3353.364630348984 
gen 206 43770 958.8602330462913 294.7551811874947 577.1376550562296 2907.6416250740303 
gen 207 43980 100001108.74384269 994987325.57332 577.1376550562296 9999999999.0 
gen 208 44190 66667690.88051549 813770290.3935443 577.1376550562296 9999999999.0 
gen 209 44400 66667662.770491675 813770292.6964372 577.1376550562296 9999999999.0 
gen 210 44610 66667728.64830579 813770287.2995563 577.1376550562296 9999999999.0 
[3, 6, 7, 2, 4, 5, 1, 0, 3, 5, 2, 4, 6, 0, 7, 1, 3, 6, 7, 4, 1, 5, 0, 2, 3, 5, 0, 4, 2, 7, 6, 1, 3, 7, 6, 4, 0, 5, 1, 2, 6, 0, 1, 4, 7, 5, 2, 3, 3, 6, 0, 7, 4, 1, 5, 2, 3, 7, 4, 6, 5, 0, 1, 2]
min  577.1376550562296
NFE 44820
runTime 404.9550099372864
