gen 0 510 600001261.5203773 2374868098.437468 653.7514807858871 9999999999.0 
gen 1 720 266667955.62269038 1611072582.9643445 653.7514807858871 9999999999.0 
gen 2 930 166667867.6236367 1280190801.4967458 653.7514807858871 9999999999.0 
gen 3 1140 100001099.97067596 994987326.4550134 629.1278932955904 9999999999.0 
gen 4 1350 100001060.70041713 994987330.4017714 629.1278932955904 9999999999.0 
gen 5 1560 300001255.1545652 1705871990.0121336 629.1278932955904 9999999999.0 
gen 6 1770 33334326.152738996 576387158.0524056 629.1278932955904 9999999999.0 
gen 7 1980 233334500.85813788 1509598735.9486446 629.1278932955904 9999999999.0 
gen 8 2190 233334695.48790288 1509598705.8655052 629.1278932955904 9999999999.0 
gen 9 2400 200001199.94931194 1399999828.435962 629.1278932955904 9999999999.0 
gen 10 2610 266667972.5718507 1611072580.1589744 629.1278932955904 9999999999.0 
gen 11 2820 166667708.2361375 1280190822.247189 629.1278932955904 9999999999.0 
gen 12 3030 66667871.47546487 813770275.5986614 629.1278932955904 9999999999.0 
gen 13 3240 66667893.18672258 813770273.8200334 629.1278932955904 9999999999.0 
gen 14 3450 166667760.10390773 1280190815.4945958 629.1278932955904 9999999999.0 
gen 15 3660 66667682.140209645 813770291.1095771 629.1278932955904 9999999999.0 
gen 16 3870 33334645.798461508 576387139.5670696 629.1278932955904 9999999999.0 
gen 17 4080 66668033.07299815 813770262.3603183 629.1278932955904 9999999999.0 
gen 18 4290 133334558.74749324 1146976559.70473 629.1278932955904 9999999999.0 
gen 19 4500 33334603.483688388 576387142.0140065 629.1278932955904 9999999999.0 
gen 20 4710 33334542.36251974 576387145.548769 629.1278932955904 9999999999.0 
gen 21 4920 100001357.52754532 994987300.5697262 629.1278932955904 9999999999.0 
gen 22 5130 33334516.75754054 576387147.0295404 629.1278932955904 9999999999.0 
gen 23 5340 33334733.10732287 576387134.5178865 629.1278932955904 9999999999.0 
gen 24 5550 200001307.5277396 1399999813.0676217 629.1278932955904 9999999999.0 
gen 25 5760 133334600.54942596 1146976554.8453608 629.1278932955904 9999999999.0 
gen 26 5970 66667900.95795667 813770273.1834517 629.1278932955904 9999999999.0 
gen 27 6180 1278.4778223508613 763.7933015571672 629.1278932955904 9718.539141200012 
gen 28 6390 33334594.03761315 576387142.560408 629.1278932955904 9999999999.0 
gen 29 6600 100001378.03461008 994987298.5086122 629.1278932955904 9999999999.0 
gen 30 6810 133334443.38670036 1146976573.1150978 629.1278932955904 9999999999.0 
gen 31 7020 66667589.854423165 813770298.6699003 606.3053442738292 9999999999.0 
gen 32 7230 200001116.2075032 1399999840.3990467 606.3053442738292 9999999999.0 
gen 33 7440 166667844.76297495 1280190804.473054 606.3053442738292 9999999999.0 
gen 34 7650 300001158.3265327 1705872007.0405753 606.3053442738292 9999999999.0 
gen 35 7860 233334509.04687923 1509598734.6829257 606.3053442738292 9999999999.0 
gen 36 8070 133334454.7677564 1146976571.7921133 606.3053442738292 9999999999.0 
gen 37 8280 133334501.60831603 1146976566.3470612 606.3053442738292 9999999999.0 
gen 38 8490 66667602.32374767 813770297.6483718 606.3053442738292 9999999999.0 
gen 39 8700 233334487.97144476 1509598737.9405515 606.3053442738292 9999999999.0 
gen 40 8910 300001145.54380834 1705872009.288538 606.3053442738292 9999999999.0 
gen 41 9120 366667766.4688304 1879420499.7731729 606.3053442738292 9999999999.0 
gen 42 9330 333334586.1756972 1795054702.8790476 606.3053442738292 9999999999.0 
gen 43 9540 300001195.4290274 1705872000.5156052 606.3053442738292 9999999999.0 
gen 44 9750 266667973.8400003 1611072579.9490895 606.3053442738292 9999999999.0 
gen 45 9960 300001114.843283 1705872014.6876574 606.3053442738292 9999999999.0 
gen 46 10170 566667761.0025874 2312045482.722029 606.3053442738292 9999999999.0 
gen 47 10380 66667741.529943936 813770286.2442518 606.3053442738292 9999999999.0 
gen 48 10590 33334263.47860509 576387161.6769038 593.8346141286983 9999999999.0 
gen 49 10800 300001183.7356114 1705872002.5720258 593.8346141286983 9999999999.0 
gen 50 11010 200001129.77160248 1399999838.4613523 593.8346141286983 9999999999.0 
gen 51 11220 900001110.3274398 2861817254.7546067 593.8346141286983 9999999999.0 
gen 52 11430 533334538.1338766 2246972986.6427746 593.8346141286983 9999999999.0 
gen 53 11640 266667785.38009623 1611072611.143099 581.5216862093972 9999999999.0 
gen 54 11850 66667761.34415914 813770284.6209729 581.5216862093972 9999999999.0 
gen 55 12060 400001170.4392216 1959591555.1076639 581.5216862093972 9999999999.0 
gen 56 12270 400001211.23851156 1959591546.7795477 581.5216862093972 9999999999.0 
gen 57 12480 200001124.771428 1399999839.1756399 581.5216862093972 9999999999.0 
gen 58 12690 433334612.49962944 2036063468.087073 581.5216862093972 9999999999.0 
gen 59 12900 200001274.46732858 1399999817.790746 581.5216862093972 9999999999.0 
gen 60 13110 300001008.99309975 1705872033.3027277 581.5216862093972 9999999999.0 
gen 61 13320 133334413.68411618 1146976576.567992 581.5216862093972 9999999999.0 
gen 62 13530 33334410.696580093 576387153.1631371 581.5216862093972 9999999999.0 
gen 63 13740 66667745.28496623 813770285.936588 581.5216862093972 9999999999.0 
gen 64 13950 166667763.91342992 1280190814.9986768 581.5216862093972 9999999999.0 
gen 65 14160 333334522.1396372 1795054714.7701323 581.5216862093972 9999999999.0 
gen 66 14370 633334570.8620176 2435615046.2296357 581.5216862093972 9999999999.0 
gen 67 14580 100001069.44358306 994987329.52311 581.5216862093972 9999999999.0 
gen 68 14790 133334428.33213292 1146976574.8652067 581.5216862093972 9999999999.0 
gen 69 15000 233334372.04366902 1509598755.8590064 581.5216862093972 9999999999.0 
gen 70 15210 166667780.89423448 1280190812.7879646 581.5216862093972 9999999999.0 
gen 71 15420 66667699.84032813 813770289.6595188 581.5216862093972 9999999999.0 
gen 72 15630 400001174.44655836 1959591554.2896473 581.5216862093972 9999999999.0 
gen 73 15840 100001161.92443666 994987320.2285277 581.5216862093972 9999999999.0 
gen 74 16050 300001173.15127766 1705872004.433477 581.5216862093972 9999999999.0 
gen 75 16260 969.8930470473315 265.3436583316298 581.5216862093972 2699.480339692032 
gen 76 16470 666667949.2148682 2494437914.806851 581.5216862093972 9999999999.0 
gen 77 16680 133334397.1248617 1146976578.4929562 581.5216862093972 9999999999.0 
gen 78 16890 133334370.04946831 1146976581.6403875 581.5216862093972 9999999999.0 
gen 79 17100 466667778.71746063 2109238689.679727 581.5216862093972 9999999999.0 
gen 80 17310 133334323.95968401 1146976586.9982026 581.5216862093972 9999999999.0 
gen 81 17520 896.3634075315983 215.946817669996 581.5216862093972 2184.700903866467 
gen 82 17730 400000994.6214622 1959591590.9962611 581.5216862093972 9999999999.0 
gen 83 17940 300001181.52446645 1705872002.9608934 581.5216862093972 9999999999.0 
gen 84 18150 166667776.01452127 1280190813.4233172 581.5216862093972 9999999999.0 
gen 85 18360 400001128.8453066 1959591563.5979173 581.5216862093972 9999999999.0 
gen 86 18570 233334380.28201228 1509598754.5855944 581.5216862093972 9999999999.0 
gen 87 18780 33334312.424610406 576387158.8463808 581.5216862093972 9999999999.0 
gen 88 18990 366667754.16345906 1879420502.173911 581.5216862093972 9999999999.0 
gen 89 19200 233334496.51514232 1509598736.619958 581.5216862093972 9999999999.0 
gen 90 19410 133334451.90716426 1146976572.124719 581.5216862093972 9999999999.0 
gen 91 19620 300001114.4259268 1705872014.761031 581.5216862093972 9999999999.0 
gen 92 19830 66667779.60739818 813770283.1248442 581.5216862093972 9999999999.0 
gen 93 20040 400001209.70937365 1959591547.0917604 581.5216862093972 9999999999.0 
gen 94 20250 33334500.213704657 576387147.9863904 581.5216862093972 9999999999.0 
gen 95 20460 366667769.96353954 1879420499.0914292 581.5216862093972 9999999999.0 
gen 96 20670 333334428.18506044 1795054732.2170517 581.5216862093972 9999999999.0 
gen 97 20880 66667743.21845812 813770286.105868 581.5216862093972 9999999999.0 
gen 98 21090 66667745.042220294 813770285.9565221 581.5216862093972 9999999999.0 
gen 99 21300 33334481.74536857 576387149.0544256 581.5216862093972 9999999999.0 
gen 100 21510 100001115.70469724 994987324.8737489 581.5216862093972 9999999999.0 
gen 101 21720 33334425.09732659 576387152.3303937 581.5216862093972 9999999999.0 
gen 102 21930 166667712.69957837 1280190821.6660821 581.5216862093972 9999999999.0 
gen 103 22140 100000928.19816445 994987343.7187724 581.5216862093972 9999999999.0 
gen 104 22350 133334389.33134115 1146976579.3990157 581.5216862093972 9999999999.0 
gen 105 22560 804.93878640064 239.68102767859529 581.5216862093972 3548.366008373675 
gen 106 22770 33334497.887976944 576387148.1210285 581.5216862093972 9999999999.0 
gen 107 22980 133334404.01026683 1146976577.6925454 581.5216862093972 9999999999.0 
gen 108 23190 1046.71573618321 471.6659650697776 581.5216862093972 4049.0590839381102 
gen 109 23400 100001023.94074361 994987334.0962704 581.5216862093972 9999999999.0 
gen 110 23610 133334291.38996372 1146976590.7843165 581.5216862093972 9999999999.0 
gen 111 23820 66667623.00547961 813770295.9540491 581.5216862093972 9999999999.0 
gen 112 24030 1031.6878543677647 787.591861778043 581.5216862093972 12789.95158064255 
gen 113 24240 100000974.184001 994987339.0969957 581.5216862093972 9999999999.0 
gen 114 24450 133334446.92330986 1146976572.7040155 581.5216862093972 9999999999.0 
gen 115 24660 33334426.603328273 576387152.243341 581.5216862093972 9999999999.0 
gen 116 24870 133334387.67408727 1146976579.5916107 581.5216862093972 9999999999.0 
gen 117 25080 66667606.91443855 813770297.2723154 581.5216862093972 9999999999.0 
gen 118 25290 133334422.56816302 1146976575.5352495 581.5216862093972 9999999999.0 
gen 119 25500 1051.9903536434922 475.24134174364553 581.5216862093972 4861.061899705092 
gen 120 25710 100001039.36705828 994987332.5458741 581.5216862093972 9999999999.0 
gen 121 25920 233334328.1501197 1509598762.643434 581.5216862093972 9999999999.0 
gen 122 26130 133334410.99288483 1146976576.8808227 581.5216862093972 9999999999.0 
gen 123 26340 66667735.29508925 813770286.7550117 581.5216862093972 9999999999.0 
gen 124 26550 166667757.828513 1280190815.7908854 581.5216862093972 9999999999.0 
gen 125 26760 100000988.55066694 994987337.6531458 581.5216862093972 9999999999.0 
gen 126 26970 985.9861870406098 437.6045658967091 581.5216862093972 4230.477728527007 
gen 127 27180 166667702.0249071 1280190823.0558407 581.5216862093972 9999999999.0 
gen 128 27390 166667749.8986365 1280190816.8232071 581.5216862093972 9999999999.0 
gen 129 27600 928.581758448479 247.07225506282842 581.5216862093972 2007.1250811434495 
gen 130 27810 66667655.240166195 813770293.3132981 581.5216862093972 9999999999.0 
gen 131 28020 929.1574844056519 245.72702056379353 581.5216862093972 2305.8753651250786 
gen 132 28230 100000907.04203153 994987345.8449945 581.5216862093972 9999999999.0 
gen 133 28440 33334265.872722805 576387161.538428 581.5216862093972 9999999999.0 
gen 134 28650 66667648.10769498 813770293.8976195 581.5216862093972 9999999999.0 
gen 135 28860 919.5019056847552 217.05947981859345 581.5216862093972 1790.1262497933833 
gen 136 29070 1027.472134176036 417.2796272435824 581.5216862093972 3637.353180492493 
gen 137 29280 100001010.15771142 994987335.4815274 581.5216862093972 9999999999.0 
gen 138 29490 33334342.353733983 576387157.1154747 581.5216862093972 9999999999.0 
gen 139 29700 1007.6211166235164 377.39093686497563 581.5216862093972 3369.2681532742686 
gen 140 29910 33334428.07706136 576387152.1582061 581.5216862093972 9999999999.0 
gen 141 30120 66667662.69053373 813770292.7029722 581.5216862093972 9999999999.0 
gen 142 30330 33334309.1199723 576387159.0374224 581.5216862093972 9999999999.0 
gen 143 30540 1100.461319178451 480.903208500973 581.5216862093972 3751.030362188511 
gen 144 30750 33334411.57153538 576387153.1125611 581.5216862093972 9999999999.0 
gen 145 30960 33334285.683697406 576387160.392741 581.5216862093972 9999999999.0 
gen 146 31170 908.588041679043 205.62778278813073 581.5216862093972 1722.9989597049748 
gen 147 31380 905.4692915990042 245.00176522671921 581.5216862093972 3095.8436897706197 
gen 148 31590 905.4355835791579 215.13485278300087 581.5216862093972 1852.786161068126 
gen 149 31800 921.6993652165091 223.40529310764433 581.5216862093972 1899.8773454563807 
gen 150 32010 935.4620976889441 248.05605687029245 581.5216862093972 2311.6040399286453 
gen 151 32220 33334227.433206808 576387163.7614274 581.5216862093972 9999999999.0 
gen 152 32430 66667625.37417914 813770295.760037 581.5216862093972 9999999999.0 
gen 153 32640 33334280.077785715 576387160.7169372 581.5216862093972 9999999999.0 
gen 154 32850 1002.1019105747458 389.2978695436619 581.5216862093972 3548.4711591059613 
gen 155 33060 66667709.58088136 813770288.8616114 581.5216862093972 9999999999.0 
gen 156 33270 926.233049893431 260.7726604669401 581.5216862093972 2313.2644061931546 
gen 157 33480 166667653.02459309 1280190829.4350967 581.5216862093972 9999999999.0 
gen 158 33690 66667696.42564597 813770289.9392769 581.5216862093972 9999999999.0 
gen 159 33900 100000985.88233162 994987337.9212828 581.5216862093972 9999999999.0 
gen 160 34110 100001081.16654377 994987328.3449333 581.5216862093972 9999999999.0 
gen 161 34320 66667689.48286209 813770290.5080409 581.5216862093972 9999999999.0 
gen 162 34530 66667672.85328829 813770291.8703759 581.5216862093972 9999999999.0 
gen 163 34740 33334360.62861097 576387156.0586778 581.5216862093972 9999999999.0 
gen 164 34950 133334370.55112651 1146976581.5821013 581.5216862093972 9999999999.0 
gen 165 35160 133334311.35370481 1146976588.4636075 581.5216862093972 9999999999.0 
gen 166 35370 200001023.55592 1399999853.6349523 581.5216862093972 9999999999.0 
gen 167 35580 133334318.0769 1146976587.6820433 581.5216862093972 9999999999.0 
gen 168 35790 133334303.70507373 1146976589.352746 581.5216862093972 9999999999.0 
gen 169 36000 66667722.35914636 813770287.8147539 581.5216862093972 9999999999.0 
gen 170 36210 133334351.33441454 1146976583.8159578 581.5216862093972 9999999999.0 
gen 171 36420 133334443.20878944 1146976573.1358385 581.5216862093972 9999999999.0 
gen 172 36630 133334359.10995771 1146976582.912101 581.5216862093972 9999999999.0 
gen 173 36840 33334311.152948577 576387158.9198518 581.5216862093972 9999999999.0 
gen 174 37050 787.331223728896 144.27753461753449 581.5216862093972 1542.3362788608779 
gen 175 37260 266667747.29577678 1611072617.4468322 581.5216862093972 9999999999.0 
gen 176 37470 233334409.99261862 1509598749.9933448 581.5216862093972 9999999999.0 
gen 177 37680 100001097.82762691 994987326.6704166 581.5216862093972 9999999999.0 
gen 178 37890 333334469.7287614 1795054724.5025716 581.5216862093972 9999999999.0 
gen 179 38100 33334321.744161256 576387158.3073611 581.5216862093972 9999999999.0 
gen 180 38310 100001082.93199708 994987328.1675059 581.5216862093972 9999999999.0 
gen 181 38520 100001062.3794805 994987330.2330921 581.5216862093972 9999999999.0 
gen 182 38730 100000994.32080229 994987337.0731763 581.5216862093972 9999999999.0 
gen 183 38940 233334394.89364251 1509598752.3271532 581.5216862093972 9999999999.0 
gen 184 39150 1035.01720368926 451.8264734058968 581.5216862093972 4422.037507772191 
gen 185 39360 300001001.53161466 1705872034.6149187 581.5216862093972 9999999999.0 
gen 186 39570 66667891.97105212 813770273.9197882 581.5216862093972 9999999999.0 
gen 187 39780 233334526.77808908 1509598731.9422896 581.5216862093972 9999999999.0 
gen 188 39990 433334501.8963694 2036063491.6266177 581.5216862093972 9999999999.0 
gen 189 40200 100001021.9400031 994987334.2973856 581.5216862093972 9999999999.0 
gen 190 40410 266667781.11413646 1611072611.8492272 581.5216862093972 9999999999.0 
gen 191 40620 33334363.31589472 576387155.9032346 581.5216862093972 9999999999.0 
gen 192 40830 66667697.909251 813770289.8177505 581.5216862093972 9999999999.0 
gen 193 41040 100001154.24149762 994987321.0007755 581.5216862093972 9999999999.0 
gen 194 41250 1040.817223641828 458.16633883358503 581.5216862093972 4040.7378630451026 
gen 195 41460 133334401.40751323 1146976577.9951534 581.5216862093972 9999999999.0 
gen 196 41670 166667802.45578355 1280190809.9809108 581.5216862093972 9999999999.0 
gen 197 41880 300001102.8407354 1705872016.7984123 581.5216862093972 9999999999.0 
gen 198 42090 66667709.41046491 813770288.875573 581.5216862093972 9999999999.0 
gen 199 42300 33334331.6534031 576387157.7342944 581.5216862093972 9999999999.0 
gen 200 42510 33334352.880697403 576387156.5067251 581.5216862093972 9999999999.0 
gen 201 42720 1067.4349088727236 640.0574996087104 581.5216862093972 7496.410084758553 
gen 202 42930 100000989.48112525 994987337.5596019 581.5216862093972 9999999999.0 
gen 203 43140 901.8528360837308 319.8941745030423 581.5216862093972 3870.3825123673905 
gen 204 43350 826.3047760841157 165.09368472026895 581.5216862093972 1609.1686991165086 
gen 205 43560 904.8369673524085 261.9469295666651 581.5216862093972 3075.1782935270066 
gen 206 43770 922.6691677971561 406.5514827806371 581.5216862093972 5358.970665941995 
gen 207 43980 883.5215061396821 195.93394294522923 581.5216862093972 1549.0322513856552 
gen 208 44190 887.9844618329209 224.78160101140895 581.5216862093972 1900.4905003100964 
gen 209 44400 233334279.32844847 1509598770.189616 581.5216862093972 9999999999.0 
gen 210 44610 857.8182896560019 240.2999208636052 581.5216862093972 3181.181982766783 
[3, 4, 5, 1, 2, 0, 7, 6, 7, 6, 4, 2, 3, 5, 1, 0, 5, 4, 3, 2, 7, 1, 0, 6, 5, 4, 6, 2, 1, 3, 7, 0, 5, 1, 6, 3, 4, 7, 2, 0, 3, 6, 1, 2, 5, 4, 7, 0, 3, 6, 5, 4, 7, 2, 0, 1, 7, 5, 6, 3, 2, 4, 1, 0]
min  581.5216862093972
NFE 44820
runTime 483.20429611206055
