gen 0 121 740.3757508990047 113.93810402078606 542.8959040786829 1156.9575095290506 
gen 1 12221 500.9500908213677 19.464574138276138 429.62532090326397 521.6105991400884 
gen 2 24321 443.89765812931716 12.587959668276646 389.2992751195102 457.57076780855465 
gen 3 36421 409.0256285310878 12.02276304705774 370.4093237199874 422.0857339585092 
gen 4 48521 383.7726434767648 8.332423026629854 354.23292664028224 393.1543327932613 
gen 5 60621 367.59069432974127 6.463150118951039 344.82016665575065 375.57481903206235 
gen 6 72721 357.09662518819937 6.938352557715051 317.3841441463023 364.059073713227 
gen 7 84831 343.8411534435764 6.838266705868319 314.44983380073336 350.98417714516535 
[2, 6, 5, 10, 1, 7, 0, 3, 8, 9, 4, 8, 7, 0, 9, 5, 3, 6, 1, 2, 4, 10, 5, 1, 9, 10, 7, 8, 6, 0, 4, 2, 3, 3, 1, 2, 8, 7, 0, 5, 6, 9, 4, 10, 3, 8, 0, 1, 7, 4, 9, 6, 2, 5, 10, 4, 0, 7, 3, 8, 9, 2, 10, 6, 5, 1, 4, 2, 9, 6, 3, 5, 10, 1, 8, 0, 7, 9, 5, 6, 1, 0, 10, 4, 8, 3, 7, 2, 3, 1, 4, 0, 9, 10, 7, 6, 8, 2, 5, 3, 5, 1, 10, 8, 4, 9, 7, 6, 0, 2, 7, 9, 0, 10, 8, 4, 1, 5, 6, 3, 2]
min  314.44983380073336
NFE 84831
LSNFE 10
VLSNFE 0
runTime 140.39492917060852
