gen 0 121 742.9916958945754 142.7918598032386 529.6894672642956 1400.5338682550032 
gen 1 12221 493.9845065876037 21.940962477231583 416.17774495072996 515.5474471993895 
gen 2 24321 435.69249955438477 13.469092842521144 387.98932866839533 453.9562160384189 
gen 3 36421 403.26241664765337 12.981510705447649 343.132657556967 417.1174111500015 
gen 4 48551 383.8116632182054 9.674860769746065 340.49923985954484 393.5833754316238 
gen 5 60651 368.2869889705831 8.62044278928153 340.49923985954484 377.773611834852 
gen 6 72751 355.14670315198634 5.246705880805914 340.47191063277796 361.2381245969289 
gen 7 84851 345.90475311365867 2.857518242822085 339.33730948511413 349.8469477582465 
[3, 8, 0, 5, 10, 4, 2, 9, 6, 7, 1, 3, 7, 8, 5, 2, 9, 1, 6, 0, 4, 10, 1, 5, 8, 0, 4, 3, 10, 6, 2, 7, 9, 1, 6, 7, 5, 4, 0, 8, 9, 2, 3, 10, 2, 6, 3, 4, 0, 5, 8, 9, 10, 1, 7, 9, 7, 6, 2, 4, 5, 3, 8, 1, 10, 0, 9, 7, 4, 8, 5, 0, 2, 6, 1, 3, 10, 7, 9, 3, 5, 10, 2, 4, 8, 6, 1, 0, 3, 6, 5, 0, 10, 4, 7, 2, 9, 8, 1, 8, 10, 6, 0, 3, 1, 2, 5, 7, 4, 9, 10, 4, 8, 0, 1, 2, 5, 7, 9, 3, 6]
min  339.33730948511413
NFE 84851
LSNFE 30
VLSNFE 2
runTime 144.0156228542328
