gen 0 121 751.5458555917332 139.8698981125877 493.320277343292 1202.5590677979815 
gen 1 12221 495.90362432156564 19.011923263082295 431.4875873008035 520.3621188133238 
gen 2 24321 442.68838094313855 13.313318042368326 402.1413336098768 457.6498228519214 
gen 3 36431 407.9237436912041 12.606619786067599 357.2499587664703 421.32350231510856 
gen 4 48531 385.2941784560486 8.195825928699119 357.2499587664703 394.1973984529699 
gen 5 60641 368.89707019491743 6.7219210729795105 339.37162176826513 376.73569995127764 
gen 6 72741 356.0054727629931 5.718384768903073 336.6164430833191 362.3937744314172 
gen 7 84841 346.221265891431 4.152683563291465 322.98420936215723 351.0656992828192 
[6, 5, 3, 8, 0, 2, 9, 10, 1, 4, 7, 8, 7, 1, 0, 4, 6, 2, 5, 10, 3, 9, 9, 6, 0, 4, 5, 8, 7, 3, 1, 2, 10, 3, 0, 9, 6, 8, 10, 2, 1, 7, 4, 5, 8, 4, 9, 0, 1, 10, 5, 2, 7, 6, 3, 7, 4, 6, 3, 1, 9, 2, 8, 10, 0, 5, 6, 5, 7, 4, 8, 0, 10, 3, 2, 9, 1, 1, 10, 8, 7, 9, 6, 4, 0, 3, 5, 2, 3, 7, 0, 1, 5, 8, 2, 4, 9, 6, 10, 3, 9, 10, 5, 6, 4, 7, 0, 1, 8, 2, 10, 7, 4, 0, 9, 8, 6, 2, 5, 3, 1]
min  322.98420936215723
NFE 84841
LSNFE 20
VLSNFE 0
runTime 141.58928227424622
