gen 0 400 500000000000465.25 2179449471770230.0 345.9737982886155 1e+16 
gen 1 2907 416.6118972266826 19.95530879159088 344.46145324342655 440.37188536778643 
gen 2 5433 390.7821540861346 14.730710024949554 333.0883334692277 409.0434838052507 
gen 3 7963 375.6029168890072 14.000584600338616 305.04444099440224 391.1808882555466 
gen 4 10486 364.8550914595503 12.726454524156967 305.04444099440224 379.1191168208707 
gen 5 13009 353.82388179444644 12.449814051297762 305.04444099440224 368.18055450004715 
gen 6 15528 345.28337267757496 11.786448071938457 296.89082143452475 358.7319517106786 
gen 7 18046 338.51783463166635 10.394361500426562 296.89082143452475 350.56632795557715 
gen 8 20558 333.1636664741856 9.930698248972641 284.2167534579032 344.77741741967577 
gen 9 23075 327.5327445101105 9.792106552688535 284.2167534579032 338.4363327364304 
gen 10 25587 322.25449839669733 9.183887441261428 284.2167534579032 333.10865568965204 
gen 11 28108 318.00954938034215 9.20507882578823 258.4993126419165 328.0256518249988 
gen 12 30644 313.7320720236058 9.908182427808537 258.4993126419165 323.85465539032754 
gen 13 33162 308.8331462263038 10.186720867420078 258.4993126419165 320.000794498065 
gen 14 35678 305.09853505914003 9.67197727378043 258.4993126419165 315.58052443476316 
gen 15 38209 300.8516149804776 10.010048898056025 249.4807336077438 311.1559460319031 
gen 16 40745 297.0905104647377 10.118917118193613 249.4807336077438 307.04194466327885 
gen 17 43288 292.36787523850603 10.63328985182148 249.4807336077438 303.3294639318159 
gen 18 45804 287.2573378332241 10.154807505740555 249.4807336077438 298.73681161356734 
gen 19 48342 279.8587209583094 9.373361446020635 249.4807336077438 291.6646431573279 
gen 20 50853 269.36140044157474 7.096419207189999 248.56665988644477 278.8185666428718 
gen 21 53368 257.8863379752063 2.5725138386234807 246.31097587138538 261.66978346842893 
gen 22 55897 252.9071417820912 2.646472105339694 244.98353873741507 254.879196817155 
gen 23 58427 247.183973168655 1.5893171647949291 239.92981539897187 248.92290845776287 
gen 24 60933 243.531087283522 1.4936783259288333 238.25749562687736 244.98353873741507 
gen 25 63448 240.64282631020274 0.5895276780319576 235.42711861839905 240.87692055558676 
gen 26 65978 239.50471766838353 0.7089320165108511 235.11516504332513 239.92981539897187 
gen 27 68517 238.06471829747795 0.8188159290396569 234.2696101670319 238.64701301113752 
gen 28 71025 236.56147353134136 1.2542218875277036 230.8297351590036 237.90137634518413 
gen 29 73546 234.04490680165486 0.9846082607853769 230.8297351590036 235.15270710576647 
gen 30 76058 232.11295479492247 0.8164671828320988 228.95950211072739 233.4913633576024 
gen 31 78575 230.5457120755508 0.7668285645936306 225.3528881441281 231.48749707436556 
gen 32 81065 229.75221924622795 1.0596809512749126 224.93766780811262 230.45313152400507 
gen 33 83581 228.08470798333713 1.0783659676992328 224.44611374653346 229.40195387659924 
gen 34 86097 226.12007020000047 0.6478549116461924 222.0971940371368 227.45618983024775 
gen 35 88617 225.3005654995836 0.579968305119877 222.0971940371368 225.5897628819722 
gen 36 91144 224.4831371321911 0.4650729849749079 221.39072688795892 225.1666474392806 
gen 37 93660 224.14063373888845 0.569356016275822 221.08785293064824 224.35741427456895 
gen 38 96161 223.75085205512198 0.7790420081005047 221.08785293064824 224.35741427456895 
gen 39 98669 222.8170526384296 0.530157138960933 218.87604227386896 223.64128827237823 
gen 40 101202 222.3618522924135 0.6380622242479631 218.21525138732412 222.7024128865155 
gen 41 103701 221.41083553360954 0.74686696943996 217.55049247424566 222.3264344371749 
gen 42 106241 220.68215017746985 1.0777243557682292 216.41595112020212 221.4129580937302 
gen 43 108759 219.2942828927393 0.9805856590922157 215.47933161014112 220.25188191465668 
gen 44 111270 217.8842319880116 0.7657584679461542 213.5711650200606 218.55994995754696 
gen 45 113781 216.95636728847472 1.119561928477354 210.65999823551735 217.55049247424566 
gen 46 116297 215.45723847716093 1.6002488556795775 210.65999823551735 217.38888536084002 
gen 47 118801 213.11385137638987 0.7615059384402711 209.69210254681474 213.5711650200606 
gen 48 121341 211.81293041950485 0.4767012980630085 209.69210254681474 212.32084664625563 
gen 49 123866 211.15793532622013 0.7102374322821449 209.66955307318537 211.98487683698846 
gen 50 126382 210.3667823852159 0.45204134397550616 208.6505572916227 210.65999823551735 
gen 51 128901 209.86425007629884 0.4202329912385656 208.6505572916227 210.65999823551735 
gen 52 131420 209.57602790295306 0.4397508358153344 205.11087720793827 209.69210254681474 
gen 53 133943 209.39335855927558 0.6894767683660278 205.11087720793827 209.69210254681474 
gen 54 136478 208.66721720624048 0.9985683139965498 205.11087720793827 209.66955307318537 
gen 55 138995 206.89491132537304 1.209410047270354 199.28452814488537 208.6505572916227 
gen 56 141528 205.03437313928234 0.9330369574087757 199.28452814488537 205.66967594597477 
gen 57 144057 203.81383187629044 1.65450792378685 199.28452814488537 205.11087720793827 
gen 58 146574 201.1097768622528 1.7337214170056368 199.28452814488537 203.6420773588531 
gen 59 149106 199.27695451179352 0.15128320252409955 196.25507490813402 199.28452814488537 
gen 60 151597 199.26938087870164 0.21367848486797786 196.25507490813402 199.28452814488537 
gen 61 154129 199.25094362065872 0.3022043205368803 196.25507490813402 199.28452814488537 
gen 62 156649 199.24566913090493 0.319489351178374 196.25507490813402 199.28452814488537 
gen 63 159189 199.23250636261582 0.36921070249731525 196.25507490813402 199.28452814488537 
gen 64 161705 199.19582671562858 0.49618062238227684 195.01702580387723 199.28452814488537 
gen 65 164227 199.13147734177372 0.6553232729334167 195.01702580387723 199.28452814488537 
gen 66 166744 199.00803862678157 0.8602725040861577 195.01702580387723 199.28452814488537 
gen 67 169232 198.65629127327315 1.2114306101328864 195.01702580387723 199.28452814488537 
gen 68 171755 197.75036879163602 1.463402889754723 194.61437573099894 199.28452814488537 
gen 69 174285 196.06782827398223 0.7290090057631815 194.61437573099894 197.04887406600923 
gen 70 176818 194.96368686485218 0.20813510477079264 192.67119527607338 195.01702580387723 
gen 71 179310 194.80269182729936 0.4260918320504775 192.67119527607338 195.01702580387723 
gen 72 181834 194.2089717634522 0.6140157416797174 192.17361677242025 194.61437573099894 
gen 73 184348 193.22192736769136 0.3489091926360039 192.17361677242025 193.75758203984887 
gen 74 186886 192.7103983247799 0.2676035636272612 192.17361677242025 193.33175057325263 
gen 75 189433 192.26041619694422 0.21151460625622068 191.66022034789 192.67119527607338 
gen 76 191943 192.12484411208985 0.15053550090506737 191.66022034789 192.17361677242025 
gen 77 194469 191.9605572562402 0.25296172908980524 191.66022034789 192.17361677242025 
gen 78 196975 191.66022034789006 5.684341886080802e-14 191.66022034789 191.66022034789 
gen 79 199491 191.65676198313864 0.06908078180520223 190.27687444731822 191.66022034789 
gen 80 202016 191.64638688888434 0.13764117922418675 190.27687444731822 191.66022034789 
gen 81 204534 191.60834487661862 0.2628129677240911 190.27687444731822 191.66022034789 
gen 82 207061 191.459129461433 0.4883558766734922 190.1757282724928 191.66022034789 
gen 83 209570 190.7476360330193 0.6588734021069718 190.1757282724928 191.66022034789 
gen 84 212089 190.26574836808743 0.03164760205686745 190.1757282724928 190.27687444731822 
gen 85 214610 190.24071468981816 0.04847569588241103 190.1757282724928 190.27687444731822 
gen 86 217130 190.17543113666827 0.005935283446157069 190.0568739426862 190.1757282724928 
gen 87 219650 190.17335118589665 0.01663960617292332 190.0568739426862 190.1757282724928 
gen 88 222162 190.16146575291597 0.03862308559624192 190.0568739426862 190.1757282724928 
gen 89 224680 190.08837034008494 0.05245436259311999 190.0568739426862 190.1757282724928 
gen 90 227199 190.04835848681688 0.07568702731883781 189.37563747313834 190.0568739426862 
gen 91 229731 190.00407811629626 0.18215115451887295 189.37563747313834 190.0568739426862 
gen 92 232234 189.7863043691592 0.4169383322314598 184.69575143361536 190.0568739426862 
gen 93 234755 189.32883861274314 0.4656427816416022 184.69575143361536 189.37563747313834 
gen 94 237271 189.1293305839212 1.0436968725317963 184.69575143361536 189.37563747313834 
gen 95 239784 188.35457599735034 1.9280497871072033 184.69575143361536 189.37563747313834 
gen 96 242336 184.88546605805212 0.8663400145783481 184.69575143361536 189.13048861624839 
gen 97 244838 184.6957514336154 5.684341886080802e-14 184.69575143361536 184.69575143361536 
gen 98 247367 184.6957514336154 5.684341886080802e-14 184.69575143361536 184.69575143361536 
gen 99 249896 184.6957514336154 5.684341886080802e-14 184.69575143361536 184.69575143361536 
gen 100 252405 184.6957514336154 5.684341886080802e-14 184.69575143361536 184.69575143361536 
gen 101 254931 184.6957514336154 5.684341886080802e-14 184.69575143361536 184.69575143361536 
gen 102 257443 184.6957514336154 5.684341886080802e-14 184.69575143361536 184.69575143361536 
gen 103 259963 184.6957514336154 5.684341886080802e-14 184.69575143361536 184.69575143361536 
gen 104 262471 184.6957514336154 5.684341886080802e-14 184.69575143361536 184.69575143361536 
gen 105 264992 184.6957514336154 5.684341886080802e-14 184.69575143361536 184.69575143361536 
gen 106 267505 184.6957514336154 5.684341886080802e-14 184.69575143361536 184.69575143361536 
gen 107 270014 184.6957514336154 5.684341886080802e-14 184.69575143361536 184.69575143361536 
gen 108 272541 184.6957514336154 5.684341886080802e-14 184.69575143361536 184.69575143361536 
gen 109 275059 184.6957514336154 5.684341886080802e-14 184.69575143361536 184.69575143361536 
gen 110 277580 184.6957514336154 5.684341886080802e-14 184.69575143361536 184.69575143361536 
gen 111 280114 184.6957514336154 5.684341886080802e-14 184.69575143361536 184.69575143361536 
[1, 0, 7, 2, 17, 9, 4, 5, 19, 10, 13, 8, 16, 3, 18, 15, 14, 11, 12, 6, 8, 5, 9, 1, 19, 4, 16, 14, 13, 11, 2, 17, 18, 3, 10, 7, 6, 15, 12, 0, 10, 8, 14, 7, 9, 5, 12, 6, 17, 4, 11, 0, 18, 1, 3, 15, 16, 19, 13, 2, 12, 7, 3, 0, 8, 14, 19, 6, 13, 16, 15, 10, 5, 11, 17, 2, 4, 18, 1, 9, 12, 0, 5, 7, 4, 18, 1, 11, 17, 15, 10, 19, 3, 16, 6, 9, 14, 8, 2, 13, 16, 9, 13, 1, 19, 17, 18, 2, 3, 12, 0, 6, 11, 4, 8, 10, 7, 5, 15, 14, 11, 17, 16, 19, 7, 14, 0, 15, 4, 18, 8, 9, 12, 10, 2, 6, 13, 5, 3, 1, 14, 9, 13, 18, 6, 4, 5, 19, 11, 12, 15, 7, 10, 1, 17, 0, 8, 3, 2, 16, 19, 11, 6, 14, 0, 1, 3, 13, 8, 5, 16, 18, 7, 2, 17, 10, 9, 15, 12, 4, 18, 6, 11, 19, 9, 14, 10, 13, 0, 3, 16, 15, 17, 8, 12, 5, 1, 2, 4, 7, 16, 9, 10, 2, 0, 13, 15, 1, 4, 17, 12, 19, 14, 11, 5, 6, 3, 8, 18, 7, 14, 10, 3, 6, 0, 17, 19, 16, 8, 18, 13, 9, 7, 2, 4, 5, 11, 1, 12, 15, 10, 9, 3, 2, 15, 16, 6, 14, 5, 8, 17, 12, 0, 19, 7, 11, 18, 4, 1, 13, 14, 3, 9, 12, 8, 2, 0, 16, 5, 4, 17, 13, 15, 7, 10, 18, 19, 11, 1, 6, 10, 7, 18, 14, 9, 4, 8, 1, 12, 3, 11, 16, 17, 5, 6, 2, 0, 15, 19, 13, 4, 3, 7, 9, 12, 2, 18, 10, 1, 6, 5, 19, 17, 11, 8, 0, 16, 15, 13, 14, 9, 19, 2, 0, 3, 11, 1, 15, 5, 16, 7, 4, 14, 6, 12, 18, 17, 13, 10, 8, 8, 5, 7, 18, 14, 12, 19, 1, 11, 6, 13, 0, 9, 2, 10, 4, 16, 3, 15, 17, 14, 13, 16, 2, 3, 4, 11, 9, 18, 6, 17, 8, 5, 1, 7, 19, 0, 15, 12, 10, 2, 7, 1, 8, 14, 13, 5, 11, 9, 3, 6, 17, 0, 18, 15, 16, 19, 10, 12, 4]
min  184.69575143361536
NFE 280114
LSNFE 0
VLSNFE 0
runTime 1094.4735963344574
