gen 0 400 425000000000469.94 2017269193736820.0 362.74514185939074 1e+16 
gen 1 2921 422.7181388354239 19.202476900916302 351.34738166603046 443.60738619155967 
gen 2 5438 393.12933620679263 16.545846417795183 319.48491407183303 412.410587830653 
gen 3 7953 376.8669837807097 13.44373197993594 313.33798841666953 393.24572883795565 
gen 4 10475 364.9143235458227 12.281645777905881 313.33798841666953 378.6429274017408 
gen 5 13010 355.96329581697086 12.040436136341315 309.8554108274406 368.9155686530021 
gen 6 15525 348.62879366630636 11.678038154996376 305.77451831820804 361.40823960784667 
gen 7 18059 341.2056588071931 11.540929708706145 289.1967928449063 354.2606310584646 
gen 8 20589 334.2440286387285 11.201996488046905 289.1967928449063 347.54203935688525 
gen 9 23104 328.9588932741234 9.773875066344486 289.1967928449063 340.39355332907496 
gen 10 25626 324.6958033800217 9.820270815774483 286.66580357370157 335.90217062022526 
gen 11 28145 320.90183717719077 9.7765543030005 283.3300173182442 332.01228113571074 
gen 12 30655 317.20887419320616 9.555118815461938 268.4127647798141 328.1832985174857 
gen 13 33173 313.65508312619653 9.068208462890242 268.4127647798141 323.60343051187135 
gen 14 35680 309.81058654256594 9.024443967955904 268.4127647798141 319.9982483352375 
gen 15 38207 306.7081857342046 8.527438669742926 268.4127647798141 316.0696021121795 
gen 16 40712 304.2845507301307 8.006200095540253 268.4127647798141 313.33798841666953 
gen 17 43232 301.2819270165822 7.927166761835095 261.71676589874204 310.48052115353886 
gen 18 45761 298.38587161738104 7.732443946101305 261.71676589874204 307.495178670024 
gen 19 48276 295.72773997320166 7.534901327271461 261.71676589874204 304.6873502867479 
gen 20 50803 293.07879672428624 6.969809416339159 261.71676589874204 301.73618828514583 
gen 21 53320 290.596904820961 6.641724920352202 261.3664670717651 298.24817493686373 
gen 22 55858 288.2304733836561 6.15286622302282 261.3664670717651 295.07476098505765 
gen 23 58389 285.62079787195114 5.948256584380747 261.3664670717651 290.7021490336524 
gen 24 60905 283.7307163593782 5.689817052051274 261.3664670717651 289.1967928449063 
gen 25 63420 281.9462119173538 6.140697616669952 254.45750845908933 286.8386404087464 
gen 26 65933 279.8754038940999 6.437276381118079 254.45750845908933 286.59446555837854 
gen 27 68421 277.30394322854534 6.237378438536445 254.45750845908933 283.6960868803244 
gen 28 70955 273.86987212266496 6.027551292920846 244.02600725136196 281.0927734912428 
gen 29 73486 270.0794234007952 5.1520062094277 244.02600725136196 275.02266524869 
gen 30 76011 266.66156594404237 4.888602087479854 244.02600725136196 272.5513972403776 
gen 31 78547 261.38025517951763 2.1457079585786 244.02600725136196 263.30142339600246 
gen 32 81071 259.03374015351955 2.5201484926863547 244.02600725136196 261.71676589874204 
gen 33 83596 256.1840227845458 1.5885715786986963 244.02600725136196 257.465435048283 
gen 34 86103 254.25013070539362 1.6296164720399797 243.62024754096677 255.77511997569545 
gen 35 88615 252.11627847486324 1.6999006576607218 243.62024754096677 253.93815433047178 
gen 36 91132 249.85377874652534 1.7422599412486954 243.07646498157257 251.5177676975191 
gen 37 93644 246.90548482893172 1.4588787347903736 241.38499971018584 248.11588945430822 
gen 38 96174 244.90754316568487 1.172131261579566 240.24089151785145 245.60895001442688 
gen 39 98703 242.76119124617722 1.1950453746537226 234.32130517629017 244.22816626353458 
gen 40 101226 240.67808956804532 0.9960737368791434 234.32130517629017 242.093470010379 
gen 41 103740 239.8352559410633 1.0420260837098845 234.32130517629017 240.62448868305023 
gen 42 106257 238.72599134662192 1.2473032337852308 233.66352401207632 240.105429126548 
gen 43 108786 237.56516305827273 1.0000212376577111 231.05611121762976 237.9679635891773 
gen 44 111306 236.91674657508585 1.3567165213888102 230.5409395030926 237.65413116018968 
gen 45 113817 235.29283271380393 2.1172537222511036 225.07044226344175 237.53915536946513 
gen 46 116328 232.41255439329444 2.1342326384426786 224.92760300805972 234.32130517629017 
gen 47 118843 229.22356617041456 1.5323363396740393 221.1787019611415 230.5409395030926 
gen 48 121366 226.44316438916826 1.8943909065564928 214.3552379944086 228.86422250294544 
gen 49 123888 223.6220568902004 2.3075888067442 213.60124418474803 224.92760300805972 
gen 50 126424 219.2919355875769 2.599310712898779 212.37813614000598 221.1787019611415 
gen 51 128963 213.7791949602506 0.39925107637557544 212.37813614000598 214.3552379944086 
gen 52 131483 213.35364945822468 0.43312443457342975 207.110819042669 213.60124418474803 
gen 53 133998 212.95183302301848 0.43576828127635586 207.110819042669 212.99377062648114 
gen 54 136513 212.89719493673638 0.5364303191138337 207.110819042669 212.99377062648114 
gen 55 139030 212.55818831519395 1.3679172588020776 204.56750237808257 212.99377062648114 
gen 56 141550 211.6688550753094 1.881857847940483 204.56750237808257 212.99377062648114 
gen 57 144068 209.1199815338069 2.1535427668498497 204.56750237808257 211.26510826702702 
gen 58 146597 205.41157102335671 0.9353390531184744 204.56750237808257 207.47603904471612 
gen 59 149115 204.5672593621671 0.004854239109167576 204.47029601190394 204.56750237808257 
gen 60 151635 204.560904714588 0.079877633342421 203.44238241152635 204.56750237808257 
gen 61 154151 204.54052045627367 0.21142035594480602 201.76735637448948 204.56750237808257 
gen 62 156675 204.4624772506666 0.386644194168398 201.76735637448948 204.56750237808257 
gen 63 159177 204.08829204482055 0.700023080697591 201.76735637448948 204.56750237808257 
gen 64 161701 203.05053175255583 0.6515019170567673 200.87401627172403 203.44238241152635 
gen 65 164239 201.86141345809304 0.34875742358778655 200.87401627172403 202.34238166046393 
gen 66 166768 201.39050307991593 0.3969988595203995 199.62679065888864 201.76735637448948 
gen 67 169292 200.82618295905834 0.34945685813052385 199.62679065888864 201.0618894845424 
gen 68 171799 200.3785652859007 0.5642531961480942 199.28960911554614 200.87401627172403 
gen 69 174310 199.62510475117193 0.023782655045744276 199.28960911554614 199.62679065888864 
gen 70 176825 199.61963933116127 0.05063702973605397 199.12653037133225 199.62679065888864 
gen 71 179341 199.58603141737615 0.11797262024791645 199.12653037133225 199.62679065888864 
gen 72 181870 199.43354196057888 0.20035544362784247 198.28781092226262 199.62679065888864 
gen 73 184376 199.19816839014638 0.10369074476689769 198.28781092226262 199.28960911554614 
gen 74 186898 199.1117402533315 0.1099849894164809 198.28781092226262 199.12653037133225 
gen 75 189409 199.05577971606152 0.23070460760035771 198.27778906603442 199.12653037133225 
gen 76 191926 198.8724679532503 0.4177834611295121 196.6632983207093 199.12653037133225 
gen 77 194438 198.23669206594258 0.2839008352569997 196.2577959368817 198.28781092226262 
gen 78 196979 197.89406452513344 0.8612033015234691 195.474640325983 198.28781092226262 
gen 79 199528 196.38419557660788 0.979734891179948 195.474640325983 198.28781092226262 
gen 80 202044 195.47375735775626 0.005514134808549924 195.43932159691397 195.474640325983 
gen 81 204563 195.47199142130282 0.009302647511549895 195.43932159691397 195.474640325983 
gen 82 207082 195.46422130090764 0.01610685072504798 195.43932159691397 195.474640325983 
gen 83 209600 195.4390626577985 0.005172304780403885 195.33574595072838 195.43932159691397 
gen 84 212108 195.43802690133663 0.01150750600245766 195.33574595072838 195.43932159691397 
gen 85 214647 195.43440175372015 0.022031138892020165 195.33574595072838 195.43932159691397 
gen 86 217171 195.42003573105245 0.04055453767691073 195.28599742385242 195.43932159691397 
gen 87 219680 195.35845229379134 0.05558698584880979 194.79428633236677 195.43932159691397 
gen 88 222215 195.30479336446894 0.24069544217322014 192.35765925129147 195.33574595072838 
gen 89 224736 195.214296341685 0.4353465321130907 192.35765925129147 195.33574595072838 
gen 90 227275 194.88797981514122 0.6737724188764537 192.35765925129147 195.33574595072838 
gen 91 229803 194.03223918095551 0.6627565232464852 192.35765925129147 194.79428633236677 
gen 92 232329 193.2254359228458 0.5786420341412206 192.35765925129147 194.19161254467664 
gen 93 234850 192.54058311468586 0.12765266119282917 192.35765925129147 192.62966499611582 
gen 94 237358 192.3576592512914 5.684341886080802e-14 192.35765925129147 192.35765925129147 
gen 95 239878 192.3576592512914 5.684341886080802e-14 192.35765925129147 192.35765925129147 
gen 96 242398 192.3576592512914 5.684341886080802e-14 192.35765925129147 192.35765925129147 
gen 97 244897 192.3576592512914 5.684341886080802e-14 192.35765925129147 192.35765925129147 
gen 98 247411 192.3576592512914 5.684341886080802e-14 192.35765925129147 192.35765925129147 
gen 99 249932 192.3576592512914 5.684341886080802e-14 192.35765925129147 192.35765925129147 
gen 100 252460 192.3576592512914 5.684341886080802e-14 192.35765925129147 192.35765925129147 
gen 101 254977 192.35701418323464 0.012885224342440216 192.09963202857813 192.35765925129147 
gen 102 257506 192.35474266023655 0.037182334586915916 191.7070772747785 192.35765925129147 
gen 103 260021 192.332051236885 0.11933037259443559 191.7070772747785 192.35765925129147 
gen 104 262528 192.24043120754152 0.24079437541573293 191.7070772747785 192.35765925129147 
gen 105 265046 191.81470601656682 0.18683408042604202 191.4873316438759 192.35765925129147 
gen 106 267571 191.7030178260919 0.05168692218002457 190.74253469286168 191.7070772747785 
gen 107 270105 191.69621155701904 0.0765609042037655 190.74253469286168 191.7070772747785 
gen 108 272643 191.6719423585713 0.10974578890151751 190.74253469286168 191.7070772747785 
gen 109 275161 191.56317337890704 0.1592870775997933 190.34334513208654 191.7070772747785 
gen 110 277690 191.4393756061267 0.18667722525879182 190.34334513208654 191.4873316438759 
gen 111 280203 191.3357679812795 0.3140979297501131 190.34334513208654 191.4873316438759 
[16, 17, 1, 7, 3, 0, 4, 10, 6, 14, 2, 8, 12, 5, 19, 9, 11, 18, 13, 15, 6, 5, 2, 15, 19, 14, 7, 18, 16, 10, 3, 17, 13, 0, 8, 4, 9, 11, 1, 12, 10, 8, 19, 5, 4, 15, 18, 16, 6, 14, 7, 13, 1, 0, 2, 3, 11, 12, 17, 9, 18, 12, 19, 11, 7, 5, 15, 10, 1, 17, 8, 9, 13, 4, 2, 0, 6, 14, 3, 16, 3, 15, 4, 11, 7, 6, 17, 1, 0, 5, 19, 9, 16, 14, 13, 2, 18, 10, 8, 12, 2, 3, 16, 15, 12, 6, 4, 18, 7, 5, 14, 8, 17, 10, 9, 13, 0, 1, 11, 19, 11, 19, 9, 16, 10, 17, 8, 13, 7, 15, 0, 5, 3, 14, 18, 12, 2, 6, 1, 4, 13, 4, 14, 2, 17, 5, 12, 16, 3, 10, 19, 7, 15, 18, 0, 9, 1, 11, 6, 8, 19, 11, 1, 4, 16, 8, 0, 2, 12, 10, 17, 6, 15, 5, 3, 7, 9, 18, 14, 13, 18, 2, 19, 15, 7, 10, 5, 1, 16, 14, 13, 12, 3, 11, 4, 17, 0, 9, 6, 8, 10, 9, 8, 0, 17, 5, 3, 1, 16, 4, 18, 12, 2, 13, 6, 15, 11, 19, 14, 7, 4, 10, 3, 5, 18, 9, 8, 13, 1, 19, 6, 16, 7, 0, 2, 17, 12, 15, 14, 11, 13, 10, 18, 19, 12, 7, 6, 5, 15, 16, 14, 1, 17, 9, 8, 0, 2, 3, 4, 11, 14, 17, 0, 2, 13, 8, 15, 6, 12, 16, 1, 19, 11, 7, 4, 3, 18, 5, 10, 9, 8, 3, 19, 9, 6, 5, 1, 10, 7, 4, 0, 12, 2, 15, 17, 13, 14, 16, 11, 18, 2, 5, 7, 16, 12, 18, 8, 1, 19, 9, 10, 14, 11, 17, 15, 0, 4, 3, 13, 6, 9, 14, 17, 15, 16, 0, 1, 18, 10, 6, 12, 2, 8, 11, 7, 13, 3, 4, 5, 19, 6, 12, 17, 4, 16, 15, 2, 1, 3, 14, 8, 5, 11, 10, 7, 18, 9, 0, 13, 19, 6, 9, 2, 12, 13, 5, 11, 16, 15, 3, 0, 19, 1, 17, 7, 10, 14, 18, 8, 4, 19, 15, 11, 18, 6, 12, 10, 7, 3, 5, 8, 9, 4, 0, 1, 14, 2, 17, 16, 13]
min  190.34334513208654
NFE 280203
LSNFE 0
VLSNFE 0
runTime 1149.4514524936676
