gen 0 400 525000000000464.75 2230330692968985.0 367.9079832163311 1e+16 
gen 1 2902 420.0397261008761 17.55001199713734 349.53017328549504 441.5298900438323 
gen 2 5426 394.47264447180584 15.35131322373043 314.4182496150013 412.76092971767054 
gen 3 7956 376.27396918825457 15.022782913343017 310.07288125096267 394.2430611227089 
gen 4 10477 364.00507743726877 13.31046161291416 310.07288125096267 379.2786015720685 
gen 5 12970 354.7368645038188 12.734590054996987 279.5947684648572 369.3251949495981 
gen 6 15507 345.95785798353216 11.97204281268064 279.5947684648572 358.50512028173824 
gen 7 18013 339.2843225510018 11.074074499581089 279.5947684648572 352.4739056780159 
gen 8 20529 333.1067596002119 11.324322602494535 263.65264867038024 345.5476588979714 
gen 9 23058 326.7423229411799 10.959413639948734 263.65264867038024 338.9106388042311 
gen 10 25576 321.1071277637512 10.575942912136078 263.65264867038024 333.0589714399064 
gen 11 28083 316.1218860285311 10.48816816910801 263.65264867038024 327.87239736646063 
gen 12 30598 311.6629996536563 10.17271022036802 263.65264867038024 323.2571031871583 
gen 13 33123 307.4641135021813 9.705726787222595 263.65264867038024 318.0995301268126 
gen 14 35633 303.334443852268 9.011275884622556 263.65264867038024 313.9499459854099 
gen 15 38150 298.7334997031811 8.377495708185661 259.89834647586713 309.01813351582877 
gen 16 40670 294.5492311830863 7.5882401910832185 259.89834647586713 302.9645795790254 
gen 17 43185 290.2244726915028 6.922625244349711 259.89834647586713 298.36868214923607 
gen 18 45710 285.1943975901071 5.6487889896049435 259.89834647586713 291.41389245852025 
gen 19 48215 280.8659974044961 5.853237903993441 259.89834647586713 286.9995407522077 
gen 20 50723 274.35008206522696 5.060533342610841 256.06663784497067 280.5924358553195 
gen 21 53236 267.4855859935629 3.0975545428904105 256.06663784497067 271.6133207814223 
gen 22 55759 263.3885603547915 2.4926160770701475 250.1000960695385 266.1153705569122 
gen 23 58284 260.7798518866545 2.2759584109103366 250.1000960695385 263.3032611405905 
gen 24 60805 258.4926362044536 1.9713804672589088 250.1000960695385 260.5348864137119 
gen 25 63324 256.6127057620542 1.9225625408228475 246.38872675422996 258.78791186321877 
gen 26 65835 254.6947832734612 1.824516920280152 243.21208545669174 256.46574476048454 
gen 27 68359 253.52764400659055 1.8610206250404615 243.21208545669174 255.27580956965244 
gen 28 70869 252.24605816685423 1.7735628882053687 243.21208545669174 253.87610308167473 
gen 29 73407 251.19751517230176 1.651535662112002 243.21208545669174 253.11401038798607 
gen 30 75937 249.93951015049475 1.5055646085606023 243.21208545669174 251.71892442388952 
gen 31 78453 249.05458475086587 1.4787602686365515 242.87101667999656 250.1000960695385 
gen 32 80971 248.04015692290733 1.6167468089958656 238.62709623678518 249.8778386217767 
gen 33 83488 247.0933526669329 1.8586012563815377 237.4974765998607 248.50930744143662 
gen 34 86004 245.2979535108305 2.5252771318417255 237.4974765998607 247.9092357700933 
gen 35 88533 242.88096943630816 2.4563914418850814 235.91130829926462 245.9645214412666 
gen 36 91060 239.62081718691007 1.7929333704384571 234.6501723165956 242.37389984174385 
gen 37 93584 237.3245259377514 0.5916485305701318 234.6501723165956 237.4974765998607 
gen 38 96121 236.87878227382666 1.0656139226807408 230.2371378326208 237.4974765998607 
gen 39 98639 235.49051374991862 1.002100142698918 228.3468388262665 237.2242747960844 
gen 40 101176 234.22849181734134 1.2982548977885915 228.3468388262665 234.6501723165956 
gen 41 103710 233.17190594489503 2.045875017199065 228.3468388262665 234.6501723165956 
gen 42 106241 230.0879417168592 1.4957673415246857 228.3468388262665 233.6398376937532 
gen 43 108778 228.34531743387194 0.030389789279215058 227.73828186845458 228.3468388262665 
gen 44 111287 228.3437960414774 0.042923761662206676 227.73828186845458 228.3468388262665 
gen 45 113769 228.33445318867558 0.08679228226378174 227.65248249459927 228.3468388262665 
gen 46 116299 228.29470239133522 0.17421316684333166 227.65248249459927 228.3468388262665 
gen 47 118822 228.13173871339004 0.2969968553149971 227.65248249459927 228.3468388262665 
gen 48 121330 227.71275655473264 0.039223899528219086 227.65248249459927 227.73828186845458 
gen 49 123848 227.65248249459924 2.842170943040401e-14 227.65248249459927 227.65248249459927 
gen 50 126368 227.65248249459924 2.842170943040401e-14 227.65248249459927 227.65248249459927 
gen 51 128889 227.65248249459924 2.842170943040401e-14 227.65248249459927 227.65248249459927 
gen 52 131422 227.65248249459924 2.842170943040401e-14 227.65248249459927 227.65248249459927 
gen 53 133942 227.65248249459924 2.842170943040401e-14 227.65248249459927 227.65248249459927 
gen 54 136466 227.6491736133976 0.06609485023639158 226.3289300139507 227.65248249459927 
gen 55 138970 227.6425558509944 0.11419236189200413 226.3289300139507 227.65248249459927 
gen 56 141482 227.63262920738956 0.16088105706525205 226.3289300139507 227.65248249459927 
gen 57 144006 227.60615815777655 0.24324215657246118 226.3289300139507 227.65248249459927 
gen 58 146511 227.53652732602725 0.37446829727419906 226.27119940784746 227.65248249459927 
gen 59 149026 227.38043260349002 0.5357778866822935 226.27119940784746 227.65248249459927 
gen 60 151542 226.94465994183346 0.6633355113611058 226.27119940784746 227.65248249459927 
gen 61 154047 226.31796119879112 0.022647769015801667 226.27119940784746 226.3289300139507 
gen 62 156560 226.29429165028876 0.028282105498905794 226.27119940784746 226.3289300139507 
gen 63 159099 226.27119940784746 0.0 226.27119940784746 226.27119940784746 
gen 64 161625 226.27119940784746 0.0 226.27119940784746 226.27119940784746 
gen 65 164139 226.27119940784746 0.0 226.27119940784746 226.27119940784746 
gen 66 166673 226.27119940784746 0.0 226.27119940784746 226.27119940784746 
gen 67 169174 226.27119940784746 0.0 226.27119940784746 226.27119940784746 
gen 68 171686 226.27119940784746 0.0 226.27119940784746 226.27119940784746 
gen 69 174196 226.27119940784746 0.0 226.27119940784746 226.27119940784746 
gen 70 176710 226.27119940784746 0.0 226.27119940784746 226.27119940784746 
gen 71 179259 226.27119940784746 0.0 226.27119940784746 226.27119940784746 
gen 72 181766 226.27119940784746 0.0 226.27119940784746 226.27119940784746 
gen 73 184267 226.27119940784746 0.0 226.27119940784746 226.27119940784746 
gen 74 186778 226.27119940784746 0.0 226.27119940784746 226.27119940784746 
gen 75 189299 226.27119940784746 0.0 226.27119940784746 226.27119940784746 
gen 76 191820 226.27119940784746 0.0 226.27119940784746 226.27119940784746 
gen 77 194345 226.27119940784746 0.0 226.27119940784746 226.27119940784746 
gen 78 196862 226.27119940784746 0.0 226.27119940784746 226.27119940784746 
gen 79 199362 226.27119940784746 0.0 226.27119940784746 226.27119940784746 
gen 80 201894 226.27119940784746 0.0 226.27119940784746 226.27119940784746 
gen 81 204399 226.27119940784746 0.0 226.27119940784746 226.27119940784746 
gen 82 206917 226.27119940784746 0.0 226.27119940784746 226.27119940784746 
gen 83 209441 226.27119940784746 0.0 226.27119940784746 226.27119940784746 
gen 84 211945 226.27119940784746 0.0 226.27119940784746 226.27119940784746 
gen 85 214473 226.27119940784746 0.0 226.27119940784746 226.27119940784746 
gen 86 216976 226.27119940784746 0.0 226.27119940784746 226.27119940784746 
gen 87 219496 226.27119940784746 0.0 226.27119940784746 226.27119940784746 
gen 88 222035 226.27119940784746 0.0 226.27119940784746 226.27119940784746 
gen 89 224570 226.27119940784746 0.0 226.27119940784746 226.27119940784746 
gen 90 227093 226.27119940784746 0.0 226.27119940784746 226.27119940784746 
gen 91 229614 226.27119940784746 0.0 226.27119940784746 226.27119940784746 
gen 92 232132 226.27119940784746 0.0 226.27119940784746 226.27119940784746 
gen 93 234654 226.27119940784746 0.0 226.27119940784746 226.27119940784746 
gen 94 237162 226.27119940784746 0.0 226.27119940784746 226.27119940784746 
gen 95 239689 226.27119940784746 0.0 226.27119940784746 226.27119940784746 
gen 96 242206 226.27119940784746 0.0 226.27119940784746 226.27119940784746 
gen 97 244747 226.27119940784746 0.0 226.27119940784746 226.27119940784746 
gen 98 247282 226.27119940784746 0.0 226.27119940784746 226.27119940784746 
gen 99 249804 226.27119940784746 0.0 226.27119940784746 226.27119940784746 
gen 100 252335 226.27119940784746 0.0 226.27119940784746 226.27119940784746 
gen 101 254874 226.27119940784746 0.0 226.27119940784746 226.27119940784746 
gen 102 257401 226.27119940784746 0.0 226.27119940784746 226.27119940784746 
gen 103 259917 226.27119940784746 0.0 226.27119940784746 226.27119940784746 
gen 104 262415 226.27119940784746 0.0 226.27119940784746 226.27119940784746 
gen 105 264928 226.27119940784746 0.0 226.27119940784746 226.27119940784746 
gen 106 267451 226.27119940784746 0.0 226.27119940784746 226.27119940784746 
gen 107 269968 226.27119940784746 0.0 226.27119940784746 226.27119940784746 
gen 108 272482 226.27119940784746 0.0 226.27119940784746 226.27119940784746 
gen 109 274999 226.27119940784746 0.0 226.27119940784746 226.27119940784746 
gen 110 277515 226.27119940784746 0.0 226.27119940784746 226.27119940784746 
gen 111 280040 226.27119940784746 0.0 226.27119940784746 226.27119940784746 
[1, 3, 13, 16, 4, 12, 6, 19, 2, 15, 5, 18, 14, 10, 7, 0, 9, 17, 8, 11, 6, 3, 18, 17, 12, 13, 15, 19, 9, 5, 14, 16, 7, 0, 1, 4, 11, 8, 10, 2, 10, 17, 13, 14, 3, 18, 7, 16, 12, 4, 15, 11, 19, 1, 2, 8, 0, 5, 6, 9, 17, 11, 6, 19, 7, 13, 5, 3, 10, 9, 18, 2, 15, 1, 14, 12, 16, 4, 8, 0, 7, 19, 2, 9, 0, 6, 10, 17, 18, 8, 5, 14, 1, 4, 3, 15, 16, 12, 13, 11, 10, 8, 19, 1, 11, 5, 2, 12, 0, 16, 7, 3, 13, 15, 4, 14, 9, 17, 18, 6, 16, 18, 3, 2, 17, 11, 15, 4, 9, 7, 12, 10, 14, 1, 8, 0, 5, 19, 6, 13, 12, 4, 14, 8, 18, 5, 7, 13, 17, 2, 15, 6, 19, 0, 1, 11, 16, 10, 3, 9, 19, 12, 5, 9, 14, 7, 18, 17, 1, 16, 13, 10, 6, 15, 0, 3, 4, 2, 8, 11, 9, 17, 3, 15, 13, 1, 12, 0, 5, 2, 10, 8, 6, 19, 18, 11, 16, 7, 14, 4, 10, 15, 17, 9, 12, 8, 0, 13, 1, 19, 4, 14, 11, 5, 2, 18, 3, 6, 7, 16, 3, 5, 0, 9, 12, 10, 2, 13, 6, 8, 16, 15, 19, 17, 11, 18, 14, 7, 4, 1, 16, 18, 19, 10, 14, 2, 1, 0, 7, 4, 8, 9, 13, 3, 15, 5, 6, 12, 17, 11, 8, 12, 19, 2, 11, 9, 7, 0, 15, 16, 14, 10, 13, 17, 18, 4, 5, 1, 6, 3, 6, 3, 1, 5, 15, 2, 17, 0, 13, 4, 9, 8, 14, 12, 10, 7, 16, 18, 11, 19, 2, 10, 8, 9, 12, 7, 1, 3, 19, 16, 0, 13, 18, 6, 14, 15, 4, 5, 11, 17, 11, 10, 19, 14, 13, 9, 3, 2, 12, 5, 1, 17, 6, 15, 18, 16, 4, 0, 7, 8, 4, 8, 5, 14, 16, 11, 6, 18, 19, 17, 2, 0, 1, 9, 13, 7, 3, 12, 15, 10, 18, 8, 10, 4, 5, 3, 14, 16, 6, 9, 11, 19, 12, 15, 7, 17, 2, 13, 1, 0, 9, 7, 14, 10, 6, 13, 3, 4, 12, 19, 8, 0, 1, 2, 18, 5, 15, 11, 16, 17]
min  226.27119940784746
NFE 280040
LSNFE 0
VLSNFE 0
runTime 1076.62460064888
