gen 0 391 9974424552429670.0 505074620412509.06 1214.9988628463786 1e+16 
gen 1 1955 9820971867007694.0 1325982751592235.0 1043.1368771515756 1e+16 
gen 2 3519 9769820971867036.0 1499602579464676.8 1043.1368771515756 1e+16 
gen 3 5083 9667519181585720.0 1792837050467485.0 1043.1368771515756 1e+16 
gen 4 6647 9539641943734074.0 2095626642007044.5 1043.1368771515756 1e+16 
gen 5 8211 9437340153452760.0 2304346406804996.0 1043.1368771515756 1e+16 
gen 6 9775 9283887468030782.0 2578431337314978.5 912.4474410421162 1e+16 
gen 7 11339 9130434782608804.0 2817713347133499.5 912.4474410421162 1e+16 
gen 8 12903 9028132992327486.0 2962118261670456.0 912.4474410421162 1e+16 
gen 9 14467 8900255754475838.0 3128578758746015.0 912.4474410421162 1e+16 
gen 10 16031 8746803069053863.0 3310810589829478.5 912.4474410421162 1e+16 
gen 11 17595 8567774936061557.0 3502996146958941.5 912.4474410421162 1e+16 
gen 12 19159 8312020460358262.0 3745733635773664.0 912.4474410421162 1e+16 
gen 13 20733 8158567774936285.0 3876009495748405.0 897.3304938053005 1e+16 
gen 14 22297 7826086956522002.0 4124709991523473.0 897.3304938053005 1e+16 
gen 15 23861 7647058823529697.0 4241825029957121.0 897.3304938053005 1e+16 
gen 16 25425 7391304347826401.0 4391089103635157.0 897.3304938053005 1e+16 
gen 17 26999 6982097186701129.0 4590347562273238.0 895.6571429439289 1e+16 
gen 18 28563 6368286445013221.0 4809136326242868.0 890.7687878344346 1e+16 
gen 19 30177 5601023017903335.0 4963745695736754.0 860.2163433690719 1e+16 
gen 20 31741 4629156010230815.0 4986228508125726.0 860.2163433690719 1e+16 
gen 21 33305 3759590792839610.5 4843695386663407.0 860.2163433690719 1e+16 
gen 22 34869 2736572890026427.5 4458351457414294.0 860.2163433690719 1e+16 
gen 23 36433 1687979539642910.8 3745733635773683.5 860.2163433690719 1e+16 
gen 24 37997 383631713556100.75 1920714409771500.2 860.2163433690719 1e+16 
gen 25 39561 1116.9168432759416 99.36829789055027 806.714318300235 1299.787587614478 
gen 26 41125 1084.0399889804496 84.14804261232985 806.714318300235 1215.4903084283517 
gen 27 42689 1060.1722389447923 73.56081762854978 806.714318300235 1172.740071360831 
gen 28 44263 1031.8423914457164 68.01935485572112 797.8609435942301 1128.3222376818699 
gen 29 45827 1009.1743123226584 65.51519959720851 779.9935846065397 1096.3460115259222 
gen 30 47391 985.7763568487088 58.44336286437001 779.9935846065397 1068.0787648806277 
gen 31 48965 970.7308177312406 53.13399724982001 776.8852857234408 1045.7458905675949 
gen 32 50529 952.0861997779411 48.3239814426576 776.8852857234408 1018.2491316639357 
gen 33 52093 937.7996270896766 44.59709004930435 776.8852857234408 997.2921113326613 
gen 34 53657 925.6357659957717 41.145160757299635 776.8852857234408 977.7742539215698 
gen 35 55221 912.0767477822842 40.04490930464794 742.7602894787836 964.3353556471006 
gen 36 56785 898.5464855967134 38.756597034388 742.7602894787836 948.8638358516807 
gen 37 58349 885.7783333798487 38.22354378350066 742.7602894787836 932.0101904837359 
gen 38 59913 874.3690346414388 35.22226971683764 742.7602894787836 919.09340524554 
gen 39 61477 865.9421082914331 33.11278058347728 742.7602894787836 906.5542582510775 
gen 40 63041 855.0591412671278 32.28768381009081 710.2987765743679 891.9779447930266 
gen 41 64625 845.9577882091178 31.35515243436611 700.7304198639862 882.2997898681591 
gen 42 66189 838.333035997258 30.46186299509327 700.7304198639862 872.3359546677605 
gen 43 67753 831.0496286949265 30.664298315396735 700.7304198639862 865.6005711007349 
gen 44 69317 823.8226006311429 30.31246165990288 700.6172771842151 858.8515254055479 
gen 45 70881 816.1271772706921 28.94756887714689 700.6172771842151 850.5404575206742 
gen 46 72445 806.9749370973166 28.40290304134912 700.6172771842151 842.6270054169926 
gen 47 74019 798.6293637310453 27.107574182409273 689.7438800812827 833.0591752916499 
gen 48 75583 791.975734463511 27.248953928692135 680.5494691519232 824.3663539505109 
gen 49 77207 783.8915180757004 27.395306235363755 588.8939358080038 814.5535562943447 
gen 50 78771 777.8555757144608 26.648368916791537 588.8939358080038 808.1846204126655 
gen 51 80335 772.199603937932 24.84564859703787 588.8939358080038 799.7550158826268 
gen 52 81899 765.9409128480175 24.661084996269516 588.8939358080038 793.1593915713785 
gen 53 83463 758.8096372437846 24.007168456649197 588.8939358080038 785.059549012851 
gen 54 85027 751.8461491577976 24.615836676898088 588.8939358080038 778.5414666737474 
gen 55 86611 744.677896749593 23.877824247537625 586.3558018723102 770.1943577513689 
gen 56 88215 739.0626762710342 23.033865389261567 570.0290431796626 764.4907873703091 
gen 57 89779 733.7559109921193 21.704194899519763 570.0290431796626 757.3847643552815 
gen 58 91343 727.5472726625067 21.20163055823854 570.0290431796626 750.8153689484143 
gen 59 92907 720.8017466933644 20.97459977164617 570.0290431796626 743.5666618233656 
gen 60 94471 714.9669725230619 21.22325576512412 570.0290431796626 738.0498467693851 
gen 61 96035 709.1252995621406 21.274963040381664 570.0290431796626 732.9056577941899 
gen 62 97599 704.4440801870492 19.82615187623735 570.0290431796626 727.1613223351981 
gen 63 99163 698.9798566563662 19.79303830101656 570.0290431796626 721.3765519146299 
gen 64 100727 694.601589705221 18.844019317503655 570.0290431796626 715.3221348289942 
gen 65 102291 688.3395222261012 19.02182369001753 570.0290431796626 709.004280864559 
gen 66 103855 684.6106804734989 18.42693388851722 570.0290431796626 704.9157770338861 
gen 67 105419 680.6729681551001 17.782646825225154 570.0290431796626 699.8360063446279 
gen 68 106983 677.2179665607872 17.435336469806423 570.0290431796626 695.9099100473223 
gen 69 108547 674.0437888126547 16.902709461661864 570.0290431796626 692.089244616847 
gen 70 110111 670.7571395653297 16.859671827247123 570.0290431796626 688.8399900408209 
gen 71 111675 666.7482546673558 16.403430370646326 570.0290431796626 684.6669660825147 
gen 72 113239 663.7419517053592 16.869842440421944 570.0290431796626 682.8789219148647 
gen 73 114803 660.7884619070506 16.003862824789625 570.0290431796626 679.0511235098933 
gen 74 116367 657.1740231014109 15.779421419363668 570.0290431796626 675.7827336903679 
gen 75 117931 653.8974507999831 15.054191661047664 570.0290431796626 671.2166436234936 
gen 76 119495 649.3579186715691 14.590877140072186 570.0290431796626 666.3141180575755 
gen 77 121059 647.6205677684637 13.863420297936877 570.0290431796626 663.0653136353518 
gen 78 122623 644.6437246045344 14.483893088619803 570.0290431796626 660.5523262305825 
gen 79 124187 642.0493253904514 14.940383431968803 570.0290431796626 658.3450772654929 
gen 80 125751 639.8294725405925 14.50396357810817 570.0290431796626 655.9145113981539 
gen 81 127315 637.0449497049971 14.734062939155825 568.4000354338865 653.0507361433519 
gen 82 128879 635.0975833727014 14.493247322601205 568.4000354338865 650.7495811687203 
gen 83 130443 632.9714663540661 14.54615914227896 568.4000354338865 648.4022415061349 
gen 84 132007 630.0640260991112 14.591625232361507 568.4000354338865 646.3322380196192 
gen 85 133571 627.7485178714777 14.578373720591975 568.4000354338865 643.6429541637636 
gen 86 135135 625.2012777136613 14.6037795097562 559.4180978224489 640.7047603897754 
gen 87 136699 622.8294597936074 14.418065448284155 559.4180978224489 638.3634958813368 
gen 88 138263 619.7162932885622 14.132491574570894 559.4180978224489 635.3580491530207 
gen 89 139827 617.8964822261513 13.67409906756621 559.4180978224489 633.6311920610021 
gen 90 141401 615.7034567803191 13.486598115437955 556.164312890348 631.2570613443039 
gen 91 142965 613.4799950661051 13.261039819172657 556.164312890348 628.6968089047132 
gen 92 144529 611.8997458055297 12.706932577724265 556.164312890348 626.5248924014995 
gen 93 146093 609.8659926288929 12.51883354368012 556.164312890348 624.3428455241178 
gen 94 147657 607.772091207936 12.2116832633176 556.164312890348 622.3903450713016 
gen 95 149221 605.8529145814374 12.262293204341285 546.2616517731859 619.5863466115144 
gen 96 150785 603.1285169039378 12.095996955199157 546.2616517731859 617.0354376325006 
gen 97 152349 600.4984474653239 12.048188630934932 546.2616517731859 614.1666304503592 
gen 98 153913 598.2528757751478 11.704997272287725 546.2616517731859 612.093901889452 
gen 99 155477 595.3936077708129 11.681063216526676 546.2616517731859 608.8598452280798 
gen 100 157041 592.4365203692535 11.454070835435248 546.2616517731859 605.9174116511759 
gen 101 158605 589.6432526739646 11.434247547883269 546.2616517731859 602.4779321077744 
gen 102 160179 587.1350629110254 11.401345858394796 541.1573916118008 600.0250356299363 
gen 103 161743 583.4234017079501 11.23549289013859 541.1573916118008 596.7161714129769 
gen 104 163307 579.3968764471522 11.329241722102804 537.3012014713794 592.1574427379115 
gen 105 164871 575.2127923109106 10.644106802027887 535.8250400961357 588.3062215450619 
gen 106 166435 570.2572690305161 10.072262531433518 525.8348432211769 582.5552000217095 
gen 107 167999 564.3374513128787 9.760241307806275 523.4029339471006 576.0177089266597 
gen 108 169563 558.6490384467863 9.336336531852613 520.9907717195921 569.1755010815564 
gen 109 171127 552.9934497412659 8.5151566672664 520.9907717195921 563.1154524691328 
gen 110 172691 549.0431175516245 7.297089588317597 520.9907717195921 558.1186383216104 
gen 111 174255 544.6207292683179 7.231206160794223 517.4041428711137 553.5936740181419 
gen 112 175819 541.394221720029 6.950542442441701 512.0538431595068 549.602019646531 
gen 113 177383 538.050220965697 7.113662909960055 510.5409175903771 546.4279695478473 
gen 114 178947 535.4301707996448 6.72189010852691 509.7166502886927 543.3370464429307 
gen 115 180511 533.2890327554375 6.535401909506829 509.7166502886927 540.8592299917223 
gen 116 182075 531.0902617608948 6.6230218049835505 508.73533566028135 538.5929554165559 
gen 117 183639 528.7668678865292 6.673384035848479 508.73533566028135 536.4372332519698 
gen 118 185203 526.3855190260432 6.312424670345487 508.73533566028135 534.1907246528215 
gen 119 186767 524.7044383441915 5.947512279220321 508.66143410049295 532.1762611275184 
gen 120 188331 522.8024937704213 5.815888304326889 502.3309661863211 529.7116426605686 
gen 121 189895 520.8596176046442 5.984217117191508 495.4343407106762 528.0069463419288 
gen 122 191459 519.7227207220292 5.604516872781344 495.4343407106762 526.524758388992 
gen 123 193023 517.5274795047502 5.6028599824831185 488.8258807671201 524.6317942272836 
gen 124 194587 515.3790857623499 5.672594158734705 488.8258807671201 522.0147710780702 
gen 125 196151 514.0599612988082 5.614364070336661 488.8258807671201 520.3003011266799 
gen 126 197715 512.8420394551389 5.638747972785359 484.59934744457496 518.8581504766388 
gen 127 199279 511.5447898996923 5.752649927295214 484.59934744457496 517.5906182241612 
gen 128 200843 510.42037728109085 5.653669805523136 484.59934744457496 516.4247360182936 
gen 129 202407 509.06147316857374 5.672072599197705 484.59934744457496 515.0892767134158 
gen 130 203971 508.0287795257189 5.663243041512798 484.59934744457496 514.0419236983323 
gen 131 205535 506.67352069258374 5.664574193819029 483.52013543166134 512.7722427777747 
gen 132 207099 505.237634708987 5.583799750541181 483.3431097575642 511.27340252896533 
gen 133 208663 503.93168884540074 5.616635088242705 475.2102206917085 509.88384072323737 
gen 134 210227 502.92069436069306 5.471084557561566 475.2102206917085 508.9685310152334 
gen 135 211791 501.90688307700873 5.400644434599702 475.2102206917085 507.90007476565904 
gen 136 213355 500.8559187948288 5.235094904080081 475.2102206917085 506.9957374861797 
gen 137 214919 499.6723683324514 4.947264530620205 475.2102206917085 505.46806407518915 
gen 138 216493 498.7844401360063 4.8338210774385635 473.5703080206383 504.5153917887024 
gen 139 218057 497.96110568255307 4.592952265362185 473.5703080206383 503.40868871425863 
gen 140 219621 497.00516368179984 4.431767094601588 473.5703080206383 502.3144391281474 
gen 141 221185 496.24875106384746 4.298733533824367 473.5703080206383 501.2735691930602 
gen 142 222749 495.21974441548537 4.257825478517351 473.5703080206383 499.8723822310277 
gen 143 224313 494.0748253878338 4.5112286517081195 469.3170316590447 499.07655303636994 
gen 144 225877 493.15795612515706 4.529255926954301 469.3170316590447 498.21042820992176 
gen 145 227441 492.4239814945205 4.386831121098956 469.3170316590447 497.3350396842017 
gen 146 229005 491.5587285247988 4.483215991526775 469.3170316590447 496.45323499931527 
gen 147 230569 490.86749284579304 4.362155668881609 469.3170316590447 495.67761262767806 
gen 148 232133 490.219176528217 4.309861870766081 469.3170316590447 494.89087388281433 
gen 149 233697 489.62409029603975 4.425031111815057 469.3170316590447 494.451399394427 
gen 150 235271 488.90641465448107 4.3689708105747895 467.3980607651463 493.74710878909406 
gen 151 236835 488.22721032833766 4.4235539485160125 467.3980607651463 493.076125296024 
gen 152 238399 487.5680044580143 4.359256249663984 467.3980607651463 492.3306147834338 
gen 153 239963 486.8658385721121 4.251153954645914 467.3980607651463 491.57594409305 
gen 154 241527 486.37250251062034 4.250180782610416 467.3980607651463 490.92864316169357 
gen 155 243091 485.7629060316182 4.192112796129272 466.9388909318625 490.2999163033569 
gen 156 244655 485.09812428071785 4.173594096561996 466.9388909318625 489.5571242200067 
gen 157 246219 484.63477478350575 4.039528033150682 466.9388909318625 488.9742458164038 
gen 158 247783 483.9409811605918 4.192394300337759 463.2647788262215 488.50174681517456 
gen 159 249347 483.49052952175805 4.251004598279291 463.12882029913123 488.05737642476146 
gen 160 250911 482.8459705996203 4.2388643882845765 463.12882029913123 487.3868423173259 
gen 161 252475 482.04244680572305 4.154758785860712 463.12882029913123 486.6618487817799 
gen 162 254039 481.48023285832096 4.2057071547170155 457.80116496762764 486.10062931128795 
gen 163 255603 480.94124661684384 4.099349079119793 457.80116496762764 485.4868156521735 
gen 164 257167 480.233159347141 4.083050533315721 457.80116496762764 484.7574372169775 
gen 165 258731 479.5658303083473 4.040500553705445 457.80116496762764 484.169752830518 
gen 166 260295 479.04714745465327 3.936812816665725 457.80116496762764 483.4646612229571 
gen 167 261859 478.63369322034185 3.8968634956411132 457.80116496762764 483.00051036991636 
gen 168 263423 477.96732897643085 3.792596250231764 457.80116496762764 482.4312139706795 
gen 169 264987 477.49180997410224 3.6299294221597656 457.80116496762764 481.7362679617881 
gen 170 266551 477.01311491894575 3.5402821598437644 457.80116496762764 481.0969727929248 
gen 171 268145 476.37059385501055 3.7020459899835654 449.97271367269707 480.4908547509296 
gen 172 269709 475.65441150288365 3.6554863593388314 449.97271367269707 479.7189760430914 
gen 173 271273 475.11905362098776 3.567840155580964 449.97271367269707 479.2195145285221 
gen 174 272837 474.4667404489933 3.5622971397499974 449.97271367269707 478.4476443713452 
gen 175 274401 473.9655286886371 3.670828648489271 449.97271367269707 477.85375186312973 
[8, 4, 3, 13, 15, 11, 16, 18, 20, 5, 21, 10, 12, 7, 14, 17, 9, 1, 22, 2, 6, 19, 0, 16, 18, 2, 12, 14, 19, 5, 20, 17, 4, 7, 0, 21, 1, 10, 13, 11, 15, 22, 9, 6, 8, 3, 8, 3, 19, 21, 0, 18, 11, 17, 14, 4, 7, 2, 6, 22, 9, 5, 15, 1, 12, 20, 10, 16, 13, 15, 12, 2, 22, 18, 11, 17, 21, 20, 1, 19, 3, 0, 9, 7, 14, 13, 8, 16, 4, 5, 6, 10, 9, 1, 21, 10, 3, 6, 18, 16, 12, 17, 5, 20, 14, 7, 11, 19, 8, 13, 22, 15, 0, 4, 2, 2, 13, 9, 4, 14, 19, 17, 15, 5, 7, 0, 11, 10, 1, 21, 3, 8, 6, 12, 18, 22, 16, 20, 13, 14, 4, 17, 18, 7, 5, 10, 12, 21, 8, 20, 6, 15, 22, 11, 19, 2, 16, 9, 0, 3, 1, 10, 19, 7, 11, 3, 16, 1, 22, 8, 2, 15, 20, 14, 5, 13, 0, 12, 17, 9, 4, 21, 6, 18, 4, 6, 19, 9, 7, 8, 12, 2, 0, 15, 13, 14, 5, 18, 20, 1, 17, 22, 21, 10, 11, 3, 16, 6, 7, 8, 13, 1, 12, 19, 2, 17, 15, 20, 4, 10, 5, 22, 21, 0, 18, 16, 11, 9, 3, 14, 20, 13, 14, 17, 16, 3, 4, 8, 19, 11, 22, 9, 18, 15, 21, 6, 7, 1, 2, 5, 12, 10, 0, 9, 16, 5, 20, 0, 15, 8, 7, 4, 14, 18, 17, 19, 1, 22, 21, 3, 6, 11, 13, 12, 10, 2, 13, 3, 18, 8, 17, 19, 12, 14, 16, 20, 15, 0, 1, 2, 11, 7, 4, 21, 5, 22, 9, 6, 10, 15, 10, 6, 7, 3, 5, 18, 12, 20, 19, 16, 1, 9, 21, 11, 17, 22, 14, 4, 8, 2, 0, 13, 2, 11, 4, 3, 21, 20, 9, 12, 14, 15, 13, 5, 16, 18, 17, 8, 0, 19, 10, 22, 6, 7, 1, 20, 2, 3, 21, 17, 12, 19, 7, 11, 1, 15, 4, 8, 6, 0, 16, 14, 13, 18, 9, 22, 5, 10, 13, 21, 17, 7, 18, 12, 5, 9, 4, 6, 10, 22, 1, 16, 0, 11, 20, 15, 14, 2, 3, 8, 19]
min  449.97271367269707
NFE 274401
LSNFE 310
VLSNFE 54
runTime 980.8779628276825
