gen 0 391 1e+16 0.0 1e+16 1e+16 
gen 1 1955 9846547314578024.0 1229218909534157.5 1218.7798618518507 1e+16 
gen 2 3519 9820971867007694.0 1325982751592233.5 1218.7798618518507 1e+16 
gen 3 5103 9718670076726378.0 1653527352965994.8 1020.9151148896045 1e+16 
gen 4 6697 9565217391304404.0 2039311199922964.5 987.6281130913208 1e+16 
gen 5 8261 9488491048593416.0 2203054267760130.2 987.6281130913208 1e+16 
gen 6 9825 9437340153452756.0 2304346406805007.5 987.6281130913208 1e+16 
gen 7 11389 9335038363171440.0 2491473939223737.5 987.6281130913208 1e+16 
gen 8 12953 9232736572890122.0 2661567414986409.5 915.9370295316631 1e+16 
gen 9 14517 9104859335038476.0 2854843225038175.5 915.9370295316631 1e+16 
gen 10 16081 8976982097186829.0 3030447722475041.0 915.9370295316631 1e+16 
gen 11 17645 8746803069053863.0 3310810589829476.5 915.9370295316631 1e+16 
gen 12 19209 8491048593350570.0 3579466401415601.5 915.9370295316631 1e+16 
gen 13 20773 8235294117647276.0 3812200410827683.5 890.3263719673847 1e+16 
gen 14 22337 7979539641943980.0 4015263817245620.0 890.3263719673847 1e+16 
gen 15 23901 7698209718670360.0 4209473163481386.5 890.3263719673847 1e+16 
gen 16 25465 7340153452685745.0 4418561057389582.5 890.3263719673847 1e+16 
gen 17 27029 6956521739130803.0 4601306627937861.0 769.7444875287779 1e+16 
gen 18 28593 6419437340153885.0 4794288021945755.0 769.7444875287779 1e+16 
gen 19 30157 5933503836317628.0 4912084138894136.0 769.7444875287779 1e+16 
gen 20 31721 5396419437340705.0 4984260389435224.0 769.7444875287779 1e+16 
gen 21 33285 4194373401535217.0 4934669774548158.0 769.7444875287779 1e+16 
gen 22 34849 3350383631714342.0 4720038753810837.0 769.7444875287779 1e+16 
gen 23 36413 2148337595908850.0 4107069701512730.0 769.7444875287779 1e+16 
gen 24 37987 1150895140665995.8 3191299387685369.5 762.374550961856 1e+16 
gen 25 39551 1144.8709975167476 136.50709632643736 762.374550961856 1496.28346540095 
gen 26 41115 1093.2118879118025 106.4306153779899 762.374550961856 1265.5039610836272 
gen 27 42679 1053.290886387685 85.73284090645524 762.374550961856 1188.2267880203588 
gen 28 44273 1024.2238906852149 74.0510475861886 756.2114307206066 1131.9042393852458 
gen 29 45837 1000.5961999967029 67.02424234607875 756.2114307206066 1091.6275916094455 
gen 30 47401 976.9201775320585 60.154392878419316 756.2114307206066 1062.2449566554765 
gen 31 48965 958.8775831516275 56.04939255504854 708.9612221901658 1038.815724837769 
gen 32 50529 939.3415157392328 48.84667701828968 708.9612221901658 1010.1678639352773 
gen 33 52093 919.9944460568088 46.27158480390986 708.9612221901658 981.4789819501111 
gen 34 53657 903.7663807570011 44.65674591144543 708.9612221901658 961.0006592040198 
gen 35 55221 890.2880284852557 42.55259599200627 708.9612221901658 941.0854865571629 
gen 36 56785 877.1381180546475 40.289643928102926 708.9612221901658 928.6034653821966 
gen 37 58349 863.1710198051888 38.898785934848156 708.9612221901658 909.7549103093595 
gen 38 59933 849.6938430321843 38.6869299503153 635.2891382371712 896.9348964056055 
gen 39 61497 837.6435294803703 37.43962151305232 635.2891382371712 883.1825276284826 
gen 40 63061 825.7872557538954 35.988080391832305 635.2891382371712 867.1351978938889 
gen 41 64625 815.9305252944309 33.302392310136135 635.2891382371712 854.4834725919794 
gen 42 66189 806.199489260999 33.11898539334737 635.2891382371712 845.078708065348 
gen 43 67753 796.2399273386055 31.675887302664243 635.2891382371712 833.8002065126066 
gen 44 69317 785.5274341292062 30.864945625962246 635.2891382371712 821.0726448071309 
gen 45 70881 775.478182403806 29.247163243604493 635.2891382371712 808.85187701662 
gen 46 72455 761.2567273505673 29.666879444680884 633.4983933181102 796.2869986157021 
gen 47 74019 749.4815561230919 27.275422807088304 633.4983933181102 782.2657971548742 
gen 48 75583 738.7115318885127 26.648831412291894 633.4983933181102 769.99593942505 
gen 49 77157 729.194136600562 25.304859947536166 627.8205938228963 758.625622707455 
gen 50 78721 717.0439451977711 25.244598449607388 626.2026146790347 747.1416692383527 
gen 51 80285 707.850135236786 23.292978602544252 626.2026146790347 737.2546574198913 
gen 52 81879 698.7834591245504 21.198569801172184 618.538347180833 724.9238451909644 
gen 53 83443 688.3017435918119 19.158997500114303 613.0311620509939 713.6209631658419 
gen 54 85007 673.8404990126828 17.805145531597102 613.0311620509939 696.3808101288621 
gen 55 86571 662.2343957763818 16.421848273640663 584.4325361775448 682.8601832661186 
gen 56 88135 650.6583715440958 15.198639927468355 583.5458776182041 669.1675107038947 
gen 57 89709 641.9635236491729 13.880067797365392 579.1964886779714 658.1033852576483 
gen 58 91273 633.9117887678631 13.036765243443735 579.1964886779714 649.5300364174109 
gen 59 92837 626.2146608240245 12.3177741700454 575.1506278990887 640.3182852014312 
gen 60 94401 618.9990293445593 12.712435433191708 575.1506278990887 632.8205780160316 
gen 61 95965 612.772787209197 11.88083301392674 562.0394837476634 626.0349245649513 
gen 62 97529 606.0382811175805 11.032669653018528 562.0394837476634 619.2645304752891 
gen 63 99093 599.8411031371871 10.859486817257306 552.6294075797047 612.5306991086057 
gen 64 100677 593.9057281206082 11.11976664718089 542.4123007504959 606.9509863261011 
gen 65 102241 589.0306302605348 10.989229842128 542.4123007504959 601.2705164600115 
gen 66 103805 584.2473672765332 10.611946168589144 538.6338591087584 596.0894490611965 
gen 67 105369 579.413634022794 10.690870512685828 536.8562400331298 591.949517100963 
gen 68 106933 574.9266107430144 10.05454945133501 536.7643056928375 586.7095276232054 
gen 69 108497 572.0192732840108 9.704223206807955 536.7643056928375 583.2457120426185 
gen 70 110061 569.86921067613 9.27416824722228 531.8030745756656 580.6205323222687 
gen 71 111625 566.2409639718753 9.516750353672053 529.7030783943424 577.1123146308881 
gen 72 113209 563.3629681983731 9.174928264966505 525.1774020436305 574.234235831356 
gen 73 114773 560.7092325486658 9.338075931127218 525.1774020436305 571.0936642190572 
gen 74 116337 558.7420318051252 9.154529022252575 525.1774020436305 568.8551132454676 
gen 75 117901 555.9861883340596 9.224319341039447 522.2837502186997 566.4146554314557 
gen 76 119465 553.2978418123042 9.172909165215195 522.2837502186997 563.7524531710964 
gen 77 121029 550.3873508426367 9.42382031494069 499.00496570429493 561.1651751733601 
gen 78 122593 547.9451374347536 9.534414471079549 499.00496570429493 558.3721303216975 
gen 79 124157 545.7292232766192 9.359548778330955 499.00496570429493 556.1289010167692 
gen 80 125721 543.255441097143 9.231980689888257 499.00496570429493 553.8051198661497 
gen 81 127285 540.9965262684651 8.909982458571156 499.00496570429493 551.0217367568171 
gen 82 128849 538.0732914551106 8.872498054980326 499.00496570429493 548.2568995103583 
gen 83 130413 535.0621651301192 8.801465097621664 498.6599292078638 545.318339815423 
gen 84 131987 532.1757225363168 8.828566518934833 495.7207440963474 542.5275136136237 
gen 85 133551 529.0381136359382 8.590106600989746 492.12204232097935 539.1419050172315 
gen 86 135115 526.5177568966494 8.275039915758308 492.12204232097935 536.2071607413419 
gen 87 136709 523.2382805432275 8.490501178270067 478.0414378685665 533.6086765241276 
gen 88 138273 520.4697238285981 8.048417744717709 478.0414378685665 529.6426128315036 
gen 89 139837 518.0682883241603 7.958317151670183 478.0414378685665 527.1259171097386 
gen 90 141401 514.7234401221754 8.114031302639724 476.357412810044 524.252211547621 
gen 91 142965 511.9529008108348 8.130715426084835 474.1013659265651 520.7677376985562 
gen 92 144529 509.14241457903455 8.04728083915104 474.1013659265651 518.4805200250457 
gen 93 146103 506.5732377379361 7.5262792073566995 465.7133975882676 515.6192863770207 
gen 94 147667 503.9697460962961 7.58637789498037 465.7133975882676 512.7722031427038 
gen 95 149231 501.66548095988 7.6973788779523495 465.7133975882676 510.2384863701053 
gen 96 150795 499.50590692162194 7.580627706797207 465.7133975882676 507.992406450922 
gen 97 152359 497.4260883168914 7.736358950746256 464.8169968427116 505.6083568446271 
gen 98 153923 495.68536550642733 7.4287414825839955 464.8169968427116 503.5550124059297 
gen 99 155487 493.79216498371034 7.368294710551308 464.8169968427116 501.7740687186181 
gen 100 157051 491.81612244729774 7.177789187212519 464.8169968427116 499.73813388125194 
gen 101 158615 490.16722833575585 6.9682467443661675 464.8169968427116 498.1049886427508 
gen 102 160179 488.28492815617244 6.679786821413956 464.8169968427116 496.54634435837835 
gen 103 161743 486.48631192551164 6.605627395343658 456.4522040231698 494.40313093035957 
gen 104 163307 485.1002888935923 6.556783242241247 456.4522040231698 492.8646682564275 
gen 105 164871 483.34288986696686 6.335844956602658 456.4522040231698 491.02521113847445 
gen 106 166435 481.8157349013418 6.20113448525839 450.7305678148243 489.2693383661683 
gen 107 167999 480.4411475056282 6.009491523796914 450.7305678148243 487.7717810104085 
gen 108 169563 479.3337915826501 5.7999315921782735 450.7305678148243 486.38933687127394 
gen 109 171127 477.94894587834074 5.865327191932732 450.7305678148243 484.66457456514405 
gen 110 172691 476.70284755554167 5.950930118352893 450.7305678148243 483.44254214711185 
gen 111 174255 475.07458953867433 6.128074361840253 448.4783175802655 481.77273090599226 
gen 112 175819 473.73431650000475 6.061272227181997 448.4783175802655 480.390414038771 
gen 113 177403 472.3465013016229 6.031448857183921 447.4597266491221 478.84995718841674 
gen 114 178967 471.10860436201267 6.012817178574558 447.4597266491221 477.63647601868377 
gen 115 180531 469.5420969985204 6.017661923490225 447.4597266491221 476.2715526508034 
gen 116 182095 468.1340409601274 6.0094115786890026 446.29806247770193 475.2192774370262 
gen 117 183659 466.6956253293517 5.804760654928703 446.29806247770193 473.71175917066626 
gen 118 185223 465.4707250527837 5.664345994133769 446.29806247770193 472.2072805210143 
gen 119 186787 464.2901283350526 5.490246923200853 446.29806247770193 470.7496924926156 
gen 120 188351 462.7152085657057 5.528051777584974 440.64865087160683 469.1386143141249 
gen 121 189915 461.31832957729915 5.284023304962252 440.64865087160683 467.7045360431973 
gen 122 191479 459.84704266965815 5.091213224205146 440.64865087160683 465.96788612260127 
gen 123 193043 458.43560130080556 4.910668681310338 440.64865087160683 464.4970708732958 
gen 124 194617 457.2197115024699 4.621968504220786 439.37612661697085 463.0444420944821 
gen 125 196181 456.2154495618824 4.477813073837583 439.37612661697085 461.85540628734134 
gen 126 197745 455.17434580911646 4.218599850886182 439.37612661697085 460.558755350869 
gen 127 199309 454.24866599019407 4.073178896056824 439.37612661697085 459.5251357697513 
gen 128 200873 453.0484503428177 4.22210780403004 435.77433068275064 458.33302449845485 
gen 129 202437 451.8612412938012 4.149586366187373 433.49248667520504 456.7980940790693 
gen 130 204001 450.9592931695631 4.033153865836906 433.49248667520504 455.7549730892799 
gen 131 205565 449.9358935548045 4.056299576541797 433.49248667520504 454.76446345521583 
gen 132 207129 448.9693758170671 4.017616470003166 433.49248667520504 453.7066431076193 
gen 133 208703 448.08201905786905 4.061078097947212 429.3662551811325 452.81689007274827 
gen 134 210267 446.9881337587951 4.21323794741927 428.488393968423 451.6296773284962 
gen 135 211831 446.21622448156114 4.137691695007084 428.488393968423 450.8989987479789 
gen 136 213405 445.505920032467 4.058017240021603 427.02383644887425 450.11509596057033 
gen 137 214969 444.7406203339989 4.073775961109674 427.02383644887425 449.5139923329957 
gen 138 216533 443.82391471134275 4.116976012413476 427.02383644887425 448.9091236616573 
gen 139 218097 443.16777019447005 3.961814331343229 427.02383644887425 447.87444493582313 
gen 140 219661 442.3699186924484 4.006688538489241 425.6345703420782 447.2892962234386 
gen 141 221225 441.8299284214548 3.815184471651022 425.6345703420782 446.66138891272175 
gen 142 222799 441.2262199898647 3.731084019774997 424.5332915102618 446.09806961586753 
gen 143 224363 440.35741412805385 3.7837059574367315 424.5332915102618 444.9874761388254 
gen 144 225927 439.89108309538847 3.7498422168107757 424.5332915102618 444.27802386494903 
gen 145 227491 439.2767677994645 3.6506099265033742 424.5332915102618 443.6446362441291 
gen 146 229055 438.7672442543891 3.6494578741789163 424.5332915102618 443.1433288304887 
gen 147 230619 438.2496627915628 3.6218900293844403 424.5332915102618 442.6404881464034 
gen 148 232183 437.66866682827794 3.74708263788731 417.7228901170935 442.11070484674576 
gen 149 233747 437.2953824779165 3.6613515868170468 417.7228901170935 441.32762174208153 
gen 150 235311 436.9578937687841 3.6815547429099507 417.7228901170935 440.992505454634 
gen 151 236875 436.5416951541956 3.6124109029732745 417.7228901170935 440.50606796389184 
gen 152 238439 436.17059113310495 3.5247542207967304 417.7228901170935 440.05456075731564 
gen 153 240003 435.6287217909486 3.610241485768049 416.18794463719655 439.47190990373986 
gen 154 241567 435.3654703934133 3.51689376390594 416.18794463719655 439.0983650615773 
gen 155 243131 434.98942729221466 3.566684076297621 416.18794463719655 438.7027925540195 
gen 156 244695 434.6056329587392 3.5640532121508612 416.18794463719655 438.3453629773797 
gen 157 246259 434.26469593049535 3.6146120511457305 416.18794463719655 438.0074639788745 
gen 158 247823 433.76153528432855 3.632322810826283 416.18794463719655 437.7021539774995 
gen 159 249397 433.22444821519616 3.755507489575191 415.23799449903197 437.34702305910537 
gen 160 250961 432.8947921669855 3.7478866556776733 415.23799449903197 436.9307333711384 
gen 161 252525 432.3139491325442 3.882636910865287 415.23799449903197 436.4360484231772 
gen 162 254089 431.8813654787679 3.8590571332498036 415.23799449903197 436.0860919568936 
gen 163 255653 431.41786136674403 3.9118131097673094 415.23799449903197 435.69131278591755 
gen 164 257217 430.9303363712535 3.880504603448774 415.23799449903197 435.1809300427853 
gen 165 258781 430.45947862710807 3.917073206318123 411.39411876478243 434.6954303598884 
gen 166 260345 429.93807182085203 3.8881212561372025 411.39411876478243 434.217271002009 
gen 167 261909 429.64272309867295 3.791278750368717 411.39411876478243 433.902188440464 
gen 168 263473 429.2263041702491 3.760960646404434 411.39411876478243 433.3216326815109 
gen 169 265037 428.70205324099106 3.759807541322969 411.39411876478243 432.93053988292047 
gen 170 266601 428.163745486444 3.678603891964307 411.39411876478243 432.3192984520712 
gen 171 268165 427.7915827609885 3.5737748590391534 411.39411876478243 431.80053828084056 
gen 172 269729 427.2139290877291 3.5267031340557256 411.39411876478243 431.2834978818813 
gen 173 271293 426.6050427929113 3.4936809947567857 411.39411876478243 430.7908841719748 
gen 174 272857 426.00181171310055 3.43767033934104 411.39411876478243 430.1483725682517 
gen 175 274421 425.36859038616115 3.3262421141490894 411.39411876478243 429.48659655994305 
[15, 17, 5, 9, 13, 22, 19, 18, 0, 21, 12, 16, 10, 20, 14, 2, 11, 6, 4, 7, 1, 8, 3, 6, 16, 20, 0, 9, 10, 15, 17, 2, 8, 18, 21, 3, 13, 7, 4, 19, 12, 22, 11, 1, 5, 14, 17, 21, 20, 3, 9, 10, 22, 8, 15, 18, 5, 7, 19, 2, 13, 11, 1, 14, 0, 12, 16, 4, 6, 0, 12, 18, 16, 1, 8, 2, 6, 19, 22, 20, 14, 17, 21, 5, 3, 13, 7, 4, 11, 9, 15, 10, 9, 5, 21, 2, 1, 7, 14, 17, 11, 13, 16, 22, 3, 10, 0, 12, 20, 6, 19, 18, 4, 15, 8, 2, 13, 20, 22, 14, 3, 11, 1, 5, 9, 18, 0, 15, 4, 7, 17, 10, 19, 16, 12, 6, 8, 21, 13, 2, 14, 4, 20, 21, 3, 10, 12, 5, 0, 11, 18, 6, 1, 19, 16, 7, 22, 17, 9, 15, 8, 17, 8, 9, 10, 1, 0, 15, 22, 13, 16, 14, 12, 18, 21, 7, 6, 4, 11, 19, 20, 3, 2, 5, 4, 6, 19, 10, 15, 0, 7, 8, 11, 9, 5, 1, 13, 16, 21, 20, 14, 12, 17, 2, 3, 18, 22, 9, 6, 10, 5, 15, 22, 4, 14, 12, 0, 7, 3, 8, 13, 2, 16, 1, 18, 11, 21, 19, 17, 20, 2, 21, 5, 16, 6, 15, 4, 7, 3, 20, 10, 19, 0, 14, 13, 11, 8, 18, 17, 12, 1, 9, 22, 0, 22, 4, 15, 18, 12, 16, 13, 1, 6, 8, 20, 21, 3, 9, 2, 7, 5, 17, 11, 19, 10, 14, 17, 10, 22, 7, 12, 0, 8, 2, 6, 14, 13, 11, 9, 16, 3, 5, 4, 15, 19, 1, 21, 20, 18, 0, 15, 16, 5, 10, 21, 22, 3, 18, 12, 20, 17, 8, 7, 6, 4, 13, 11, 2, 14, 19, 1, 9, 2, 13, 9, 11, 22, 14, 8, 3, 0, 15, 18, 5, 12, 7, 19, 10, 21, 6, 17, 16, 20, 1, 4, 2, 17, 21, 20, 5, 0, 22, 6, 13, 1, 8, 14, 10, 16, 4, 15, 19, 18, 12, 9, 3, 7, 11, 13, 2, 22, 20, 18, 19, 17, 3, 15, 1, 7, 0, 16, 5, 6, 10, 9, 8, 4, 12, 11, 21, 14]
min  411.39411876478243
NFE 274421
LSNFE 330
VLSNFE 49
runTime 1023.7574830055237
