gen 0 391 1e+16 0.0 1e+16 1e+16 
gen 1 1955 9820971867007696.0 1325982751592226.5 1162.9988285829784 1e+16 
gen 2 3519 9718670076726380.0 1653527352965987.5 1061.7292677816831 1e+16 
gen 3 5083 9616368286445062.0 1920714409771481.8 1009.880309139015 1e+16 
gen 4 6647 9616368286445062.0 1920714409771481.8 1009.880309139015 1e+16 
gen 5 8211 9539641943734072.0 2095626642007057.5 1009.880309139015 1e+16 
gen 6 9805 9437340153452754.0 2304346406805022.5 993.7807565291035 1e+16 
gen 7 11369 9283887468030776.0 2578431337314992.0 993.7807565291035 1e+16 
gen 8 12933 9156010230179130.0 2779852328208348.5 993.7807565291035 1e+16 
gen 9 14497 8951406649616495.0 3063720856958949.0 993.7807565291035 1e+16 
gen 10 16061 8849104859335180.0 3191299387685353.0 993.7807565291035 1e+16 
gen 11 17645 8695652173913201.0 3367811605397349.0 857.5552654381577 1e+16 
gen 12 19209 8491048593350564.0 3579466401415612.0 857.5552654381577 1e+16 
gen 13 20773 8312020460358258.0 3745733635773673.0 857.5552654381577 1e+16 
gen 14 22337 8081841432225292.0 3937290106992025.5 857.5552654381577 1e+16 
gen 15 23901 7851662404092327.0 4107069701512724.5 857.5552654381577 1e+16 
gen 16 25465 7391304347826396.0 4391089103635166.5 857.5552654381577 1e+16 
gen 17 27029 7007672634271452.0 4579219430601029.0 857.5552654381577 1e+16 
gen 18 28593 6445012787724202.0 4786641624699866.0 857.5552654381577 1e+16 
gen 19 30157 5831202046036291.0 4930426265411564.0 857.5552654381577 1e+16 
gen 20 31721 5038363171356073.0 4999852824541715.0 857.5552654381577 1e+16 
gen 21 33285 4373401534527505.5 4960582058898028.0 850.2956367704462 1e+16 
gen 22 34849 3657289002558279.5 4816339603614109.0 850.2956367704462 1e+16 
gen 23 36413 2634271099745095.5 4404920745086137.5 850.2956367704462 1e+16 
gen 24 37977 1329923273658283.0 3395664415509125.0 850.2956367704462 1e+16 
gen 25 39541 1135.85369551653 123.9345737466066 818.4458265608899 1528.5864844880846 
gen 26 41105 1093.496719387448 92.43724536528329 818.4458265608899 1265.3659178229132 
gen 27 42669 1067.2813977319956 80.19691239214447 818.4458265608899 1195.8443093588191 
gen 28 44243 1046.8851947089572 73.23253986273774 818.3667541837491 1157.0401141770876 
gen 29 45807 1030.1148562087853 65.55479473446948 818.3667541837491 1125.8063146684565 
gen 30 47371 1013.5752177642612 60.08529631798143 818.3667541837491 1096.7580673496154 
gen 31 48965 1000.1853618914461 56.39179618255731 810.8936524457862 1073.718493510502 
gen 32 50529 990.2482800291951 55.11684754655337 810.8936524457862 1062.0486832262698 
gen 33 52093 976.4518379474364 51.357464524529036 810.8936524457862 1047.1332130062385 
gen 34 53657 963.4958754376609 49.08526098966257 793.9150668099976 1028.8596578080997 
gen 35 55221 953.8785377559074 46.927788467865525 793.9150668099976 1016.8840039930616 
gen 36 56785 943.6566648473762 45.8751010962347 749.0751364805336 1002.9499486674358 
gen 37 58349 934.4740309407134 44.46230296506752 749.0751364805336 991.0773304237963 
gen 38 59913 923.6906503575603 43.29300777702323 749.0751364805336 980.9085635864847 
gen 39 61477 911.6222952192437 40.48812772587403 749.0751364805336 964.3926751509287 
gen 40 63071 900.3981886006168 40.41468036476508 672.517060492022 951.5028321770552 
gen 41 64645 891.3822404170344 40.22738939265332 663.683303824415 941.0732131486211 
gen 42 66209 879.1590385447662 39.23271939042509 663.683303824415 928.1107900745411 
gen 43 67773 870.7646675637103 36.677685766596994 663.683303824415 914.1406705823034 
gen 44 69337 859.8103606187451 36.25304277103099 663.683303824415 902.3520337125141 
gen 45 70901 848.5193366900717 35.53051304729432 663.683303824415 889.6500419575916 
gen 46 72465 839.7123745344451 33.370737768397625 663.683303824415 877.4285918370078 
gen 47 74029 827.8974864877048 33.36924092805338 663.683303824415 866.8507720069963 
gen 48 75603 818.3396505353201 31.663597685923857 659.3449473865262 855.4909064322962 
gen 49 77167 810.4545835230895 29.9093577260851 659.3449473865262 845.4532685257288 
gen 50 78731 800.3547767884548 29.092602476429263 659.3449473865262 834.1159718777327 
gen 51 80295 790.7030634588768 27.962289039342767 659.3449473865262 822.8534284379115 
gen 52 81879 781.9394425130455 27.64687640636517 658.5745479518077 812.4645344931222 
gen 53 83443 775.0093382727647 26.830360618379373 658.5745479518077 805.3253112093773 
gen 54 85017 765.275601334181 26.0409432657038 655.279962991795 794.7303410455229 
gen 55 86581 755.7060414965204 25.3076938894193 655.279962991795 785.346100807247 
gen 56 88145 746.5564752040967 24.948120511107927 655.279962991795 776.3836503658285 
gen 57 89729 737.6218263621731 22.714442867467156 650.2010466712976 765.2094045857132 
gen 58 91293 727.4487182482685 21.9736354335735 650.2010466712976 754.2461787347058 
gen 59 92857 719.0158360024393 21.596002394137916 630.4988999563744 744.3423102218953 
gen 60 94421 711.4531335301938 21.65394051535828 630.4988999563744 735.0776569323342 
gen 61 95985 701.5050899872151 21.481612357562394 619.4364479183537 726.0780191056816 
gen 62 97549 691.2056834254696 21.000595672910443 614.628563253348 715.7468078566593 
gen 63 99113 678.9518758132107 19.631068718693935 595.3926291092818 702.8734310099323 
gen 64 100717 665.9869736405487 20.540954619535057 559.6132083418967 689.8278088575358 
gen 65 102281 650.6517380833658 20.019470762392494 559.6132083418967 672.72747574487 
gen 66 103845 636.2116216590008 17.56052285726678 542.1715230884425 658.4445142272609 
gen 67 105409 624.5911997874232 15.734880210803656 542.1715230884425 644.3514809599833 
gen 68 106973 614.585088931557 14.596180497032645 542.1715230884425 630.5443185662699 
gen 69 108537 606.3899290873285 13.488935605753493 542.1715230884425 622.0048731244412 
gen 70 110101 599.2459449925535 12.569495702632553 542.1715230884425 614.6926334866916 
gen 71 111665 593.0812718851264 11.037924647972886 542.1715230884425 606.8922932262981 
gen 72 113259 587.6489954634893 10.950067184056888 524.7750091805494 599.8424406575203 
gen 73 114823 583.1010836972185 10.437414465431623 524.7750091805494 595.6127816850619 
gen 74 116397 579.1581525185637 9.584016593415393 524.056243632056 590.64944352168 
gen 75 117961 576.0432597230041 9.755819028392622 519.3862078716458 587.0641443566341 
gen 76 119525 572.3762608534613 9.7577071175503 519.3862078716458 583.7667693598553 
gen 77 121089 568.9573928776013 10.398207341735207 519.3862078716458 579.9677032871757 
gen 78 122663 566.0680345935731 10.435219790058847 519.0620245822249 576.8041914720848 
gen 79 124227 563.0146556603395 10.432675740050117 519.0620245822249 573.8193963474326 
gen 80 125791 559.9408387801607 10.262875071527475 519.0620245822249 571.1210912055983 
gen 81 127355 556.6556221868439 9.410831326272904 519.0620245822249 567.41651597488 
gen 82 128919 553.5452576305189 9.168515614195535 519.0620245822249 564.2936284019976 
gen 83 130483 550.328558970745 8.775794920877232 519.0620245822249 561.1975166367578 
gen 84 132047 547.3127489784631 8.649252060114016 511.2355716826001 558.2163167867573 
gen 85 133611 544.5285396214944 8.28403874469255 511.2355716826001 554.679602129015 
gen 86 135175 542.0542099813856 7.8782525569775945 511.2355716826001 551.713035511921 
gen 87 136739 539.0177373378788 7.9279413924184094 502.6602135408977 548.2228677474012 
gen 88 138303 536.657925249527 7.649847348021752 502.6602135408977 545.7691948857213 
gen 89 139867 533.4456045603624 7.6561365345795265 488.74222854637117 542.6870200284695 
gen 90 141431 531.1787863954951 7.183996655758195 488.74222854637117 539.4575858404176 
gen 91 143005 528.9666314038684 7.31351575120508 480.8324774665729 537.1136213723404 
gen 92 144569 526.839515437616 7.55243958720391 480.8324774665729 534.9505144299596 
gen 93 146133 524.3820191366962 7.717656364682491 480.8324774665729 532.8187529311942 
gen 94 147697 521.8359216988017 7.825228756438194 480.8324774665729 530.3422634543572 
gen 95 149261 519.5778432617407 7.61243909547826 480.8324774665729 528.0646219857267 
gen 96 150825 516.8772647285712 8.13915488586917 478.6499852701063 525.4790154124847 
gen 97 152389 515.1847616515229 7.916577694880701 478.6499852701063 523.9321610527965 
gen 98 153953 512.9806950875047 7.478416776478211 478.6499852701063 521.6178425094887 
gen 99 155517 510.7724483963434 7.166587507764499 478.6499852701063 518.9743272948598 
gen 100 157081 508.82415708714797 6.885679526203487 478.6499852701063 516.9818602521497 
gen 101 158645 506.84626305179023 6.616668151503377 478.6499852701063 514.7687274350484 
gen 102 160209 504.7198370287324 6.910812479330348 472.4025449628456 512.701875467321 
gen 103 161773 502.8858169006984 6.739534628305259 472.4025449628456 510.7064877560123 
gen 104 163347 500.8750450198858 6.57053065684159 471.47004641854505 508.05051051055136 
gen 105 164911 499.39882105335994 6.516396485163586 471.47004641854505 506.6930001217476 
gen 106 166475 497.6772506745219 6.462730138518254 471.47004641854505 504.72717059784026 
gen 107 168039 495.8797209722453 6.17038624259217 471.47004641854505 502.8688091521369 
gen 108 169603 494.39154435323934 6.1966223861186736 467.071463847094 501.4921038442652 
gen 109 171167 492.99112561029784 5.964899872683674 467.071463847094 499.54418949127586 
gen 110 172731 491.61861659474465 5.837177670231809 467.071463847094 498.1756677490766 
gen 111 174295 489.9848932378905 5.851196757642111 467.071463847094 496.86142904640525 
gen 112 175859 488.8488312187452 5.597703021089734 467.071463847094 495.6951074217534 
gen 113 177423 487.6682108140104 5.385876464772802 467.071463847094 494.168842326945 
gen 114 178987 486.411329557945 5.262853212948388 467.071463847094 492.83523409469944 
gen 115 180551 485.4666655476807 5.34750365552846 464.262468211169 491.9361643053678 
gen 116 182115 484.4570407067559 5.306863956076575 464.0994638284805 490.75071338188525 
gen 117 183679 483.25366790056967 5.389343315338287 460.4894886345111 489.57522161932195 
gen 118 185243 481.9477701211533 5.682552734628047 460.4894886345111 488.5552756812797 
gen 119 186807 480.83241062666735 5.553948927066272 460.4894886345111 487.49211699236304 
gen 120 188371 479.95564831848867 5.261895908635477 460.4894886345111 486.3622882855541 
gen 121 189935 478.81118628711613 5.095324045448336 460.4894886345111 484.92899908931554 
gen 122 191499 477.89130363659666 4.977138888138498 459.9863650216294 484.0468753914209 
gen 123 193063 477.01571102251205 4.9337662307045616 458.95175027771387 482.6524477730393 
gen 124 194627 475.8696175317744 5.123723867540153 456.230631579599 481.4766303410229 
gen 125 196191 475.06625854588225 5.061496681099394 456.230631579599 480.67779164163176 
gen 126 197755 474.1790793080815 5.062352144788689 456.230631579599 479.64178352285785 
gen 127 199319 473.0911181706436 4.978588661005764 453.06939199561145 478.7644815237075 
gen 128 200883 472.5998088859299 4.8363588409158655 453.06939199561145 478.2306771961307 
gen 129 202447 471.7703282703861 4.625581070385846 453.06939199561145 477.3108057033087 
gen 130 204021 470.8717864364698 4.6746638303307 450.9986888183368 476.4071070375808 
gen 131 205585 469.7125324306126 4.770760670991664 450.9986888183368 475.3392671634723 
gen 132 207149 468.4924187964382 5.0040783589613245 441.7500731236538 474.38709065342226 
gen 133 208713 467.40720153932625 5.086696831143923 441.7500731236538 473.11612756478024 
gen 134 210277 466.38048124921266 5.30475172104842 438.3066331548186 472.1295240611625 
gen 135 211841 465.60201090720017 5.407021304997937 438.3066331548186 471.4824340729811 
gen 136 213405 464.5389934954249 5.3759945689907 438.3066331548186 470.48016082119915 
gen 137 214969 463.8709347116097 5.20916473777816 438.3066331548186 469.4545283183563 
gen 138 216533 462.9240054920372 5.077921066995761 438.3066331548186 468.6086073687601 
gen 139 218097 461.82282457456336 5.323161149026644 431.6074752319019 467.50924429299744 
gen 140 219661 460.73551807410854 5.2915489904771205 431.6074752319019 466.43855326011544 
gen 141 221225 459.81843856369676 5.244826143112443 431.6074752319019 465.3506075112173 
gen 142 222789 458.6561658504978 5.322555084076077 431.6074752319019 464.29686350710097 
gen 143 224353 457.38708828301884 5.151893204828813 431.6074752319019 463.02075597382054 
gen 144 225917 455.68411398381863 5.033224153358128 431.6074752319019 461.38028698159866 
gen 145 227481 453.98111738882494 5.269835419881062 431.6074752319019 459.9560731989535 
gen 146 229045 452.54991166595676 5.1090622779556885 431.6074752319019 458.4297631605481 
gen 147 230609 451.10286173300136 4.882504378509161 431.6074752319019 456.8707804166942 
gen 148 232173 449.6341708682616 4.719923569801564 431.6074752319019 455.0439735536387 
gen 149 233737 448.0178434624602 4.437355198264929 431.6074752319019 453.38150229617975 
gen 150 235301 446.34721676236563 4.255346556021672 425.6880840162993 451.6277415842518 
gen 151 236865 445.1582828645362 4.067229781082276 425.6880840162993 450.1780995117284 
gen 152 238429 443.95419216820824 3.9444662511266073 423.59820581330774 448.705447843596 
gen 153 239993 442.75164814124344 3.8356958508760615 423.59820581330774 447.1125520927952 
gen 154 241557 441.85942199629034 3.6749755454336746 423.59820581330774 446.0933086997621 
gen 155 243121 440.8503708366789 3.5475974044292893 423.59820581330774 444.9039392888312 
gen 156 244685 440.07486015994607 3.4786130993367412 423.59820581330774 443.9551140912333 
gen 157 246249 439.2536737598682 3.519992402744436 422.1413949480967 443.2338028299087 
gen 158 247813 438.6006228309979 3.3919277273211605 422.1413949480967 442.48071150147086 
gen 159 249387 437.8294332474381 3.262413179331551 421.9339347853401 441.63410454245707 
gen 160 250951 437.0083120626606 3.1713160698119602 421.9339347853401 440.6613498641372 
gen 161 252515 436.14829007389835 3.1127892149187115 421.9339347853401 439.7137457220534 
gen 162 254079 435.25271933986 2.9379804597891965 421.9339347853401 438.7221840921494 
gen 163 255643 434.53188508610697 2.9523958395226644 421.9339347853401 438.02824791296274 
gen 164 257207 433.8168450884662 2.8308471225340437 421.9339347853401 437.28549261911905 
gen 165 258771 433.2297910713953 2.8097064755212893 421.9339347853401 436.61959182416416 
gen 166 260335 432.66314258856204 2.6316849609848525 421.9339347853401 435.9046716752583 
gen 167 261899 431.9774927131039 2.6293098941324353 421.72332905789085 435.1243611047317 
gen 168 263463 431.43423661301426 2.487374704229516 421.72332905789085 434.3396830113453 
gen 169 265027 430.8964933476268 2.3567150346765375 421.72332905789085 433.7472503689588 
gen 170 266591 430.3033817917686 2.348119427064571 421.2309539683188 433.0832614409721 
gen 171 268155 429.76072433848935 2.2486825190511945 421.2309539683188 432.46279831345134 
gen 172 269719 429.28189122709193 2.1649753862687455 421.2309539683188 431.8575826446404 
gen 173 271283 428.86502625917495 2.094496851424546 421.2309539683188 431.37233297054394 
gen 174 272847 428.4526838397801 2.0826591518066397 418.6856753885583 430.8914689840171 
gen 175 274411 428.07464331515007 2.0244959734555334 418.6856753885583 430.4504936824052 
[20, 17, 11, 8, 9, 16, 1, 2, 12, 7, 5, 15, 19, 0, 3, 22, 6, 14, 10, 21, 4, 18, 13, 6, 15, 7, 18, 1, 11, 4, 3, 12, 0, 5, 9, 10, 22, 14, 16, 21, 8, 20, 19, 13, 17, 2, 20, 13, 8, 3, 11, 21, 17, 0, 6, 1, 12, 4, 19, 16, 18, 7, 5, 10, 15, 9, 14, 2, 22, 12, 18, 22, 0, 16, 9, 15, 7, 21, 1, 14, 5, 20, 13, 4, 8, 6, 19, 11, 3, 10, 17, 2, 10, 7, 16, 5, 18, 20, 3, 12, 17, 9, 14, 6, 21, 8, 2, 22, 11, 19, 4, 13, 0, 1, 15, 14, 17, 3, 22, 8, 21, 18, 4, 6, 0, 9, 20, 15, 12, 10, 2, 13, 7, 19, 5, 11, 16, 1, 13, 17, 15, 3, 10, 9, 5, 0, 14, 6, 11, 21, 16, 12, 1, 22, 4, 18, 2, 20, 19, 7, 8, 2, 14, 17, 21, 20, 12, 13, 22, 5, 19, 16, 9, 10, 15, 7, 18, 11, 6, 1, 3, 0, 8, 4, 4, 6, 19, 16, 18, 12, 14, 0, 5, 15, 17, 20, 11, 7, 3, 1, 13, 22, 21, 10, 9, 8, 2, 18, 0, 9, 21, 10, 13, 11, 7, 17, 1, 2, 3, 6, 14, 12, 19, 22, 8, 5, 4, 16, 20, 15, 2, 20, 5, 12, 9, 6, 21, 10, 17, 11, 8, 14, 1, 13, 16, 3, 7, 19, 18, 0, 15, 22, 4, 15, 18, 0, 5, 7, 11, 22, 1, 16, 17, 21, 19, 2, 10, 20, 12, 8, 6, 14, 9, 13, 3, 4, 13, 3, 5, 6, 17, 1, 16, 0, 20, 12, 15, 4, 19, 11, 2, 14, 8, 21, 7, 10, 18, 22, 9, 18, 22, 16, 7, 12, 0, 4, 11, 13, 2, 3, 20, 15, 19, 5, 9, 21, 1, 17, 14, 8, 6, 10, 2, 13, 8, 3, 21, 5, 6, 14, 9, 17, 20, 10, 15, 7, 18, 22, 11, 19, 12, 4, 0, 1, 16, 11, 13, 17, 5, 0, 15, 20, 8, 19, 6, 4, 18, 2, 10, 1, 3, 9, 12, 14, 22, 16, 7, 21, 2, 8, 3, 13, 11, 4, 0, 10, 19, 22, 15, 21, 20, 6, 17, 18, 16, 5, 7, 12, 9, 14, 1]
min  418.6856753885583
NFE 274411
LSNFE 320
VLSNFE 52
runTime 1015.9700899124146
