gen 0 391 1e+16 0.0 1e+16 1e+16 
gen 1 1955 9974424552429670.0 505074620412509.75 1198.7889078391001 1e+16 
gen 2 3519 9897698209718682.0 1006256551043666.0 1166.1775029375349 1e+16 
gen 3 5083 9795396419437364.0 1415688235610887.5 1069.8913398153097 1e+16 
gen 4 6647 9693094629156046.0 1724779058832263.8 1069.8913398153097 1e+16 
gen 5 8211 9590792838874728.0 1981065650233739.0 996.2769241872119 1e+16 
gen 6 9775 9360613810741766.0 2446435609936914.0 996.2769241872119 1e+16 
gen 7 11339 9207161125319788.0 2701813329154508.5 996.2769241872119 1e+16 
gen 8 12903 9104859335038470.0 2854843225038189.5 973.459187800367 1e+16 
gen 9 14467 8951406649616493.0 3063720856958955.5 879.5430095208596 1e+16 
gen 10 16031 8797953964194517.0 3252006409258397.5 879.5430095208596 1e+16 
gen 11 17595 8465473145780234.0 3604233049606284.5 879.5430095208596 1e+16 
gen 12 19169 8235294117647268.0 3812200410827702.0 851.0102254923385 1e+16 
gen 13 20763 7877237851662657.0 4089193361160258.0 837.4165047582946 1e+16 
gen 14 22327 7570332480818704.0 4288751675959507.0 837.4165047582946 1e+16 
gen 15 23891 7186700767263762.0 4496480818867653.5 837.4165047582946 1e+16 
gen 16 25455 6470588235294537.0 4778846120373528.0 837.4165047582946 1e+16 
gen 17 27019 5754475703325310.0 4942748872144604.0 837.4165047582946 1e+16 
gen 18 28583 5038363171356081.0 4999852824541705.0 837.4165047582946 1e+16 
gen 19 30147 4040920716113228.0 4907154667137798.0 837.4165047582946 1e+16 
gen 20 31711 2941176470589055.0 4556450995537608.0 837.4165047582946 1e+16 
gen 21 33275 1841432225064882.0 3876009495748427.5 837.4165047582946 1e+16 
gen 22 34839 434782608696751.4 2039311199922995.5 837.4165047582946 1e+16 
gen 23 36403 1097.6861379451493 94.79171037927999 837.4165047582946 1263.597364946655 
gen 24 37967 1062.0204759696448 79.54693189112703 837.4165047582946 1178.7060084993423 
gen 25 39531 1028.6205720166033 69.04362196928871 791.0415567027504 1127.482308997515 
gen 26 41095 1001.8959560126654 60.60454238822819 749.3098507861444 1082.550400492909 
gen 27 42679 974.2915354313768 56.20090131305325 737.967080664404 1050.53384649651 
gen 28 44243 951.5535219746713 52.96452421978422 737.967080664404 1020.3370344816151 
gen 29 45807 931.1155391004905 47.92198261746714 737.967080664404 994.1326699169281 
gen 30 47391 912.347937565355 43.16323417775687 714.1442577502227 970.0850003715603 
gen 31 48955 891.8488670040902 40.11430802835709 714.1442577502227 944.8800048758436 
gen 32 50519 874.9087023093051 37.39582077415287 714.1442577502227 923.864648111337 
gen 33 52083 861.5791534345789 34.34689111865055 714.1442577502227 906.0251963887273 
gen 34 53667 848.9089990312962 32.59881682121879 696.2082853929691 890.3401661033712 
gen 35 55231 838.7898119285968 29.741611078923572 696.2082853929691 877.9461657437618 
gen 36 56815 826.4238173247759 28.97098166827521 683.9965210403587 861.2563282591514 
gen 37 58379 813.6974126157753 29.485577596858114 667.7928000940311 848.7819391446119 
gen 38 59943 802.325925252017 28.953217496056723 667.7928000940311 836.9634941122331 
gen 39 61507 791.9010567451006 27.704507979313423 667.7928000940311 823.8711806218301 
gen 40 63071 780.3567520165113 28.267767319664173 628.8514228814329 811.1875347346722 
gen 41 64635 768.9143226941733 26.51581317374995 628.8514228814329 798.1325956636816 
gen 42 66199 759.4769599264501 25.664724037161363 628.8514228814329 788.9976714123782 
gen 43 67763 748.7230264312992 24.434384214632235 628.8514228814329 778.3341438433549 
gen 44 69327 739.1022936879755 23.70726810764473 628.8514228814329 767.0928651643572 
gen 45 70891 728.2056997791963 21.899595566632225 628.8514228814329 754.2798460769316 
gen 46 72455 716.5188491735885 19.673291278367206 628.8514228814329 740.0925067145121 
gen 47 74019 704.7392983818831 18.964736580879755 628.8514228814329 727.5122779864395 
gen 48 75583 694.2793531676841 17.60939512524321 620.1575664242778 714.6723776286427 
gen 49 77147 685.6677036458398 17.428225911328383 609.6774875242312 706.7902817746018 
gen 50 78711 675.2040919969107 17.456165472628914 594.9004053656896 694.2090280619449 
gen 51 80275 667.2783923876042 16.772014251225468 594.9004053656896 685.3425109306734 
gen 52 81839 659.0378361969638 15.558581426321068 594.9004053656896 676.9236044474936 
gen 53 83403 652.0110737543317 14.416615200230893 589.3294306892132 669.1668491331932 
gen 54 84967 645.325307759717 14.029410161023849 579.8752436272501 661.1783730031109 
gen 55 86531 640.2313544453062 13.1630386419048 579.8752436272501 655.5650224009285 
gen 56 88095 634.8271576696394 12.574614900391941 579.8752436272501 650.0660687200053 
gen 57 89659 630.2343650359093 11.856640948979603 579.8752436272501 644.7145567955215 
gen 58 91223 625.5622607283067 11.546277151169399 579.8752436272501 639.874712854157 
gen 59 92787 621.0614152743398 10.98765651623802 579.8752436272501 634.1596290559062 
gen 60 94351 616.720654760037 10.860656067960623 553.8391885129521 629.222320007788 
gen 61 95915 612.7025305227504 10.555820650272487 553.8391885129521 624.464881501259 
gen 62 97479 609.1996167143043 10.406312694237513 553.8391885129521 620.8148273310929 
gen 63 99043 605.5482812150092 10.04443173828919 553.8391885129521 617.4014249492362 
gen 64 100607 601.3598010090251 10.51558097758223 548.0449445218603 613.383934125295 
gen 65 102171 597.2405015841408 10.282902974124491 548.0449445218603 609.3279485752025 
gen 66 103735 593.5717462507407 9.758760538671224 542.885031874151 605.3128207359465 
gen 67 105299 589.4732319949039 10.254938058540585 542.885031874151 600.8878825284238 
gen 68 106863 586.2081164580982 11.11705205107339 521.0736091938529 597.8632296459763 
gen 69 108467 583.0492511093565 11.585965356773817 496.3205748074392 594.5638643496652 
gen 70 110031 579.7283895581081 11.481558105632116 496.3205748074392 591.4678803554361 
gen 71 111595 576.2559037569799 10.897233807662124 496.3205748074392 588.2088552490532 
gen 72 113159 572.3971640613686 10.775662274405896 496.3205748074392 583.9483374022386 
gen 73 114723 569.2785635508727 10.46185156554706 496.3205748074392 580.6392523788421 
gen 74 116287 565.7971277548831 10.893117265635878 496.3205748074392 577.3377920008215 
gen 75 117871 562.055118403851 10.55847410587798 495.6117079013882 573.1922559163269 
gen 76 119435 557.6052047644348 10.328429149528679 495.6117079013882 568.7045406028888 
gen 77 120999 553.5334646368059 10.24849025061042 495.6117079013882 565.2238127038399 
gen 78 122563 549.259236909442 10.746908803909513 495.6117079013882 561.0872662343058 
gen 79 124127 544.9058677019083 11.290449392508485 495.6117079013882 556.9082770091674 
gen 80 125691 539.4746679257873 10.449559854803331 495.6117079013882 551.2264316249459 
gen 81 127255 533.9370902635842 10.359500309910572 495.6117079013882 545.837169793301 
gen 82 128819 529.5752176284843 10.055834845893738 488.88267499317504 541.0258838567366 
gen 83 130383 524.413173503808 9.239054775074804 488.88267499317504 535.8138922936658 
gen 84 131967 519.8880729265062 8.659377808325164 483.9236146347513 530.3628210989611 
gen 85 133531 515.8096888066899 8.331589134633516 483.9236146347513 526.2813823567095 
gen 86 135095 513.0177593090194 8.01476910936992 483.9236146347513 522.9454379557452 
gen 87 136659 510.5132648837452 7.75231671697185 472.99560001915336 519.5804138899797 
gen 88 138223 507.5178850541209 7.618124462569641 472.99560001915336 516.2188585863257 
gen 89 139787 504.97174543713146 7.707426253188783 472.99560001915336 514.0540057344529 
gen 90 141351 502.5319027421197 7.18861822070228 472.99560001915336 510.9721408980078 
gen 91 142915 500.6238983299721 6.881413644920393 472.99560001915336 508.6039887375939 
gen 92 144479 498.303610072108 7.093166285647166 465.03602511735755 506.6326283288105 
gen 93 146043 496.3180589826106 7.216222859646885 465.03602511735755 504.8755770032842 
gen 94 147607 494.3021326387246 7.240275627004477 462.72383359228445 502.58134597138246 
gen 95 149171 491.3808119831881 7.248889364833507 459.7318332188891 499.7563525575721 
gen 96 150735 489.2145798550073 6.885685636401609 459.7318332188891 497.0914414829549 
gen 97 152299 486.59992435527084 7.026990326304506 459.7318332188891 494.55898345729395 
gen 98 153863 484.74820536843646 7.211756993121009 454.8683826080644 492.4887114854911 
gen 99 155427 482.8536402409272 6.943088518277581 454.8683826080644 490.7701854254392 
gen 100 156991 480.5075433553805 7.013525438809316 442.14979320910385 488.1638344906567 
gen 101 158555 478.8661599222324 6.933076332131752 442.14979320910385 486.3217340516255 
gen 102 160119 477.2854156202084 6.738249645698642 442.14979320910385 484.7534320719969 
gen 103 161683 475.5119246425612 6.723752242511117 442.14979320910385 482.9705849757773 
gen 104 163247 473.8325777989485 6.6095619608417815 442.14979320910385 481.12389795498797 
gen 105 164811 472.1801406039287 6.5804408857629255 442.14979320910385 479.8217290392325 
gen 106 166375 470.0621602904314 6.52386198414124 442.14979320910385 478.0420112554101 
gen 107 167939 468.66071430036243 6.216855325792742 442.14979320910385 476.22947809027823 
gen 108 169503 467.26958993645985 6.233519611607649 437.5296783956553 474.8593218589699 
gen 109 171067 465.72690340342615 6.203359683427057 437.5296783956553 473.02806423809136 
gen 110 172631 464.6070159296166 5.916882751980132 437.5296783956553 471.63056413954575 
gen 111 174195 463.5104998901517 5.690071995496196 437.5296783956553 470.2754039356793 
gen 112 175759 462.2236967536759 5.590613760370767 437.5296783956553 468.8893328349699 
gen 113 177323 460.90225663411803 5.406307186841161 437.5296783956553 467.50113152812725 
gen 114 178887 459.28720190882115 5.573211363878808 437.5296783956553 466.0250046995375 
gen 115 180451 457.8322025247188 5.520430726742082 437.5296783956553 464.43640646157877 
gen 116 182015 456.554984257137 5.6674440760855385 426.6225117924951 462.87969838200837 
gen 117 183579 455.4079489397335 5.523022285307265 426.6225117924951 461.63945699090516 
gen 118 185143 454.2628259648432 5.31857190771649 426.6225117924951 460.446203917623 
gen 119 186707 453.05509512465596 5.153465912790071 426.6225117924951 459.07893982416806 
gen 120 188271 451.95103688207587 4.845773102847124 426.6225117924951 457.5930860270244 
gen 121 189835 450.75840215769233 4.7392351871165666 426.6225117924951 456.22124459659426 
gen 122 191399 449.7127218875679 4.748585404854081 426.6225117924951 455.1378703487362 
gen 123 192963 448.51409372896927 4.852517533200203 420.0693579572602 453.8266923515096 
gen 124 194527 447.47200495463363 4.913185267195292 420.0693579572602 452.788882096812 
gen 125 196091 446.7123646300415 4.579727863210755 420.0693579572602 451.86624300249304 
gen 126 197655 445.9300555585273 4.557301126884208 420.0693579572602 450.9889547336657 
gen 127 199219 444.88187669657134 4.601310440839144 420.0693579572602 449.7576844911451 
gen 128 200783 444.07720274731753 4.593839105035874 420.0693579572602 448.9666497976844 
gen 129 202347 443.1511266200328 4.491175546790692 420.0693579572602 448.0714134683479 
gen 130 203911 442.0698328394509 4.398039690006852 420.0693579572602 446.9978944036592 
gen 131 205475 441.12004919012475 4.169521156569822 420.0693579572602 445.8823194258035 
gen 132 207039 440.114311071158 4.158056119334706 420.0693579572602 444.9831575661289 
gen 133 208603 439.0695643712711 4.167747890699044 413.90518322363135 443.83095258554357 
gen 134 210177 438.18090319705476 4.081128109870478 413.74941106060123 442.77332417759624 
gen 135 211741 437.24649098505165 4.047501743264914 413.74941106060123 441.9264999462636 
gen 136 213305 436.0892147410185 4.042585159232916 413.74941106060123 440.7333001140696 
gen 137 214869 435.46263359599067 4.0253338986063305 413.74941106060123 440.04811615027205 
gen 138 216433 434.73621277423473 4.094924510183291 413.74941106060123 439.3897574735589 
gen 139 217997 433.83774922313773 3.984046765708291 413.74941106060123 438.5005657430793 
gen 140 219561 433.00356605668213 3.9133375496253593 413.74941106060123 437.35651995304363 
gen 141 221135 432.32519394669237 3.827874219231699 413.58318641316293 436.59097106150836 
gen 142 222699 431.61232221901537 3.6871265777521876 413.58318641316293 435.6876411982515 
gen 143 224263 430.8385346513617 3.716490747649471 413.58318641316293 435.06681349204763 
gen 144 225827 430.39694820678363 3.6399873327537993 413.58318641316293 434.59526479607064 
gen 145 227401 429.8229701084677 3.5324320305593173 412.781191388825 434.07109956033065 
gen 146 228965 429.33690775791047 3.5462620336598034 412.781191388825 433.5109983213147 
gen 147 230529 428.71200182840033 3.372384125926484 412.781191388825 432.7426837092471 
gen 148 232093 428.1379234342843 3.298103708450678 412.781191388825 432.22554241091353 
gen 149 233657 427.5098804791197 3.2237394592994653 412.781191388825 431.27383269925815 
gen 150 235221 426.9629656699934 3.1569104543265913 412.781191388825 430.6690634900814 
gen 151 236785 426.39163255265885 3.1171821343692074 412.781191388825 430.0745667683905 
gen 152 238349 425.85884559828395 3.0976707289655336 412.781191388825 429.5314606758574 
gen 153 239923 425.3542185019717 3.0451426584010384 411.77757833591403 429.03339891971956 
gen 154 241487 424.8948949231463 3.0161740810295536 411.77757833591403 428.4500005561986 
gen 155 243051 424.4793304476413 3.0987255025999825 407.6105656271932 428.0752120113644 
gen 156 244615 424.14109005680143 2.96524136948845 407.6105656271932 427.5945114048333 
gen 157 246179 423.65331374769903 2.947624168408465 407.6105656271932 427.05992392455613 
gen 158 247743 423.1995265152532 2.9393134978117095 407.6105656271932 426.55820608833426 
gen 159 249307 422.8140883669806 2.8964186964129173 407.6105656271932 426.04515971940054 
gen 160 250871 422.4646749685728 2.8437220598023543 407.6105656271932 425.5999475622093 
gen 161 252435 421.95925960939707 2.922739101577618 407.6105656271932 425.20185584672845 
gen 162 253999 421.61049915305034 2.848683968151796 407.6105656271932 424.74929758734646 
gen 163 255563 421.36595288376503 2.8275162296847043 407.6105656271932 424.46850171919516 
gen 164 257127 421.0175492731622 2.7596752105431115 407.6105656271932 424.03446720718676 
gen 165 258691 420.7644150465472 2.7210415140002944 407.6105656271932 423.6215518425673 
gen 166 260255 420.41864022996253 2.7557661927767683 407.6105656271932 423.30824830930845 
gen 167 261819 420.1359094747562 2.826684120722168 407.6105656271932 423.0593112240492 
gen 168 263383 419.83641929487754 2.8069209743488828 407.6105656271932 422.80727996462616 
gen 169 264947 419.5487702430995 2.782151397680498 407.6105656271932 422.53759697741197 
gen 170 266511 419.2805333750709 2.8007364199882505 407.6105656271932 422.3113066053324 
gen 171 268075 418.96001326712326 2.8046786748299795 407.6105656271932 421.86059159772816 
gen 172 269639 418.7044432773695 2.794893097169358 407.6105656271932 421.6335295104711 
gen 173 271203 418.53124249581117 2.742839466389103 407.6105656271932 421.47483861972364 
gen 174 272767 418.3759072345837 2.6898689539791323 407.6105656271932 421.35181266255233 
gen 175 274331 418.1785067291201 2.6411890841257706 407.6105656271932 421.2087384896532 
[14, 15, 12, 7, 18, 11, 16, 13, 1, 5, 21, 8, 6, 20, 9, 10, 4, 19, 17, 2, 22, 3, 0, 9, 16, 22, 0, 4, 18, 3, 20, 19, 1, 2, 15, 14, 10, 17, 12, 11, 7, 5, 13, 21, 6, 8, 2, 13, 17, 21, 8, 22, 18, 15, 9, 7, 14, 1, 4, 12, 0, 3, 19, 10, 11, 5, 16, 6, 20, 17, 2, 13, 21, 8, 22, 5, 15, 7, 3, 20, 19, 10, 18, 6, 9, 16, 4, 12, 1, 11, 0, 14, 9, 1, 7, 4, 16, 20, 21, 19, 13, 0, 3, 14, 18, 12, 2, 15, 6, 11, 17, 10, 5, 8, 22, 14, 13, 21, 9, 8, 7, 17, 1, 0, 6, 16, 4, 3, 20, 10, 18, 15, 12, 19, 22, 11, 5, 2, 3, 11, 20, 0, 8, 5, 9, 7, 17, 6, 21, 10, 14, 15, 18, 12, 4, 22, 13, 19, 16, 1, 2, 3, 15, 1, 20, 12, 8, 17, 18, 14, 0, 7, 2, 13, 16, 21, 5, 6, 10, 9, 11, 22, 19, 4, 10, 6, 7, 19, 4, 16, 3, 22, 5, 21, 12, 1, 8, 9, 15, 11, 13, 2, 20, 0, 14, 17, 18, 9, 6, 19, 0, 4, 22, 8, 3, 21, 7, 18, 13, 10, 20, 11, 5, 14, 12, 1, 2, 16, 15, 17, 20, 14, 17, 15, 9, 18, 21, 7, 4, 1, 2, 5, 0, 3, 8, 16, 6, 22, 19, 12, 10, 11, 13, 0, 12, 22, 18, 3, 5, 14, 17, 19, 8, 2, 4, 11, 15, 13, 9, 21, 20, 16, 1, 6, 10, 7, 20, 2, 16, 7, 15, 6, 10, 11, 12, 3, 0, 8, 21, 22, 9, 13, 19, 18, 17, 5, 4, 14, 1, 0, 20, 12, 3, 10, 4, 21, 1, 19, 14, 9, 15, 5, 22, 2, 6, 13, 8, 18, 7, 16, 17, 11, 17, 8, 21, 5, 12, 20, 11, 22, 3, 14, 18, 1, 2, 19, 15, 7, 9, 6, 4, 0, 13, 16, 10, 11, 20, 2, 13, 14, 21, 3, 5, 12, 8, 22, 15, 10, 0, 4, 1, 17, 6, 19, 18, 7, 16, 9, 17, 15, 8, 22, 10, 0, 1, 7, 18, 19, 4, 21, 2, 20, 13, 12, 9, 16, 5, 14, 3, 6, 11]
min  407.6105656271932
NFE 274331
LSNFE 240
VLSNFE 35
runTime 1024.0219411849976
