gen 0 391 1e+16 0.0 1e+16 1e+16 
gen 1 1985 9923273657289012.0 872568905842968.8 1032.345945681201 1e+16 
gen 2 3549 9769820971867034.0 1499602579464693.2 1032.345945681201 1e+16 
gen 3 5143 9590792838874728.0 1981065650233742.0 904.3863495214679 1e+16 
gen 4 6707 9565217391304398.0 2039311199922992.0 904.3863495214679 1e+16 
gen 5 8271 9386189258312094.0 2400279939979269.0 904.3863495214679 1e+16 
gen 6 9835 9283887468030776.0 2578431337314996.5 904.3863495214679 1e+16 
gen 7 11399 9104859335038470.0 2854843225038190.5 904.3863495214679 1e+16 
gen 8 12963 8900255754475834.0 3128578758746026.0 904.3863495214679 1e+16 
gen 9 14527 8721227621483528.0 3339530654015101.0 904.3863495214679 1e+16 
gen 10 16091 8542199488491221.0 3528855732915530.5 904.3863495214679 1e+16 
gen 11 17655 8439897698209902.0 3628650413838232.5 904.3863495214679 1e+16 
gen 12 19259 8184143222506609.0 3855026840187119.5 852.0775105259416 1e+16 
gen 13 20823 7749360613811006.0 4176244271498269.5 852.0775105259416 1e+16 
gen 14 22387 7519181585678043.0 4318995732618607.5 852.0775105259416 1e+16 
gen 15 23951 7237851662404417.0 4471243667825603.5 852.0775105259416 1e+16 
gen 16 25515 6930946291560461.0 4612097832776894.0 852.0775105259416 1e+16 
gen 17 27079 6470588235294531.0 4778846120373534.0 852.0775105259416 1e+16 
gen 18 28643 6035805626598929.0 4891534187134070.0 852.0775105259416 1e+16 
gen 19 30207 5447570332481349.0 4979927790387851.0 852.0775105259416 1e+16 
gen 20 31771 4782608695652782.0 4995271866554226.0 852.0775105259416 1e+16 
gen 21 33335 3938618925831907.0 4886048527735959.0 852.0775105259416 1e+16 
gen 22 34909 2710997442456085.0 4445274714969706.5 851.9640365988275 1e+16 
gen 23 36473 1304347826087957.0 3367811605397366.5 851.9640365988275 1e+16 
gen 24 38037 1140.2132489237429 123.56647775797039 851.9640365988275 1490.275248004265 
gen 25 39601 1100.9411490921236 89.20296617707189 851.9640365988275 1277.9682384777607 
gen 26 41165 1075.9860524545804 72.27096766881051 851.9640365988275 1201.6511609437032 
gen 27 42729 1057.1138304345227 64.62853887670659 753.9829310299276 1158.0601932228437 
gen 28 44293 1038.848142124257 61.61599316012883 753.9829310299276 1123.5479711382425 
gen 29 45857 1018.2713956401293 60.55946267500817 753.9829310299276 1096.1276838045494 
gen 30 47421 1003.5525158139845 56.60943138599457 753.9829310299276 1077.8341308366753 
gen 31 48985 986.9255112515976 53.60380922189576 753.9829310299276 1056.1269767705976 
gen 32 50549 974.0057433379029 49.69329394588964 753.9829310299276 1041.8769825973359 
gen 33 52113 962.3397985589405 46.97990362790749 753.9829310299276 1023.8387776802746 
gen 34 53677 947.7129699197235 45.675240711014624 753.9829310299276 1006.5484938081906 
gen 35 55271 936.3409692290862 42.157153430019186 730.6126563983236 991.2414789856164 
gen 36 56835 924.5270885956388 42.6273491984461 730.6126563983236 978.7864876112674 
gen 37 58399 913.2182885149258 40.92773012598992 730.6126563983236 961.813996593773 
gen 38 59963 904.6872980398065 38.85307402374701 730.6126563983236 948.293079790778 
gen 39 61527 894.8875756889856 38.896201510100525 730.6126563983236 939.7969712903803 
gen 40 63091 885.2377204873984 37.84427145891328 730.6126563983236 928.2432725770772 
gen 41 64655 874.0080936850002 37.554821401000446 730.6126563983236 918.9444165110212 
gen 42 66219 863.4624940339353 37.552113888630096 730.6126563983236 909.364119631533 
gen 43 67783 854.0468582983673 36.78894540463649 702.1821528383202 898.4764720381849 
gen 44 69357 843.3557724012942 36.07672929114252 688.7549035616047 887.8368934678874 
gen 45 70931 834.1640717881835 35.1567553558714 671.789568149592 876.1947239844505 
gen 46 72495 828.6211397403737 33.21572162901372 671.789568149592 867.491920158261 
gen 47 74059 820.3801333350648 32.75159245946828 671.789568149592 859.0501922520699 
gen 48 75623 810.1455943257869 31.674225619921444 671.789568149592 849.1508801949321 
gen 49 77187 801.2961942161782 30.324457253016895 671.789568149592 839.4652554434124 
gen 50 78751 792.8387579728136 29.294180974272336 671.789568149592 828.6102133329499 
gen 51 80345 784.1590149036564 28.53585431909994 630.3817248682909 817.7922428532066 
gen 52 81909 776.8592841765345 27.347999819523434 630.3817248682909 809.3897828887503 
gen 53 83473 769.6281256452468 27.133723825857178 630.3817248682909 801.752843815564 
gen 54 85037 758.6619806208912 26.43721420576823 630.3817248682909 790.3215672415141 
gen 55 86601 747.1690024402232 25.818117475637415 630.3817248682909 776.9279479543197 
gen 56 88165 729.3685151749582 26.35843294481729 605.7092602228888 760.655204622365 
gen 57 89729 714.1483782999657 24.58725801767688 605.7092602228888 742.8155056210309 
gen 58 91293 698.190984659719 22.288127071483537 605.7092602228888 724.9284129827554 
gen 59 92867 680.9463150315219 21.490964280422435 585.2927050546342 706.3658025273951 
gen 60 94431 668.4034770881624 19.84716547640406 585.2927050546342 691.2019871355392 
gen 61 95995 657.8710243266598 17.31732453866372 585.2927050546342 679.0797550118039 
gen 62 97579 650.1608112180347 16.68319502250804 548.1018558765027 670.2596346658789 
gen 63 99143 642.1056239856354 16.030160381571214 548.1018558765027 661.002015197041 
gen 64 100707 636.2882822027834 15.232691351085535 548.1018558765027 654.1334547708764 
gen 65 102271 631.0236121853067 14.552816007961681 548.1018558765027 647.8993257003272 
gen 66 103835 626.6017206937308 14.141322170779489 548.1018558765027 642.8655388893088 
gen 67 105399 620.966719645993 14.036337350826287 548.1018558765027 637.3015555579601 
gen 68 106963 615.5205943063377 14.82811708805122 548.1018558765027 632.2163640150596 
gen 69 108527 612.0111792095691 14.147786354497466 548.1018558765027 627.98499067345 
gen 70 110091 608.1984173700181 13.823784155866328 548.1018558765027 623.2934463610577 
gen 71 111655 604.4720489091285 13.388722467600612 548.1018558765027 619.3361651137043 
gen 72 113219 601.396323397148 13.795840757922006 541.9559367781546 616.4506578114881 
gen 73 114783 598.5368829966524 13.797722165590306 537.3394087937971 613.3976335084375 
gen 74 116347 595.9555265376357 13.41283568525299 537.3394087937971 610.6505385390413 
gen 75 117911 593.027214816136 13.066076218665586 537.3394087937971 608.3085259313068 
gen 76 119475 590.6024185523597 12.656380442430871 537.3394087937971 605.2002739059764 
gen 77 121039 588.2405749555461 12.01162798743636 537.3394087937971 602.119925444882 
gen 78 122603 586.0548544707068 12.372827759399229 514.7678216964991 600.0035466561728 
gen 79 124167 583.4074385743796 11.813834774042611 514.7678216964991 597.0314693226044 
gen 80 125731 581.1653664608772 11.689879657557015 514.7678216964991 594.1795071128712 
gen 81 127295 578.7999069780036 11.901807312025815 514.7678216964991 591.498207809693 
gen 82 128859 576.60073293757 11.680611943189364 514.7678216964991 589.1435989311409 
gen 83 130423 574.1444395187066 11.432335644095899 514.7678216964991 586.6177987973176 
gen 84 131987 572.4372404058956 11.29346602284427 514.7678216964991 585.266112302282 
gen 85 133551 570.7211465487399 10.812306233489203 514.7678216964991 583.0446727504983 
gen 86 135115 568.6113467830547 10.548397609830966 514.7678216964991 580.376668268899 
gen 87 136679 566.6246621593806 10.33896298046432 514.7678216964991 578.2639900953449 
gen 88 138243 564.7608547338418 10.179284748485752 514.7678216964991 576.0452298637355 
gen 89 139807 563.1906175811315 9.825468953601412 514.7678216964991 574.1130399510826 
gen 90 141371 561.7669798237253 9.851833792908208 514.7678216964991 572.7418077457077 
gen 91 142935 560.0884453994602 9.497945804059025 514.7678216964991 570.747585673528 
gen 92 144499 557.8007841987063 9.345685244433408 514.7678216964991 568.2374451506582 
gen 93 146063 556.1120255270915 9.39227991423739 512.8084352912558 566.7890482782544 
gen 94 147627 554.5554996309278 9.436973709829005 512.8084352912558 565.2371845077404 
gen 95 149191 552.3838163380681 9.321486315630047 512.8084352912558 563.1493060207216 
gen 96 150755 551.0222415852078 9.073487588557573 512.8084352912558 561.393980448282 
gen 97 152319 549.3705617414075 9.100146577966314 512.8084352912558 559.6647927578857 
gen 98 153883 547.9048474484443 8.833079836188919 512.8084352912558 557.9385333119615 
gen 99 155447 546.3097328443952 8.836887694421938 511.84596577059006 556.3698280591005 
gen 100 157011 544.6910811727507 8.72037333713787 511.84596577059006 554.8973140710854 
gen 101 158575 542.7822714684162 8.601958111637693 511.84596577059006 552.6057137273822 
gen 102 160139 541.2758160498737 8.387127197338902 511.84596577059006 551.0434892462575 
gen 103 161703 540.1792510165635 7.94082405131313 511.84596577059006 549.3446971221679 
gen 104 163267 538.7738937999028 8.141933719375501 503.3279816377672 548.2251085403049 
gen 105 164831 537.3635151029283 7.867165146046409 503.3279816377672 546.5057435332003 
gen 106 166395 536.5721437966303 7.579499928179953 503.3279816377672 545.1848612588964 
gen 107 167959 535.239665214502 7.514167098917112 503.3279816377672 543.27742906382 
gen 108 169523 534.149542576755 7.464700803420943 503.3279816377672 542.4330995009359 
gen 109 171087 532.9779596056717 7.387462535560608 503.3279816377672 541.5362969103046 
gen 110 172651 531.7724890818436 7.077610916333977 503.3279816377672 540.2533805583461 
gen 111 174215 530.8638550083766 6.90483552056452 503.3279816377672 538.7752544386539 
gen 112 175779 529.5348611316799 7.146076336720301 501.4081220062122 537.7047859150347 
gen 113 177343 528.8566624806346 6.998889791671058 501.4081220062122 536.8787767782915 
gen 114 178907 527.4958974409151 7.414415134865272 493.1858715450763 535.8110486726204 
gen 115 180471 526.4519875355247 7.705287406474693 493.1858715450763 534.9484779669044 
gen 116 182035 525.5449020880691 7.616459234196877 493.1858715450763 534.1586580590067 
gen 117 183599 524.8637098152611 7.475310560930056 493.1858715450763 533.1347026390188 
gen 118 185163 523.3598388233585 7.563809020676699 491.78102040993946 531.6132997740365 
gen 119 186727 522.4850094555993 7.398500925479764 491.78102040993946 530.6121015081242 
gen 120 188291 521.1615023254764 7.537413636902286 491.78102040993946 529.4996222785801 
gen 121 189855 519.7775218531929 7.418606751051683 491.78102040993946 528.0508745574542 
gen 122 191419 518.5416345872607 7.214254961184773 491.78102040993946 526.8149110113726 
gen 123 192993 517.2762672884173 7.269989147760609 490.56046205977816 525.6791189839498 
gen 124 194557 516.2084364296682 7.031148377266717 490.56046205977816 524.4433035466925 
gen 125 196121 514.532633797263 6.948558623376379 488.9285624286388 522.7244320077444 
gen 126 197685 512.939529309991 6.817435075512937 481.688252867255 521.1548047735636 
gen 127 199249 511.82923846568076 6.48712321755485 481.688252867255 519.590718180787 
gen 128 200813 510.15412636817246 6.5332756990842835 481.688252867255 517.6334119224726 
gen 129 202377 508.6917966615941 6.4480475019196914 481.688252867255 516.213516524636 
gen 130 203951 506.70881176622333 6.386545609310591 479.13462586332025 513.9677893745344 
gen 131 205515 504.9791584501912 6.4091657588726605 479.13462586332025 512.5344258816042 
gen 132 207089 503.2216319135543 6.4104549593440465 472.13659732928363 510.2496076544925 
gen 133 208653 501.89870374303257 6.464393988430471 472.13659732928363 508.8418373194906 
gen 134 210217 500.153136150929 6.306392605213894 472.13659732928363 507.31926678011746 
gen 135 211781 498.3917881016563 6.31509467991923 472.13659732928363 505.5915907860286 
gen 136 213345 496.6716816587567 6.240624919433856 470.5354979237409 503.984530478032 
gen 137 214909 495.15070472402874 6.145029317170695 470.5354979237409 502.1955706101415 
gen 138 216473 493.79358736555963 5.947686669275719 470.5354979237409 500.62014786017005 
gen 139 218037 492.1764125347678 6.011120452165848 468.6072159451521 499.14993061648016 
gen 140 219601 490.8012650572387 5.750611530578519 468.6072159451521 497.6154582462344 
gen 141 221165 489.8275080640524 5.55877563355214 468.6072159451521 496.3765577309515 
gen 142 222729 488.6788887311468 5.379785335899161 468.6072159451521 495.15463259439554 
gen 143 224303 487.40483193117063 5.1603830933966695 464.29888399011116 493.569342100875 
gen 144 225887 486.26298576912774 5.18639000015509 457.2090214824535 492.2163028011929 
gen 145 227461 485.03903548739544 5.1931111817573825 454.0257500692022 491.04975337380654 
gen 146 229025 483.9868185790226 5.213322489654089 454.0257500692022 490.09664754812854 
gen 147 230589 482.78882426690967 5.381019833022537 454.0257500692022 488.98057846145633 
gen 148 232153 481.7435695440148 5.31869152164659 454.0257500692022 488.0677092774774 
gen 149 233717 480.73361610752977 5.255856618791447 454.0257500692022 486.83415748814105 
gen 150 235281 479.8811622956007 5.100427202300997 454.0257500692022 485.72380890126243 
gen 151 236845 478.692049045407 5.105695898298554 454.0257500692022 484.6238758397498 
gen 152 238409 477.9123964599057 4.930053567113901 454.0257500692022 483.80880091573175 
gen 153 239973 476.9402008781074 4.720699704731403 454.0257500692022 482.6518466591846 
gen 154 241537 476.01909567360184 4.874009723301048 446.7836506581337 481.53714588921775 
gen 155 243101 475.3894813206771 4.768533317225577 446.7836506581337 480.62686312487847 
gen 156 244665 474.71536879808093 4.66065404992651 446.7836506581337 479.72348473838287 
gen 157 246229 474.0425634474795 4.5359759503025785 446.7836506581337 479.00860953113795 
gen 158 247793 473.2315187425364 4.636021913408069 446.7836506581337 478.10069160612426 
gen 159 249357 472.58359071033834 4.5003674293845135 446.7836506581337 477.48743866424 
gen 160 250921 471.62254449431833 4.355526306888381 446.7836506581337 476.4240243918765 
gen 161 252485 470.89833084220584 4.306778160374626 446.7836506581337 475.5805880242979 
gen 162 254049 470.24976391524007 4.217858687657049 446.7836506581337 474.81278359992234 
gen 163 255613 469.5605627659924 4.159726754872024 446.7836506581337 474.07558741271055 
gen 164 257177 468.82050140774277 4.099639132897813 446.7836506581337 473.0540629996083 
gen 165 258741 468.0215932267436 4.075358428571901 446.7836506581337 472.24800476268706 
gen 166 260305 466.978862674035 4.070378894818631 446.7836506581337 471.45531937922834 
gen 167 261869 466.1965145691911 3.8199897148227486 446.7836506581337 470.3963517150388 
gen 168 263433 465.252355515263 3.777342127864518 446.7836506581337 469.5721144679006 
gen 169 264997 464.16479852359043 3.7037043662146205 446.7836506581337 468.4291330010437 
gen 170 266561 463.3048784735683 3.504262916926223 446.7836506581337 467.45771157723743 
gen 171 268125 462.4012102564832 3.3896708874353156 446.7836506581337 466.23997981503993 
gen 172 269689 461.3847953129525 3.4495411982712274 446.7836506581337 465.1772174108181 
gen 173 271253 460.3557349248491 3.53216830311892 446.7836506581337 464.26978983176883 
gen 174 272817 459.3483209412984 3.4454772751818394 446.7836506581337 463.35913197784794 
gen 175 274381 458.58854876860806 3.1995974546738806 446.7836506581337 462.25739704246007 
[14, 6, 7, 17, 13, 22, 4, 15, 9, 10, 3, 19, 2, 18, 0, 1, 11, 12, 5, 21, 8, 16, 20, 6, 18, 19, 14, 13, 9, 21, 5, 15, 10, 7, 11, 17, 2, 3, 8, 0, 16, 22, 20, 1, 12, 4, 3, 8, 21, 6, 10, 19, 16, 13, 15, 5, 9, 22, 17, 11, 2, 1, 20, 4, 7, 18, 12, 14, 0, 22, 12, 18, 13, 21, 16, 19, 10, 7, 4, 0, 15, 1, 8, 3, 20, 11, 2, 5, 17, 9, 14, 6, 9, 3, 21, 20, 5, 17, 4, 1, 16, 8, 11, 10, 6, 12, 18, 2, 7, 22, 19, 14, 15, 13, 0, 14, 22, 2, 17, 19, 20, 15, 11, 1, 10, 18, 9, 12, 16, 4, 0, 5, 13, 7, 6, 3, 21, 8, 11, 20, 8, 2, 22, 12, 16, 9, 0, 3, 7, 17, 14, 4, 6, 21, 19, 18, 15, 10, 1, 13, 5, 13, 20, 2, 8, 11, 17, 16, 4, 15, 21, 14, 0, 19, 18, 9, 7, 6, 1, 22, 3, 10, 5, 12, 6, 19, 4, 7, 10, 14, 0, 1, 12, 15, 22, 2, 20, 18, 13, 8, 5, 16, 21, 17, 11, 3, 9, 9, 4, 10, 17, 1, 21, 6, 14, 15, 8, 22, 16, 12, 5, 18, 0, 11, 3, 20, 19, 7, 2, 13, 11, 14, 6, 8, 17, 10, 12, 16, 18, 3, 7, 5, 21, 2, 19, 9, 0, 22, 4, 1, 13, 15, 20, 15, 0, 18, 20, 1, 14, 8, 12, 2, 10, 5, 3, 4, 19, 7, 9, 17, 16, 21, 6, 13, 11, 22, 9, 0, 18, 7, 4, 2, 8, 1, 3, 10, 17, 5, 14, 6, 22, 20, 16, 19, 11, 13, 15, 12, 21, 19, 8, 21, 12, 6, 0, 7, 15, 10, 17, 5, 1, 22, 16, 13, 11, 18, 14, 20, 9, 2, 3, 4, 13, 15, 3, 21, 5, 7, 0, 6, 22, 14, 4, 17, 1, 2, 12, 8, 9, 11, 19, 10, 20, 18, 16, 13, 2, 17, 16, 10, 3, 19, 18, 9, 21, 22, 14, 4, 15, 1, 0, 6, 7, 8, 5, 12, 11, 20, 11, 14, 13, 3, 22, 19, 17, 4, 12, 16, 18, 15, 1, 6, 20, 0, 10, 5, 7, 9, 8, 21, 2]
min  446.7836506581337
NFE 274381
LSNFE 290
VLSNFE 45
runTime 1013.9481956958771
