gen 0 391 1e+16 0.0 1e+16 1e+16 
gen 1 6145 9948849104859342.0 713367042505349.1 1198.7889078391001 1e+16 
gen 2 11449 9820971867007694.0 1325982751592234.5 1001.9136775838459 1e+16 
gen 3 16713 9616368286445060.0 1920714409771490.2 1001.9136775838459 1e+16 
gen 4 22147 9309462915601106.0 2535454471896107.0 999.6712844080663 1e+16 
gen 5 27271 9053708439897814.0 2927020308146169.5 999.6712844080663 1e+16 
gen 6 32635 8900255754475837.0 3128578758746020.0 996.1333067974003 1e+16 
gen 7 37959 8695652173913201.0 3367811605397347.5 994.1056126664018 1e+16 
gen 8 43443 8516624040920894.0 3554343167846263.5 962.5470708674483 1e+16 
gen 9 48917 8312020460358257.0 3745733635773675.5 922.9285844184822 1e+16 
gen 10 54621 8081841432225292.0 3937290106992027.5 922.9285844184822 1e+16 
gen 11 59865 7621483375959360.0 4257678347358559.5 893.6416592790114 1e+16 
gen 12 65229 7033248081841781.0 4567920997311933.0 893.6416592790114 1e+16 
gen 13 70763 6265984654731895.0 4837073790421126.0 890.5893171884275 1e+16 
gen 14 76177 5601023017903325.0 4963745695736765.0 890.5893171884275 1e+16 
gen 15 81541 4859335038363768.0 4998020945190397.0 890.5893171884275 1e+16 
gen 16 86985 3913043478261576.0 4880422678400227.0 890.5893171884275 1e+16 
gen 17 92839 2531969309463778.0 4348427820553387.0 886.9717850850624 1e+16 
gen 18 98183 690537084400041.5 2535454471896125.5 848.0680538695284 1e+16 
gen 19 103327 1105.7246597828123 101.66083683998109 848.0680538695284 1308.2159155303027 
gen 20 108731 1062.6479771423126 78.92153754852012 825.9501508466853 1183.590973978817 
gen 21 114385 1030.5848664538933 69.04479978052991 825.9501508466853 1127.60165858997 
gen 22 119909 1003.7811262671912 60.44161424999198 813.9445678379952 1086.9771662658745 
gen 23 125673 975.3424082555671 53.63867437941826 795.1715558722921 1048.7944919926315 
gen 24 131017 954.1527913436817 48.0541888517516 795.1715558722921 1021.4780541507142 
gen 25 136781 935.0186699448532 43.26686182040337 776.9201691446178 990.2840849098358 
gen 26 142255 919.3638066324646 39.8803963218425 776.9201691446178 970.1032147158191 
gen 27 147919 904.3318028375339 37.78558438904878 746.9682502338162 952.2560920639575 
gen 28 153443 887.7183705845699 35.9071162900209 746.9682502338162 933.231831873047 
gen 29 158837 873.2428456418112 35.20673702054163 746.9682502338162 916.6779961300126 
gen 30 164301 860.755649775935 32.97735738837909 746.9682502338162 901.5283734259862 
gen 31 169805 848.8177871185515 30.814338483154707 735.6860292764777 887.6719451408508 
gen 32 175369 836.9701596978668 29.0579702573091 735.6860292764777 874.1004448435908 
gen 33 180893 826.8439966474178 27.75704448653353 721.6743082490901 862.4218796185623 
gen 34 186247 816.8334840800188 25.662168388760197 721.6743082490901 849.3963752716228 
gen 35 191891 806.0774218914372 25.453034881752103 716.897113837518 837.7594258019453 
gen 36 197315 796.5401993953145 24.908471077334923 705.8352260024143 826.2011202388375 
gen 37 202919 787.4739691074336 24.16538923736418 705.5598238962115 817.0185828734222 
gen 38 208643 779.0464008446304 25.05630281759615 674.7520332629439 810.0356655973646 
gen 39 214097 771.9835939630727 24.151680673564858 674.7520332629439 801.1400536056908 
gen 40 219491 764.3918737640292 23.740665006620382 674.7520332629439 792.502880585087 
gen 41 225175 755.7977614650407 23.398811343413975 662.2694671571767 784.8641817092271 
gen 42 230669 750.0655418487516 22.512196928228047 662.2694671571767 777.8689835952231 
gen 43 236173 742.895243814539 21.170613714349223 662.2694671571767 770.3892636922135 
gen 44 241697 737.394339828205 20.85181783717816 649.3172063782473 764.3283907897969 
gen 45 247121 730.2353815953295 22.11713944398321 633.4939063400466 756.0101915984271 
gen 46 252505 725.4152651942226 21.673434601435545 633.4939063400466 749.9082286417599 
gen 47 257629 721.135108351175 21.116067313101418 633.4939063400466 745.6398288527323 
gen 48 263173 716.0433339986223 20.857321665063456 633.4939063400466 741.0533697489196 
gen 49 268667 710.5478826946293 20.363172406487003 613.6015791713866 735.8886317575367 
gen 50 273811 704.6280018407746 19.483223445539142 612.1933235699303 729.0391902622628 
[20, 14, 2, 7, 19, 21, 15, 0, 9, 6, 8, 10, 16, 4, 18, 3, 5, 13, 1, 11, 12, 17, 22, 4, 18, 13, 3, 11, 7, 15, 14, 8, 20, 5, 12, 6, 19, 0, 17, 22, 9, 10, 1, 2, 16, 21, 17, 11, 14, 7, 16, 19, 1, 2, 12, 10, 6, 20, 0, 3, 4, 15, 5, 21, 22, 9, 8, 13, 18, 17, 3, 21, 14, 1, 5, 16, 22, 15, 7, 4, 13, 6, 18, 9, 20, 0, 10, 2, 11, 19, 8, 12, 9, 1, 14, 2, 16, 17, 19, 22, 21, 15, 4, 7, 11, 12, 10, 8, 0, 6, 18, 20, 13, 3, 5, 13, 14, 20, 7, 15, 1, 9, 17, 5, 2, 21, 6, 3, 22, 16, 12, 0, 18, 11, 10, 8, 4, 19, 2, 21, 11, 9, 13, 22, 0, 3, 14, 16, 20, 8, 5, 7, 1, 10, 17, 18, 15, 4, 19, 12, 6, 9, 3, 21, 10, 5, 12, 17, 20, 22, 2, 1, 16, 14, 19, 6, 13, 8, 18, 15, 7, 11, 0, 4, 4, 7, 6, 0, 17, 12, 13, 8, 2, 11, 3, 20, 10, 21, 5, 16, 22, 19, 18, 15, 1, 14, 9, 8, 13, 10, 5, 7, 12, 21, 11, 15, 9, 0, 20, 6, 14, 2, 17, 4, 22, 19, 16, 18, 3, 1, 11, 6, 9, 0, 3, 10, 5, 7, 14, 1, 8, 4, 16, 15, 19, 18, 20, 21, 12, 17, 13, 22, 2, 0, 19, 9, 1, 10, 14, 4, 17, 5, 22, 3, 6, 15, 18, 13, 16, 12, 2, 20, 21, 11, 8, 7, 17, 16, 11, 7, 13, 19, 12, 8, 20, 6, 5, 18, 9, 22, 10, 4, 14, 21, 2, 15, 3, 1, 0, 15, 7, 21, 10, 9, 18, 14, 12, 0, 1, 20, 6, 22, 11, 8, 13, 5, 16, 2, 19, 4, 17, 3, 20, 10, 5, 7, 14, 1, 18, 8, 9, 4, 22, 21, 2, 15, 16, 0, 11, 19, 6, 3, 12, 13, 17, 13, 21, 8, 9, 0, 11, 20, 18, 7, 16, 22, 15, 5, 6, 17, 4, 10, 1, 3, 12, 19, 14, 2, 17, 3, 19, 18, 20, 9, 6, 13, 2, 22, 21, 14, 16, 0, 1, 7, 11, 5, 15, 10, 4, 12, 8]
min  612.1933235699303
NFE 273811
LSNFE 195220
VLSNFE 11609
runTime 790.8409502506256
