gen 0 64 1406250000002396.5 3476343040825122.5 1393.764897268345 1e+16 
gen 1 970 1520.1837378976174 188.36046579600423 1047.565915776553 1811.489050709135 
gen 2 1796 1336.535616117861 126.10510977442233 1031.5440280458217 1505.693776406163 
gen 3 2712 1169.295328987955 107.75815199124702 879.8468557268709 1322.709109315505 
gen 4 3668 1038.8062814294851 74.82728812736094 842.0277626809416 1147.7339250421912 
gen 5 4444 991.723832467671 53.660637333234725 842.0277626809416 1060.0382447650222 
gen 6 5320 947.8845818655636 49.54374302827478 830.2421602428515 1014.6716071292652 
gen 7 6166 917.6070653137526 35.38264994868056 830.2421602428515 968.3462981005343 
gen 8 7082 896.2546279642148 31.806631242484112 829.5637859954446 940.7847809679524 
gen 9 8078 878.6166529757875 24.920200099866307 791.1667303323746 908.7738177468584 
gen 10 8894 868.2743154271477 21.032453681386734 791.1667303323746 896.522711792838 
gen 11 9820 855.9234851454055 19.987762546908783 791.1667303323746 881.7265701976277 
gen 12 10606 845.3327495374106 18.9322949804023 791.1667303323746 870.0489393661428 
gen 13 11482 827.9551328480584 18.817036399032467 779.6220107701978 850.4919249840724 
gen 14 12328 812.5296544214425 18.492504790658543 765.400937017194 838.4987230679669 
gen 15 13194 798.7227911955096 15.594589858711911 752.7958375409252 819.0312192311203 
gen 16 14010 783.6634658702154 9.154025375341035 752.7958375409252 795.3405157100611 
gen 17 14976 773.8666217057621 7.558544982972593 752.7958375409252 784.4482693264449 
gen 18 15912 764.3807209503308 11.016159683689171 723.0097099062662 776.2158147014533 
gen 19 16808 756.4069406360103 11.540725214073897 714.8380191182598 770.0196379393682 
gen 20 17754 748.5768518973284 10.368148539687478 714.8380191182598 759.7389592380318 
gen 21 18810 739.8318978190543 8.602566744886934 714.8380191182598 750.7579542160054 
gen 22 19616 731.9775598998924 5.844932103527123 714.8380191182598 738.9720842670528 
gen 23 20572 726.7252590962698 4.711563167919834 714.8380191182598 732.9265277153822 
gen 24 21398 721.8875946962308 3.3475340785264542 714.4339650241913 726.4562043636467 
gen 25 22434 717.4831854462669 2.50435421881694 709.4574902999561 721.384645698306 
gen 26 23280 714.3170570894949 2.417991197875343 707.0180428683581 716.6069621979916 
gen 27 24166 711.261392585327 1.9263471584493161 707.0180428683581 714.3621929080697 
gen 28 24952 708.7447264569213 0.7737692462817528 707.0180428683581 709.4574902999561 
gen 29 25858 707.8499560553124 0.10689245235144182 707.0180428683581 707.8755050378682 
gen 30 26774 707.7374659700902 0.3642185151627002 705.1672954343251 707.8269004932397 
gen 31 27670 707.5216238966768 0.6599130509754816 705.1186908896964 707.8269004932397 
gen 32 28626 707.1213674476286 0.9387010614897929 702.2411953865766 707.8269004932397 
gen 33 29562 706.7917841080321 0.9697781701024422 702.2411953865766 707.2383794633561 
gen 34 30298 706.3925071315806 1.1091994244059349 702.2411953865766 707.2383794633561 
gen 35 31244 705.2538242769416 0.829230363340456 702.2411953865766 706.7325452430789 
gen 36 32170 704.5847714967373 0.35358644277922685 702.2411953865766 705.1186908896964 
gen 37 33096 704.5059973265661 0.2889394341727848 702.2411953865766 704.5502083544244 
gen 38 33952 704.5015479453064 0.29041312604428526 702.2411953865766 704.5502083544244 
gen 39 34898 704.5015479453064 0.29041312604428526 702.2411953865766 704.5502083544244 
gen 40 35874 704.5015479453064 0.29041312604428526 702.2411953865766 704.5502083544244 
gen 41 36940 704.4321678444267 0.5863999993251676 700.3946422987366 704.5502083544244 
gen 42 37896 704.3801284183558 0.6923811466289062 700.3946422987366 704.5502083544244 
gen 43 38732 704.3623308933173 0.6914397492393 700.3946422987366 704.5502083544244 
gen 44 39538 704.266563716934 0.7718317488153992 700.3946422987366 704.5502083544244 
gen 45 40474 703.8273279052326 1.1509125429512337 700.3946422987366 704.5502083544244 
gen 46 41370 702.2694520604102 1.3503502442242465 699.8759622057572 704.2654479538114 
gen 47 42296 700.941862337538 0.6645533059507961 699.429062044212 701.4073738702348 
gen 48 43122 699.8601587801506 0.6699654827205251 697.1366223376685 700.7810597285164 
gen 49 43978 698.6481095264107 0.9682958192986763 697.0846069346214 699.429062044212 
gen 50 44804 697.087857897312 0.012590924359232144 697.0846069346214 697.1366223376685 
[1, 7, 3, 4, 0, 5, 6, 2, 6, 7, 3, 1, 4, 5, 2, 0, 1, 0, 4, 5, 7, 2, 3, 6, 6, 0, 1, 4, 3, 7, 5, 2, 1, 0, 4, 6, 5, 2, 7, 3, 6, 7, 3, 0, 4, 5, 2, 1, 6, 0, 4, 5, 3, 2, 1, 7, 1, 7, 3, 4, 5, 0, 6, 2]
min  697.0846069346214
NFE 44804
LSNFE 31940
VLSNFE 4364
runTime 67.28502798080444
