gen 0 121 743.3013569121584 117.71090429195858 483.69169902378667 1164.9473557309636 
gen 1 363 622.2010953113304 44.32038784248657 483.69169902378667 679.8076960673687 
gen 2 605 578.2555887683852 36.84325568601115 483.243767449869 625.4706387845658 
gen 3 847 550.1145407415016 29.35155996342866 451.8269192789712 587.8915757469673 
gen 4 1089 532.0853867078429 26.75638186065644 449.3364045500389 567.1884552288848 
gen 5 1331 515.8601125877433 25.170587149317225 419.2932000994329 544.0272065884786 
gen 6 1573 504.34530787594787 24.17857908023622 419.2932000994329 532.4681855213598 
gen 7 1815 491.83314632803575 22.051679188252372 419.2932000994329 518.5419377278796 
gen 8 2057 483.24603633649116 20.50106462759679 419.2932000994329 506.5447127693009 
gen 9 2299 472.8896006023766 20.494524683434022 414.7679903291048 496.79341816937875 
gen 10 2541 464.8859093161911 19.521478840297583 402.37582676977064 488.61332746785195 
gen 11 2783 459.1108139618986 19.43627544822648 389.0938283252689 482.7283340655007 
gen 12 3025 451.5088146063107 19.154089178485492 381.6685542551039 476.62774633609325 
gen 13 3267 443.5727561761916 19.082089741784518 381.6685542551039 465.6772258218566 
gen 14 3509 437.2745377118727 17.16551698254196 381.6685542551039 458.66509862734415 
gen 15 3751 431.6308358806835 17.819412494994456 376.3796136005177 454.2916887525566 
gen 16 3993 425.83692948839877 16.513791665136036 376.3796136005177 449.3364045500389 
gen 17 4235 420.60703252619555 14.494180719790142 376.3796136005177 438.313813472577 
gen 18 4477 416.3415445406963 13.651049205684528 376.3796136005177 434.1112219465324 
gen 19 4719 413.374459017644 13.439582875682829 376.2307215708923 429.5749117056032 
gen 20 4961 409.8639664577301 13.278616273804433 375.991933832123 425.2968397472981 
gen 21 5203 407.29668169983404 12.62358673306926 369.68662222514496 422.44424822032744 
gen 22 5445 402.9976484483419 12.717493148103605 362.9439760110465 418.5045992548686 
gen 23 5737 400.71575662846993 12.212266907653405 354.2188460215526 414.7679903291048 
gen 24 5979 397.34848096903147 11.095319836156476 354.2188460215526 410.1170941452598 
gen 25 6221 393.53056239779596 10.489162770323938 354.2188460215526 405.92309284092204 
gen 26 6463 390.00736555005597 9.454739623999142 354.2188460215526 401.8465207924713 
gen 27 6715 386.10621763946426 8.718044432141394 351.26165931953216 398.2786774212762 
gen 28 6957 383.61440984686817 7.68018195891841 351.26165931953216 394.0517586519218 
gen 29 7199 380.17827791762903 7.653039172034699 351.26165931953216 389.68794279510524 
gen 30 7441 377.3714134331573 7.11066471033312 351.26165931953216 386.1506908765996 
gen 31 7683 374.5676106814962 7.235788234631269 351.26165931953216 383.10829185984284 
gen 32 7925 372.47682568742925 6.936610655618683 351.26165931953216 380.45728678377066 
gen 33 8167 370.6034884379391 6.556461713313722 351.26165931953216 378.20157537611846 
gen 34 8429 367.7776409761386 7.973430710519336 321.438693004758 376.1003449071444 
gen 35 8671 364.4992794090937 7.632736104887057 321.438693004758 372.81404327114967 
gen 36 8913 362.2474839293382 7.215591173547234 321.438693004758 370.4108163433635 
gen 37 9175 359.91803764118873 6.804384582915333 315.7325269700747 367.5046915430246 
gen 38 9417 356.73352203968176 6.879142283442665 315.7325269700747 364.2228544037711 
gen 39 9659 355.2543300608374 6.353455158737333 315.7325269700747 362.041165967827 
gen 40 9901 353.80967270199767 6.101765735991112 315.7325269700747 360.2203766706966 
gen 41 10143 351.9708166181738 5.70353332111341 315.7325269700747 357.65780815730955 
gen 42 10385 350.3743336794692 5.452815078023452 315.7325269700747 355.9188668204984 
gen 43 10627 348.935996198093 6.082250892218329 315.7325269700747 354.61227933160194 
gen 44 10869 347.1991462845047 5.985279961806382 315.7325269700747 352.905127541599 
gen 45 11111 346.028272712287 5.704158620826202 315.7325269700747 351.55012993366915 
gen 46 11353 345.346062449076 5.453645520319767 315.7325269700747 350.69199735935024 
gen 47 11595 343.946448820792 5.498098307751389 315.7325269700747 348.99166249334235 
gen 48 11837 343.4039133867354 5.374881021599011 315.7325269700747 348.4099346367419 
gen 49 12079 342.8333892027436 5.159554262720155 315.7325269700747 347.61828419488285 
gen 50 12321 342.0288477317591 5.293074975205153 315.7325269700747 346.8547751169696 
gen 51 12563 341.06138675568843 5.571988073060149 314.1508346873279 346.18403373158185 
gen 52 12805 340.3766642221131 5.781726964939239 314.1508346873279 345.6449456021815 
gen 53 13047 340.17866986545124 5.671127089541693 314.1508346873279 345.40283475754467 
gen 54 13289 339.90203757755955 5.504339445978316 314.1508346873279 344.6225349381782 
gen 55 13531 339.1604543747837 5.535420911478892 314.1508346873279 343.7897724791464 
gen 56 13773 338.32742728767494 5.894534186489286 314.1508346873279 343.23963117548396 
gen 57 14015 337.7367471548018 5.741025143939681 314.1508346873279 342.80512353374206 
gen 58 14257 336.9801042338224 5.771579481172102 314.1508346873279 342.07005827499495 
gen 59 14499 336.5160339568992 5.8279328487196675 314.1508346873279 341.5670721622728 
gen 60 14741 336.1087193603612 5.791485546428033 314.1508346873279 341.3527880721435 
gen 61 14983 335.51879099717536 5.601526440314543 314.1508346873279 340.7139196850924 
gen 62 15225 334.94897379351255 5.526520993022362 314.1508346873279 340.3199528549812 
gen 63 15467 333.65625985854615 5.4296320626483086 314.1508346873279 339.17292643797816 
gen 64 15709 333.01498166130773 5.216022614128835 314.1508346873279 338.49219094229596 
gen 65 15951 332.1023523593673 5.244570964081404 314.1508346873279 337.81311509804686 
gen 66 16193 331.6146660766764 5.098215090213241 314.1508346873279 337.41282224862056 
gen 67 16435 330.1123004855068 5.224083462847571 314.1508346873279 336.0741070649381 
gen 68 16677 328.40043068859507 4.716528111976523 314.1508346873279 334.1953285715935 
gen 69 16919 326.2888465712356 5.2431423215008985 307.844517562835 332.56614926289075 
gen 70 17161 324.6918742738761 4.894112910362058 307.844517562835 330.66567943667087 
gen 71 17403 322.3738986868545 4.8762004320545556 307.52605037079206 328.0794351254004 
gen 72 17645 319.653045158705 4.957329021850523 301.62740892586123 324.6477941269029 
gen 73 17887 316.98822771867844 5.148671138550281 301.62740892586123 322.9432380487283 
gen 74 18129 312.93294742246644 4.955544368877458 296.4756669803154 319.7609765511975 
gen 75 18371 309.3592358986364 4.684825317233707 295.4949776167317 314.5276419941768 
gen 76 18613 307.0488531089575 4.58445065603765 290.59128048284805 312.9097103977062 
gen 77 18855 304.56258403538635 4.505970779503473 288.3027034870162 309.8048401018399 
gen 78 19097 302.3479402952942 4.327593305534757 288.3027034870162 307.28423151489324 
gen 79 19339 299.9542925805705 4.307384576322247 285.44458864319165 305.1498220122805 
gen 80 19581 297.9721622565371 3.858202885610526 285.44458864319165 302.5587911603965 
gen 81 19823 296.1872094626046 3.4575011813128156 285.44458864319165 300.0285475840791 
gen 82 20065 294.291723904929 3.2103532003614657 284.4791530584764 297.88815026498264 
gen 83 20307 292.51514776995174 3.4220398344210805 282.6845957219038 296.54323737811865 
gen 84 20549 290.81435378036736 2.786590688799656 282.6845957219038 294.73895318059317 
gen 85 20791 288.84167889977897 2.3094679372300275 280.92399064523215 291.43283861216395 
gen 86 21033 287.4170798306619 2.118891499069143 280.92399064523215 290.59128048284805 
gen 87 21275 286.27626400555795 1.7032033787281975 280.92399064523215 288.3027034870162 
gen 88 21517 285.4393308736184 1.4120982941458793 280.92399064523215 286.8893520502958 
gen 89 21759 284.8115151536822 1.453716213772492 280.92399064523215 285.89357499344806 
gen 90 22001 284.19916380206297 1.5815030808154718 280.92399064523215 285.89357499344806 
gen 91 22243 283.2005920820427 1.1244783293722163 280.92399064523215 284.6653412197857 
gen 92 22485 282.520719970621 0.9504327289634106 279.90483650210956 284.0880612403729 
gen 93 22727 282.04206677838755 0.8099920392381845 279.90483650210956 283.43290909530646 
gen 94 22969 281.5839931033539 0.5723429629978458 279.90483650210956 282.6184415899834 
gen 95 23211 281.22420663293076 0.5115710906996024 279.90483650210956 281.9059365824511 
gen 96 23453 280.8403203658216 0.44698894802153777 279.90483650210956 281.4590428982388 
gen 97 23695 280.6183178421098 0.44565447092626764 279.90483650210956 280.92399064523215 
gen 98 23937 280.4074995801069 0.48554629600548416 279.6892030578407 280.92399064523215 
gen 99 24179 279.92135515414816 0.05682183342620168 279.6892030578407 280.0751742206442 
gen 100 24421 279.90127231294804 0.027492816162309027 279.6892030578407 279.90483650210956 
gen 101 24663 279.8977081237866 0.03855260033138589 279.6892030578407 279.90483650210956 
gen 102 24905 279.8905797454636 0.05358151201294439 279.6892030578407 279.90483650210956 
gen 103 25147 279.88166927255986 0.06677506253785713 279.6892030578407 279.90483650210956 
gen 104 25389 279.86741251591405 0.08166583311785902 279.6892030578407 279.90483650210956 
gen 105 25631 279.8371169080416 0.10008329477305253 279.6892030578407 279.90483650210956 
gen 106 25873 279.8014750164269 0.10772463246616884 279.6892030578407 279.90483650210956 
gen 107 26115 279.72306285487457 0.07845265324700863 279.6892030578407 279.90483650210956 
gen 108 26357 279.6892030578406 1.1368683772161603e-13 279.6892030578407 279.6892030578407 
gen 109 26599 279.6892030578406 1.1368683772161603e-13 279.6892030578407 279.6892030578407 
gen 110 26841 279.6892030578406 1.1368683772161603e-13 279.6892030578407 279.6892030578407 
gen 111 27083 279.6892030578406 1.1368683772161603e-13 279.6892030578407 279.6892030578407 
gen 112 27325 279.6892030578406 1.1368683772161603e-13 279.6892030578407 279.6892030578407 
gen 113 27567 279.6892030578406 1.1368683772161603e-13 279.6892030578407 279.6892030578407 
gen 114 27809 279.6892030578406 1.1368683772161603e-13 279.6892030578407 279.6892030578407 
gen 115 28051 279.6892030578406 1.1368683772161603e-13 279.6892030578407 279.6892030578407 
gen 116 28293 279.6892030578406 1.1368683772161603e-13 279.6892030578407 279.6892030578407 
gen 117 28535 279.6892030578406 1.1368683772161603e-13 279.6892030578407 279.6892030578407 
gen 118 28777 279.6892030578406 1.1368683772161603e-13 279.6892030578407 279.6892030578407 
gen 119 29019 279.6892030578406 1.1368683772161603e-13 279.6892030578407 279.6892030578407 
gen 120 29261 279.6892030578406 1.1368683772161603e-13 279.6892030578407 279.6892030578407 
gen 121 29503 279.6892030578406 1.1368683772161603e-13 279.6892030578407 279.6892030578407 
gen 122 29745 279.6892030578406 1.1368683772161603e-13 279.6892030578407 279.6892030578407 
gen 123 29987 279.6892030578406 1.1368683772161603e-13 279.6892030578407 279.6892030578407 
gen 124 30229 279.6892030578406 1.1368683772161603e-13 279.6892030578407 279.6892030578407 
gen 125 30471 279.6892030578406 1.1368683772161603e-13 279.6892030578407 279.6892030578407 
gen 126 30713 279.6892030578406 1.1368683772161603e-13 279.6892030578407 279.6892030578407 
gen 127 30955 279.6892030578406 1.1368683772161603e-13 279.6892030578407 279.6892030578407 
gen 128 31197 279.6892030578406 1.1368683772161603e-13 279.6892030578407 279.6892030578407 
gen 129 31439 279.6892030578406 1.1368683772161603e-13 279.6892030578407 279.6892030578407 
gen 130 31681 279.6892030578406 1.1368683772161603e-13 279.6892030578407 279.6892030578407 
gen 131 31923 279.6892030578406 1.1368683772161603e-13 279.6892030578407 279.6892030578407 
gen 132 32165 279.6892030578406 1.1368683772161603e-13 279.6892030578407 279.6892030578407 
gen 133 32407 279.6892030578406 1.1368683772161603e-13 279.6892030578407 279.6892030578407 
gen 134 32649 279.6892030578406 1.1368683772161603e-13 279.6892030578407 279.6892030578407 
gen 135 32891 279.6892030578406 1.1368683772161603e-13 279.6892030578407 279.6892030578407 
gen 136 33133 279.6892030578406 1.1368683772161603e-13 279.6892030578407 279.6892030578407 
gen 137 33375 279.6892030578406 1.1368683772161603e-13 279.6892030578407 279.6892030578407 
gen 138 33617 279.6892030578406 1.1368683772161603e-13 279.6892030578407 279.6892030578407 
gen 139 33859 279.6892030578406 1.1368683772161603e-13 279.6892030578407 279.6892030578407 
gen 140 34101 279.6892030578406 1.1368683772161603e-13 279.6892030578407 279.6892030578407 
gen 141 34343 279.6892030578406 1.1368683772161603e-13 279.6892030578407 279.6892030578407 
gen 142 34585 279.6892030578406 1.1368683772161603e-13 279.6892030578407 279.6892030578407 
gen 143 34827 279.6892030578406 1.1368683772161603e-13 279.6892030578407 279.6892030578407 
gen 144 35069 279.6892030578406 1.1368683772161603e-13 279.6892030578407 279.6892030578407 
gen 145 35311 279.6892030578406 1.1368683772161603e-13 279.6892030578407 279.6892030578407 
gen 146 35553 279.6892030578406 1.1368683772161603e-13 279.6892030578407 279.6892030578407 
gen 147 35795 279.6892030578406 1.1368683772161603e-13 279.6892030578407 279.6892030578407 
gen 148 36037 279.6892030578406 1.1368683772161603e-13 279.6892030578407 279.6892030578407 
gen 149 36279 279.6892030578406 1.1368683772161603e-13 279.6892030578407 279.6892030578407 
gen 150 36521 279.6892030578406 1.1368683772161603e-13 279.6892030578407 279.6892030578407 
gen 151 36763 279.6892030578406 1.1368683772161603e-13 279.6892030578407 279.6892030578407 
gen 152 37005 279.6892030578406 1.1368683772161603e-13 279.6892030578407 279.6892030578407 
gen 153 37247 279.6892030578406 1.1368683772161603e-13 279.6892030578407 279.6892030578407 
gen 154 37489 279.6892030578406 1.1368683772161603e-13 279.6892030578407 279.6892030578407 
gen 155 37731 279.6892030578406 1.1368683772161603e-13 279.6892030578407 279.6892030578407 
gen 156 37973 279.6892030578406 1.1368683772161603e-13 279.6892030578407 279.6892030578407 
gen 157 38215 279.6892030578406 1.1368683772161603e-13 279.6892030578407 279.6892030578407 
gen 158 38457 279.6892030578406 1.1368683772161603e-13 279.6892030578407 279.6892030578407 
gen 159 38699 279.6892030578406 1.1368683772161603e-13 279.6892030578407 279.6892030578407 
gen 160 38941 279.6892030578406 1.1368683772161603e-13 279.6892030578407 279.6892030578407 
gen 161 39183 279.6892030578406 1.1368683772161603e-13 279.6892030578407 279.6892030578407 
gen 162 39425 279.6892030578406 1.1368683772161603e-13 279.6892030578407 279.6892030578407 
gen 163 39667 279.6892030578406 1.1368683772161603e-13 279.6892030578407 279.6892030578407 
gen 164 39909 279.6892030578406 1.1368683772161603e-13 279.6892030578407 279.6892030578407 
gen 165 40151 279.6892030578406 1.1368683772161603e-13 279.6892030578407 279.6892030578407 
gen 166 40393 279.6892030578406 1.1368683772161603e-13 279.6892030578407 279.6892030578407 
gen 167 40635 279.6892030578406 1.1368683772161603e-13 279.6892030578407 279.6892030578407 
gen 168 40877 279.6892030578406 1.1368683772161603e-13 279.6892030578407 279.6892030578407 
gen 169 41119 279.6892030578406 1.1368683772161603e-13 279.6892030578407 279.6892030578407 
gen 170 41361 279.6892030578406 1.1368683772161603e-13 279.6892030578407 279.6892030578407 
gen 171 41603 279.6892030578406 1.1368683772161603e-13 279.6892030578407 279.6892030578407 
gen 172 41845 279.6892030578406 1.1368683772161603e-13 279.6892030578407 279.6892030578407 
gen 173 42087 279.6892030578406 1.1368683772161603e-13 279.6892030578407 279.6892030578407 
gen 174 42329 279.6892030578406 1.1368683772161603e-13 279.6892030578407 279.6892030578407 
gen 175 42571 279.6892030578406 1.1368683772161603e-13 279.6892030578407 279.6892030578407 
gen 176 42813 279.6892030578406 1.1368683772161603e-13 279.6892030578407 279.6892030578407 
gen 177 43055 279.6892030578406 1.1368683772161603e-13 279.6892030578407 279.6892030578407 
gen 178 43297 279.6892030578406 1.1368683772161603e-13 279.6892030578407 279.6892030578407 
gen 179 43539 279.6892030578406 1.1368683772161603e-13 279.6892030578407 279.6892030578407 
gen 180 43781 279.6892030578406 1.1368683772161603e-13 279.6892030578407 279.6892030578407 
gen 181 44023 279.6892030578406 1.1368683772161603e-13 279.6892030578407 279.6892030578407 
gen 182 44265 279.6892030578406 1.1368683772161603e-13 279.6892030578407 279.6892030578407 
gen 183 44507 279.6892030578406 1.1368683772161603e-13 279.6892030578407 279.6892030578407 
gen 184 44749 279.6892030578406 1.1368683772161603e-13 279.6892030578407 279.6892030578407 
gen 185 44991 279.6892030578406 1.1368683772161603e-13 279.6892030578407 279.6892030578407 
gen 186 45233 279.6892030578406 1.1368683772161603e-13 279.6892030578407 279.6892030578407 
gen 187 45475 279.6892030578406 1.1368683772161603e-13 279.6892030578407 279.6892030578407 
gen 188 45717 279.6892030578406 1.1368683772161603e-13 279.6892030578407 279.6892030578407 
gen 189 45959 279.6892030578406 1.1368683772161603e-13 279.6892030578407 279.6892030578407 
gen 190 46201 279.6892030578406 1.1368683772161603e-13 279.6892030578407 279.6892030578407 
gen 191 46443 279.6892030578406 1.1368683772161603e-13 279.6892030578407 279.6892030578407 
gen 192 46685 279.6892030578406 1.1368683772161603e-13 279.6892030578407 279.6892030578407 
gen 193 46927 279.6892030578406 1.1368683772161603e-13 279.6892030578407 279.6892030578407 
gen 194 47169 279.6892030578406 1.1368683772161603e-13 279.6892030578407 279.6892030578407 
gen 195 47411 279.6892030578406 1.1368683772161603e-13 279.6892030578407 279.6892030578407 
gen 196 47653 279.6892030578406 1.1368683772161603e-13 279.6892030578407 279.6892030578407 
gen 197 47895 279.6892030578406 1.1368683772161603e-13 279.6892030578407 279.6892030578407 
gen 198 48137 279.6892030578406 1.1368683772161603e-13 279.6892030578407 279.6892030578407 
gen 199 48379 279.6892030578406 1.1368683772161603e-13 279.6892030578407 279.6892030578407 
gen 200 48621 279.6892030578406 1.1368683772161603e-13 279.6892030578407 279.6892030578407 
gen 201 48863 279.6892030578406 1.1368683772161603e-13 279.6892030578407 279.6892030578407 
gen 202 49105 279.6892030578406 1.1368683772161603e-13 279.6892030578407 279.6892030578407 
gen 203 49347 279.6892030578406 1.1368683772161603e-13 279.6892030578407 279.6892030578407 
gen 204 49589 279.6892030578406 1.1368683772161603e-13 279.6892030578407 279.6892030578407 
gen 205 49831 279.6892030578406 1.1368683772161603e-13 279.6892030578407 279.6892030578407 
gen 206 50073 279.6892030578406 1.1368683772161603e-13 279.6892030578407 279.6892030578407 
gen 207 50315 279.6892030578406 1.1368683772161603e-13 279.6892030578407 279.6892030578407 
gen 208 50557 279.6892030578406 1.1368683772161603e-13 279.6892030578407 279.6892030578407 
gen 209 50799 279.6892030578406 1.1368683772161603e-13 279.6892030578407 279.6892030578407 
gen 210 51041 279.6892030578406 1.1368683772161603e-13 279.6892030578407 279.6892030578407 
gen 211 51283 279.6892030578406 1.1368683772161603e-13 279.6892030578407 279.6892030578407 
gen 212 51525 279.6892030578406 1.1368683772161603e-13 279.6892030578407 279.6892030578407 
gen 213 51767 279.6892030578406 1.1368683772161603e-13 279.6892030578407 279.6892030578407 
gen 214 52009 279.6892030578406 1.1368683772161603e-13 279.6892030578407 279.6892030578407 
gen 215 52251 279.6892030578406 1.1368683772161603e-13 279.6892030578407 279.6892030578407 
gen 216 52493 279.6892030578406 1.1368683772161603e-13 279.6892030578407 279.6892030578407 
gen 217 52735 279.6892030578406 1.1368683772161603e-13 279.6892030578407 279.6892030578407 
gen 218 52977 279.6892030578406 1.1368683772161603e-13 279.6892030578407 279.6892030578407 
gen 219 53219 279.6892030578406 1.1368683772161603e-13 279.6892030578407 279.6892030578407 
gen 220 53461 279.6892030578406 1.1368683772161603e-13 279.6892030578407 279.6892030578407 
gen 221 53703 279.6892030578406 1.1368683772161603e-13 279.6892030578407 279.6892030578407 
gen 222 53945 279.6892030578406 1.1368683772161603e-13 279.6892030578407 279.6892030578407 
gen 223 54187 279.6892030578406 1.1368683772161603e-13 279.6892030578407 279.6892030578407 
gen 224 54429 279.6892030578406 1.1368683772161603e-13 279.6892030578407 279.6892030578407 
gen 225 54671 279.6892030578406 1.1368683772161603e-13 279.6892030578407 279.6892030578407 
gen 226 54913 279.6892030578406 1.1368683772161603e-13 279.6892030578407 279.6892030578407 
gen 227 55155 279.6892030578406 1.1368683772161603e-13 279.6892030578407 279.6892030578407 
gen 228 55397 279.6892030578406 1.1368683772161603e-13 279.6892030578407 279.6892030578407 
gen 229 55639 279.6892030578406 1.1368683772161603e-13 279.6892030578407 279.6892030578407 
gen 230 55881 279.6892030578406 1.1368683772161603e-13 279.6892030578407 279.6892030578407 
gen 231 56123 279.6892030578406 1.1368683772161603e-13 279.6892030578407 279.6892030578407 
gen 232 56365 279.6892030578406 1.1368683772161603e-13 279.6892030578407 279.6892030578407 
gen 233 56607 279.6892030578406 1.1368683772161603e-13 279.6892030578407 279.6892030578407 
gen 234 56849 279.6892030578406 1.1368683772161603e-13 279.6892030578407 279.6892030578407 
gen 235 57091 279.6892030578406 1.1368683772161603e-13 279.6892030578407 279.6892030578407 
gen 236 57333 279.6892030578406 1.1368683772161603e-13 279.6892030578407 279.6892030578407 
gen 237 57575 279.6892030578406 1.1368683772161603e-13 279.6892030578407 279.6892030578407 
gen 238 57817 279.6892030578406 1.1368683772161603e-13 279.6892030578407 279.6892030578407 
gen 239 58059 279.6892030578406 1.1368683772161603e-13 279.6892030578407 279.6892030578407 
gen 240 58301 279.6892030578406 1.1368683772161603e-13 279.6892030578407 279.6892030578407 
gen 241 58543 279.6892030578406 1.1368683772161603e-13 279.6892030578407 279.6892030578407 
gen 242 58785 279.6892030578406 1.1368683772161603e-13 279.6892030578407 279.6892030578407 
gen 243 59027 279.6892030578406 1.1368683772161603e-13 279.6892030578407 279.6892030578407 
gen 244 59269 279.6892030578406 1.1368683772161603e-13 279.6892030578407 279.6892030578407 
gen 245 59511 279.6892030578406 1.1368683772161603e-13 279.6892030578407 279.6892030578407 
gen 246 59753 279.6892030578406 1.1368683772161603e-13 279.6892030578407 279.6892030578407 
gen 247 59995 279.6892030578406 1.1368683772161603e-13 279.6892030578407 279.6892030578407 
gen 248 60237 279.6892030578406 1.1368683772161603e-13 279.6892030578407 279.6892030578407 
gen 249 60479 279.6892030578406 1.1368683772161603e-13 279.6892030578407 279.6892030578407 
gen 250 60721 279.6892030578406 1.1368683772161603e-13 279.6892030578407 279.6892030578407 
gen 251 60963 279.6892030578406 1.1368683772161603e-13 279.6892030578407 279.6892030578407 
gen 252 61205 279.6892030578406 1.1368683772161603e-13 279.6892030578407 279.6892030578407 
gen 253 61447 279.6892030578406 1.1368683772161603e-13 279.6892030578407 279.6892030578407 
gen 254 61689 279.6892030578406 1.1368683772161603e-13 279.6892030578407 279.6892030578407 
gen 255 61931 279.6892030578406 1.1368683772161603e-13 279.6892030578407 279.6892030578407 
gen 256 62173 279.6892030578406 1.1368683772161603e-13 279.6892030578407 279.6892030578407 
gen 257 62415 279.6892030578406 1.1368683772161603e-13 279.6892030578407 279.6892030578407 
gen 258 62657 279.6892030578406 1.1368683772161603e-13 279.6892030578407 279.6892030578407 
gen 259 62899 279.6892030578406 1.1368683772161603e-13 279.6892030578407 279.6892030578407 
gen 260 63141 279.6892030578406 1.1368683772161603e-13 279.6892030578407 279.6892030578407 
gen 261 63383 279.6892030578406 1.1368683772161603e-13 279.6892030578407 279.6892030578407 
gen 262 63625 279.6892030578406 1.1368683772161603e-13 279.6892030578407 279.6892030578407 
gen 263 63867 279.6892030578406 1.1368683772161603e-13 279.6892030578407 279.6892030578407 
gen 264 64109 279.6892030578406 1.1368683772161603e-13 279.6892030578407 279.6892030578407 
gen 265 64351 279.6892030578406 1.1368683772161603e-13 279.6892030578407 279.6892030578407 
gen 266 64593 279.6892030578406 1.1368683772161603e-13 279.6892030578407 279.6892030578407 
gen 267 64835 279.6892030578406 1.1368683772161603e-13 279.6892030578407 279.6892030578407 
gen 268 65077 279.6892030578406 1.1368683772161603e-13 279.6892030578407 279.6892030578407 
gen 269 65319 279.6892030578406 1.1368683772161603e-13 279.6892030578407 279.6892030578407 
gen 270 65561 279.6892030578406 1.1368683772161603e-13 279.6892030578407 279.6892030578407 
gen 271 65803 279.6892030578406 1.1368683772161603e-13 279.6892030578407 279.6892030578407 
gen 272 66045 279.6892030578406 1.1368683772161603e-13 279.6892030578407 279.6892030578407 
gen 273 66287 279.6892030578406 1.1368683772161603e-13 279.6892030578407 279.6892030578407 
gen 274 66529 279.6892030578406 1.1368683772161603e-13 279.6892030578407 279.6892030578407 
gen 275 66771 279.6892030578406 1.1368683772161603e-13 279.6892030578407 279.6892030578407 
gen 276 67013 279.6892030578406 1.1368683772161603e-13 279.6892030578407 279.6892030578407 
gen 277 67255 279.6892030578406 1.1368683772161603e-13 279.6892030578407 279.6892030578407 
gen 278 67497 279.6892030578406 1.1368683772161603e-13 279.6892030578407 279.6892030578407 
gen 279 67739 279.6892030578406 1.1368683772161603e-13 279.6892030578407 279.6892030578407 
gen 280 67981 279.6892030578406 1.1368683772161603e-13 279.6892030578407 279.6892030578407 
gen 281 68223 279.6892030578406 1.1368683772161603e-13 279.6892030578407 279.6892030578407 
gen 282 68465 279.6892030578406 1.1368683772161603e-13 279.6892030578407 279.6892030578407 
gen 283 68707 279.6892030578406 1.1368683772161603e-13 279.6892030578407 279.6892030578407 
gen 284 68949 279.6892030578406 1.1368683772161603e-13 279.6892030578407 279.6892030578407 
gen 285 69191 279.6892030578406 1.1368683772161603e-13 279.6892030578407 279.6892030578407 
gen 286 69433 279.6892030578406 1.1368683772161603e-13 279.6892030578407 279.6892030578407 
gen 287 69675 279.6892030578406 1.1368683772161603e-13 279.6892030578407 279.6892030578407 
gen 288 69917 279.6892030578406 1.1368683772161603e-13 279.6892030578407 279.6892030578407 
gen 289 70159 279.6892030578406 1.1368683772161603e-13 279.6892030578407 279.6892030578407 
gen 290 70401 279.6892030578406 1.1368683772161603e-13 279.6892030578407 279.6892030578407 
gen 291 70643 279.6892030578406 1.1368683772161603e-13 279.6892030578407 279.6892030578407 
gen 292 70885 279.6892030578406 1.1368683772161603e-13 279.6892030578407 279.6892030578407 
gen 293 71127 279.6892030578406 1.1368683772161603e-13 279.6892030578407 279.6892030578407 
gen 294 71369 279.6892030578406 1.1368683772161603e-13 279.6892030578407 279.6892030578407 
gen 295 71611 279.6892030578406 1.1368683772161603e-13 279.6892030578407 279.6892030578407 
gen 296 71853 279.6892030578406 1.1368683772161603e-13 279.6892030578407 279.6892030578407 
gen 297 72095 279.6892030578406 1.1368683772161603e-13 279.6892030578407 279.6892030578407 
gen 298 72337 279.6892030578406 1.1368683772161603e-13 279.6892030578407 279.6892030578407 
gen 299 72579 279.6892030578406 1.1368683772161603e-13 279.6892030578407 279.6892030578407 
gen 300 72821 279.6892030578406 1.1368683772161603e-13 279.6892030578407 279.6892030578407 
gen 301 73063 279.6892030578406 1.1368683772161603e-13 279.6892030578407 279.6892030578407 
gen 302 73305 279.6892030578406 1.1368683772161603e-13 279.6892030578407 279.6892030578407 
gen 303 73547 279.6892030578406 1.1368683772161603e-13 279.6892030578407 279.6892030578407 
gen 304 73789 279.6892030578406 1.1368683772161603e-13 279.6892030578407 279.6892030578407 
gen 305 74031 279.6892030578406 1.1368683772161603e-13 279.6892030578407 279.6892030578407 
gen 306 74273 279.6892030578406 1.1368683772161603e-13 279.6892030578407 279.6892030578407 
gen 307 74515 279.6892030578406 1.1368683772161603e-13 279.6892030578407 279.6892030578407 
gen 308 74757 279.6892030578406 1.1368683772161603e-13 279.6892030578407 279.6892030578407 
gen 309 74999 279.6892030578406 1.1368683772161603e-13 279.6892030578407 279.6892030578407 
gen 310 75241 279.6892030578406 1.1368683772161603e-13 279.6892030578407 279.6892030578407 
gen 311 75483 279.6892030578406 1.1368683772161603e-13 279.6892030578407 279.6892030578407 
gen 312 75725 279.6892030578406 1.1368683772161603e-13 279.6892030578407 279.6892030578407 
gen 313 75967 279.6892030578406 1.1368683772161603e-13 279.6892030578407 279.6892030578407 
gen 314 76209 279.6892030578406 1.1368683772161603e-13 279.6892030578407 279.6892030578407 
gen 315 76451 279.6892030578406 1.1368683772161603e-13 279.6892030578407 279.6892030578407 
gen 316 76693 279.6892030578406 1.1368683772161603e-13 279.6892030578407 279.6892030578407 
gen 317 76935 279.6892030578406 1.1368683772161603e-13 279.6892030578407 279.6892030578407 
gen 318 77177 279.6892030578406 1.1368683772161603e-13 279.6892030578407 279.6892030578407 
gen 319 77419 279.6892030578406 1.1368683772161603e-13 279.6892030578407 279.6892030578407 
gen 320 77661 279.6892030578406 1.1368683772161603e-13 279.6892030578407 279.6892030578407 
gen 321 77903 279.6892030578406 1.1368683772161603e-13 279.6892030578407 279.6892030578407 
gen 322 78145 279.6892030578406 1.1368683772161603e-13 279.6892030578407 279.6892030578407 
gen 323 78387 279.6892030578406 1.1368683772161603e-13 279.6892030578407 279.6892030578407 
gen 324 78629 279.6892030578406 1.1368683772161603e-13 279.6892030578407 279.6892030578407 
gen 325 78871 279.6892030578406 1.1368683772161603e-13 279.6892030578407 279.6892030578407 
gen 326 79113 279.6892030578406 1.1368683772161603e-13 279.6892030578407 279.6892030578407 
gen 327 79355 279.6892030578406 1.1368683772161603e-13 279.6892030578407 279.6892030578407 
gen 328 79597 279.6892030578406 1.1368683772161603e-13 279.6892030578407 279.6892030578407 
gen 329 79839 279.6892030578406 1.1368683772161603e-13 279.6892030578407 279.6892030578407 
gen 330 80081 279.6892030578406 1.1368683772161603e-13 279.6892030578407 279.6892030578407 
gen 331 80323 279.6892030578406 1.1368683772161603e-13 279.6892030578407 279.6892030578407 
gen 332 80565 279.6892030578406 1.1368683772161603e-13 279.6892030578407 279.6892030578407 
gen 333 80807 279.6892030578406 1.1368683772161603e-13 279.6892030578407 279.6892030578407 
gen 334 81049 279.6892030578406 1.1368683772161603e-13 279.6892030578407 279.6892030578407 
gen 335 81291 279.6892030578406 1.1368683772161603e-13 279.6892030578407 279.6892030578407 
gen 336 81533 279.6892030578406 1.1368683772161603e-13 279.6892030578407 279.6892030578407 
gen 337 81775 279.6892030578406 1.1368683772161603e-13 279.6892030578407 279.6892030578407 
gen 338 82017 279.6892030578406 1.1368683772161603e-13 279.6892030578407 279.6892030578407 
gen 339 82259 279.6892030578406 1.1368683772161603e-13 279.6892030578407 279.6892030578407 
gen 340 82501 279.6892030578406 1.1368683772161603e-13 279.6892030578407 279.6892030578407 
gen 341 82743 279.6892030578406 1.1368683772161603e-13 279.6892030578407 279.6892030578407 
gen 342 82985 279.6892030578406 1.1368683772161603e-13 279.6892030578407 279.6892030578407 
gen 343 83227 279.6892030578406 1.1368683772161603e-13 279.6892030578407 279.6892030578407 
gen 344 83469 279.6892030578406 1.1368683772161603e-13 279.6892030578407 279.6892030578407 
gen 345 83711 279.6892030578406 1.1368683772161603e-13 279.6892030578407 279.6892030578407 
gen 346 83953 279.6892030578406 1.1368683772161603e-13 279.6892030578407 279.6892030578407 
gen 347 84195 279.6892030578406 1.1368683772161603e-13 279.6892030578407 279.6892030578407 
gen 348 84437 279.6892030578406 1.1368683772161603e-13 279.6892030578407 279.6892030578407 
gen 349 84679 279.6892030578406 1.1368683772161603e-13 279.6892030578407 279.6892030578407 
gen 350 84921 279.6892030578406 1.1368683772161603e-13 279.6892030578407 279.6892030578407 
[6, 5, 8, 3, 7, 9, 10, 0, 1, 2, 4, 3, 1, 6, 5, 0, 10, 8, 2, 9, 7, 4, 0, 4, 9, 1, 3, 8, 6, 5, 7, 10, 2, 1, 2, 5, 0, 3, 4, 8, 7, 6, 10, 9, 3, 9, 7, 10, 6, 4, 2, 8, 1, 0, 5, 0, 4, 8, 3, 9, 1, 2, 10, 6, 5, 7, 6, 2, 5, 10, 9, 7, 1, 8, 4, 3, 0, 10, 4, 6, 5, 9, 1, 2, 8, 0, 7, 3, 8, 3, 9, 0, 7, 6, 10, 1, 5, 4, 2, 8, 3, 9, 1, 10, 7, 6, 4, 5, 0, 2, 10, 0, 4, 9, 7, 1, 3, 6, 8, 5, 2]
min  279.6892030578407
NFE 84921
LSNFE 100
VLSNFE 13
runTime 152.48238801956177
