gen 0 121 734.5712847687844 122.6221440626566 531.4413505787406 1319.1523510534 
gen 1 363 606.3417938826112 42.282884654915556 481.9682034747959 666.6137115134719 
gen 2 605 567.1492057979748 34.54664794663234 451.47378804198524 610.2324199338607 
gen 3 847 546.3422404721612 29.504400736817228 451.47378804198524 582.9690893383342 
gen 4 1089 531.3023500261493 27.541293625212635 447.823555093501 562.2282644070333 
gen 5 1331 515.8956824899676 24.300046478683957 441.7638173795333 545.4247192604089 
gen 6 1573 500.85618496974627 23.488314978032122 423.75706898169335 529.6898908797657 
gen 7 1815 490.1714823288502 23.671847012094982 413.1742318636909 519.3368934419856 
gen 8 2057 480.62450540070233 21.06873072407209 413.1742318636909 506.5067502030826 
gen 9 2299 470.5285566007676 20.511994087786583 406.5954678023467 493.6128434706343 
gen 10 2541 463.4102163855629 19.30766763074186 406.5954678023467 487.42160283346357 
gen 11 2783 456.50423929378513 17.5607066037803 406.5954678023467 479.20658265884094 
gen 12 3025 451.72532780630337 16.388567567715523 406.5954678023467 471.8242915029689 
gen 13 3267 444.52425873900944 17.305717981668895 378.02416635892087 464.8816209904449 
gen 14 3519 438.73767199291257 16.22762539071173 376.27571131337635 459.5806663250436 
gen 15 3761 431.85295356576887 14.699788928121395 376.27571131337635 451.7550663903553 
gen 16 4003 424.91706159165835 14.819617280178587 373.84038764560995 444.5430220910751 
gen 17 4245 417.9543734377703 14.50879528686123 373.84038764560995 435.80101959487484 
gen 18 4487 413.76269620540205 13.706150670523515 373.84038764560995 429.9190041008239 
gen 19 4729 410.7163593527427 12.637866497540205 373.84038764560995 426.4742330547095 
gen 20 4971 405.38478673635535 11.765765042952648 373.52182122972 422.4247745509286 
gen 21 5213 402.5021287599892 10.869571793879166 373.52182122972 417.494469503583 
gen 22 5455 399.3196176453889 9.848363201419037 373.52182122972 412.0651947952905 
gen 23 5697 396.60103511133906 9.097376348450252 373.52182122972 407.961153134004 
gen 24 5939 394.967671976549 8.624764108608087 373.52182122972 405.970673116875 
gen 25 6181 392.4644495187092 8.181731687999326 368.1468228375887 403.34009537327455 
gen 26 6423 390.7013655906622 7.705375741849081 368.1468228375887 401.0233535811154 
gen 27 6665 388.6951560785784 7.373734327519451 368.1468228375887 398.51871128000425 
gen 28 6907 387.57947949693096 6.884327501430019 368.1468228375887 397.1235621498031 
gen 29 7149 386.3191330605399 7.181758154193675 349.9682024854273 395.72299993305637 
gen 30 7421 383.9337625675245 7.920910440198826 333.3027996779155 393.5426767682964 
gen 31 7663 382.21138101082545 7.648853781992221 333.3027996779155 391.2275921630942 
gen 32 7905 381.0488921116951 7.45420141665646 333.3027996779155 388.44131994189496 
gen 33 8147 379.264931774413 7.5356536284914375 333.3027996779155 387.0004626162276 
gen 34 8389 377.319518496991 7.83702817336889 333.3027996779155 385.3898105680391 
gen 35 8631 376.52262896544005 7.982532264209462 333.3027996779155 384.71933638739665 
gen 36 8873 375.91298960538745 7.968325138158183 333.3027996779155 384.0429609323226 
gen 37 9115 374.1760052958771 7.83004629071715 333.3027996779155 382.2736784792644 
gen 38 9357 371.98411228032165 7.465302922400753 333.3027996779155 380.60699413205174 
gen 39 9599 370.98854114105126 7.7278857876983755 333.3027996779155 379.03018479093083 
gen 40 9841 369.13224961515937 8.071279464010507 333.3027996779155 377.3714242133274 
gen 41 10083 367.97161708323625 7.959772659522876 333.3027996779155 376.4168513045289 
gen 42 10325 366.30292680312164 8.230884326202188 333.3027996779155 375.13464501940604 
gen 43 10567 364.46303000138266 8.192540234638576 333.3027996779155 373.7283229263511 
gen 44 10829 363.1222047065586 7.727951845750878 328.7973719413706 372.10313434472897 
gen 45 11071 361.4453699215051 8.005753563718178 328.7973719413706 370.1687511426703 
gen 46 11313 359.04837737225057 8.152016224868191 328.7973719413706 367.86245781860754 
gen 47 11585 357.4038941295944 8.21980656627041 323.2732616844346 366.6250183404701 
gen 48 11827 354.596921907218 8.259392965095703 323.2732616844346 364.2048702374203 
gen 49 12069 352.9632554858308 7.764433448203719 323.2732616844346 362.0160379427415 
gen 50 12311 350.8921977351895 7.339087684368143 323.2732616844346 359.5499557411329 
gen 51 12553 347.3836809972923 7.626769202542229 323.2732616844346 356.5526709699745 
gen 52 12795 343.7431794949924 6.695953238998699 322.0281537689288 352.5132165571417 
gen 53 13037 339.5063702733966 5.246101549553768 322.0281537689288 346.19056416810656 
gen 54 13279 335.78979586216354 4.035283295153325 322.0281537689288 341.1920385554177 
gen 55 13521 333.25846157358706 3.3607736463362947 322.0281537689288 337.78685076985994 
gen 56 13763 331.0303123773791 3.15592409602796 318.85015008556684 334.47083639272853 
gen 57 14005 329.28140344924776 2.962171559716361 318.85015008556684 332.68592057491185 
gen 58 14247 327.7941387592723 2.4232821739631243 318.85015008556684 330.7572858478218 
gen 59 14489 326.2420241324154 2.1004244750381047 318.85015008556684 328.84480996818576 
gen 60 14731 324.8549047928261 1.6806490797704243 318.85015008556684 327.0080875879963 
gen 61 14983 323.71192828376434 1.4041882159083587 317.9874556275304 325.66778861281307 
gen 62 15225 322.7625344756342 1.1385618845582979 317.9874556275304 324.2816029552499 
gen 63 15467 321.9427139309964 1.033403574699216 317.9874556275304 323.29968620061925 
gen 64 15709 321.29753207446515 0.8931197531946078 317.9874556275304 322.3469575347116 
gen 65 15951 320.7131969076779 0.8302853773628669 317.6147587763759 321.8345995093266 
gen 66 16193 320.11801410844055 0.8597096069413773 317.3958818107822 321.0893418639417 
gen 67 16435 319.63229772021236 0.8279333805304514 317.3958818107822 320.6003025363048 
gen 68 16677 319.1477462553914 0.7363696513101096 317.3958818107822 320.16529393543635 
gen 69 16919 318.62756146513095 0.4725400679666252 316.82052560653426 319.3644479629913 
gen 70 17161 318.28588591414797 0.38907349564594074 316.82052560653426 318.8276849113273 
gen 71 17403 318.01808750283186 0.33299463505193516 316.3815305882969 318.4535277403049 
gen 72 17645 317.86041361260277 0.27988431365436617 316.3815305882969 318.1761947770835 
gen 73 17897 317.69866134936854 0.277115655095052 316.3187729775079 317.9874556275304 
gen 74 18139 317.5547625269185 0.2648450956501099 316.3187729775079 317.844371364184 
gen 75 18381 317.41423236981916 0.2835916191642757 316.1980988690698 317.6151221578011 
gen 76 18623 317.28909764101013 0.3325926804249458 316.1789003255741 317.520016481359 
gen 77 18865 317.19459308840266 0.336274226651015 316.1789003255741 317.4523984632465 
gen 78 19107 316.96239523897924 0.4035688326594149 315.3901871133863 317.4523984632465 
gen 79 19349 316.7051865050579 0.3040919123708782 315.3901871133863 317.0287819734253 
gen 80 19591 316.5062048771135 0.31137996233528537 315.3901871133863 316.8387556785258 
gen 81 19833 316.28977025949155 0.2892566088927435 315.3901871133863 316.7423012517735 
gen 82 20075 316.0790347747818 0.22406722723660205 315.17555071903854 316.3815305882969 
gen 83 20327 315.9316639292283 0.21614684936597153 314.9879484002878 316.164784136849 
gen 84 20569 315.8295390229123 0.24339506971071878 314.9879484002878 315.98446728380185 
gen 85 20811 315.71618008162994 0.31026392375618705 314.9879484002878 315.94495182144794 
gen 86 21053 315.5827452937954 0.3318084557547546 314.9879484002878 315.9116673033454 
gen 87 21295 315.3490501477235 0.27570733698990985 314.9818098564527 315.81758284817835 
gen 88 21537 315.12256446617226 0.07003708221394943 314.91858101572194 315.2234298858653 
gen 89 21779 315.0703100352873 0.058364252198098314 314.8825612637177 315.14202413669767 
gen 90 22021 315.026672105633 0.05011130547672485 314.85586946814794 315.08963264838087 
gen 91 22263 314.9866569845648 0.03844065345769714 314.85586946814794 315.03501502699464 
gen 92 22505 314.95551106077727 0.03115349340676378 314.85586946814794 315.00178057906635 
gen 93 22747 314.9344611056106 0.02789981127697929 314.8326851130915 314.96701887820717 
gen 94 22989 314.9068904083285 0.03127846409286218 314.8326851130915 314.94334184166047 
gen 95 23231 314.8848467347749 0.02663194202271285 314.8326851130915 314.92015214428756 
gen 96 23473 314.8646068767485 0.01676303735351142 314.8326851130915 314.8896047587474 
gen 97 23715 314.8508003591967 0.010808771669630915 314.8326851130915 314.8635396199025 
gen 98 23957 314.84400104574286 0.009806761496625757 314.8326851130915 314.85586946814794 
gen 99 24199 314.8373825315489 0.005927059087985675 314.8326851130915 314.853041955887 
gen 100 24441 314.83279451095564 0.0008438540243860407 314.8326851130915 314.83930368387246 
gen 101 24683 314.8326851130915 0.0 314.8326851130915 314.8326851130915 
gen 102 24925 314.8326851130915 0.0 314.8326851130915 314.8326851130915 
gen 103 25167 314.8326851130915 0.0 314.8326851130915 314.8326851130915 
gen 104 25409 314.8326851130915 0.0 314.8326851130915 314.8326851130915 
gen 105 25651 314.8326851130915 0.0 314.8326851130915 314.8326851130915 
gen 106 25893 314.8326851130915 0.0 314.8326851130915 314.8326851130915 
gen 107 26135 314.8326851130915 0.0 314.8326851130915 314.8326851130915 
gen 108 26377 314.8326851130915 0.0 314.8326851130915 314.8326851130915 
gen 109 26619 314.8326851130915 0.0 314.8326851130915 314.8326851130915 
gen 110 26861 314.8326851130915 0.0 314.8326851130915 314.8326851130915 
gen 111 27103 314.8326851130915 0.0 314.8326851130915 314.8326851130915 
gen 112 27345 314.8326851130915 0.0 314.8326851130915 314.8326851130915 
gen 113 27587 314.8326851130915 0.0 314.8326851130915 314.8326851130915 
gen 114 27829 314.8326851130915 0.0 314.8326851130915 314.8326851130915 
gen 115 28071 314.8326851130915 0.0 314.8326851130915 314.8326851130915 
gen 116 28313 314.8326851130915 0.0 314.8326851130915 314.8326851130915 
gen 117 28555 314.8326851130915 0.0 314.8326851130915 314.8326851130915 
gen 118 28797 314.8326851130915 0.0 314.8326851130915 314.8326851130915 
gen 119 29039 314.8326851130915 0.0 314.8326851130915 314.8326851130915 
gen 120 29281 314.8326851130915 0.0 314.8326851130915 314.8326851130915 
gen 121 29523 314.8326851130915 0.0 314.8326851130915 314.8326851130915 
gen 122 29765 314.8326851130915 0.0 314.8326851130915 314.8326851130915 
gen 123 30007 314.8326851130915 0.0 314.8326851130915 314.8326851130915 
gen 124 30249 314.8326851130915 0.0 314.8326851130915 314.8326851130915 
gen 125 30491 314.8326851130915 0.0 314.8326851130915 314.8326851130915 
gen 126 30733 314.8326851130915 0.0 314.8326851130915 314.8326851130915 
gen 127 30975 314.8326851130915 0.0 314.8326851130915 314.8326851130915 
gen 128 31217 314.8326851130915 0.0 314.8326851130915 314.8326851130915 
gen 129 31459 314.8326851130915 0.0 314.8326851130915 314.8326851130915 
gen 130 31701 314.8326851130915 0.0 314.8326851130915 314.8326851130915 
gen 131 31943 314.8326851130915 0.0 314.8326851130915 314.8326851130915 
gen 132 32185 314.8326851130915 0.0 314.8326851130915 314.8326851130915 
gen 133 32427 314.8326851130915 0.0 314.8326851130915 314.8326851130915 
gen 134 32669 314.8326851130915 0.0 314.8326851130915 314.8326851130915 
gen 135 32911 314.8326851130915 0.0 314.8326851130915 314.8326851130915 
gen 136 33153 314.8326851130915 0.0 314.8326851130915 314.8326851130915 
gen 137 33395 314.8326851130915 0.0 314.8326851130915 314.8326851130915 
gen 138 33637 314.8326851130915 0.0 314.8326851130915 314.8326851130915 
gen 139 33879 314.8326851130915 0.0 314.8326851130915 314.8326851130915 
gen 140 34121 314.8326851130915 0.0 314.8326851130915 314.8326851130915 
gen 141 34363 314.8326851130915 0.0 314.8326851130915 314.8326851130915 
gen 142 34605 314.8326851130915 0.0 314.8326851130915 314.8326851130915 
gen 143 34847 314.8326851130915 0.0 314.8326851130915 314.8326851130915 
gen 144 35089 314.8326851130915 0.0 314.8326851130915 314.8326851130915 
gen 145 35331 314.8326851130915 0.0 314.8326851130915 314.8326851130915 
gen 146 35573 314.8326851130915 0.0 314.8326851130915 314.8326851130915 
gen 147 35815 314.8326851130915 0.0 314.8326851130915 314.8326851130915 
gen 148 36057 314.8326851130915 0.0 314.8326851130915 314.8326851130915 
gen 149 36299 314.8326851130915 0.0 314.8326851130915 314.8326851130915 
gen 150 36541 314.8326851130915 0.0 314.8326851130915 314.8326851130915 
gen 151 36783 314.8326851130915 0.0 314.8326851130915 314.8326851130915 
gen 152 37025 314.8326851130915 0.0 314.8326851130915 314.8326851130915 
gen 153 37267 314.8326851130915 0.0 314.8326851130915 314.8326851130915 
gen 154 37509 314.8326851130915 0.0 314.8326851130915 314.8326851130915 
gen 155 37751 314.8326851130915 0.0 314.8326851130915 314.8326851130915 
gen 156 37993 314.8326851130915 0.0 314.8326851130915 314.8326851130915 
gen 157 38235 314.8326851130915 0.0 314.8326851130915 314.8326851130915 
gen 158 38477 314.8326851130915 0.0 314.8326851130915 314.8326851130915 
gen 159 38719 314.8326851130915 0.0 314.8326851130915 314.8326851130915 
gen 160 38961 314.8326851130915 0.0 314.8326851130915 314.8326851130915 
gen 161 39203 314.8326851130915 0.0 314.8326851130915 314.8326851130915 
gen 162 39445 314.8326851130915 0.0 314.8326851130915 314.8326851130915 
gen 163 39687 314.8326851130915 0.0 314.8326851130915 314.8326851130915 
gen 164 39929 314.8326851130915 0.0 314.8326851130915 314.8326851130915 
gen 165 40171 314.8326851130915 0.0 314.8326851130915 314.8326851130915 
gen 166 40413 314.8326851130915 0.0 314.8326851130915 314.8326851130915 
gen 167 40655 314.8326851130915 0.0 314.8326851130915 314.8326851130915 
gen 168 40897 314.8326851130915 0.0 314.8326851130915 314.8326851130915 
gen 169 41139 314.8326851130915 0.0 314.8326851130915 314.8326851130915 
gen 170 41381 314.8326851130915 0.0 314.8326851130915 314.8326851130915 
gen 171 41623 314.8326851130915 0.0 314.8326851130915 314.8326851130915 
gen 172 41865 314.8326851130915 0.0 314.8326851130915 314.8326851130915 
gen 173 42107 314.8326851130915 0.0 314.8326851130915 314.8326851130915 
gen 174 42349 314.8326851130915 0.0 314.8326851130915 314.8326851130915 
gen 175 42591 314.8326851130915 0.0 314.8326851130915 314.8326851130915 
gen 176 42833 314.8326851130915 0.0 314.8326851130915 314.8326851130915 
gen 177 43075 314.8326851130915 0.0 314.8326851130915 314.8326851130915 
gen 178 43317 314.8326851130915 0.0 314.8326851130915 314.8326851130915 
gen 179 43559 314.8326851130915 0.0 314.8326851130915 314.8326851130915 
gen 180 43801 314.8326851130915 0.0 314.8326851130915 314.8326851130915 
gen 181 44043 314.8326851130915 0.0 314.8326851130915 314.8326851130915 
gen 182 44285 314.8326851130915 0.0 314.8326851130915 314.8326851130915 
gen 183 44527 314.8326851130915 0.0 314.8326851130915 314.8326851130915 
gen 184 44769 314.8326851130915 0.0 314.8326851130915 314.8326851130915 
gen 185 45011 314.8326851130915 0.0 314.8326851130915 314.8326851130915 
gen 186 45253 314.8326851130915 0.0 314.8326851130915 314.8326851130915 
gen 187 45495 314.8326851130915 0.0 314.8326851130915 314.8326851130915 
gen 188 45737 314.8326851130915 0.0 314.8326851130915 314.8326851130915 
gen 189 45979 314.8326851130915 0.0 314.8326851130915 314.8326851130915 
gen 190 46221 314.8326851130915 0.0 314.8326851130915 314.8326851130915 
gen 191 46463 314.8326851130915 0.0 314.8326851130915 314.8326851130915 
gen 192 46705 314.8326851130915 0.0 314.8326851130915 314.8326851130915 
gen 193 46947 314.8326851130915 0.0 314.8326851130915 314.8326851130915 
gen 194 47189 314.8326851130915 0.0 314.8326851130915 314.8326851130915 
gen 195 47431 314.8326851130915 0.0 314.8326851130915 314.8326851130915 
gen 196 47673 314.8326851130915 0.0 314.8326851130915 314.8326851130915 
gen 197 47925 314.8043798653716 0.3100684534394585 311.40775013898093 314.8326851130915 
gen 198 48167 314.8043798653716 0.3100684534394585 311.40775013898093 314.8326851130915 
gen 199 48409 314.8043798653716 0.3100684534394585 311.40775013898093 314.8326851130915 
gen 200 48651 314.7764830980388 0.4335328722400312 311.40775013898093 314.8326851130915 
gen 201 48893 314.72028108298605 0.6079343464827568 311.40775013898093 314.8326851130915 
gen 202 49135 314.43886252733546 1.0887825970018816 311.40775013898093 314.8326851130915 
gen 203 49377 313.6787056427691 1.612009541787757 311.40775013898093 314.8326851130915 
gen 204 49619 311.41918758982126 0.0208445104115955 311.40775013898093 311.45717626582655 
gen 205 49861 311.407750138981 5.684341886080802e-14 311.40775013898093 311.40775013898093 
gen 206 50103 311.407750138981 5.684341886080802e-14 311.40775013898093 311.40775013898093 
gen 207 50345 311.407750138981 5.684341886080802e-14 311.40775013898093 311.40775013898093 
gen 208 50587 311.407750138981 5.684341886080802e-14 311.40775013898093 311.40775013898093 
gen 209 50829 311.407750138981 5.684341886080802e-14 311.40775013898093 311.40775013898093 
gen 210 51071 311.407750138981 5.684341886080802e-14 311.40775013898093 311.40775013898093 
gen 211 51313 311.407750138981 5.684341886080802e-14 311.40775013898093 311.40775013898093 
gen 212 51555 311.407750138981 5.684341886080802e-14 311.40775013898093 311.40775013898093 
gen 213 51797 311.407750138981 5.684341886080802e-14 311.40775013898093 311.40775013898093 
gen 214 52039 311.407750138981 5.684341886080802e-14 311.40775013898093 311.40775013898093 
gen 215 52281 311.407750138981 5.684341886080802e-14 311.40775013898093 311.40775013898093 
gen 216 52523 311.407750138981 5.684341886080802e-14 311.40775013898093 311.40775013898093 
gen 217 52765 311.407750138981 5.684341886080802e-14 311.40775013898093 311.40775013898093 
gen 218 53007 311.407750138981 5.684341886080802e-14 311.40775013898093 311.40775013898093 
gen 219 53249 311.407750138981 5.684341886080802e-14 311.40775013898093 311.40775013898093 
gen 220 53491 311.407750138981 5.684341886080802e-14 311.40775013898093 311.40775013898093 
gen 221 53733 311.407750138981 5.684341886080802e-14 311.40775013898093 311.40775013898093 
gen 222 53975 311.407750138981 5.684341886080802e-14 311.40775013898093 311.40775013898093 
gen 223 54217 311.407750138981 5.684341886080802e-14 311.40775013898093 311.40775013898093 
gen 224 54459 311.407750138981 5.684341886080802e-14 311.40775013898093 311.40775013898093 
gen 225 54701 311.407750138981 5.684341886080802e-14 311.40775013898093 311.40775013898093 
gen 226 54943 311.407750138981 5.684341886080802e-14 311.40775013898093 311.40775013898093 
gen 227 55185 311.407750138981 5.684341886080802e-14 311.40775013898093 311.40775013898093 
gen 228 55427 311.407750138981 5.684341886080802e-14 311.40775013898093 311.40775013898093 
gen 229 55669 311.407750138981 5.684341886080802e-14 311.40775013898093 311.40775013898093 
gen 230 55911 311.407750138981 5.684341886080802e-14 311.40775013898093 311.40775013898093 
gen 231 56153 311.407750138981 5.684341886080802e-14 311.40775013898093 311.40775013898093 
gen 232 56395 311.407750138981 5.684341886080802e-14 311.40775013898093 311.40775013898093 
gen 233 56637 311.407750138981 5.684341886080802e-14 311.40775013898093 311.40775013898093 
gen 234 56879 311.407750138981 5.684341886080802e-14 311.40775013898093 311.40775013898093 
gen 235 57121 311.407750138981 5.684341886080802e-14 311.40775013898093 311.40775013898093 
gen 236 57363 311.407750138981 5.684341886080802e-14 311.40775013898093 311.40775013898093 
gen 237 57605 311.407750138981 5.684341886080802e-14 311.40775013898093 311.40775013898093 
gen 238 57847 311.407750138981 5.684341886080802e-14 311.40775013898093 311.40775013898093 
gen 239 58089 311.407750138981 5.684341886080802e-14 311.40775013898093 311.40775013898093 
gen 240 58331 311.407750138981 5.684341886080802e-14 311.40775013898093 311.40775013898093 
gen 241 58573 311.407750138981 5.684341886080802e-14 311.40775013898093 311.40775013898093 
gen 242 58815 311.407750138981 5.684341886080802e-14 311.40775013898093 311.40775013898093 
gen 243 59057 311.407750138981 5.684341886080802e-14 311.40775013898093 311.40775013898093 
gen 244 59299 311.407750138981 5.684341886080802e-14 311.40775013898093 311.40775013898093 
gen 245 59541 311.407750138981 5.684341886080802e-14 311.40775013898093 311.40775013898093 
gen 246 59783 311.407750138981 5.684341886080802e-14 311.40775013898093 311.40775013898093 
gen 247 60025 311.407750138981 5.684341886080802e-14 311.40775013898093 311.40775013898093 
gen 248 60277 311.40593745792046 0.019856926129137344 311.1884157306475 311.40775013898093 
gen 249 60519 311.4023120957992 0.03410539063152847 311.1884157306475 311.40775013898093 
gen 250 60761 311.3841852851931 0.06792113757135405 311.1884157306475 311.40775013898093 
gen 251 61003 311.33377798374954 0.10339785143258928 311.1884157306475 311.40775013898093 
gen 252 61245 311.2056993251601 0.054763277604467635 311.1884157306475 311.40775013898093 
gen 253 61487 311.18841573064753 5.684341886080802e-14 311.1884157306475 311.1884157306475 
gen 254 61729 311.18841573064753 5.684341886080802e-14 311.1884157306475 311.1884157306475 
gen 255 61971 311.18841573064753 5.684341886080802e-14 311.1884157306475 311.1884157306475 
gen 256 62223 311.1826352805837 0.06332165784972008 310.48898127292534 311.1884157306475 
gen 257 62465 311.1652939303923 0.1250502546021572 310.48898127292534 311.1884157306475 
gen 258 62707 311.1367386924911 0.18233497463885015 310.48898127292534 311.1884157306475 
gen 259 62949 311.038818053824 0.28600353360328223 310.48898127292534 311.1884157306475 
gen 260 63191 310.74066373743034 0.3326229816854375 310.48898127292534 311.1884157306475 
gen 261 63433 310.4889812729253 5.684341886080802e-14 310.48898127292534 310.48898127292534 
gen 262 63675 310.4889812729253 5.684341886080802e-14 310.48898127292534 310.48898127292534 
gen 263 63917 310.4889812729253 5.684341886080802e-14 310.48898127292534 310.48898127292534 
gen 264 64159 310.4889812729253 5.684341886080802e-14 310.48898127292534 310.48898127292534 
gen 265 64401 310.4889812729253 5.684341886080802e-14 310.48898127292534 310.48898127292534 
gen 266 64643 310.4889812729253 5.684341886080802e-14 310.48898127292534 310.48898127292534 
gen 267 64885 310.4889812729253 5.684341886080802e-14 310.48898127292534 310.48898127292534 
gen 268 65127 310.4889812729253 5.684341886080802e-14 310.48898127292534 310.48898127292534 
gen 269 65369 310.4889812729253 5.684341886080802e-14 310.48898127292534 310.48898127292534 
gen 270 65611 310.4889812729253 5.684341886080802e-14 310.48898127292534 310.48898127292534 
gen 271 65853 310.4889812729253 5.684341886080802e-14 310.48898127292534 310.48898127292534 
gen 272 66095 310.4889812729253 5.684341886080802e-14 310.48898127292534 310.48898127292534 
gen 273 66337 310.4889812729253 5.684341886080802e-14 310.48898127292534 310.48898127292534 
gen 274 66579 310.4889812729253 5.684341886080802e-14 310.48898127292534 310.48898127292534 
gen 275 66821 310.4889812729253 5.684341886080802e-14 310.48898127292534 310.48898127292534 
gen 276 67063 310.4889812729253 5.684341886080802e-14 310.48898127292534 310.48898127292534 
gen 277 67305 310.4889812729253 5.684341886080802e-14 310.48898127292534 310.48898127292534 
gen 278 67547 310.4889812729253 5.684341886080802e-14 310.48898127292534 310.48898127292534 
gen 279 67789 310.4889812729253 5.684341886080802e-14 310.48898127292534 310.48898127292534 
gen 280 68031 310.4889812729253 5.684341886080802e-14 310.48898127292534 310.48898127292534 
gen 281 68273 310.4889812729253 5.684341886080802e-14 310.48898127292534 310.48898127292534 
gen 282 68515 310.4889812729253 5.684341886080802e-14 310.48898127292534 310.48898127292534 
gen 283 68757 310.4889812729253 5.684341886080802e-14 310.48898127292534 310.48898127292534 
gen 284 68999 310.4889812729253 5.684341886080802e-14 310.48898127292534 310.48898127292534 
gen 285 69241 310.4889812729253 5.684341886080802e-14 310.48898127292534 310.48898127292534 
gen 286 69483 310.4889812729253 5.684341886080802e-14 310.48898127292534 310.48898127292534 
gen 287 69725 310.4889812729253 5.684341886080802e-14 310.48898127292534 310.48898127292534 
gen 288 69967 310.4889812729253 5.684341886080802e-14 310.48898127292534 310.48898127292534 
gen 289 70209 310.4889812729253 5.684341886080802e-14 310.48898127292534 310.48898127292534 
gen 290 70451 310.4889812729253 5.684341886080802e-14 310.48898127292534 310.48898127292534 
gen 291 70693 310.4889812729253 5.684341886080802e-14 310.48898127292534 310.48898127292534 
gen 292 70935 310.4889812729253 5.684341886080802e-14 310.48898127292534 310.48898127292534 
gen 293 71177 310.4889812729253 5.684341886080802e-14 310.48898127292534 310.48898127292534 
gen 294 71419 310.4889812729253 5.684341886080802e-14 310.48898127292534 310.48898127292534 
gen 295 71661 310.4889812729253 5.684341886080802e-14 310.48898127292534 310.48898127292534 
gen 296 71903 310.4889812729253 5.684341886080802e-14 310.48898127292534 310.48898127292534 
gen 297 72145 310.4889812729253 5.684341886080802e-14 310.48898127292534 310.48898127292534 
gen 298 72387 310.4889812729253 5.684341886080802e-14 310.48898127292534 310.48898127292534 
gen 299 72629 310.4889812729253 5.684341886080802e-14 310.48898127292534 310.48898127292534 
gen 300 72871 310.4889812729253 5.684341886080802e-14 310.48898127292534 310.48898127292534 
gen 301 73113 310.4889812729253 5.684341886080802e-14 310.48898127292534 310.48898127292534 
gen 302 73355 310.4889812729253 5.684341886080802e-14 310.48898127292534 310.48898127292534 
gen 303 73597 310.4889812729253 5.684341886080802e-14 310.48898127292534 310.48898127292534 
gen 304 73839 310.4889812729253 5.684341886080802e-14 310.48898127292534 310.48898127292534 
gen 305 74081 310.4889812729253 5.684341886080802e-14 310.48898127292534 310.48898127292534 
gen 306 74323 310.4889812729253 5.684341886080802e-14 310.48898127292534 310.48898127292534 
gen 307 74565 310.4889812729253 5.684341886080802e-14 310.48898127292534 310.48898127292534 
gen 308 74807 310.4889812729253 5.684341886080802e-14 310.48898127292534 310.48898127292534 
gen 309 75049 310.4889812729253 5.684341886080802e-14 310.48898127292534 310.48898127292534 
gen 310 75291 310.4889812729253 5.684341886080802e-14 310.48898127292534 310.48898127292534 
gen 311 75533 310.4889812729253 5.684341886080802e-14 310.48898127292534 310.48898127292534 
gen 312 75775 310.4889812729253 5.684341886080802e-14 310.48898127292534 310.48898127292534 
gen 313 76017 310.4889812729253 5.684341886080802e-14 310.48898127292534 310.48898127292534 
gen 314 76259 310.4889812729253 5.684341886080802e-14 310.48898127292534 310.48898127292534 
gen 315 76501 310.4889812729253 5.684341886080802e-14 310.48898127292534 310.48898127292534 
gen 316 76743 310.4889812729253 5.684341886080802e-14 310.48898127292534 310.48898127292534 
gen 317 76985 310.4889812729253 5.684341886080802e-14 310.48898127292534 310.48898127292534 
gen 318 77227 310.4889812729253 5.684341886080802e-14 310.48898127292534 310.48898127292534 
gen 319 77469 310.4889812729253 5.684341886080802e-14 310.48898127292534 310.48898127292534 
gen 320 77711 310.4889812729253 5.684341886080802e-14 310.48898127292534 310.48898127292534 
gen 321 77953 310.4889812729253 5.684341886080802e-14 310.48898127292534 310.48898127292534 
gen 322 78195 310.4889812729253 5.684341886080802e-14 310.48898127292534 310.48898127292534 
gen 323 78437 310.4889812729253 5.684341886080802e-14 310.48898127292534 310.48898127292534 
gen 324 78679 310.4889812729253 5.684341886080802e-14 310.48898127292534 310.48898127292534 
gen 325 78921 310.4889812729253 5.684341886080802e-14 310.48898127292534 310.48898127292534 
gen 326 79163 310.4889812729253 5.684341886080802e-14 310.48898127292534 310.48898127292534 
gen 327 79405 310.4889812729253 5.684341886080802e-14 310.48898127292534 310.48898127292534 
gen 328 79647 310.4889812729253 5.684341886080802e-14 310.48898127292534 310.48898127292534 
gen 329 79889 310.4889812729253 5.684341886080802e-14 310.48898127292534 310.48898127292534 
gen 330 80131 310.4889812729253 5.684341886080802e-14 310.48898127292534 310.48898127292534 
gen 331 80373 310.4889812729253 5.684341886080802e-14 310.48898127292534 310.48898127292534 
gen 332 80615 310.4889812729253 5.684341886080802e-14 310.48898127292534 310.48898127292534 
gen 333 80857 310.4889812729253 5.684341886080802e-14 310.48898127292534 310.48898127292534 
gen 334 81099 310.4889812729253 5.684341886080802e-14 310.48898127292534 310.48898127292534 
gen 335 81341 310.4889812729253 5.684341886080802e-14 310.48898127292534 310.48898127292534 
gen 336 81583 310.4889812729253 5.684341886080802e-14 310.48898127292534 310.48898127292534 
gen 337 81825 310.4889812729253 5.684341886080802e-14 310.48898127292534 310.48898127292534 
gen 338 82067 310.4889812729253 5.684341886080802e-14 310.48898127292534 310.48898127292534 
gen 339 82309 310.4889812729253 5.684341886080802e-14 310.48898127292534 310.48898127292534 
gen 340 82551 310.4889812729253 5.684341886080802e-14 310.48898127292534 310.48898127292534 
gen 341 82793 310.4889812729253 5.684341886080802e-14 310.48898127292534 310.48898127292534 
gen 342 83035 310.4889812729253 5.684341886080802e-14 310.48898127292534 310.48898127292534 
gen 343 83277 310.4889812729253 5.684341886080802e-14 310.48898127292534 310.48898127292534 
gen 344 83519 310.4889812729253 5.684341886080802e-14 310.48898127292534 310.48898127292534 
gen 345 83761 310.4889812729253 5.684341886080802e-14 310.48898127292534 310.48898127292534 
gen 346 84003 310.4889812729253 5.684341886080802e-14 310.48898127292534 310.48898127292534 
gen 347 84245 310.4889812729253 5.684341886080802e-14 310.48898127292534 310.48898127292534 
gen 348 84487 310.4889812729253 5.684341886080802e-14 310.48898127292534 310.48898127292534 
gen 349 84729 310.4889812729253 5.684341886080802e-14 310.48898127292534 310.48898127292534 
[4, 7, 5, 2, 3, 6, 10, 1, 8, 0, 9, 1, 3, 8, 9, 4, 0, 6, 2, 5, 7, 10, 9, 0, 4, 7, 5, 8, 10, 2, 6, 1, 3, 3, 5, 8, 2, 6, 0, 7, 10, 1, 9, 4, 3, 8, 7, 1, 6, 9, 10, 2, 0, 5, 4, 9, 0, 7, 5, 10, 4, 8, 2, 6, 1, 3, 9, 0, 4, 7, 5, 2, 10, 6, 1, 8, 3, 9, 0, 7, 2, 6, 4, 3, 1, 8, 5, 10, 3, 1, 7, 10, 2, 9, 0, 8, 6, 5, 4, 3, 5, 2, 6, 10, 9, 1, 4, 8, 7, 0, 10, 9, 0, 4, 7, 5, 2, 6, 8, 1, 3]
min  310.48898127292534
NFE 84729
LSNFE 150
VLSNFE 17
runTime 190.8819179534912
