gen 0 121 763.301123269466 142.43580808760927 519.4573360675575 1257.921840889674 
gen 1 363 625.7367647945189 48.13606355089506 496.471098932097 689.6579130970382 
gen 2 635 576.6642619443494 32.094144186936205 466.6786333362507 623.9361445869811 
gen 3 877 557.0031203588649 23.432555430778052 466.6786333362507 587.4010156962186 
gen 4 1119 538.266233870754 21.17964876493174 465.5292656009723 567.1347037078416 
gen 5 1361 526.6125991765185 19.565882783986634 465.5292656009723 550.0749844808053 
gen 6 1603 513.5347907688408 19.597443298817556 448.3973350712056 537.858345214429 
gen 7 1845 504.3577565659058 20.060249576945246 445.7896433620908 527.8734002552027 
gen 8 2087 494.67905635311877 19.959962896525713 406.7731750517654 518.5425645580958 
gen 9 2329 486.34558785356563 20.816309465629804 406.7731750517654 508.8351987865136 
gen 10 2581 476.8742024348431 20.477971263332932 405.2709197893296 500.72014742089743 
gen 11 2823 469.6768638241724 18.917068633230315 405.2709197893296 492.75611695531603 
gen 12 3065 462.71449400008265 16.985694519239626 405.2709197893296 483.44003791998466 
gen 13 3307 455.89261046658197 15.576732031334192 397.06334782844823 473.3519591204065 
gen 14 3549 449.3946226378296 16.23606840363182 392.7739751952957 466.8473482207966 
gen 15 3791 445.7920544533861 15.49426843599134 392.7739751952957 461.99450805770346 
gen 16 4033 442.69738733566993 15.138044926943385 392.7739751952957 458.7936379278143 
gen 17 4275 435.61688791581 14.338936374555486 392.7739751952957 453.0396591001435 
gen 18 4517 431.3225265769629 14.396281664792024 391.24775982092126 449.0264909913281 
gen 19 4759 427.6326988412097 13.421438865306781 391.24775982092126 444.81894317177216 
gen 20 5001 422.90813609278564 13.245565507631682 385.1384743596103 439.51498687286335 
gen 21 5243 418.687419493547 11.995387819690762 385.1384743596103 434.8973613299773 
gen 22 5485 415.2480424822226 11.185706689304586 385.1384743596103 429.61167894865855 
gen 23 5727 410.9194429693165 11.051428412850537 381.2952044152162 425.4515185197151 
gen 24 5969 408.0813464182166 10.520768763448157 368.76978855958686 422.74606072093945 
gen 25 6241 406.05825373888007 9.905160384495408 358.77059786815374 419.47143421107666 
gen 26 6483 402.78381167681175 9.86975980193128 358.77059786815374 414.8498441206743 
gen 27 6755 399.3509510887653 10.08988703982198 346.9853174294845 411.19500644566716 
gen 28 6997 396.82574986899 10.347863116219209 346.9853174294845 408.53035209338924 
gen 29 7239 394.9397012524297 10.065742133414465 346.9853174294845 406.197819670172 
gen 30 7481 392.7790781587255 10.077937870111237 346.9853174294845 403.8504682382145 
gen 31 7723 390.2274556352536 9.54228979334501 346.9853174294845 401.179646992951 
gen 32 7965 387.9485739292285 8.931933475347927 346.9853174294845 398.3181263745896 
gen 33 8207 384.8913829525698 8.100508875869213 346.9853174294845 394.7579039758659 
gen 34 8449 384.24623330051037 7.881491458997304 346.9853174294845 393.77806413919836 
gen 35 8691 381.336440158288 8.220252646877018 346.9853174294845 390.11798685103827 
gen 36 8933 379.8146730880183 8.513465671432709 346.9853174294845 389.02865567857356 
gen 37 9185 378.60731311303766 8.56878912223379 343.85604381674096 388.27873364413693 
gen 38 9427 377.152127157263 8.368195744043678 343.85604381674096 386.13082278341153 
gen 39 9669 375.30960249664685 7.9790069380299 343.85604381674096 384.11563034449057 
gen 40 9911 373.65574323095717 8.278918454841984 343.85604381674096 382.8705959583391 
gen 41 10153 372.502196369898 8.10153986864719 343.85604381674096 381.834098068616 
gen 42 10395 371.0656004062005 7.7471356582776805 343.85604381674096 380.4608444015805 
gen 43 10637 370.12900845696595 7.618667404238882 343.85604381674096 378.8935645063358 
gen 44 10879 367.9223780768156 7.1379337617301575 343.85604381674096 376.96332776154156 
gen 45 11121 367.023676480092 6.706638791980896 343.85604381674096 376.14607219913836 
gen 46 11363 365.30439428465144 6.8427163458232805 343.85604381674096 373.57067739682554 
gen 47 11605 363.65879432927886 6.595340204792803 343.85604381674096 371.5015894063272 
gen 48 11847 362.29345494046345 6.621559153474816 343.4495173610907 369.61238929021476 
gen 49 12089 361.1039143118823 6.45195111277746 343.4495173610907 368.12608432413083 
gen 50 12331 359.0402908692309 5.96774183192769 343.4495173610907 366.0162010260698 
gen 51 12573 357.2079308980556 6.553104219076931 326.71336445503164 364.1986634134826 
gen 52 12815 355.0057721175901 6.228114919989349 326.71336445503164 362.1136349326613 
gen 53 13057 353.22466961101986 5.9875744268054705 326.71336445503164 360.40167868432536 
gen 54 13299 350.6560527216943 5.923910021189477 326.71336445503164 357.6276514525452 
gen 55 13541 349.16067876206824 5.6296968306704995 326.71336445503164 355.93689330274657 
gen 56 13783 346.8674321058899 5.691116219258247 326.71336445503164 353.4882152318901 
gen 57 14025 345.2817795359802 5.389473462884011 326.71336445503164 351.6572761158724 
gen 58 14267 343.22436620366165 5.800574694140064 317.87104028099856 349.222504408501 
gen 59 14509 341.42125894852137 6.016506344712617 317.87104028099856 347.8867037920395 
gen 60 14751 339.4072431278533 5.783028237540226 317.87104028099856 345.9449776651306 
gen 61 14993 337.7137980134063 5.4993402739987705 317.87104028099856 344.01129715300885 
gen 62 15235 335.27940720218817 5.241109145259223 317.87104028099856 341.60246811429414 
gen 63 15477 333.33296729802146 5.2539204801162205 316.21426517640515 339.4076048230072 
gen 64 15719 331.3364853082769 5.040681930381081 316.21426517640515 336.58733212287535 
gen 65 15961 329.8891730604653 5.0845652554438265 316.21426517640515 335.3448992256091 
gen 66 16203 328.3333420149118 4.525759148449303 316.21426517640515 334.4786742824706 
gen 67 16445 327.02686198914 3.9955106732904118 316.21426517640515 332.4590176969321 
gen 68 16687 325.4383964850821 3.348862443874691 316.21426517640515 330.03412407993034 
gen 69 16929 324.30393508891245 2.9918428105212085 316.21426517640515 328.41171619937074 
gen 70 17171 322.6335213832632 2.7738485324708657 311.3891110263401 326.4466371677046 
gen 71 17413 321.8012619831254 2.5327584846283973 311.3891110263401 324.8359876736505 
gen 72 17655 320.6863505677678 2.3247853891342896 311.3891110263401 323.59863132691237 
gen 73 17897 319.68597003458103 2.0937263343956674 311.3891110263401 321.86945054847536 
gen 74 18139 318.84418715538595 1.9474568424693697 311.3891110263401 321.2923794744371 
gen 75 18381 317.4651981719661 1.8905903232244055 309.9694631875427 319.9688208762856 
gen 76 18623 316.2976927546992 1.7107960389899002 309.9694631875427 318.329116291012 
gen 77 18865 315.5429832021019 1.6149259724922183 309.9694631875427 317.25978516318327 
gen 78 19107 314.82057568251906 1.6807444408027756 309.9694631875427 316.48285407390904 
gen 79 19349 314.0958871622059 1.4975322773816622 309.9694631875427 316.0237025049564 
gen 80 19591 313.32931930163056 1.4154787620859492 309.9694631875427 315.1506164229485 
gen 81 19833 312.3976551714305 1.4010663132159318 308.9187567918687 313.91101138499977 
gen 82 20075 311.5931720322758 1.4987678259434074 306.42571227837897 313.34415931169247 
gen 83 20317 310.8322616944369 1.282855822273901 306.42571227837897 312.8141236218232 
gen 84 20559 310.2169676090886 1.1936012437872248 306.42571227837897 311.740142472049 
gen 85 20801 309.69447160459475 1.1694222878731917 305.8231153435688 310.90087054310555 
gen 86 21043 309.1503597871877 1.1518286661390826 305.0843089894912 309.99140512917177 
gen 87 21285 308.7402276270234 1.2039460312858927 305.0843089894912 309.9694631875427 
gen 88 21527 308.333517679792 1.1185839190825684 305.0843089894912 309.74816206727843 
gen 89 21769 307.7941988503053 0.9402877781997475 305.0843089894912 309.08277459477426 
gen 90 22011 307.4390263518564 0.7389791077591156 305.0843089894912 308.3262906858492 
gen 91 22253 307.13001774133073 0.6995224145645942 305.0843089894912 308.200961684006 
gen 92 22495 306.81242635807365 0.6488215303580632 305.0843089894912 307.4829861194015 
gen 93 22737 306.5883826841343 0.5744022828025596 305.0843089894912 307.4829861194015 
gen 94 22979 306.3209583400748 0.35477391495200866 305.0843089894912 306.42571227837897 
gen 95 23221 306.3048922225236 0.37431566398171123 305.0843089894912 306.42571227837897 
gen 96 23463 306.2827202673354 0.40497471598512513 305.0843089894912 306.42571227837897 
gen 97 23705 306.2383763569589 0.4569896668157249 305.0843089894912 306.42571227837897 
gen 98 23947 306.2051184241766 0.4897805171039596 305.0843089894912 306.42571227837897 
gen 99 24189 306.14968853620593 0.5354543222626236 305.0843089894912 306.42571227837897 
gen 100 24431 306.1164306034236 0.5584421039155044 305.0843089894912 306.42571227837897 
gen 101 24673 306.08317267064126 0.5786118348560761 305.0843089894912 306.42571227837897 
gen 102 24915 305.9501409395119 0.6359293526927194 305.0843089894912 306.42571227837897 
gen 103 25157 305.8343010236137 0.6576592224175162 305.0843089894912 306.42571227837897 
gen 104 25399 305.57434339899197 0.6344151715554378 305.0843089894912 306.42571227837897 
gen 105 25641 305.11483817767623 0.14704804277749176 305.0843089894912 305.8231153435688 
gen 106 25883 305.0843089894912 0.0 305.0843089894912 305.0843089894912 
gen 107 26125 305.0843089894912 0.0 305.0843089894912 305.0843089894912 
gen 108 26367 305.0843089894912 0.0 305.0843089894912 305.0843089894912 
gen 109 26609 305.0843089894912 0.0 305.0843089894912 305.0843089894912 
gen 110 26851 305.0843089894912 0.0 305.0843089894912 305.0843089894912 
gen 111 27093 305.0843089894912 0.0 305.0843089894912 305.0843089894912 
gen 112 27335 305.0843089894912 0.0 305.0843089894912 305.0843089894912 
gen 113 27577 305.0843089894912 0.0 305.0843089894912 305.0843089894912 
gen 114 27819 305.0843089894912 0.0 305.0843089894912 305.0843089894912 
gen 115 28061 305.0843089894912 0.0 305.0843089894912 305.0843089894912 
gen 116 28303 305.0843089894912 0.0 305.0843089894912 305.0843089894912 
gen 117 28545 305.0843089894912 0.0 305.0843089894912 305.0843089894912 
gen 118 28787 305.0843089894912 0.0 305.0843089894912 305.0843089894912 
gen 119 29029 305.0843089894912 0.0 305.0843089894912 305.0843089894912 
gen 120 29271 305.0843089894912 0.0 305.0843089894912 305.0843089894912 
gen 121 29513 305.0843089894912 0.0 305.0843089894912 305.0843089894912 
gen 122 29755 305.0843089894912 0.0 305.0843089894912 305.0843089894912 
gen 123 29997 305.0843089894912 0.0 305.0843089894912 305.0843089894912 
gen 124 30239 305.0843089894912 0.0 305.0843089894912 305.0843089894912 
gen 125 30481 305.0843089894912 0.0 305.0843089894912 305.0843089894912 
gen 126 30723 305.0843089894912 0.0 305.0843089894912 305.0843089894912 
gen 127 30965 305.0843089894912 0.0 305.0843089894912 305.0843089894912 
gen 128 31207 305.0843089894912 0.0 305.0843089894912 305.0843089894912 
gen 129 31449 305.0843089894912 0.0 305.0843089894912 305.0843089894912 
gen 130 31691 305.0843089894912 0.0 305.0843089894912 305.0843089894912 
gen 131 31933 305.0843089894912 0.0 305.0843089894912 305.0843089894912 
gen 132 32175 305.0843089894912 0.0 305.0843089894912 305.0843089894912 
gen 133 32417 305.0843089894912 0.0 305.0843089894912 305.0843089894912 
gen 134 32659 305.0843089894912 0.0 305.0843089894912 305.0843089894912 
gen 135 32901 305.0843089894912 0.0 305.0843089894912 305.0843089894912 
gen 136 33143 305.0843089894912 0.0 305.0843089894912 305.0843089894912 
gen 137 33385 305.0843089894912 0.0 305.0843089894912 305.0843089894912 
gen 138 33627 305.0843089894912 0.0 305.0843089894912 305.0843089894912 
gen 139 33869 305.0843089894912 0.0 305.0843089894912 305.0843089894912 
gen 140 34111 305.0843089894912 0.0 305.0843089894912 305.0843089894912 
gen 141 34353 305.0843089894912 0.0 305.0843089894912 305.0843089894912 
gen 142 34595 305.0843089894912 0.0 305.0843089894912 305.0843089894912 
gen 143 34837 305.0843089894912 0.0 305.0843089894912 305.0843089894912 
gen 144 35079 305.0843089894912 0.0 305.0843089894912 305.0843089894912 
gen 145 35321 305.0843089894912 0.0 305.0843089894912 305.0843089894912 
gen 146 35563 305.0843089894912 0.0 305.0843089894912 305.0843089894912 
gen 147 35805 305.0843089894912 0.0 305.0843089894912 305.0843089894912 
gen 148 36047 305.0843089894912 0.0 305.0843089894912 305.0843089894912 
gen 149 36289 305.0843089894912 0.0 305.0843089894912 305.0843089894912 
gen 150 36531 305.0843089894912 0.0 305.0843089894912 305.0843089894912 
gen 151 36773 305.0843089894912 0.0 305.0843089894912 305.0843089894912 
gen 152 37015 305.0843089894912 0.0 305.0843089894912 305.0843089894912 
gen 153 37257 305.0843089894912 0.0 305.0843089894912 305.0843089894912 
gen 154 37499 305.0843089894912 0.0 305.0843089894912 305.0843089894912 
gen 155 37741 305.0843089894912 0.0 305.0843089894912 305.0843089894912 
gen 156 37983 305.0843089894912 0.0 305.0843089894912 305.0843089894912 
gen 157 38225 305.0843089894912 0.0 305.0843089894912 305.0843089894912 
gen 158 38467 305.0843089894912 0.0 305.0843089894912 305.0843089894912 
gen 159 38709 305.0843089894912 0.0 305.0843089894912 305.0843089894912 
gen 160 38951 305.0843089894912 0.0 305.0843089894912 305.0843089894912 
gen 161 39193 305.0843089894912 0.0 305.0843089894912 305.0843089894912 
gen 162 39435 305.0843089894912 0.0 305.0843089894912 305.0843089894912 
gen 163 39677 305.0843089894912 0.0 305.0843089894912 305.0843089894912 
gen 164 39919 305.0843089894912 0.0 305.0843089894912 305.0843089894912 
gen 165 40161 305.0843089894912 0.0 305.0843089894912 305.0843089894912 
gen 166 40403 305.0843089894912 0.0 305.0843089894912 305.0843089894912 
gen 167 40645 305.0843089894912 0.0 305.0843089894912 305.0843089894912 
gen 168 40887 305.0843089894912 0.0 305.0843089894912 305.0843089894912 
gen 169 41129 305.0843089894912 0.0 305.0843089894912 305.0843089894912 
gen 170 41371 305.0843089894912 0.0 305.0843089894912 305.0843089894912 
gen 171 41613 305.0843089894912 0.0 305.0843089894912 305.0843089894912 
gen 172 41855 305.0843089894912 0.0 305.0843089894912 305.0843089894912 
gen 173 42097 305.0843089894912 0.0 305.0843089894912 305.0843089894912 
gen 174 42339 305.0843089894912 0.0 305.0843089894912 305.0843089894912 
gen 175 42581 305.0843089894912 0.0 305.0843089894912 305.0843089894912 
gen 176 42823 305.0843089894912 0.0 305.0843089894912 305.0843089894912 
gen 177 43065 305.0843089894912 0.0 305.0843089894912 305.0843089894912 
gen 178 43307 305.0843089894912 0.0 305.0843089894912 305.0843089894912 
gen 179 43549 305.0843089894912 0.0 305.0843089894912 305.0843089894912 
gen 180 43791 305.0843089894912 0.0 305.0843089894912 305.0843089894912 
gen 181 44033 305.0843089894912 0.0 305.0843089894912 305.0843089894912 
gen 182 44275 305.0843089894912 0.0 305.0843089894912 305.0843089894912 
gen 183 44517 305.0843089894912 0.0 305.0843089894912 305.0843089894912 
gen 184 44759 305.0843089894912 0.0 305.0843089894912 305.0843089894912 
gen 185 45001 305.0843089894912 0.0 305.0843089894912 305.0843089894912 
gen 186 45243 305.0843089894912 0.0 305.0843089894912 305.0843089894912 
gen 187 45485 305.0843089894912 0.0 305.0843089894912 305.0843089894912 
gen 188 45727 305.0843089894912 0.0 305.0843089894912 305.0843089894912 
gen 189 45969 305.0843089894912 0.0 305.0843089894912 305.0843089894912 
gen 190 46211 305.0843089894912 0.0 305.0843089894912 305.0843089894912 
gen 191 46453 305.0843089894912 0.0 305.0843089894912 305.0843089894912 
gen 192 46695 305.0843089894912 0.0 305.0843089894912 305.0843089894912 
gen 193 46937 305.0843089894912 0.0 305.0843089894912 305.0843089894912 
gen 194 47179 305.0843089894912 0.0 305.0843089894912 305.0843089894912 
gen 195 47421 305.0843089894912 0.0 305.0843089894912 305.0843089894912 
gen 196 47663 305.0843089894912 0.0 305.0843089894912 305.0843089894912 
gen 197 47905 305.0843089894912 0.0 305.0843089894912 305.0843089894912 
gen 198 48147 305.0843089894912 0.0 305.0843089894912 305.0843089894912 
gen 199 48389 305.0843089894912 0.0 305.0843089894912 305.0843089894912 
gen 200 48631 305.0843089894912 0.0 305.0843089894912 305.0843089894912 
gen 201 48873 305.0843089894912 0.0 305.0843089894912 305.0843089894912 
gen 202 49115 305.0843089894912 0.0 305.0843089894912 305.0843089894912 
gen 203 49357 305.0843089894912 0.0 305.0843089894912 305.0843089894912 
gen 204 49599 305.0843089894912 0.0 305.0843089894912 305.0843089894912 
gen 205 49841 305.0843089894912 0.0 305.0843089894912 305.0843089894912 
gen 206 50083 305.0843089894912 0.0 305.0843089894912 305.0843089894912 
gen 207 50325 305.0843089894912 0.0 305.0843089894912 305.0843089894912 
gen 208 50567 305.0843089894912 0.0 305.0843089894912 305.0843089894912 
gen 209 50809 305.0843089894912 0.0 305.0843089894912 305.0843089894912 
gen 210 51051 305.0843089894912 0.0 305.0843089894912 305.0843089894912 
gen 211 51293 305.0843089894912 0.0 305.0843089894912 305.0843089894912 
gen 212 51535 305.0843089894912 0.0 305.0843089894912 305.0843089894912 
gen 213 51777 305.0843089894912 0.0 305.0843089894912 305.0843089894912 
gen 214 52019 305.0843089894912 0.0 305.0843089894912 305.0843089894912 
gen 215 52261 305.0843089894912 0.0 305.0843089894912 305.0843089894912 
gen 216 52503 305.0843089894912 0.0 305.0843089894912 305.0843089894912 
gen 217 52745 305.0843089894912 0.0 305.0843089894912 305.0843089894912 
gen 218 52987 305.0843089894912 0.0 305.0843089894912 305.0843089894912 
gen 219 53229 305.0843089894912 0.0 305.0843089894912 305.0843089894912 
gen 220 53471 305.0843089894912 0.0 305.0843089894912 305.0843089894912 
gen 221 53713 305.0843089894912 0.0 305.0843089894912 305.0843089894912 
gen 222 53955 305.0843089894912 0.0 305.0843089894912 305.0843089894912 
gen 223 54197 305.0843089894912 0.0 305.0843089894912 305.0843089894912 
gen 224 54439 305.0843089894912 0.0 305.0843089894912 305.0843089894912 
gen 225 54681 305.0843089894912 0.0 305.0843089894912 305.0843089894912 
gen 226 54923 305.0843089894912 0.0 305.0843089894912 305.0843089894912 
gen 227 55165 305.0843089894912 0.0 305.0843089894912 305.0843089894912 
gen 228 55407 305.0843089894912 0.0 305.0843089894912 305.0843089894912 
gen 229 55649 305.0843089894912 0.0 305.0843089894912 305.0843089894912 
gen 230 55891 305.0843089894912 0.0 305.0843089894912 305.0843089894912 
gen 231 56133 305.0843089894912 0.0 305.0843089894912 305.0843089894912 
gen 232 56375 305.0843089894912 0.0 305.0843089894912 305.0843089894912 
gen 233 56617 305.0843089894912 0.0 305.0843089894912 305.0843089894912 
gen 234 56859 305.0843089894912 0.0 305.0843089894912 305.0843089894912 
gen 235 57101 305.0843089894912 0.0 305.0843089894912 305.0843089894912 
gen 236 57343 305.0843089894912 0.0 305.0843089894912 305.0843089894912 
gen 237 57585 305.0843089894912 0.0 305.0843089894912 305.0843089894912 
gen 238 57827 305.0843089894912 0.0 305.0843089894912 305.0843089894912 
gen 239 58069 305.0843089894912 0.0 305.0843089894912 305.0843089894912 
gen 240 58311 305.0843089894912 0.0 305.0843089894912 305.0843089894912 
gen 241 58563 305.08180928621687 0.027382877408443737 304.7818448932968 305.0843089894912 
gen 242 58805 305.08180928621687 0.027382877408443737 304.7818448932968 305.0843089894912 
gen 243 59047 305.07930958294247 0.03856354389073037 304.7818448932968 305.0843089894912 
gen 244 59289 305.0693107698451 0.06566183333721108 304.7818448932968 305.0843089894912 
gen 245 59531 305.0575337372232 0.10435483619343029 304.26421623461886 305.0843089894912 
gen 246 59773 305.04575670460116 0.131114416911157 304.26421623461886 305.0843089894912 
gen 247 60015 305.00470471643683 0.17825197947709653 304.26421623461886 305.0843089894912 
gen 248 60257 304.9222654880829 0.2476801834541725 304.26421623461886 305.0843089894912 
gen 249 60499 304.731668514882 0.2578852883399644 304.26421623461886 305.0843089894912 
gen 250 60741 304.5465591393522 0.2577426297900503 304.26421623461886 304.7818448932968 
gen 251 60983 304.2642162346188 5.684341886080802e-14 304.26421623461886 304.26421623461886 
gen 252 61225 304.2642162346188 5.684341886080802e-14 304.26421623461886 304.26421623461886 
gen 253 61467 304.2642162346188 5.684341886080802e-14 304.26421623461886 304.26421623461886 
gen 254 61709 304.2642162346188 5.684341886080802e-14 304.26421623461886 304.26421623461886 
gen 255 61951 304.2642162346188 5.684341886080802e-14 304.26421623461886 304.26421623461886 
gen 256 62193 304.2642162346188 5.684341886080802e-14 304.26421623461886 304.26421623461886 
gen 257 62435 304.2642162346188 5.684341886080802e-14 304.26421623461886 304.26421623461886 
gen 258 62677 304.2642162346188 5.684341886080802e-14 304.26421623461886 304.26421623461886 
gen 259 62919 304.2642162346188 5.684341886080802e-14 304.26421623461886 304.26421623461886 
gen 260 63161 304.2642162346188 5.684341886080802e-14 304.26421623461886 304.26421623461886 
gen 261 63403 304.2642162346188 5.684341886080802e-14 304.26421623461886 304.26421623461886 
gen 262 63645 304.2642162346188 5.684341886080802e-14 304.26421623461886 304.26421623461886 
gen 263 63887 304.2642162346188 5.684341886080802e-14 304.26421623461886 304.26421623461886 
gen 264 64129 304.2642162346188 5.684341886080802e-14 304.26421623461886 304.26421623461886 
gen 265 64371 304.2642162346188 5.684341886080802e-14 304.26421623461886 304.26421623461886 
gen 266 64613 304.2642162346188 5.684341886080802e-14 304.26421623461886 304.26421623461886 
gen 267 64855 304.2642162346188 5.684341886080802e-14 304.26421623461886 304.26421623461886 
gen 268 65097 304.2642162346188 5.684341886080802e-14 304.26421623461886 304.26421623461886 
gen 269 65339 304.2642162346188 5.684341886080802e-14 304.26421623461886 304.26421623461886 
gen 270 65581 304.2642162346188 5.684341886080802e-14 304.26421623461886 304.26421623461886 
gen 271 65823 304.2642162346188 5.684341886080802e-14 304.26421623461886 304.26421623461886 
gen 272 66065 304.2642162346188 5.684341886080802e-14 304.26421623461886 304.26421623461886 
gen 273 66307 304.2642162346188 5.684341886080802e-14 304.26421623461886 304.26421623461886 
gen 274 66549 304.2642162346188 5.684341886080802e-14 304.26421623461886 304.26421623461886 
gen 275 66791 304.2642162346188 5.684341886080802e-14 304.26421623461886 304.26421623461886 
gen 276 67033 304.2642162346188 5.684341886080802e-14 304.26421623461886 304.26421623461886 
gen 277 67275 304.2642162346188 5.684341886080802e-14 304.26421623461886 304.26421623461886 
gen 278 67517 304.2642162346188 5.684341886080802e-14 304.26421623461886 304.26421623461886 
gen 279 67759 304.2642162346188 5.684341886080802e-14 304.26421623461886 304.26421623461886 
gen 280 68001 304.2642162346188 5.684341886080802e-14 304.26421623461886 304.26421623461886 
gen 281 68243 304.2642162346188 5.684341886080802e-14 304.26421623461886 304.26421623461886 
gen 282 68485 304.2642162346188 5.684341886080802e-14 304.26421623461886 304.26421623461886 
gen 283 68727 304.2642162346188 5.684341886080802e-14 304.26421623461886 304.26421623461886 
gen 284 68969 304.2642162346188 5.684341886080802e-14 304.26421623461886 304.26421623461886 
gen 285 69211 304.2642162346188 5.684341886080802e-14 304.26421623461886 304.26421623461886 
gen 286 69453 304.2642162346188 5.684341886080802e-14 304.26421623461886 304.26421623461886 
gen 287 69695 304.2642162346188 5.684341886080802e-14 304.26421623461886 304.26421623461886 
gen 288 69937 304.2642162346188 5.684341886080802e-14 304.26421623461886 304.26421623461886 
gen 289 70179 304.2642162346188 5.684341886080802e-14 304.26421623461886 304.26421623461886 
gen 290 70421 304.2642162346188 5.684341886080802e-14 304.26421623461886 304.26421623461886 
gen 291 70663 304.2642162346188 5.684341886080802e-14 304.26421623461886 304.26421623461886 
gen 292 70905 304.2642162346188 5.684341886080802e-14 304.26421623461886 304.26421623461886 
gen 293 71147 304.2642162346188 5.684341886080802e-14 304.26421623461886 304.26421623461886 
gen 294 71389 304.2642162346188 5.684341886080802e-14 304.26421623461886 304.26421623461886 
gen 295 71631 304.2642162346188 5.684341886080802e-14 304.26421623461886 304.26421623461886 
gen 296 71873 304.2642162346188 5.684341886080802e-14 304.26421623461886 304.26421623461886 
gen 297 72115 304.2642162346188 5.684341886080802e-14 304.26421623461886 304.26421623461886 
gen 298 72357 304.2642162346188 5.684341886080802e-14 304.26421623461886 304.26421623461886 
gen 299 72599 304.2642162346188 5.684341886080802e-14 304.26421623461886 304.26421623461886 
gen 300 72841 304.2642162346188 5.684341886080802e-14 304.26421623461886 304.26421623461886 
gen 301 73083 304.2642162346188 5.684341886080802e-14 304.26421623461886 304.26421623461886 
gen 302 73325 304.2642162346188 5.684341886080802e-14 304.26421623461886 304.26421623461886 
gen 303 73567 304.2642162346188 5.684341886080802e-14 304.26421623461886 304.26421623461886 
gen 304 73809 304.2642162346188 5.684341886080802e-14 304.26421623461886 304.26421623461886 
gen 305 74051 304.2642162346188 5.684341886080802e-14 304.26421623461886 304.26421623461886 
gen 306 74293 304.2642162346188 5.684341886080802e-14 304.26421623461886 304.26421623461886 
gen 307 74535 304.2642162346188 5.684341886080802e-14 304.26421623461886 304.26421623461886 
gen 308 74777 304.2642162346188 5.684341886080802e-14 304.26421623461886 304.26421623461886 
gen 309 75019 304.2642162346188 5.684341886080802e-14 304.26421623461886 304.26421623461886 
gen 310 75261 304.2642162346188 5.684341886080802e-14 304.26421623461886 304.26421623461886 
gen 311 75503 304.2642162346188 5.684341886080802e-14 304.26421623461886 304.26421623461886 
gen 312 75745 304.2642162346188 5.684341886080802e-14 304.26421623461886 304.26421623461886 
gen 313 75987 304.2642162346188 5.684341886080802e-14 304.26421623461886 304.26421623461886 
gen 314 76229 304.2642162346188 5.684341886080802e-14 304.26421623461886 304.26421623461886 
gen 315 76471 304.2642162346188 5.684341886080802e-14 304.26421623461886 304.26421623461886 
gen 316 76713 304.2642162346188 5.684341886080802e-14 304.26421623461886 304.26421623461886 
gen 317 76955 304.2642162346188 5.684341886080802e-14 304.26421623461886 304.26421623461886 
gen 318 77197 304.2642162346188 5.684341886080802e-14 304.26421623461886 304.26421623461886 
gen 319 77439 304.2642162346188 5.684341886080802e-14 304.26421623461886 304.26421623461886 
gen 320 77681 304.2642162346188 5.684341886080802e-14 304.26421623461886 304.26421623461886 
gen 321 77923 304.2642162346188 5.684341886080802e-14 304.26421623461886 304.26421623461886 
gen 322 78165 304.2642162346188 5.684341886080802e-14 304.26421623461886 304.26421623461886 
gen 323 78407 304.2642162346188 5.684341886080802e-14 304.26421623461886 304.26421623461886 
gen 324 78649 304.2642162346188 5.684341886080802e-14 304.26421623461886 304.26421623461886 
gen 325 78891 304.2642162346188 5.684341886080802e-14 304.26421623461886 304.26421623461886 
gen 326 79133 304.2642162346188 5.684341886080802e-14 304.26421623461886 304.26421623461886 
gen 327 79375 304.2642162346188 5.684341886080802e-14 304.26421623461886 304.26421623461886 
gen 328 79617 304.2642162346188 5.684341886080802e-14 304.26421623461886 304.26421623461886 
gen 329 79859 304.2642162346188 5.684341886080802e-14 304.26421623461886 304.26421623461886 
gen 330 80101 304.2642162346188 5.684341886080802e-14 304.26421623461886 304.26421623461886 
gen 331 80343 304.2642162346188 5.684341886080802e-14 304.26421623461886 304.26421623461886 
gen 332 80585 304.2642162346188 5.684341886080802e-14 304.26421623461886 304.26421623461886 
gen 333 80827 304.2642162346188 5.684341886080802e-14 304.26421623461886 304.26421623461886 
gen 334 81069 304.2642162346188 5.684341886080802e-14 304.26421623461886 304.26421623461886 
gen 335 81311 304.2642162346188 5.684341886080802e-14 304.26421623461886 304.26421623461886 
gen 336 81553 304.2642162346188 5.684341886080802e-14 304.26421623461886 304.26421623461886 
gen 337 81795 304.2642162346188 5.684341886080802e-14 304.26421623461886 304.26421623461886 
gen 338 82037 304.2642162346188 5.684341886080802e-14 304.26421623461886 304.26421623461886 
gen 339 82279 304.2642162346188 5.684341886080802e-14 304.26421623461886 304.26421623461886 
gen 340 82521 304.2642162346188 5.684341886080802e-14 304.26421623461886 304.26421623461886 
gen 341 82763 304.2642162346188 5.684341886080802e-14 304.26421623461886 304.26421623461886 
gen 342 83005 304.2642162346188 5.684341886080802e-14 304.26421623461886 304.26421623461886 
gen 343 83247 304.2642162346188 5.684341886080802e-14 304.26421623461886 304.26421623461886 
gen 344 83489 304.2642162346188 5.684341886080802e-14 304.26421623461886 304.26421623461886 
gen 345 83731 304.2642162346188 5.684341886080802e-14 304.26421623461886 304.26421623461886 
gen 346 83973 304.2642162346188 5.684341886080802e-14 304.26421623461886 304.26421623461886 
gen 347 84215 304.2642162346188 5.684341886080802e-14 304.26421623461886 304.26421623461886 
gen 348 84457 304.2642162346188 5.684341886080802e-14 304.26421623461886 304.26421623461886 
gen 349 84699 304.2642162346188 5.684341886080802e-14 304.26421623461886 304.26421623461886 
gen 350 84941 304.2642162346188 5.684341886080802e-14 304.26421623461886 304.26421623461886 
[2, 6, 5, 10, 7, 8, 4, 9, 1, 0, 3, 3, 4, 7, 6, 5, 8, 10, 9, 0, 2, 1, 6, 5, 9, 0, 4, 1, 10, 8, 2, 3, 7, 1, 4, 3, 5, 10, 8, 0, 2, 7, 6, 9, 8, 6, 0, 5, 3, 9, 7, 4, 1, 2, 10, 1, 2, 4, 9, 7, 3, 5, 6, 10, 0, 8, 3, 0, 4, 8, 9, 7, 2, 1, 5, 10, 6, 10, 0, 9, 1, 7, 4, 6, 2, 8, 3, 5, 3, 6, 1, 5, 0, 2, 7, 10, 8, 4, 9, 3, 4, 9, 10, 7, 8, 5, 2, 0, 6, 1, 10, 0, 4, 9, 1, 8, 3, 6, 7, 2, 5]
min  304.26421623461886
NFE 84941
LSNFE 120
VLSNFE 19
runTime 161.20186185836792
