gen 0 121 763.2455100230085 148.47607570849317 527.2607329376859 1295.6386623206342 
gen 1 363 621.6987733787882 45.16997948742075 522.1692369387071 690.2271916644185 
gen 2 665 576.7085494949999 31.636683793559463 426.02931502993147 621.7036011870597 
gen 3 907 552.3123011457413 27.18079032599461 426.02931502993147 584.8380707750949 
gen 4 1149 535.6668176802692 25.441223531831234 426.02931502993147 565.104750971489 
gen 5 1391 518.7958649954872 23.411501790777955 426.02931502993147 547.6455116905158 
gen 6 1633 509.9174479896736 21.520270500137215 426.02931502993147 535.5837406164857 
gen 7 1875 500.7304869670282 21.542801367396947 426.02931502993147 525.0789307041316 
gen 8 2117 490.6827999378304 21.44659853965895 424.9297754330237 516.8477996888003 
gen 9 2359 480.03063316511475 19.03585851802675 424.9297754330237 502.2462165436028 
gen 10 2601 471.5598253921355 17.20952508514794 424.9297754330237 494.4558640840749 
gen 11 2843 462.4703364665453 17.66380443617712 400.5013759878799 483.99879658756566 
gen 12 3085 452.50879035244407 18.497388016969435 376.43645150579107 476.29794845468285 
gen 13 3327 447.6378746652157 16.16145603305519 376.43645150579107 467.5466339306435 
gen 14 3569 442.4497741254862 16.131827334122224 376.43645150579107 462.1320549468991 
gen 15 3811 437.3149510476899 16.573694353794973 376.43645150579107 454.9205795361132 
gen 16 4053 433.3180598217439 16.521915184190167 376.43645150579107 450.3170400023378 
gen 17 4295 427.41141756827926 17.161391871956184 361.23184205876055 444.80387465538854 
gen 18 4537 422.4151617762269 16.128019255927313 361.23184205876055 440.3061731940567 
gen 19 4779 417.6782763653189 14.846940529893985 361.23184205876055 435.62585106762305 
gen 20 5021 413.5713031733643 14.24108444574699 361.23184205876055 430.4890284507224 
gen 21 5263 408.9788654941946 13.890435700886039 361.23184205876055 424.9297754330237 
gen 22 5525 406.40847506319324 13.587620681706474 343.23500437712704 421.1360309125241 
gen 23 5767 402.59183581404636 12.6191086691222 343.23500437712704 416.8940473954894 
gen 24 6009 399.20660385840176 13.25932236804568 343.23500437712704 412.4317691865987 
gen 25 6261 396.3285977759596 13.106716495913673 342.79636358813957 409.1492660451832 
gen 26 6503 393.9456939016156 12.945993008515263 342.79636358813957 407.53798478597804 
gen 27 6745 389.4290566508872 12.585292582020578 342.79636358813957 404.91100820730253 
gen 28 6997 386.41788770093444 11.362595815873426 341.32758546201467 399.8522338112609 
gen 29 7239 384.1099459936499 10.263417061463008 341.32758546201467 396.77559017285523 
gen 30 7481 381.67262206752633 9.832525433463474 341.32758546201467 393.8871508428401 
gen 31 7723 378.4186690561481 9.32416291474411 341.32758546201467 389.86864964813566 
gen 32 7965 375.10826858821235 9.069191860635621 341.32758546201467 387.19210656955016 
gen 33 8207 371.59585399562695 8.559737639598687 341.32758546201467 381.70345295786507 
gen 34 8449 369.2799259610951 8.035774054630348 341.32758546201467 377.9817486464649 
gen 35 8691 367.8710105875251 7.687820607209088 341.32758546201467 376.58740596773885 
gen 36 8933 364.7376878015933 7.713814107248851 336.68808958319534 373.50308123494756 
gen 37 9175 363.61209436643446 7.235030647347715 336.68808958319534 371.81809177057806 
gen 38 9417 361.51035230300266 7.321813257864143 336.68808958319534 369.5312973890026 
gen 39 9659 360.5218323731836 6.93771703215499 336.68808958319534 368.4779396266374 
gen 40 9901 358.35904736403955 6.945294331420076 328.27322319852533 366.52558256078703 
gen 41 10143 356.20667189037255 6.5466536844977465 328.27322319852533 363.95910977759127 
gen 42 10385 354.5731868127384 6.1340751272681135 328.27322319852533 361.5332742056081 
gen 43 10627 352.86607153810684 6.12076902685485 328.27322319852533 359.41054519218125 
gen 44 10869 352.23364592081526 6.497869620135817 325.3846357264432 358.8703218146305 
gen 45 11111 350.9223471470963 6.297982617823655 325.3846357264432 357.6515376614722 
gen 46 11353 350.2606000358532 6.099195211702871 325.3846357264432 356.9612400227806 
gen 47 11615 348.9637971601334 6.570720705622335 322.22123931768306 356.127360644459 
gen 48 11857 348.1405696815055 6.320387385971645 322.22123931768306 355.2966624612081 
gen 49 12099 347.52773795843757 6.3434304138761695 322.22123931768306 354.7527029680633 
gen 50 12341 346.2459217691991 6.517713703642094 322.22123931768306 353.46745521976624 
gen 51 12583 345.47741240482947 6.195585794040542 322.22123931768306 352.67035319321906 
gen 52 12825 344.2169360340125 6.349043406248261 322.22123931768306 351.01823909035284 
gen 53 13067 343.8101420885658 6.117007537119041 322.22123931768306 350.5129463795008 
gen 54 13309 343.5016643443636 5.939787532826438 322.22123931768306 350.15804880015224 
gen 55 13561 342.7322744283082 5.862063557715931 317.54802618790353 348.65676856385187 
gen 56 13803 341.8447100961703 5.917022364654672 317.54802618790353 348.08435668200025 
gen 57 14045 341.46050846595864 5.758140994426265 317.54802618790353 347.3377584253235 
gen 58 14287 341.0196888905312 5.794917409090727 317.54802618790353 346.805958222274 
gen 59 14529 340.804869090085 5.691792418123375 317.54802618790353 346.5032989995262 
gen 60 14771 340.4770010550054 5.600937809028634 317.54802618790353 345.9995503891067 
gen 61 15013 339.9971805974004 5.398368344776522 317.54802618790353 345.37286280642314 
gen 62 15255 339.50852236642305 5.723862381931567 314.2802945958166 345.0581373726506 
gen 63 15497 338.64760331683544 5.920944450979691 314.2802945958166 344.7043467710746 
gen 64 15739 338.0594583693493 5.954632549644567 314.2802945958166 344.29531218324973 
gen 65 15981 336.9872825927008 5.939414790756067 314.2802945958166 343.24440052007554 
gen 66 16223 336.5046538870672 5.912542634765906 314.2802945958166 342.7912028582856 
gen 67 16465 335.7721821933777 5.832880452753953 314.2802945958166 342.24925060805464 
gen 68 16707 335.21360422587304 5.791815490319932 314.2802945958166 341.628967855317 
gen 69 16949 334.9192994091734 5.651910662508797 314.2802945958166 341.124553153161 
gen 70 17191 334.1579505745131 5.544249570658118 314.2802945958166 340.73222290530043 
gen 71 17433 333.13396118338244 5.486757486633895 314.2802945958166 339.749815552741 
gen 72 17675 332.149039648387 5.514516199644285 312.06381726859127 338.62073687816945 
gen 73 17917 331.2185540948416 5.3473624930319685 312.06381726859127 337.47567728391596 
gen 74 18159 330.08940645143394 5.1781873925544 312.06381726859127 336.3767454973837 
gen 75 18401 328.7818023496327 4.967764942111558 312.06381726859127 335.1168653742136 
gen 76 18643 327.69479785310034 4.549786747688194 312.06381726859127 333.4062942143583 
gen 77 18885 326.0635994407241 4.731022936211589 306.59392907172156 331.7798102032171 
gen 78 19137 325.0109143014906 4.855640114254719 300.7887246317463 330.1988792220642 
gen 79 19389 323.8929432187069 4.8632047401716 300.0554284186611 328.62531943476546 
gen 80 19631 322.431151330411 4.825690434848942 300.0554284186611 327.7955239563917 
gen 81 19873 321.4875480062897 4.4438642282830845 300.0554284186611 326.5708966889381 
gen 82 20115 320.51027711292494 3.876491940263284 300.0554284186611 324.4613605064469 
gen 83 20357 319.8565314783453 3.5318579969810067 300.0554284186611 322.9124652487244 
gen 84 20599 319.34855035679277 3.5209211999157777 300.0554284186611 321.7309819326831 
gen 85 20841 318.6297714713555 3.3967780708941278 300.0554284186611 321.7309819326831 
gen 86 21083 317.46631595861186 3.403151661390613 300.0554284186611 320.6059496328031 
gen 87 21325 316.9344614258801 3.2397563371323437 300.0554284186611 320.2186426024134 
gen 88 21567 316.29788171641894 3.154835539446597 300.0554284186611 318.94301943474204 
gen 89 21809 315.5123572393707 3.2791213181955503 300.0554284186611 318.68961269983413 
gen 90 22051 314.57196571190536 2.8904197315369027 300.0554284186611 317.62549541024146 
gen 91 22293 314.0282590016537 2.709120165339578 300.0554284186611 316.00813765462766 
gen 92 22535 313.35870783760356 2.6187115763957816 300.0554284186611 315.3730877688895 
gen 93 22777 312.6421749316482 2.746633892122657 300.0554284186611 315.3730877688895 
gen 94 23019 311.90892088330975 2.889205810369101 300.0554284186611 314.08526415505884 
gen 95 23261 311.126722807309 2.6678589480802963 300.0554284186611 314.08526415505884 
gen 96 23503 310.09844239834956 2.621344562306022 300.0554284186611 312.06381726859127 
gen 97 23745 309.0333537798351 3.1127027097858186 300.0554284186611 310.6532303943534 
gen 98 23987 308.9317544006228 3.0832167267014974 300.0554284186611 310.4669994947271 
gen 99 24229 308.4896685345048 3.296643304056619 300.0554284186611 310.4669994947271 
gen 100 24471 307.7893640327312 3.6577087364923098 300.0554284186611 310.165701519564 
gen 101 24713 306.74576515260367 4.1053684071705066 300.0554284186611 310.165701519564 
gen 102 24955 304.8335139909845 4.094022323127247 300.0554284186611 310.165701519564 
gen 103 25197 300.75595622338454 1.4065885541692622 300.0554284186611 305.06070483255303 
gen 104 25439 300.05542841866105 5.684341886080802e-14 300.0554284186611 300.0554284186611 
gen 105 25681 300.05542841866105 5.684341886080802e-14 300.0554284186611 300.0554284186611 
gen 106 25923 300.05542841866105 5.684341886080802e-14 300.0554284186611 300.0554284186611 
gen 107 26165 300.05542841866105 5.684341886080802e-14 300.0554284186611 300.0554284186611 
gen 108 26407 300.05542841866105 5.684341886080802e-14 300.0554284186611 300.0554284186611 
gen 109 26649 300.05542841866105 5.684341886080802e-14 300.0554284186611 300.0554284186611 
gen 110 26891 300.05542841866105 5.684341886080802e-14 300.0554284186611 300.0554284186611 
gen 111 27133 300.05542841866105 5.684341886080802e-14 300.0554284186611 300.0554284186611 
gen 112 27375 300.05542841866105 5.684341886080802e-14 300.0554284186611 300.0554284186611 
gen 113 27617 300.05542841866105 5.684341886080802e-14 300.0554284186611 300.0554284186611 
gen 114 27859 300.05542841866105 5.684341886080802e-14 300.0554284186611 300.0554284186611 
gen 115 28101 300.05542841866105 5.684341886080802e-14 300.0554284186611 300.0554284186611 
gen 116 28343 300.05542841866105 5.684341886080802e-14 300.0554284186611 300.0554284186611 
gen 117 28585 300.05542841866105 5.684341886080802e-14 300.0554284186611 300.0554284186611 
gen 118 28827 300.05542841866105 5.684341886080802e-14 300.0554284186611 300.0554284186611 
gen 119 29069 300.05542841866105 5.684341886080802e-14 300.0554284186611 300.0554284186611 
gen 120 29311 300.05542841866105 5.684341886080802e-14 300.0554284186611 300.0554284186611 
gen 121 29553 300.05542841866105 5.684341886080802e-14 300.0554284186611 300.0554284186611 
gen 122 29795 300.05542841866105 5.684341886080802e-14 300.0554284186611 300.0554284186611 
gen 123 30037 300.05542841866105 5.684341886080802e-14 300.0554284186611 300.0554284186611 
gen 124 30279 300.05542841866105 5.684341886080802e-14 300.0554284186611 300.0554284186611 
gen 125 30521 300.05542841866105 5.684341886080802e-14 300.0554284186611 300.0554284186611 
gen 126 30763 300.05542841866105 5.684341886080802e-14 300.0554284186611 300.0554284186611 
gen 127 31005 300.05542841866105 5.684341886080802e-14 300.0554284186611 300.0554284186611 
gen 128 31247 300.05542841866105 5.684341886080802e-14 300.0554284186611 300.0554284186611 
gen 129 31489 300.05542841866105 5.684341886080802e-14 300.0554284186611 300.0554284186611 
gen 130 31731 300.05542841866105 5.684341886080802e-14 300.0554284186611 300.0554284186611 
gen 131 31973 300.05542841866105 5.684341886080802e-14 300.0554284186611 300.0554284186611 
gen 132 32215 300.05542841866105 5.684341886080802e-14 300.0554284186611 300.0554284186611 
gen 133 32457 300.05542841866105 5.684341886080802e-14 300.0554284186611 300.0554284186611 
gen 134 32699 300.05542841866105 5.684341886080802e-14 300.0554284186611 300.0554284186611 
gen 135 32941 300.05542841866105 5.684341886080802e-14 300.0554284186611 300.0554284186611 
gen 136 33183 300.05542841866105 5.684341886080802e-14 300.0554284186611 300.0554284186611 
gen 137 33425 300.05542841866105 5.684341886080802e-14 300.0554284186611 300.0554284186611 
gen 138 33667 300.05542841866105 5.684341886080802e-14 300.0554284186611 300.0554284186611 
gen 139 33909 300.05542841866105 5.684341886080802e-14 300.0554284186611 300.0554284186611 
gen 140 34151 300.05542841866105 5.684341886080802e-14 300.0554284186611 300.0554284186611 
gen 141 34393 300.05542841866105 5.684341886080802e-14 300.0554284186611 300.0554284186611 
gen 142 34635 300.05542841866105 5.684341886080802e-14 300.0554284186611 300.0554284186611 
gen 143 34877 300.05542841866105 5.684341886080802e-14 300.0554284186611 300.0554284186611 
gen 144 35119 300.05542841866105 5.684341886080802e-14 300.0554284186611 300.0554284186611 
gen 145 35361 300.05542841866105 5.684341886080802e-14 300.0554284186611 300.0554284186611 
gen 146 35603 300.05542841866105 5.684341886080802e-14 300.0554284186611 300.0554284186611 
gen 147 35845 300.05542841866105 5.684341886080802e-14 300.0554284186611 300.0554284186611 
gen 148 36087 300.05542841866105 5.684341886080802e-14 300.0554284186611 300.0554284186611 
gen 149 36329 300.05542841866105 5.684341886080802e-14 300.0554284186611 300.0554284186611 
gen 150 36571 300.05542841866105 5.684341886080802e-14 300.0554284186611 300.0554284186611 
gen 151 36813 300.05542841866105 5.684341886080802e-14 300.0554284186611 300.0554284186611 
gen 152 37055 300.05542841866105 5.684341886080802e-14 300.0554284186611 300.0554284186611 
gen 153 37297 300.05542841866105 5.684341886080802e-14 300.0554284186611 300.0554284186611 
gen 154 37539 300.05542841866105 5.684341886080802e-14 300.0554284186611 300.0554284186611 
gen 155 37781 300.05542841866105 5.684341886080802e-14 300.0554284186611 300.0554284186611 
gen 156 38023 300.05542841866105 5.684341886080802e-14 300.0554284186611 300.0554284186611 
gen 157 38265 300.05542841866105 5.684341886080802e-14 300.0554284186611 300.0554284186611 
gen 158 38507 300.05542841866105 5.684341886080802e-14 300.0554284186611 300.0554284186611 
gen 159 38749 300.05542841866105 5.684341886080802e-14 300.0554284186611 300.0554284186611 
gen 160 38991 300.05542841866105 5.684341886080802e-14 300.0554284186611 300.0554284186611 
gen 161 39233 300.05542841866105 5.684341886080802e-14 300.0554284186611 300.0554284186611 
gen 162 39475 300.05542841866105 5.684341886080802e-14 300.0554284186611 300.0554284186611 
gen 163 39717 300.05542841866105 5.684341886080802e-14 300.0554284186611 300.0554284186611 
gen 164 39959 300.05542841866105 5.684341886080802e-14 300.0554284186611 300.0554284186611 
gen 165 40201 300.05542841866105 5.684341886080802e-14 300.0554284186611 300.0554284186611 
gen 166 40443 300.05542841866105 5.684341886080802e-14 300.0554284186611 300.0554284186611 
gen 167 40685 300.05542841866105 5.684341886080802e-14 300.0554284186611 300.0554284186611 
gen 168 40927 300.05542841866105 5.684341886080802e-14 300.0554284186611 300.0554284186611 
gen 169 41169 300.05542841866105 5.684341886080802e-14 300.0554284186611 300.0554284186611 
gen 170 41411 300.05542841866105 5.684341886080802e-14 300.0554284186611 300.0554284186611 
gen 171 41653 300.05542841866105 5.684341886080802e-14 300.0554284186611 300.0554284186611 
gen 172 41895 300.05542841866105 5.684341886080802e-14 300.0554284186611 300.0554284186611 
gen 173 42137 300.05542841866105 5.684341886080802e-14 300.0554284186611 300.0554284186611 
gen 174 42379 300.05542841866105 5.684341886080802e-14 300.0554284186611 300.0554284186611 
gen 175 42621 300.05542841866105 5.684341886080802e-14 300.0554284186611 300.0554284186611 
gen 176 42863 300.05542841866105 5.684341886080802e-14 300.0554284186611 300.0554284186611 
gen 177 43105 300.05542841866105 5.684341886080802e-14 300.0554284186611 300.0554284186611 
gen 178 43347 300.05542841866105 5.684341886080802e-14 300.0554284186611 300.0554284186611 
gen 179 43589 300.05542841866105 5.684341886080802e-14 300.0554284186611 300.0554284186611 
gen 180 43831 300.05542841866105 5.684341886080802e-14 300.0554284186611 300.0554284186611 
gen 181 44073 300.05542841866105 5.684341886080802e-14 300.0554284186611 300.0554284186611 
gen 182 44315 300.05542841866105 5.684341886080802e-14 300.0554284186611 300.0554284186611 
gen 183 44557 300.05542841866105 5.684341886080802e-14 300.0554284186611 300.0554284186611 
gen 184 44799 300.05542841866105 5.684341886080802e-14 300.0554284186611 300.0554284186611 
gen 185 45041 300.05542841866105 5.684341886080802e-14 300.0554284186611 300.0554284186611 
gen 186 45283 300.05542841866105 5.684341886080802e-14 300.0554284186611 300.0554284186611 
gen 187 45525 300.05542841866105 5.684341886080802e-14 300.0554284186611 300.0554284186611 
gen 188 45767 300.05542841866105 5.684341886080802e-14 300.0554284186611 300.0554284186611 
gen 189 46009 300.05542841866105 5.684341886080802e-14 300.0554284186611 300.0554284186611 
gen 190 46251 300.05542841866105 5.684341886080802e-14 300.0554284186611 300.0554284186611 
gen 191 46493 300.05542841866105 5.684341886080802e-14 300.0554284186611 300.0554284186611 
gen 192 46735 300.05542841866105 5.684341886080802e-14 300.0554284186611 300.0554284186611 
gen 193 46977 300.05542841866105 5.684341886080802e-14 300.0554284186611 300.0554284186611 
gen 194 47219 300.05542841866105 5.684341886080802e-14 300.0554284186611 300.0554284186611 
gen 195 47461 300.05542841866105 5.684341886080802e-14 300.0554284186611 300.0554284186611 
gen 196 47703 300.05542841866105 5.684341886080802e-14 300.0554284186611 300.0554284186611 
gen 197 47945 300.05542841866105 5.684341886080802e-14 300.0554284186611 300.0554284186611 
gen 198 48187 300.05542841866105 5.684341886080802e-14 300.0554284186611 300.0554284186611 
gen 199 48429 300.05542841866105 5.684341886080802e-14 300.0554284186611 300.0554284186611 
gen 200 48671 300.05542841866105 5.684341886080802e-14 300.0554284186611 300.0554284186611 
gen 201 48913 300.05542841866105 5.684341886080802e-14 300.0554284186611 300.0554284186611 
gen 202 49155 300.05542841866105 5.684341886080802e-14 300.0554284186611 300.0554284186611 
gen 203 49397 300.05542841866105 5.684341886080802e-14 300.0554284186611 300.0554284186611 
gen 204 49639 300.05542841866105 5.684341886080802e-14 300.0554284186611 300.0554284186611 
gen 205 49881 300.05542841866105 5.684341886080802e-14 300.0554284186611 300.0554284186611 
gen 206 50123 300.05542841866105 5.684341886080802e-14 300.0554284186611 300.0554284186611 
gen 207 50365 300.05542841866105 5.684341886080802e-14 300.0554284186611 300.0554284186611 
gen 208 50607 300.05542841866105 5.684341886080802e-14 300.0554284186611 300.0554284186611 
gen 209 50849 300.05542841866105 5.684341886080802e-14 300.0554284186611 300.0554284186611 
gen 210 51091 300.05542841866105 5.684341886080802e-14 300.0554284186611 300.0554284186611 
gen 211 51333 300.05542841866105 5.684341886080802e-14 300.0554284186611 300.0554284186611 
gen 212 51575 300.05542841866105 5.684341886080802e-14 300.0554284186611 300.0554284186611 
gen 213 51817 300.05542841866105 5.684341886080802e-14 300.0554284186611 300.0554284186611 
gen 214 52059 300.05542841866105 5.684341886080802e-14 300.0554284186611 300.0554284186611 
gen 215 52301 300.05542841866105 5.684341886080802e-14 300.0554284186611 300.0554284186611 
gen 216 52543 300.05542841866105 5.684341886080802e-14 300.0554284186611 300.0554284186611 
gen 217 52785 300.05542841866105 5.684341886080802e-14 300.0554284186611 300.0554284186611 
gen 218 53027 300.05542841866105 5.684341886080802e-14 300.0554284186611 300.0554284186611 
gen 219 53269 300.05542841866105 5.684341886080802e-14 300.0554284186611 300.0554284186611 
gen 220 53511 300.05542841866105 5.684341886080802e-14 300.0554284186611 300.0554284186611 
gen 221 53753 300.05542841866105 5.684341886080802e-14 300.0554284186611 300.0554284186611 
gen 222 53995 300.05542841866105 5.684341886080802e-14 300.0554284186611 300.0554284186611 
gen 223 54237 300.05542841866105 5.684341886080802e-14 300.0554284186611 300.0554284186611 
gen 224 54479 300.05542841866105 5.684341886080802e-14 300.0554284186611 300.0554284186611 
gen 225 54721 300.05542841866105 5.684341886080802e-14 300.0554284186611 300.0554284186611 
gen 226 54963 300.05542841866105 5.684341886080802e-14 300.0554284186611 300.0554284186611 
gen 227 55205 300.05542841866105 5.684341886080802e-14 300.0554284186611 300.0554284186611 
gen 228 55447 300.05542841866105 5.684341886080802e-14 300.0554284186611 300.0554284186611 
gen 229 55689 300.05542841866105 5.684341886080802e-14 300.0554284186611 300.0554284186611 
gen 230 55931 300.05542841866105 5.684341886080802e-14 300.0554284186611 300.0554284186611 
gen 231 56173 300.05542841866105 5.684341886080802e-14 300.0554284186611 300.0554284186611 
gen 232 56415 300.05542841866105 5.684341886080802e-14 300.0554284186611 300.0554284186611 
gen 233 56657 300.05542841866105 5.684341886080802e-14 300.0554284186611 300.0554284186611 
gen 234 56899 300.05542841866105 5.684341886080802e-14 300.0554284186611 300.0554284186611 
gen 235 57141 300.05542841866105 5.684341886080802e-14 300.0554284186611 300.0554284186611 
gen 236 57383 300.05542841866105 5.684341886080802e-14 300.0554284186611 300.0554284186611 
gen 237 57625 300.05542841866105 5.684341886080802e-14 300.0554284186611 300.0554284186611 
gen 238 57867 300.05542841866105 5.684341886080802e-14 300.0554284186611 300.0554284186611 
gen 239 58109 300.05542841866105 5.684341886080802e-14 300.0554284186611 300.0554284186611 
gen 240 58351 300.05542841866105 5.684341886080802e-14 300.0554284186611 300.0554284186611 
gen 241 58593 300.05542841866105 5.684341886080802e-14 300.0554284186611 300.0554284186611 
gen 242 58835 300.05542841866105 5.684341886080802e-14 300.0554284186611 300.0554284186611 
gen 243 59077 300.05542841866105 5.684341886080802e-14 300.0554284186611 300.0554284186611 
gen 244 59319 300.05542841866105 5.684341886080802e-14 300.0554284186611 300.0554284186611 
gen 245 59561 300.05542841866105 5.684341886080802e-14 300.0554284186611 300.0554284186611 
gen 246 59803 300.05542841866105 5.684341886080802e-14 300.0554284186611 300.0554284186611 
gen 247 60045 300.05542841866105 5.684341886080802e-14 300.0554284186611 300.0554284186611 
gen 248 60287 300.05542841866105 5.684341886080802e-14 300.0554284186611 300.0554284186611 
gen 249 60529 300.05542841866105 5.684341886080802e-14 300.0554284186611 300.0554284186611 
gen 250 60771 300.05542841866105 5.684341886080802e-14 300.0554284186611 300.0554284186611 
gen 251 61013 300.05542841866105 5.684341886080802e-14 300.0554284186611 300.0554284186611 
gen 252 61255 300.05542841866105 5.684341886080802e-14 300.0554284186611 300.0554284186611 
gen 253 61497 300.05542841866105 5.684341886080802e-14 300.0554284186611 300.0554284186611 
gen 254 61739 300.05542841866105 5.684341886080802e-14 300.0554284186611 300.0554284186611 
gen 255 61981 300.05542841866105 5.684341886080802e-14 300.0554284186611 300.0554284186611 
gen 256 62223 300.05542841866105 5.684341886080802e-14 300.0554284186611 300.0554284186611 
gen 257 62465 300.05542841866105 5.684341886080802e-14 300.0554284186611 300.0554284186611 
gen 258 62707 300.05542841866105 5.684341886080802e-14 300.0554284186611 300.0554284186611 
gen 259 62949 300.05542841866105 5.684341886080802e-14 300.0554284186611 300.0554284186611 
gen 260 63191 300.05542841866105 5.684341886080802e-14 300.0554284186611 300.0554284186611 
gen 261 63433 300.05542841866105 5.684341886080802e-14 300.0554284186611 300.0554284186611 
gen 262 63675 300.05542841866105 5.684341886080802e-14 300.0554284186611 300.0554284186611 
gen 263 63917 300.05542841866105 5.684341886080802e-14 300.0554284186611 300.0554284186611 
gen 264 64159 300.05542841866105 5.684341886080802e-14 300.0554284186611 300.0554284186611 
gen 265 64401 300.05542841866105 5.684341886080802e-14 300.0554284186611 300.0554284186611 
gen 266 64643 300.05542841866105 5.684341886080802e-14 300.0554284186611 300.0554284186611 
gen 267 64885 300.05542841866105 5.684341886080802e-14 300.0554284186611 300.0554284186611 
gen 268 65127 300.05542841866105 5.684341886080802e-14 300.0554284186611 300.0554284186611 
gen 269 65369 300.05542841866105 5.684341886080802e-14 300.0554284186611 300.0554284186611 
gen 270 65611 300.05542841866105 5.684341886080802e-14 300.0554284186611 300.0554284186611 
gen 271 65853 300.05542841866105 5.684341886080802e-14 300.0554284186611 300.0554284186611 
gen 272 66095 300.05542841866105 5.684341886080802e-14 300.0554284186611 300.0554284186611 
gen 273 66337 300.05542841866105 5.684341886080802e-14 300.0554284186611 300.0554284186611 
gen 274 66579 300.05542841866105 5.684341886080802e-14 300.0554284186611 300.0554284186611 
gen 275 66821 300.05542841866105 5.684341886080802e-14 300.0554284186611 300.0554284186611 
gen 276 67063 300.05542841866105 5.684341886080802e-14 300.0554284186611 300.0554284186611 
gen 277 67305 300.05542841866105 5.684341886080802e-14 300.0554284186611 300.0554284186611 
gen 278 67547 300.05542841866105 5.684341886080802e-14 300.0554284186611 300.0554284186611 
gen 279 67789 300.05542841866105 5.684341886080802e-14 300.0554284186611 300.0554284186611 
gen 280 68031 300.05542841866105 5.684341886080802e-14 300.0554284186611 300.0554284186611 
gen 281 68273 300.05542841866105 5.684341886080802e-14 300.0554284186611 300.0554284186611 
gen 282 68515 300.05542841866105 5.684341886080802e-14 300.0554284186611 300.0554284186611 
gen 283 68757 300.05542841866105 5.684341886080802e-14 300.0554284186611 300.0554284186611 
gen 284 68999 300.05542841866105 5.684341886080802e-14 300.0554284186611 300.0554284186611 
gen 285 69241 300.05542841866105 5.684341886080802e-14 300.0554284186611 300.0554284186611 
gen 286 69483 300.05542841866105 5.684341886080802e-14 300.0554284186611 300.0554284186611 
gen 287 69725 300.05542841866105 5.684341886080802e-14 300.0554284186611 300.0554284186611 
gen 288 69967 300.05542841866105 5.684341886080802e-14 300.0554284186611 300.0554284186611 
gen 289 70209 300.05542841866105 5.684341886080802e-14 300.0554284186611 300.0554284186611 
gen 290 70451 300.05542841866105 5.684341886080802e-14 300.0554284186611 300.0554284186611 
gen 291 70693 300.05542841866105 5.684341886080802e-14 300.0554284186611 300.0554284186611 
gen 292 70935 300.05542841866105 5.684341886080802e-14 300.0554284186611 300.0554284186611 
gen 293 71177 300.05542841866105 5.684341886080802e-14 300.0554284186611 300.0554284186611 
gen 294 71419 300.05542841866105 5.684341886080802e-14 300.0554284186611 300.0554284186611 
gen 295 71661 300.05542841866105 5.684341886080802e-14 300.0554284186611 300.0554284186611 
gen 296 71903 300.05542841866105 5.684341886080802e-14 300.0554284186611 300.0554284186611 
gen 297 72145 300.05542841866105 5.684341886080802e-14 300.0554284186611 300.0554284186611 
gen 298 72387 300.05542841866105 5.684341886080802e-14 300.0554284186611 300.0554284186611 
gen 299 72629 300.05542841866105 5.684341886080802e-14 300.0554284186611 300.0554284186611 
gen 300 72871 300.05542841866105 5.684341886080802e-14 300.0554284186611 300.0554284186611 
gen 301 73113 300.05542841866105 5.684341886080802e-14 300.0554284186611 300.0554284186611 
gen 302 73355 300.05542841866105 5.684341886080802e-14 300.0554284186611 300.0554284186611 
gen 303 73597 300.05542841866105 5.684341886080802e-14 300.0554284186611 300.0554284186611 
gen 304 73839 300.05542841866105 5.684341886080802e-14 300.0554284186611 300.0554284186611 
gen 305 74081 300.05542841866105 5.684341886080802e-14 300.0554284186611 300.0554284186611 
gen 306 74323 300.05542841866105 5.684341886080802e-14 300.0554284186611 300.0554284186611 
gen 307 74565 300.05542841866105 5.684341886080802e-14 300.0554284186611 300.0554284186611 
gen 308 74807 300.05542841866105 5.684341886080802e-14 300.0554284186611 300.0554284186611 
gen 309 75049 300.05542841866105 5.684341886080802e-14 300.0554284186611 300.0554284186611 
gen 310 75291 300.05542841866105 5.684341886080802e-14 300.0554284186611 300.0554284186611 
gen 311 75533 300.05542841866105 5.684341886080802e-14 300.0554284186611 300.0554284186611 
gen 312 75775 300.05542841866105 5.684341886080802e-14 300.0554284186611 300.0554284186611 
gen 313 76017 300.05542841866105 5.684341886080802e-14 300.0554284186611 300.0554284186611 
gen 314 76259 300.05542841866105 5.684341886080802e-14 300.0554284186611 300.0554284186611 
gen 315 76501 300.05542841866105 5.684341886080802e-14 300.0554284186611 300.0554284186611 
gen 316 76743 300.05542841866105 5.684341886080802e-14 300.0554284186611 300.0554284186611 
gen 317 76985 300.05542841866105 5.684341886080802e-14 300.0554284186611 300.0554284186611 
gen 318 77227 300.05542841866105 5.684341886080802e-14 300.0554284186611 300.0554284186611 
gen 319 77469 300.05542841866105 5.684341886080802e-14 300.0554284186611 300.0554284186611 
gen 320 77711 300.05542841866105 5.684341886080802e-14 300.0554284186611 300.0554284186611 
gen 321 77953 300.05542841866105 5.684341886080802e-14 300.0554284186611 300.0554284186611 
gen 322 78195 300.05542841866105 5.684341886080802e-14 300.0554284186611 300.0554284186611 
gen 323 78437 300.05542841866105 5.684341886080802e-14 300.0554284186611 300.0554284186611 
gen 324 78679 300.05542841866105 5.684341886080802e-14 300.0554284186611 300.0554284186611 
gen 325 78921 300.05542841866105 5.684341886080802e-14 300.0554284186611 300.0554284186611 
gen 326 79163 300.05542841866105 5.684341886080802e-14 300.0554284186611 300.0554284186611 
gen 327 79405 300.05542841866105 5.684341886080802e-14 300.0554284186611 300.0554284186611 
gen 328 79647 300.05542841866105 5.684341886080802e-14 300.0554284186611 300.0554284186611 
gen 329 79889 300.05542841866105 5.684341886080802e-14 300.0554284186611 300.0554284186611 
gen 330 80131 300.05542841866105 5.684341886080802e-14 300.0554284186611 300.0554284186611 
gen 331 80373 300.05542841866105 5.684341886080802e-14 300.0554284186611 300.0554284186611 
gen 332 80615 300.05542841866105 5.684341886080802e-14 300.0554284186611 300.0554284186611 
gen 333 80857 300.05542841866105 5.684341886080802e-14 300.0554284186611 300.0554284186611 
gen 334 81099 300.05542841866105 5.684341886080802e-14 300.0554284186611 300.0554284186611 
gen 335 81341 300.05542841866105 5.684341886080802e-14 300.0554284186611 300.0554284186611 
gen 336 81583 300.05542841866105 5.684341886080802e-14 300.0554284186611 300.0554284186611 
gen 337 81825 300.05542841866105 5.684341886080802e-14 300.0554284186611 300.0554284186611 
gen 338 82067 300.05542841866105 5.684341886080802e-14 300.0554284186611 300.0554284186611 
gen 339 82309 300.05542841866105 5.684341886080802e-14 300.0554284186611 300.0554284186611 
gen 340 82551 300.05542841866105 5.684341886080802e-14 300.0554284186611 300.0554284186611 
gen 341 82793 300.05542841866105 5.684341886080802e-14 300.0554284186611 300.0554284186611 
gen 342 83035 300.05542841866105 5.684341886080802e-14 300.0554284186611 300.0554284186611 
gen 343 83277 300.05542841866105 5.684341886080802e-14 300.0554284186611 300.0554284186611 
gen 344 83519 300.05542841866105 5.684341886080802e-14 300.0554284186611 300.0554284186611 
gen 345 83761 300.05542841866105 5.684341886080802e-14 300.0554284186611 300.0554284186611 
gen 346 84003 300.05542841866105 5.684341886080802e-14 300.0554284186611 300.0554284186611 
gen 347 84245 300.05542841866105 5.684341886080802e-14 300.0554284186611 300.0554284186611 
gen 348 84487 300.05542841866105 5.684341886080802e-14 300.0554284186611 300.0554284186611 
gen 349 84729 300.05542841866105 5.684341886080802e-14 300.0554284186611 300.0554284186611 
[6, 4, 2, 5, 3, 0, 8, 1, 10, 9, 7, 3, 6, 7, 8, 4, 2, 5, 9, 10, 0, 1, 10, 3, 9, 2, 4, 5, 1, 0, 8, 7, 6, 1, 4, 10, 9, 0, 2, 8, 7, 3, 5, 6, 8, 3, 0, 4, 5, 1, 6, 7, 10, 2, 9, 0, 4, 9, 10, 7, 8, 5, 3, 2, 1, 6, 4, 6, 2, 5, 10, 8, 0, 7, 3, 9, 1, 4, 5, 10, 0, 6, 8, 3, 9, 2, 1, 7, 3, 1, 4, 8, 7, 9, 10, 6, 5, 0, 2, 8, 3, 5, 6, 7, 4, 9, 1, 10, 0, 2, 7, 0, 4, 9, 10, 5, 8, 1, 3, 2, 6]
min  300.0554284186611
NFE 84729
LSNFE 150
VLSNFE 21
runTime 145.44318342208862
