gen 0 121 768.1536318028919 148.3381010566511 503.2332478263745 1375.766056104623 
gen 1 363 625.9068321749882 46.84146322372286 503.2332478263745 693.9012939846731 
gen 2 605 572.0497489780482 36.48746816363958 452.4766978742816 623.0155524862286 
gen 3 847 553.7566813044003 28.56202801917128 452.4766978742816 589.4787691238538 
gen 4 1089 534.76554907098 27.351719143822912 418.4322763234114 568.0298525909159 
gen 5 1331 518.7423526275293 25.221320871305817 418.4322763234114 550.6115104231136 
gen 6 1623 503.75058138790143 24.137381845236057 367.0007310354842 533.9937151979932 
gen 7 1865 495.6251592483452 23.23367718656371 367.0007310354842 522.4529646124201 
gen 8 2117 486.8745857141281 21.49163982367345 365.9731153310204 511.030759666413 
gen 9 2359 477.44222056497836 21.22102024835359 365.9731153310204 500.67192746694013 
gen 10 2601 471.46703421008993 20.033426761084126 365.9731153310204 494.0979125501345 
gen 11 2843 464.55941609082004 20.05373967401377 365.9731153310204 486.58203250935605 
gen 12 3085 458.71871434271776 19.14007966936963 365.9731153310204 481.28331976942377 
gen 13 3327 452.9595550613804 18.761057094110793 365.9731153310204 474.1799100243439 
gen 14 3569 447.0675733860937 17.08794631178839 365.9731153310204 465.74129081164324 
gen 15 3811 442.6573098360014 16.498223470313977 365.9731153310204 461.227541341048 
gen 16 4053 437.9133814496289 15.267482488108385 365.9731153310204 455.89340113094465 
gen 17 4295 432.0060783751601 14.659797573032145 365.9731153310204 449.3520090027909 
gen 18 4547 425.42619473669686 13.324541994733199 359.2747047654572 442.99829496861 
gen 19 4789 421.51551133550146 12.806537970322989 359.2747047654572 438.4161816732617 
gen 20 5031 416.8504755840474 12.932270978576561 359.2747047654572 433.02972219073 
gen 21 5273 412.11279997782447 13.077943809131021 359.2747047654572 426.33129162947296 
gen 22 5515 408.8268644091312 12.977148912100352 359.2747047654572 423.2662778887153 
gen 23 5757 406.5068691230262 12.762010353613974 359.2747047654572 420.8658056522789 
gen 24 5999 403.9820057857388 12.730165920301726 359.2747047654572 418.34447480010346 
gen 25 6241 401.14538421347976 11.929722554700263 359.2747047654572 414.76185624628727 
gen 26 6503 398.43316826943027 11.55048120964149 352.22654672581757 412.0068163975918 
gen 27 6745 395.23265971027854 11.062940773152476 352.22654672581757 408.4447780215114 
gen 28 6987 392.7155492670249 10.369237639491825 352.22654672581757 404.409172540539 
gen 29 7229 389.68190932727794 9.77853661431675 352.22654672581757 401.04316720711853 
gen 30 7471 386.1991084584773 10.07326153441237 352.22654672581757 397.9569783456179 
gen 31 7713 383.20814162984965 9.856557091181376 352.22654672581757 395.2025954685034 
gen 32 7955 380.770336904269 9.7948613007057 347.1389027483497 393.18498193246563 
gen 33 8197 378.57862226429353 9.068355704447502 347.1389027483497 390.39983090365706 
gen 34 8439 375.84040406977624 8.88604510071116 346.58230435685056 387.3151272925798 
gen 35 8681 373.2652427140629 8.182585353180528 346.58230435685056 383.46529814672004 
gen 36 8923 370.63332356232434 9.063027080003955 336.5726680606325 380.83406821843425 
gen 37 9175 369.2469327632323 8.644547028894516 334.5169553177555 379.1500901953014 
gen 38 9417 367.9137593341721 8.320776902301166 334.5169553177555 377.4856099780409 
gen 39 9669 365.1997205134366 8.702258731950035 333.243792870654 375.1171828445479 
gen 40 9911 362.2318542375076 8.573342580120867 333.243792870654 372.4024229112026 
gen 41 10173 360.1692597191135 8.655381413520352 321.7487655787042 369.8033076801702 
gen 42 10415 358.6330821606412 8.549540257014646 321.7487655787042 367.7572475473532 
gen 43 10657 357.3880640534901 8.215177875535288 321.7487655787042 365.66486349081686 
gen 44 10899 354.9985099870222 8.124884232095578 321.7487655787042 364.0869031986693 
gen 45 11141 353.61174128922016 7.5597268164422795 321.7487655787042 361.7931807298588 
gen 46 11383 352.19914782252306 7.36039541148278 321.7487655787042 360.5003014492727 
gen 47 11625 350.3154970205413 6.79499220498696 321.7487655787042 358.375448978749 
gen 48 11867 349.11620657029073 6.343275024576059 321.7487655787042 356.2961446339796 
gen 49 12109 347.47386100160463 6.177473886502648 321.7487655787042 354.42426967389576 
gen 50 12351 346.251332911063 5.6893156328318675 321.7487655787042 352.33925167909354 
gen 51 12593 345.8273738398468 5.510908885427618 321.7487655787042 351.75830034817466 
gen 52 12835 344.80016907491733 5.523677934274513 321.7487655787042 350.4324433400518 
gen 53 13077 342.8567002435341 6.656724008121779 321.7487655787042 348.97587972610347 
gen 54 13319 341.34084595956745 7.025128368844784 321.7487655787042 348.155349916742 
gen 55 13561 340.59312427846805 6.9174328256829885 321.7487655787042 347.86649913197186 
gen 56 13803 338.7340450643252 7.002332011888004 321.7487655787042 346.09207697770603 
gen 57 14045 336.2718462904076 7.123556004456198 321.7487655787042 343.9556852203305 
gen 58 14287 331.73872006543314 6.598575002129515 320.9652522704423 340.7421038741127 
gen 59 14529 327.97545274098314 5.056688453323168 320.51681230131186 336.242106570911 
gen 60 14771 323.6052553149685 2.4635880533285124 318.42047734492684 327.79888254136773 
gen 61 15013 321.4069699304528 1.2664012252963013 313.5840072741886 322.452079833586 
gen 62 15255 320.9439905624751 2.009347190148597 312.45553824703626 321.75322763289137 
gen 63 15497 320.3038822994676 2.6424729989571567 312.45553824703626 321.75022471407186 
gen 64 15739 319.3984900937251 3.0866980202381304 312.45553824703626 321.7487655787042 
gen 65 15981 317.9973651698387 3.127011016432603 312.45553824703626 321.7487655787042 
gen 66 16223 315.5874478625722 2.100105161368634 312.45553824703626 318.9812024495609 
gen 67 16465 313.8077616132317 1.0630859928119825 310.569500423397 315.4999682773346 
gen 68 16707 312.9707621839846 0.5288444981410136 310.569500423397 313.5840072741886 
gen 69 16949 312.4910092156896 0.25542214490218895 310.569500423397 312.91256457807594 
gen 70 17191 312.3508092155974 0.5293452029439321 308.4558425552963 312.45553824703626 
gen 71 17433 312.29561806000726 0.6263197426833369 308.4558425552963 312.45553824703626 
gen 72 17675 312.0397164761099 1.1075081080053857 308.1659877150849 312.45553824703626 
gen 73 17917 311.7349037037191 1.392343152171036 308.1659877150849 312.45553824703626 
gen 74 18159 311.0570028968943 1.7237872653786908 308.1659877150849 312.45553824703626 
gen 75 18401 309.3545897626408 1.1355843191906312 308.1659877150849 311.67995392871666 
gen 76 18643 308.254402819932 0.12310960269793639 308.1659877150849 308.4558425552963 
gen 77 18885 308.1659877150849 0.0 308.1659877150849 308.1659877150849 
gen 78 19127 308.1659877150849 0.0 308.1659877150849 308.1659877150849 
gen 79 19369 308.1659877150849 0.0 308.1659877150849 308.1659877150849 
gen 80 19611 308.1659877150849 0.0 308.1659877150849 308.1659877150849 
gen 81 19853 308.1659877150849 0.0 308.1659877150849 308.1659877150849 
gen 82 20095 308.1659877150849 0.0 308.1659877150849 308.1659877150849 
gen 83 20337 308.1659877150849 0.0 308.1659877150849 308.1659877150849 
gen 84 20579 308.1659877150849 0.0 308.1659877150849 308.1659877150849 
gen 85 20821 308.1659877150849 0.0 308.1659877150849 308.1659877150849 
gen 86 21063 308.1659877150849 0.0 308.1659877150849 308.1659877150849 
gen 87 21305 308.1659877150849 0.0 308.1659877150849 308.1659877150849 
gen 88 21547 308.1659877150849 0.0 308.1659877150849 308.1659877150849 
gen 89 21789 308.1659877150849 0.0 308.1659877150849 308.1659877150849 
gen 90 22031 308.1659877150849 0.0 308.1659877150849 308.1659877150849 
gen 91 22273 308.1659877150849 0.0 308.1659877150849 308.1659877150849 
gen 92 22515 308.1659877150849 0.0 308.1659877150849 308.1659877150849 
gen 93 22757 308.1659877150849 0.0 308.1659877150849 308.1659877150849 
gen 94 22999 308.1659877150849 0.0 308.1659877150849 308.1659877150849 
gen 95 23241 308.1659877150849 0.0 308.1659877150849 308.1659877150849 
gen 96 23483 308.1659877150849 0.0 308.1659877150849 308.1659877150849 
gen 97 23725 308.1659877150849 0.0 308.1659877150849 308.1659877150849 
gen 98 23967 308.1659877150849 0.0 308.1659877150849 308.1659877150849 
gen 99 24209 308.1659877150849 0.0 308.1659877150849 308.1659877150849 
gen 100 24451 308.1659877150849 0.0 308.1659877150849 308.1659877150849 
gen 101 24693 308.1659877150849 0.0 308.1659877150849 308.1659877150849 
gen 102 24935 308.1659877150849 0.0 308.1659877150849 308.1659877150849 
gen 103 25177 308.1659877150849 0.0 308.1659877150849 308.1659877150849 
gen 104 25419 308.1659877150849 0.0 308.1659877150849 308.1659877150849 
gen 105 25661 308.1659877150849 0.0 308.1659877150849 308.1659877150849 
gen 106 25903 308.1659877150849 0.0 308.1659877150849 308.1659877150849 
gen 107 26145 308.1659877150849 0.0 308.1659877150849 308.1659877150849 
gen 108 26387 308.1659877150849 0.0 308.1659877150849 308.1659877150849 
gen 109 26629 308.1659877150849 0.0 308.1659877150849 308.1659877150849 
gen 110 26871 308.1659877150849 0.0 308.1659877150849 308.1659877150849 
gen 111 27113 308.1659877150849 0.0 308.1659877150849 308.1659877150849 
gen 112 27355 308.1659877150849 0.0 308.1659877150849 308.1659877150849 
gen 113 27597 308.1659877150849 0.0 308.1659877150849 308.1659877150849 
gen 114 27839 308.1659877150849 0.0 308.1659877150849 308.1659877150849 
gen 115 28081 308.1659877150849 0.0 308.1659877150849 308.1659877150849 
gen 116 28323 308.1659877150849 0.0 308.1659877150849 308.1659877150849 
gen 117 28565 308.1659877150849 0.0 308.1659877150849 308.1659877150849 
gen 118 28807 308.1659877150849 0.0 308.1659877150849 308.1659877150849 
gen 119 29049 308.1659877150849 0.0 308.1659877150849 308.1659877150849 
gen 120 29291 308.1659877150849 0.0 308.1659877150849 308.1659877150849 
gen 121 29533 308.1659877150849 0.0 308.1659877150849 308.1659877150849 
gen 122 29775 308.1659877150849 0.0 308.1659877150849 308.1659877150849 
gen 123 30017 308.1659877150849 0.0 308.1659877150849 308.1659877150849 
gen 124 30259 308.1659877150849 0.0 308.1659877150849 308.1659877150849 
gen 125 30501 308.1659877150849 0.0 308.1659877150849 308.1659877150849 
gen 126 30743 308.1659877150849 0.0 308.1659877150849 308.1659877150849 
gen 127 30985 308.1659877150849 0.0 308.1659877150849 308.1659877150849 
gen 128 31227 308.1659877150849 0.0 308.1659877150849 308.1659877150849 
gen 129 31469 308.1659877150849 0.0 308.1659877150849 308.1659877150849 
gen 130 31711 308.1659877150849 0.0 308.1659877150849 308.1659877150849 
gen 131 31953 308.1659877150849 0.0 308.1659877150849 308.1659877150849 
gen 132 32195 308.1659877150849 0.0 308.1659877150849 308.1659877150849 
gen 133 32437 308.1659877150849 0.0 308.1659877150849 308.1659877150849 
gen 134 32679 308.1659877150849 0.0 308.1659877150849 308.1659877150849 
gen 135 32921 308.1659877150849 0.0 308.1659877150849 308.1659877150849 
gen 136 33163 308.1659877150849 0.0 308.1659877150849 308.1659877150849 
gen 137 33405 308.1659877150849 0.0 308.1659877150849 308.1659877150849 
gen 138 33647 308.1659877150849 0.0 308.1659877150849 308.1659877150849 
gen 139 33889 308.1659877150849 0.0 308.1659877150849 308.1659877150849 
gen 140 34131 308.1659877150849 0.0 308.1659877150849 308.1659877150849 
gen 141 34373 308.1659877150849 0.0 308.1659877150849 308.1659877150849 
gen 142 34615 308.1659877150849 0.0 308.1659877150849 308.1659877150849 
gen 143 34857 308.1659877150849 0.0 308.1659877150849 308.1659877150849 
gen 144 35099 308.1659877150849 0.0 308.1659877150849 308.1659877150849 
gen 145 35341 308.1659877150849 0.0 308.1659877150849 308.1659877150849 
gen 146 35583 308.1659877150849 0.0 308.1659877150849 308.1659877150849 
gen 147 35825 308.1659877150849 0.0 308.1659877150849 308.1659877150849 
gen 148 36067 308.1659877150849 0.0 308.1659877150849 308.1659877150849 
gen 149 36309 308.1659877150849 0.0 308.1659877150849 308.1659877150849 
gen 150 36551 308.1659877150849 0.0 308.1659877150849 308.1659877150849 
gen 151 36793 308.1659877150849 0.0 308.1659877150849 308.1659877150849 
gen 152 37035 308.1659877150849 0.0 308.1659877150849 308.1659877150849 
gen 153 37277 308.1659877150849 0.0 308.1659877150849 308.1659877150849 
gen 154 37519 308.1659877150849 0.0 308.1659877150849 308.1659877150849 
gen 155 37761 308.1659877150849 0.0 308.1659877150849 308.1659877150849 
gen 156 38003 308.1659877150849 0.0 308.1659877150849 308.1659877150849 
gen 157 38245 308.1659877150849 0.0 308.1659877150849 308.1659877150849 
gen 158 38487 308.1659877150849 0.0 308.1659877150849 308.1659877150849 
gen 159 38729 308.1659877150849 0.0 308.1659877150849 308.1659877150849 
gen 160 38971 308.1659877150849 0.0 308.1659877150849 308.1659877150849 
gen 161 39213 308.1659877150849 0.0 308.1659877150849 308.1659877150849 
gen 162 39455 308.1659877150849 0.0 308.1659877150849 308.1659877150849 
gen 163 39697 308.1659877150849 0.0 308.1659877150849 308.1659877150849 
gen 164 39939 308.1659877150849 0.0 308.1659877150849 308.1659877150849 
gen 165 40181 308.1659877150849 0.0 308.1659877150849 308.1659877150849 
gen 166 40423 308.1659877150849 0.0 308.1659877150849 308.1659877150849 
gen 167 40665 308.1659877150849 0.0 308.1659877150849 308.1659877150849 
gen 168 40907 308.1659877150849 0.0 308.1659877150849 308.1659877150849 
gen 169 41149 308.1659877150849 0.0 308.1659877150849 308.1659877150849 
gen 170 41391 308.1659877150849 0.0 308.1659877150849 308.1659877150849 
gen 171 41633 308.1659877150849 0.0 308.1659877150849 308.1659877150849 
gen 172 41875 308.1659877150849 0.0 308.1659877150849 308.1659877150849 
gen 173 42117 308.1659877150849 0.0 308.1659877150849 308.1659877150849 
gen 174 42359 308.1659877150849 0.0 308.1659877150849 308.1659877150849 
gen 175 42601 308.1659877150849 0.0 308.1659877150849 308.1659877150849 
gen 176 42843 308.1659877150849 0.0 308.1659877150849 308.1659877150849 
gen 177 43085 308.1659877150849 0.0 308.1659877150849 308.1659877150849 
gen 178 43327 308.1659877150849 0.0 308.1659877150849 308.1659877150849 
gen 179 43569 308.1659877150849 0.0 308.1659877150849 308.1659877150849 
gen 180 43811 308.1659877150849 0.0 308.1659877150849 308.1659877150849 
gen 181 44053 308.1659877150849 0.0 308.1659877150849 308.1659877150849 
gen 182 44295 308.1659877150849 0.0 308.1659877150849 308.1659877150849 
gen 183 44537 308.1659877150849 0.0 308.1659877150849 308.1659877150849 
gen 184 44779 308.1659877150849 0.0 308.1659877150849 308.1659877150849 
gen 185 45021 308.1659877150849 0.0 308.1659877150849 308.1659877150849 
gen 186 45263 308.1659877150849 0.0 308.1659877150849 308.1659877150849 
gen 187 45505 308.1659877150849 0.0 308.1659877150849 308.1659877150849 
gen 188 45747 308.1659877150849 0.0 308.1659877150849 308.1659877150849 
gen 189 45989 308.1659877150849 0.0 308.1659877150849 308.1659877150849 
gen 190 46231 308.1659877150849 0.0 308.1659877150849 308.1659877150849 
gen 191 46473 308.1659877150849 0.0 308.1659877150849 308.1659877150849 
gen 192 46715 308.1659877150849 0.0 308.1659877150849 308.1659877150849 
gen 193 46957 308.1659877150849 0.0 308.1659877150849 308.1659877150849 
gen 194 47199 308.1659877150849 0.0 308.1659877150849 308.1659877150849 
gen 195 47441 308.1659877150849 0.0 308.1659877150849 308.1659877150849 
gen 196 47683 308.1659877150849 0.0 308.1659877150849 308.1659877150849 
gen 197 47925 308.1659877150849 0.0 308.1659877150849 308.1659877150849 
gen 198 48167 308.1659877150849 0.0 308.1659877150849 308.1659877150849 
gen 199 48409 308.1659877150849 0.0 308.1659877150849 308.1659877150849 
gen 200 48651 308.1659877150849 0.0 308.1659877150849 308.1659877150849 
gen 201 48893 308.1659877150849 0.0 308.1659877150849 308.1659877150849 
gen 202 49135 308.1659877150849 0.0 308.1659877150849 308.1659877150849 
gen 203 49377 308.1659877150849 0.0 308.1659877150849 308.1659877150849 
gen 204 49619 308.1659877150849 0.0 308.1659877150849 308.1659877150849 
gen 205 49861 308.1659877150849 0.0 308.1659877150849 308.1659877150849 
gen 206 50103 308.1659877150849 0.0 308.1659877150849 308.1659877150849 
gen 207 50345 308.1659877150849 0.0 308.1659877150849 308.1659877150849 
gen 208 50587 308.1659877150849 0.0 308.1659877150849 308.1659877150849 
gen 209 50829 308.1659877150849 0.0 308.1659877150849 308.1659877150849 
gen 210 51071 308.1659877150849 0.0 308.1659877150849 308.1659877150849 
gen 211 51313 308.1659877150849 0.0 308.1659877150849 308.1659877150849 
gen 212 51555 308.1659877150849 0.0 308.1659877150849 308.1659877150849 
gen 213 51797 308.1659877150849 0.0 308.1659877150849 308.1659877150849 
gen 214 52039 308.1659877150849 0.0 308.1659877150849 308.1659877150849 
gen 215 52281 308.1659877150849 0.0 308.1659877150849 308.1659877150849 
gen 216 52523 308.1659877150849 0.0 308.1659877150849 308.1659877150849 
gen 217 52765 308.1659877150849 0.0 308.1659877150849 308.1659877150849 
gen 218 53007 308.1659877150849 0.0 308.1659877150849 308.1659877150849 
gen 219 53249 308.1659877150849 0.0 308.1659877150849 308.1659877150849 
gen 220 53491 308.1659877150849 0.0 308.1659877150849 308.1659877150849 
gen 221 53733 308.1659877150849 0.0 308.1659877150849 308.1659877150849 
gen 222 53975 308.1659877150849 0.0 308.1659877150849 308.1659877150849 
gen 223 54217 308.1659877150849 0.0 308.1659877150849 308.1659877150849 
gen 224 54459 308.1659877150849 0.0 308.1659877150849 308.1659877150849 
gen 225 54701 308.1659877150849 0.0 308.1659877150849 308.1659877150849 
gen 226 54943 308.1659877150849 0.0 308.1659877150849 308.1659877150849 
gen 227 55185 308.1659877150849 0.0 308.1659877150849 308.1659877150849 
gen 228 55427 308.1659877150849 0.0 308.1659877150849 308.1659877150849 
gen 229 55669 308.1659877150849 0.0 308.1659877150849 308.1659877150849 
gen 230 55911 308.1659877150849 0.0 308.1659877150849 308.1659877150849 
gen 231 56153 308.1659877150849 0.0 308.1659877150849 308.1659877150849 
gen 232 56395 308.1659877150849 0.0 308.1659877150849 308.1659877150849 
gen 233 56637 308.1659877150849 0.0 308.1659877150849 308.1659877150849 
gen 234 56879 308.1659877150849 0.0 308.1659877150849 308.1659877150849 
gen 235 57121 308.1659877150849 0.0 308.1659877150849 308.1659877150849 
gen 236 57363 308.1659877150849 0.0 308.1659877150849 308.1659877150849 
gen 237 57605 308.1659877150849 0.0 308.1659877150849 308.1659877150849 
gen 238 57847 308.1659877150849 0.0 308.1659877150849 308.1659877150849 
gen 239 58089 308.1659877150849 0.0 308.1659877150849 308.1659877150849 
gen 240 58331 308.1659877150849 0.0 308.1659877150849 308.1659877150849 
gen 241 58573 308.1659877150849 0.0 308.1659877150849 308.1659877150849 
gen 242 58815 308.1659877150849 0.0 308.1659877150849 308.1659877150849 
gen 243 59057 308.1659877150849 0.0 308.1659877150849 308.1659877150849 
gen 244 59299 308.1659877150849 0.0 308.1659877150849 308.1659877150849 
gen 245 59541 308.1659877150849 0.0 308.1659877150849 308.1659877150849 
gen 246 59783 308.1659877150849 0.0 308.1659877150849 308.1659877150849 
gen 247 60025 308.1659877150849 0.0 308.1659877150849 308.1659877150849 
gen 248 60267 308.1659877150849 0.0 308.1659877150849 308.1659877150849 
gen 249 60509 308.1659877150849 0.0 308.1659877150849 308.1659877150849 
gen 250 60751 308.1659877150849 0.0 308.1659877150849 308.1659877150849 
gen 251 60993 308.1659877150849 0.0 308.1659877150849 308.1659877150849 
gen 252 61235 308.1659877150849 0.0 308.1659877150849 308.1659877150849 
gen 253 61477 308.1659877150849 0.0 308.1659877150849 308.1659877150849 
gen 254 61719 308.1659877150849 0.0 308.1659877150849 308.1659877150849 
gen 255 61961 308.1659877150849 0.0 308.1659877150849 308.1659877150849 
gen 256 62203 308.1659877150849 0.0 308.1659877150849 308.1659877150849 
gen 257 62445 308.1659877150849 0.0 308.1659877150849 308.1659877150849 
gen 258 62687 308.1659877150849 0.0 308.1659877150849 308.1659877150849 
gen 259 62929 308.1659877150849 0.0 308.1659877150849 308.1659877150849 
gen 260 63171 308.1659877150849 0.0 308.1659877150849 308.1659877150849 
gen 261 63413 308.1659877150849 0.0 308.1659877150849 308.1659877150849 
gen 262 63655 308.1659877150849 0.0 308.1659877150849 308.1659877150849 
gen 263 63897 308.1659877150849 0.0 308.1659877150849 308.1659877150849 
gen 264 64139 308.1659877150849 0.0 308.1659877150849 308.1659877150849 
gen 265 64381 308.1659877150849 0.0 308.1659877150849 308.1659877150849 
gen 266 64623 308.1659877150849 0.0 308.1659877150849 308.1659877150849 
gen 267 64865 308.1659877150849 0.0 308.1659877150849 308.1659877150849 
gen 268 65107 308.1659877150849 0.0 308.1659877150849 308.1659877150849 
gen 269 65349 308.1659877150849 0.0 308.1659877150849 308.1659877150849 
gen 270 65591 308.1659877150849 0.0 308.1659877150849 308.1659877150849 
gen 271 65833 308.1659877150849 0.0 308.1659877150849 308.1659877150849 
gen 272 66075 308.1659877150849 0.0 308.1659877150849 308.1659877150849 
gen 273 66317 308.1659877150849 0.0 308.1659877150849 308.1659877150849 
gen 274 66559 308.1659877150849 0.0 308.1659877150849 308.1659877150849 
gen 275 66801 308.1659877150849 0.0 308.1659877150849 308.1659877150849 
gen 276 67043 308.1659877150849 0.0 308.1659877150849 308.1659877150849 
gen 277 67285 308.1659877150849 0.0 308.1659877150849 308.1659877150849 
gen 278 67527 308.1659877150849 0.0 308.1659877150849 308.1659877150849 
gen 279 67769 308.1659877150849 0.0 308.1659877150849 308.1659877150849 
gen 280 68011 308.1659877150849 0.0 308.1659877150849 308.1659877150849 
gen 281 68253 308.1659877150849 0.0 308.1659877150849 308.1659877150849 
gen 282 68495 308.1659877150849 0.0 308.1659877150849 308.1659877150849 
gen 283 68737 308.1659877150849 0.0 308.1659877150849 308.1659877150849 
gen 284 68979 308.1659877150849 0.0 308.1659877150849 308.1659877150849 
gen 285 69221 308.1659877150849 0.0 308.1659877150849 308.1659877150849 
gen 286 69463 308.1659877150849 0.0 308.1659877150849 308.1659877150849 
gen 287 69705 308.1659877150849 0.0 308.1659877150849 308.1659877150849 
gen 288 69947 308.1659877150849 0.0 308.1659877150849 308.1659877150849 
gen 289 70189 308.1659877150849 0.0 308.1659877150849 308.1659877150849 
gen 290 70431 308.1659877150849 0.0 308.1659877150849 308.1659877150849 
gen 291 70673 308.1659877150849 0.0 308.1659877150849 308.1659877150849 
gen 292 70915 308.1659877150849 0.0 308.1659877150849 308.1659877150849 
gen 293 71157 308.1659877150849 0.0 308.1659877150849 308.1659877150849 
gen 294 71399 308.1659877150849 0.0 308.1659877150849 308.1659877150849 
gen 295 71641 308.1659877150849 0.0 308.1659877150849 308.1659877150849 
gen 296 71883 308.1659877150849 0.0 308.1659877150849 308.1659877150849 
gen 297 72125 308.1659877150849 0.0 308.1659877150849 308.1659877150849 
gen 298 72367 308.1659877150849 0.0 308.1659877150849 308.1659877150849 
gen 299 72609 308.1659877150849 0.0 308.1659877150849 308.1659877150849 
gen 300 72851 308.1659877150849 0.0 308.1659877150849 308.1659877150849 
gen 301 73093 308.1659877150849 0.0 308.1659877150849 308.1659877150849 
gen 302 73335 308.1659877150849 0.0 308.1659877150849 308.1659877150849 
gen 303 73577 308.1659877150849 0.0 308.1659877150849 308.1659877150849 
gen 304 73819 308.1659877150849 0.0 308.1659877150849 308.1659877150849 
gen 305 74061 308.1659877150849 0.0 308.1659877150849 308.1659877150849 
gen 306 74303 308.1659877150849 0.0 308.1659877150849 308.1659877150849 
gen 307 74545 308.1659877150849 0.0 308.1659877150849 308.1659877150849 
gen 308 74787 308.1659877150849 0.0 308.1659877150849 308.1659877150849 
gen 309 75029 308.1659877150849 0.0 308.1659877150849 308.1659877150849 
gen 310 75271 308.1659877150849 0.0 308.1659877150849 308.1659877150849 
gen 311 75513 308.1659877150849 0.0 308.1659877150849 308.1659877150849 
gen 312 75755 308.1659877150849 0.0 308.1659877150849 308.1659877150849 
gen 313 75997 308.1659877150849 0.0 308.1659877150849 308.1659877150849 
gen 314 76239 308.1659877150849 0.0 308.1659877150849 308.1659877150849 
gen 315 76481 308.1659877150849 0.0 308.1659877150849 308.1659877150849 
gen 316 76723 308.1659877150849 0.0 308.1659877150849 308.1659877150849 
gen 317 76965 308.1659877150849 0.0 308.1659877150849 308.1659877150849 
gen 318 77207 308.1659877150849 0.0 308.1659877150849 308.1659877150849 
gen 319 77449 308.1659877150849 0.0 308.1659877150849 308.1659877150849 
gen 320 77691 308.1659877150849 0.0 308.1659877150849 308.1659877150849 
gen 321 77943 308.14996391643115 0.17553191959149822 306.2271080779822 308.1659877150849 
gen 322 78185 308.139182354779 0.21074861861556413 306.2271080779822 308.1659877150849 
gen 323 78427 308.1231585561253 0.2727038460511327 306.2271080779822 308.1659877150849 
gen 324 78669 308.1231585561253 0.2727038460511327 306.2271080779822 308.1659877150849 
gen 325 78911 308.08032939716566 0.3808754410404832 306.2271080779822 308.1659877150849 
gen 326 79153 307.9946710792464 0.5248404598714328 306.2271080779822 308.1659877150849 
gen 327 79395 307.9073147598333 0.6539409293516192 305.3513916145133 308.1659877150849 
gen 328 79637 307.83595150034785 0.7154256783578606 305.3513916145133 308.1659877150849 
gen 329 79879 307.6342522849398 0.8489563762008725 305.3513916145133 308.1659877150849 
gen 330 80121 307.00876808518245 0.9701449015900702 305.3513916145133 308.1659877150849 
gen 331 80363 306.19672917669897 0.3656314648254951 305.3513916145133 306.86141875517603 
gen 332 80605 305.99783866284236 0.38249875247321413 305.3513916145133 306.2271080779822 
gen 333 80847 305.7251452908362 0.4287189697011174 305.3513916145133 306.2271080779822 
gen 334 81089 305.3551116488813 0.01398109479761833 305.3513916145133 305.4076571343279 
gen 335 81331 305.3513916145134 5.684341886080802e-14 305.3513916145133 305.3513916145133 
gen 336 81573 305.3513916145134 5.684341886080802e-14 305.3513916145133 305.3513916145133 
gen 337 81815 305.3513916145134 5.684341886080802e-14 305.3513916145133 305.3513916145133 
gen 338 82057 305.3513916145134 5.684341886080802e-14 305.3513916145133 305.3513916145133 
gen 339 82299 305.3513916145134 5.684341886080802e-14 305.3513916145133 305.3513916145133 
gen 340 82541 305.3513916145134 5.684341886080802e-14 305.3513916145133 305.3513916145133 
gen 341 82783 305.3513916145134 5.684341886080802e-14 305.3513916145133 305.3513916145133 
gen 342 83025 305.3513916145134 5.684341886080802e-14 305.3513916145133 305.3513916145133 
gen 343 83267 305.3513916145134 5.684341886080802e-14 305.3513916145133 305.3513916145133 
gen 344 83509 305.3513916145134 5.684341886080802e-14 305.3513916145133 305.3513916145133 
gen 345 83751 305.3513916145134 5.684341886080802e-14 305.3513916145133 305.3513916145133 
gen 346 83993 305.3513916145134 5.684341886080802e-14 305.3513916145133 305.3513916145133 
gen 347 84235 305.3513916145134 5.684341886080802e-14 305.3513916145133 305.3513916145133 
gen 348 84477 305.3513916145134 5.684341886080802e-14 305.3513916145133 305.3513916145133 
gen 349 84719 305.3513916145134 5.684341886080802e-14 305.3513916145133 305.3513916145133 
[3, 5, 9, 10, 6, 2, 4, 1, 8, 7, 0, 3, 5, 0, 8, 9, 2, 6, 10, 4, 1, 7, 5, 0, 6, 2, 10, 7, 9, 4, 3, 8, 1, 5, 2, 6, 1, 9, 0, 10, 4, 8, 7, 3, 8, 5, 2, 10, 9, 7, 3, 0, 6, 4, 1, 9, 0, 4, 10, 1, 6, 2, 8, 5, 7, 3, 0, 4, 10, 3, 6, 2, 8, 9, 1, 5, 7, 7, 0, 8, 4, 1, 6, 2, 3, 5, 9, 10, 3, 4, 9, 10, 6, 0, 2, 8, 5, 1, 7, 3, 5, 10, 6, 4, 9, 0, 7, 1, 2, 8, 7, 9, 0, 4, 10, 1, 2, 6, 5, 8, 3]
min  305.3513916145133
NFE 84719
LSNFE 140
VLSNFE 18
runTime 166.9802598953247
