gen 0 510 600002108.3034209 2374867884.50158 938.2809107552232 9999999999.0 
gen 1 720 566668692.5071313 2312045254.416673 938.2809107552232 9999999999.0 
gen 2 930 666668731.6503563 2494437705.6921287 938.2809107552232 9999999999.0 
gen 3 1140 566668388.0130843 2312045329.0460854 799.6665211975914 9999999999.0 
gen 4 1350 700001841.519354 2551469658.936574 799.6665211975914 9999999999.0 
gen 5 1560 566668292.0017389 2312045352.5777764 799.6665211975914 9999999999.0 
gen 6 1770 200001876.9940528 1399999731.715393 799.6665211975914 9999999999.0 
gen 7 1980 433335140.9510472 2036063355.617352 799.6665211975914 9999999999.0 
gen 8 2190 466668515.3959902 2109238526.6906216 799.6665211975914 9999999999.0 
gen 9 2400 800001762.5488014 2712931473.208092 799.6665211975914 9999999999.0 
gen 10 2610 766668444.2874509 2660617627.858493 799.6665211975914 9999999999.0 
gen 11 2820 1722.1046519889426 611.1973103744443 799.6665211975914 4694.798573311961 
gen 12 3030 400001602.4136793 1959591466.9312217 799.6665211975914 9999999999.0 
gen 13 3240 433335176.9576593 2036063347.9541261 799.6665211975914 9999999999.0 
gen 14 3450 633335124.8921334 2435614902.165104 799.6665211975914 9999999999.0 
gen 15 3660 533335123.3204665 2246972847.7451005 799.6665211975914 9999999999.0 
gen 16 3870 1133335149.80578 3169997597.6782928 799.6665211975914 9999999999.0 
gen 17 4080 1200001758.7122972 3249614712.03771 799.6665211975914 9999999999.0 
gen 18 4290 1533334986.0061185 3603084394.093534 799.6665211975914 9999999999.0 
gen 19 4500 533335184.4677599 2246972833.2313976 799.6665211975914 9999999999.0 
gen 20 4710 500001684.8255971 2179449085.015541 799.6665211975914 9999999999.0 
gen 21 4920 566668530.1559736 2312045294.207865 799.6665211975914 9999999999.0 
gen 22 5130 666668552.3025268 2494437753.624843 799.6665211975914 9999999999.0 
gen 23 5340 400001799.07958436 1959591426.7869997 799.6665211975914 9999999999.0 
gen 24 5550 566668525.030485 2312045295.4641128 799.6665211975914 9999999999.0 
gen 25 5760 600001740.129652 2374867977.5190153 799.6665211975914 9999999999.0 
gen 26 5970 1166668450.6925063 3210226065.3257804 799.6665211975914 9999999999.0 
gen 27 6180 866668455.9682667 2813459161.311441 799.6665211975914 9999999999.0 
gen 28 6390 733335100.540447 2606828142.0504575 799.6665211975914 9999999999.0 
gen 29 6600 700001769.2231495 2551469678.771181 799.6665211975914 9999999999.0 
gen 30 6810 266668309.49227569 1611072524.391481 799.6665211975914 9999999999.0 
gen 31 7020 533335250.6250895 2246972817.5285482 799.6665211975914 9999999999.0 
gen 32 7230 500001941.4546112 2179449026.1409416 799.6665211975914 9999999999.0 
gen 33 7440 600001947.4643736 2374867925.136916 799.6665211975914 9999999999.0 
gen 34 7650 566668531.6002672 2312045293.8538804 799.6665211975914 9999999999.0 
gen 35 7860 500001927.5553554 2179449029.329628 799.6665211975914 9999999999.0 
gen 36 8070 800001838.558871 2712931450.7940245 799.6665211975914 9999999999.0 
gen 37 8280 666668487.4518878 2494437770.9568925 799.6665211975914 9999999999.0 
gen 38 8490 1400001735.4167113 3469869613.9818926 799.6665211975914 9999999999.0 
gen 39 8700 233335041.2973349 1509598652.4149156 799.6665211975914 9999999999.0 
gen 40 8910 533335157.06816316 2246972839.734835 799.6665211975914 9999999999.0 
gen 41 9120 133335226.78444546 1146976482.0472624 799.6665211975914 9999999999.0 
gen 42 9330 266668440.7555162 1611072502.6647346 799.6665211975914 9999999999.0 
gen 43 9540 166668592.60559177 1280190707.112376 799.6665211975914 9999999999.0 
gen 44 9750 633335182.3064601 2435614887.235682 799.6665211975914 9999999999.0 
gen 45 9960 433335212.3633973 2036063340.418809 799.6665211975914 9999999999.0 
gen 46 10170 533335103.5345776 2246972852.4413652 799.6665211975914 9999999999.0 
gen 47 10380 366668474.0807733 1879420361.7213356 799.6665211975914 9999999999.0 
gen 48 10590 600001789.2811431 2374867965.101132 799.6665211975914 9999999999.0 
gen 49 10800 433335218.576111 2036063339.0965343 799.6665211975914 9999999999.0 
gen 50 11010 300001817.4925441 1705871891.1176794 799.6665211975914 9999999999.0 
gen 51 11220 200001798.27552843 1399999742.9608827 799.6665211975914 9999999999.0 
gen 52 11430 600001873.2863476 2374867943.877621 799.6665211975914 9999999999.0 
gen 53 11640 233335180.95368585 1509598630.8288827 799.6665211975914 9999999999.0 
gen 54 11850 566668599.3910077 2312045277.238875 799.6665211975914 9999999999.0 
gen 55 12060 466668629.9761835 2109238501.339912 799.6665211975914 9999999999.0 
gen 56 12270 666668618.8420836 2494437735.841431 799.6665211975914 9999999999.0 
gen 57 12480 533335261.6039623 2246972814.9226503 799.6665211975914 9999999999.0 
gen 58 12690 466668509.5385666 2109238527.9865682 799.6665211975914 9999999999.0 
gen 59 12900 300001754.72011286 1705871902.156989 799.6665211975914 9999999999.0 
gen 60 13110 266668514.47066996 1611072490.4633036 799.6665211975914 9999999999.0 
gen 61 13320 500001920.6936342 2179449030.903807 799.6665211975914 9999999999.0 
gen 62 13530 333335270.8957391 1795054575.7297611 799.6665211975914 9999999999.0 
gen 63 13740 433335182.82588065 2036063346.705159 799.6665211975914 9999999999.0 
gen 64 13950 333335204.62022835 1795054588.0368073 799.6665211975914 9999999999.0 
gen 65 14160 466668511.7824305 2109238527.4901333 799.6665211975914 9999999999.0 
gen 66 14370 1000001948.7638074 2999999350.07893 799.6665211975914 9999999999.0 
gen 67 14580 166668621.1235063 1280190703.3996427 799.6665211975914 9999999999.0 
gen 68 14790 333335291.10144 1795054571.9777377 799.6665211975914 9999999999.0 
gen 69 15000 400001850.071459 1959591416.3783975 799.6665211975914 9999999999.0 
gen 70 15210 200001551.4467323 1399999778.2220674 799.6665211975914 9999999999.0 
gen 71 15420 500001860.648143 2179449044.679178 799.6665211975914 9999999999.0 
gen 72 15630 33334986.014326897 576387119.8919266 799.6665211975914 9999999999.0 
gen 73 15840 33335042.54480053 576387116.6227515 799.6665211975914 9999999999.0 
gen 74 16050 66668222.16487068 813770246.8691806 799.6665211975914 9999999999.0 
gen 75 16260 966668447.9787673 2955032787.7064495 799.6665211975914 9999999999.0 
gen 76 16470 633335099.3023102 2435614908.8192368 799.6665211975914 9999999999.0 
gen 77 16680 566668552.4220973 2312045288.750611 799.6665211975914 9999999999.0 
gen 78 16890 500001777.4837929 2179449063.758344 799.6665211975914 9999999999.0 
gen 79 17100 466668452.53718895 2109238540.5979962 799.6665211975914 9999999999.0 
gen 80 17310 566668482.745884 2312045305.82777 799.6665211975914 9999999999.0 
gen 81 17520 633335169.644149 2435614890.528265 799.6665211975914 9999999999.0 
gen 82 17730 400001799.30619884 1959591426.7407975 799.6665211975914 9999999999.0 
gen 83 17940 866668402.293436 2813459177.845605 799.6665211975914 9999999999.0 
gen 84 18150 400001807.8283823 1959591425.0011985 799.6665211975914 9999999999.0 
gen 85 18360 500001923.7096376 2179449030.211903 799.6665211975914 9999999999.0 
gen 86 18570 766668667.5830804 2660617563.515176 799.6665211975914 9999999999.0 
gen 87 18780 966668509.4610883 2955032767.5940313 799.6665211975914 9999999999.0 
gen 88 18990 733335225.2217855 2606828106.9760585 799.6665211975914 9999999999.0 
gen 89 19200 333335219.405471 1795054585.2912943 799.6665211975914 9999999999.0 
gen 90 19410 333335143.57350796 1795054599.3728707 799.6665211975914 9999999999.0 
gen 91 19620 666668686.8128111 2494437717.6755114 799.6665211975914 9999999999.0 
gen 92 19830 800001992.3225543 2712931405.451643 799.6665211975914 9999999999.0 
gen 93 20040 866668492.422857 2813459150.0818624 799.6665211975914 9999999999.0 
gen 94 20250 633335283.6026639 2435614860.895632 799.6665211975914 9999999999.0 
gen 95 20460 766668544.6686425 2660617598.933393 799.6665211975914 9999999999.0 
gen 96 20670 766668445.6520187 2660617627.4653025 799.6665211975914 9999999999.0 
gen 97 20880 633335170.527861 2435614890.2984657 799.6665211975914 9999999999.0 
gen 98 21090 833335303.6011612 2763853397.603456 799.6665211975914 9999999999.0 
gen 99 21300 800001827.5590831 2712931454.0376544 799.6665211975914 9999999999.0 
gen 100 21510 566668583.3422625 2312045281.172315 799.6665211975914 9999999999.0 
gen 101 21720 400001817.9318586 1959591422.938835 799.6665211975914 9999999999.0 
gen 102 21930 500001919.5173334 2179449031.1736574 799.6665211975914 9999999999.0 
gen 103 22140 333335145.8682137 1795054598.946721 799.6665211975914 9999999999.0 
gen 104 22350 533335198.59996337 2246972829.8770375 799.6665211975914 9999999999.0 
gen 105 22560 566668554.8368332 2312045288.15877 799.6665211975914 9999999999.0 
gen 106 22770 766668582.2563605 2660617588.1023407 799.6665211975914 9999999999.0 
gen 107 22980 566668445.9409575 2312045314.848364 799.6665211975914 9999999999.0 
gen 108 23190 800001884.0139449 2712931437.390039 799.6665211975914 9999999999.0 
gen 109 23400 666668501.3972044 2494437767.2298775 799.6665211975914 9999999999.0 
gen 110 23610 500001867.5408698 2179449043.09787 799.6665211975914 9999999999.0 
gen 111 23820 733335349.1756299 2606828072.1064005 799.6665211975914 9999999999.0 
gen 112 24030 733335244.7243156 2606828101.4898195 799.6665211975914 9999999999.0 
gen 113 24240 933335281.6674109 2908989271.803354 799.6665211975914 9999999999.0 
gen 114 24450 866668463.4551291 2813459159.005191 799.6665211975914 9999999999.0 
gen 115 24660 733335249.5543587 2606828100.1310306 799.6665211975914 9999999999.0 
gen 116 24870 333335103.6691492 1795054606.782958 799.6665211975914 9999999999.0 
gen 117 25080 233335197.33401927 1509598628.2969422 799.6665211975914 9999999999.0 
gen 118 25290 500001888.432124 2179449038.3050723 799.6665211975914 9999999999.0 
gen 119 25500 733335157.2247089 2606828126.1044726 799.6665211975914 9999999999.0 
gen 120 25710 800001888.8395816 2712931435.967031 799.6665211975914 9999999999.0 
gen 121 25920 833335206.5385748 2763853426.8689036 799.6665211975914 9999999999.0 
gen 122 26130 866668454.646795 2813459161.7185216 799.6665211975914 9999999999.0 
gen 123 26340 533335142.05000204 2246972843.299522 799.6665211975914 9999999999.0 
gen 124 26550 533335202.209727 2246972829.0202622 799.6665211975914 9999999999.0 
gen 125 26760 433335106.7123422 2036063362.9043078 799.6665211975914 9999999999.0 
gen 126 26970 666668517.6894318 2494437762.8755746 799.6665211975914 9999999999.0 
gen 127 27180 966668523.2406291 2955032763.086387 799.6665211975914 9999999999.0 
gen 128 27390 700001741.796036 2551469686.295844 799.6665211975914 9999999999.0 
gen 129 27600 900001837.7013365 2861817026.0061812 799.6665211975914 9999999999.0 
gen 130 27810 566668491.6271762 2312045303.651013 799.6665211975914 9999999999.0 
gen 131 28020 466668461.89183676 2109238538.5282927 799.6665211975914 9999999999.0 
gen 132 28230 366668538.6857658 1879420349.1172214 799.6665211975914 9999999999.0 
gen 133 28440 333335184.19873226 1795054591.828972 799.6665211975914 9999999999.0 
gen 134 28650 466668541.87234944 2109238520.8327477 799.6665211975914 9999999999.0 
gen 135 28860 1233335255.712048 3288193649.694281 799.6665211975914 9999999999.0 
gen 136 29070 1000001854.0460488 2999999381.651486 799.6665211975914 9999999999.0 
gen 137 29280 366668548.8762184 1879420347.1291156 799.6665211975914 9999999999.0 
gen 138 29490 533335162.82519865 2246972838.3684072 799.6665211975914 9999999999.0 
gen 139 29700 533335083.4220535 2246972857.215192 799.6665211975914 9999999999.0 
gen 140 29910 466668393.5411136 2109238553.6508293 799.6665211975914 9999999999.0 
gen 141 30120 866668659.9547766 2813459098.474896 799.6665211975914 9999999999.0 
gen 142 30330 1000001912.847246 2999999362.051119 799.6665211975914 9999999999.0 
gen 143 30540 366668455.0306669 1879420365.4378974 799.6665211975914 9999999999.0 
gen 144 30750 533335190.2570149 2246972831.857252 799.6665211975914 9999999999.0 
gen 145 30960 1400001788.6119592 3469869592.518996 799.6665211975914 9999999999.0 
gen 146 31170 666668570.7806374 2494437748.6863837 799.6665211975914 9999999999.0 
gen 147 31380 433335201.02693695 2036063342.831523 799.6665211975914 9999999999.0 
gen 148 31590 466668591.72397196 2109238509.8031554 799.6665211975914 9999999999.0 
gen 149 31800 666668618.6810234 2494437735.8844786 799.6665211975914 9999999999.0 
gen 150 32010 1033335189.5783749 3043936878.000342 799.6665211975914 9999999999.0 
gen 151 32220 1133335341.1046295 3169997529.2854633 799.6665211975914 9999999999.0 
gen 152 32430 866668545.1671611 2813459133.8343606 799.6665211975914 9999999999.0 
gen 153 32640 800002035.818064 2712931392.6254754 799.6665211975914 9999999999.0 
gen 154 32850 866668628.3316046 2813459108.2161837 799.6665211975914 9999999999.0 
gen 155 33060 300001708.19942373 1705871910.3382435 799.6665211975914 9999999999.0 
gen 156 33270 666668527.6923256 2494437760.202185 799.6665211975914 9999999999.0 
gen 157 33480 466668477.5290657 2109238535.0685947 799.6665211975914 9999999999.0 
gen 158 33690 866668543.1002374 2813459134.471077 799.6665211975914 9999999999.0 
gen 159 33900 533335168.5569229 2246972837.007962 799.6665211975914 9999999999.0 
gen 160 34110 366668586.4988559 1879420339.7891545 799.6665211975914 9999999999.0 
gen 161 34320 833335252.3762455 2763853413.048315 799.6665211975914 9999999999.0 
gen 162 34530 866668550.6568209 2813459132.1433263 799.6665211975914 9999999999.0 
gen 163 34740 833335304.4525944 2763853397.3467574 799.6665211975914 9999999999.0 
gen 164 34950 600001791.0466856 2374867964.6550817 799.6665211975914 9999999999.0 
gen 165 35160 766668439.269564 2660617629.3044295 799.6665211975914 9999999999.0 
gen 166 35370 600001900.4474597 2374867937.015518 799.6665211975914 9999999999.0 
gen 167 35580 400001836.42808455 1959591419.1632955 799.6665211975914 9999999999.0 
gen 168 35790 733335313.8960085 2606828082.030934 799.6665211975914 9999999999.0 
gen 169 36000 833335226.6351342 2763853420.809557 799.6665211975914 9999999999.0 
gen 170 36210 500001785.69765717 2179449061.8739705 799.6665211975914 9999999999.0 
gen 171 36420 866668666.2303715 2813459096.5417333 799.6665211975914 9999999999.0 
gen 172 36630 333335057.7046433 1795054615.3182607 799.6665211975914 9999999999.0 
gen 173 36840 500001964.13781494 2179449020.93712 799.6665211975914 9999999999.0 
gen 174 37050 466668559.9089866 2109238516.8421807 799.6665211975914 9999999999.0 
gen 175 37260 1066668632.8763938 3086889160.9801335 799.6665211975914 9999999999.0 
gen 176 37470 833335093.2785527 2763853461.0180397 799.6665211975914 9999999999.0 
gen 177 37680 633335129.8173232 2435614900.884426 799.6665211975914 9999999999.0 
gen 178 37890 533335095.1238131 2246972854.4377465 799.6665211975914 9999999999.0 
gen 179 38100 833335241.7856659 2763853416.241493 799.6665211975914 9999999999.0 
gen 180 38310 700001847.6415073 2551469657.2569885 799.6665211975914 9999999999.0 
gen 181 38520 666668597.4777819 2494437741.55128 799.6665211975914 9999999999.0 
gen 182 38730 1066668537.8619039 3086889193.8120966 799.6665211975914 9999999999.0 
gen 183 38940 400001926.24237317 1959591400.8300812 799.6665211975914 9999999999.0 
gen 184 39150 266668492.18386322 1611072494.1522603 799.6665211975914 9999999999.0 
gen 185 39360 733335200.6452668 2606828113.889749 799.6665211975914 9999999999.0 
gen 186 39570 900001824.5951904 2861817030.1278996 799.6665211975914 9999999999.0 
gen 187 39780 1433335129.730978 3504123818.6386395 799.6665211975914 9999999999.0 
gen 188 39990 666668517.5662395 2494437762.908497 799.6665211975914 9999999999.0 
gen 189 40200 1133335278.6145115 3169997551.6268554 799.6665211975914 9999999999.0 
gen 190 40410 866668531.3379726 2813459138.0943546 799.6665211975914 9999999999.0 
gen 191 40620 800001902.6529353 2712931431.893695 799.6665211975914 9999999999.0 
gen 192 40830 966668532.9083825 2955032759.9238367 799.6665211975914 9999999999.0 
gen 193 41040 533335218.75198895 2246972825.093886 799.6665211975914 9999999999.0 
gen 194 41250 666668588.4726617 2494437743.957961 799.6665211975914 9999999999.0 
gen 195 41460 666668619.9088699 2494437735.5563383 799.6665211975914 9999999999.0 
gen 196 41670 400001975.8619553 1959591390.7015681 799.6665211975914 9999999999.0 
gen 197 41880 566668528.6281633 2312045294.5823493 799.6665211975914 9999999999.0 
gen 198 42090 633335176.6584795 2435614888.7043223 799.6665211975914 9999999999.0 
gen 199 42300 766668603.7058353 2660617581.9215894 799.6665211975914 9999999999.0 
gen 200 42510 900001917.4963024 2861817000.9118814 799.6665211975914 9999999999.0 
gen 201 42720 733335277.6594478 2606828092.224742 799.6665211975914 9999999999.0 
gen 202 42930 400001952.8009432 1959591395.408873 799.6665211975914 9999999999.0 
gen 203 43140 700001802.2918892 2551469669.6987076 799.6665211975914 9999999999.0 
gen 204 43350 500001759.2530235 2179449067.940775 799.6665211975914 9999999999.0 
gen 205 43560 700001876.1912785 2551469649.4243445 799.6665211975914 9999999999.0 
gen 206 43770 600001866.5685568 2374867945.574842 799.6665211975914 9999999999.0 
gen 207 43980 466668509.99672407 2109238527.8851838 799.6665211975914 9999999999.0 
gen 208 44190 666668513.5743175 2494437763.975372 799.6665211975914 9999999999.0 
gen 209 44400 400001798.7720845 1959591426.8498147 799.6665211975914 9999999999.0 
gen 210 44610 533335277.3653171 2246972811.1816387 799.6665211975914 9999999999.0 
[7, 1, 0, 4, 3, 6, 5, 2, 6, 3, 0, 7, 5, 1, 2, 4, 1, 0, 6, 3, 5, 4, 7, 2, 6, 0, 7, 3, 4, 5, 1, 2, 1, 3, 5, 7, 0, 6, 2, 4, 6, 1, 3, 5, 0, 7, 2, 4, 1, 7, 3, 0, 6, 5, 2, 4, 1, 3, 5, 6, 0, 7, 2, 4]
min  799.6665211975914
NFE 44820
runTime 445.6424288749695
