gen 0 0 466668565.7210369 2109238515.5561514 1021.0986675231843 9999999999.0 
gen 1 210 400001667.45687836 1959591453.6543505 832.0537540078157 9999999999.0 
gen 2 420 266668602.76308197 1611072475.8490124 832.0537540078157 9999999999.0 
gen 3 630 166668612.48991233 1280190704.5235722 832.0537540078157 9999999999.0 
gen 4 840 233335252.70838797 1509598619.7379436 832.0537540078157 9999999999.0 
gen 5 1050 333335194.2816466 1795054589.9565637 832.0537540078157 9999999999.0 
gen 6 1260 700001949.8921177 2551469629.204412 832.0537540078157 9999999999.0 
gen 7 1470 100001980.29313934 994987237.9795681 832.0537540078157 9999999999.0 
gen 8 1680 900001975.3750073 2861816982.709846 832.0537540078157 9999999999.0 
gen 9 1890 400001893.6691761 1959591407.4790416 832.0537540078157 9999999999.0 
[6, 7, 5, 0, 1, 4, 3, 2, 6, 7, 4, 5, 0, 3, 1, 2, 1, 0, 7, 4, 5, 3, 6, 2, 6, 1, 5, 3, 4, 0, 7, 2, 4, 7, 0, 5, 3, 1, 6, 2, 7, 4, 0, 3, 5, 1, 6, 2, 6, 7, 2, 5, 4, 0, 3, 1, 1, 4, 7, 5, 0, 6, 3, 2]
min  832.0537540078157
NFE 300
runTime 33.7702898979187
