gen 0 0 733335249.4925951 2606828100.148335 797.6762316942655 9999999999.0 
gen 1 210 566668434.2709745 2312045317.7085514 797.6762316942655 9999999999.0 
gen 2 420 66668222.884288155 813770246.8100662 797.6762316942655 9999999999.0 
gen 3 630 366668514.0254629 1879420353.928264 797.6762316942655 9999999999.0 
gen 4 840 33334855.972251307 576387127.4122673 797.6762316942655 9999999999.0 
gen 5 1050 433334846.882775 2036063418.2034593 797.6762316942655 9999999999.0 
gen 6 1260 333335042.97769326 1795054618.0529907 797.6762316942655 9999999999.0 
gen 7 1470 1000001779.1152015 2999999406.6284227 797.6762316942655 9999999999.0 
gen 8 1680 233335025.1623205 1509598654.908836 797.6762316942655 9999999999.0 
gen 9 1890 533335135.69986326 2246972844.8067255 797.6762316942655 9999999999.0 
[1, 0, 7, 2, 5, 3, 6, 4, 1, 7, 2, 3, 5, 0, 6, 4, 6, 0, 1, 7, 5, 3, 4, 2, 6, 2, 5, 3, 0, 4, 1, 7, 2, 6, 1, 0, 3, 5, 4, 7, 1, 7, 5, 0, 3, 2, 4, 6, 6, 0, 4, 3, 1, 5, 7, 2, 1, 2, 5, 6, 3, 0, 7, 4]
min  797.6762316942655
NFE 300
runTime 26.227730751037598
