gen 0 510 366668623.90006113 1879420332.4922109 997.0226292186474 9999999999.0 
gen 1 720 466668590.633079 2109238510.0444496 997.0226292186474 9999999999.0 
gen 2 930 700001902.1568851 2551469642.3006134 997.0226292186474 9999999999.0 
gen 3 1140 400001655.22805196 1959591456.1505024 997.0226292186474 9999999999.0 
gen 4 1350 1153.3169475963525 273.7926132453025 796.7857487479159 2886.0705464710513 
gen 5 1560 1225.7964349933861 308.58154346655436 796.7857487479159 2574.542464529811 
gen 6 1770 33334572.694573976 576387143.7944967 796.7857487479159 9999999999.0 
gen 7 1980 1214.056312321592 313.96728609531834 796.7857487479159 2423.3321096179134 
gen 8 2190 33334555.093540356 576387144.8123972 796.7857487479159 9999999999.0 
gen 9 2400 1209.7588022210064 354.1301184987917 796.7857487479159 4139.386439960827 
gen 10 2610 466668255.8973426 2109238584.1043198 796.7857487479159 9999999999.0 
gen 11 2820 533334864.45430845 2246972909.1885195 796.7857487479159 9999999999.0 
gen 12 3030 333335014.2797351 1795054623.3825965 796.7857487479159 9999999999.0 
gen 13 3240 200001526.68689302 1399999781.759148 796.7857487479159 9999999999.0 
gen 14 3450 166668126.6626079 1280190767.7727416 796.7857487479159 9999999999.0 
gen 15 3660 166668177.22391677 1280190761.190282 796.7857487479159 9999999999.0 
gen 16 3870 266668067.34706506 1611072564.4715724 796.7857487479159 9999999999.0 
gen 17 4080 1515.2338641837805 624.6552210680882 796.7857487479159 5280.852584601295 
gen 18 4290 333334808.91807365 1795054661.516702 796.7857487479159 9999999999.0 
gen 19 4500 200001548.38765687 1399999778.6590874 796.7857487479159 9999999999.0 
gen 20 4710 633334960.6651192 2435614944.869067 796.7857487479159 9999999999.0 
gen 21 4920 533335001.54469514 2246972876.649305 796.7857487479159 9999999999.0 
gen 22 5130 533335004.8693229 2246972875.8601723 796.7857487479159 9999999999.0 
gen 23 5340 1066668184.3623346 3086889315.962855 796.7857487479159 9999999999.0 
gen 24 5550 666668275.0959774 2494437827.7113404 796.7857487479159 9999999999.0 
gen 25 5760 700001595.1697298 2551469726.522964 796.7857487479159 9999999999.0 
gen 26 5970 933334765.1450137 2908989437.5265627 796.7857487479159 9999999999.0 
gen 27 6180 566668113.250117 2312045396.3885417 796.7857487479159 9999999999.0 
gen 28 6390 533334811.10816866 2246972921.8505416 796.7857487479159 9999999999.0 
gen 29 6600 700001444.5435126 2551469767.847477 796.7857487479159 9999999999.0 
gen 30 6810 400001450.26367027 1959591497.9886942 796.7857487479159 9999999999.0 
gen 31 7020 833334742.6114042 2763853566.748066 796.7857487479159 9999999999.0 
gen 32 7230 1133334669.6968477 3169997769.326049 796.7857487479159 9999999999.0 
gen 33 7440 400001515.748089 1959591484.621751 796.7857487479159 9999999999.0 
gen 34 7650 733334781.1072415 2606828231.911182 796.7857487479159 9999999999.0 
gen 35 7860 266668149.77263114 1611072550.8284109 796.7857487479159 9999999999.0 
gen 36 8070 1066668021.5942475 3086889372.2069077 796.7857487479159 9999999999.0 
gen 37 8280 833334719.8999622 2763853573.595822 796.7857487479159 9999999999.0 
gen 38 8490 333334840.9360231 1795054655.5711348 796.7857487479159 9999999999.0 
gen 39 8700 733334791.758359 2606828228.9147987 796.7857487479159 9999999999.0 
gen 40 8910 633334804.2896053 2435614985.531347 796.7857487479159 9999999999.0 
gen 41 9120 500001456.26349425 2179449137.4512424 796.7857487479159 9999999999.0 
gen 42 9330 466668111.321076 2109238616.0915701 796.7857487479159 9999999999.0 
gen 43 9540 533334777.5817789 2246972929.8082347 796.7857487479159 9999999999.0 
gen 44 9750 766668195.5308868 2660617699.5390244 796.7857487479159 9999999999.0 
gen 45 9960 600001406.1040952 2374868061.909028 796.7857487479159 9999999999.0 
gen 46 10170 733334752.2469565 2606828240.0296545 796.7857487479159 9999999999.0 
gen 47 10380 933334667.2749158 2908989468.927622 796.7857487479159 9999999999.0 
gen 48 10590 1200001335.7164662 3249614868.23917 796.7857487479159 9999999999.0 
gen 49 10800 700001441.5587176 2551469768.6663475 796.7857487479159 9999999999.0 
gen 50 11010 600001445.3541917 2374868051.992673 796.7857487479159 9999999999.0 
gen 51 11220 1400001324.856932 3469869779.631691 796.7857487479159 9999999999.0 
gen 52 11430 833334735.3434393 2763853568.939428 796.7857487479159 9999999999.0 
gen 53 11640 900001385.6329461 2861817168.1750135 796.7857487479159 9999999999.0 
gen 54 11850 400001475.54577434 1959591492.8279917 796.7857487479159 9999999999.0 
gen 55 12060 800001455.5865741 2712931563.726237 796.7857487479159 9999999999.0 
gen 56 12270 1000001340.8716779 2999999552.709485 796.7857487479159 9999999999.0 
gen 57 12480 1100001376.1878502 3128897085.266206 796.7857487479159 9999999999.0 
gen 58 12690 400001514.61465263 1959591484.8538477 796.7857487479159 9999999999.0 
gen 59 12900 1100001414.07246 3128897071.947441 796.7857487479159 9999999999.0 
gen 60 13110 833334726.0012988 2763853571.7561984 796.7857487479159 9999999999.0 
gen 61 13320 766668096.3696667 2660617728.1121883 796.7857487479159 9999999999.0 
gen 62 13530 866668060.1914978 2813459283.227628 796.7857487479159 9999999999.0 
gen 63 13740 1033334747.1272677 3043937028.2002826 796.7857487479159 9999999999.0 
gen 64 13950 733334870.2260339 2606828206.841258 796.7857487479159 9999999999.0 
gen 65 14160 600001485.0451583 2374868041.9649453 796.7857487479159 9999999999.0 
gen 66 14370 666668121.0418272 2494437868.8840094 796.7857487479159 9999999999.0 
gen 67 14580 466668065.8327396 2109238626.1557941 796.7857487479159 9999999999.0 
gen 68 14790 466668125.0597127 2109238613.0519052 796.7857487479159 9999999999.0 
gen 69 15000 933334684.9359287 2908989463.261171 796.7857487479159 9999999999.0 
gen 70 15210 633334753.2942784 2435614998.7916512 796.7857487479159 9999999999.0 
gen 71 15420 666668253.1265038 2494437833.583914 796.7857487479159 9999999999.0 
gen 72 15630 766668109.0558146 2660617724.456626 796.7857487479159 9999999999.0 
gen 73 15840 866668106.6870323 2813459268.9050155 796.7857487479159 9999999999.0 
gen 74 16050 733334818.8087038 2606828221.305281 796.7857487479159 9999999999.0 
gen 75 16260 800001501.3622433 2712931550.228394 796.7857487479159 9999999999.0 
gen 76 16470 800001442.3479513 2712931567.630093 796.7857487479159 9999999999.0 
gen 77 16680 466668244.576917 2109238586.609413 796.7857487479159 9999999999.0 
gen 78 16890 366668144.2091768 1879420426.077715 796.7857487479159 9999999999.0 
gen 79 17100 833334696.2125238 2763853580.7378454 796.7857487479159 9999999999.0 
gen 80 17310 833334799.494083 2763853549.597301 796.7857487479159 9999999999.0 
gen 81 17520 633334760.2429596 2435614996.9847875 796.7857487479159 9999999999.0 
gen 82 17730 600001400.1191729 2374868063.42109 796.7857487479159 9999999999.0 
gen 83 17940 833334932.926154 2763853509.3669105 796.7857487479159 9999999999.0 
gen 84 18150 866668049.6334705 2813459286.4799495 796.7857487479159 9999999999.0 
gen 85 18360 633334844.6175569 2435614975.0451913 796.7857487479159 9999999999.0 
gen 86 18570 600001474.3030759 2374868044.678877 796.7857487479159 9999999999.0 
gen 87 18780 866668038.1344483 2813459290.022142 796.7857487479159 9999999999.0 
gen 88 18990 833334737.7973803 2763853568.1995473 796.7857487479159 9999999999.0 
gen 89 19200 833334756.7303334 2763853562.491313 796.7857487479159 9999999999.0 
gen 90 19410 533334759.2622645 2246972934.156479 796.7857487479159 9999999999.0 
gen 91 19620 666668063.0935506 2494437884.371309 796.7857487479159 9999999999.0 
gen 92 19830 333334827.87008566 1795054657.9974067 796.7857487479159 9999999999.0 
gen 93 20040 633334749.7508948 2435614999.7130256 796.7857487479159 9999999999.0 
gen 94 20250 900001389.0604769 2861817167.097097 796.7857487479159 9999999999.0 
gen 95 20460 500001474.5465956 2179449133.2568245 796.7857487479159 9999999999.0 
gen 96 20670 600001452.9482874 2374868050.07406 796.7857487479159 9999999999.0 
gen 97 20880 1200001382.639134 3249614850.911835 796.7857487479159 9999999999.0 
gen 98 21090 433334796.51065916 2036063428.9241323 796.7857487479159 9999999999.0 
gen 99 21300 433334748.27717304 2036063439.1896102 796.7857487479159 9999999999.0 
gen 100 21510 433334841.4800203 2036063419.353374 796.7857487479159 9999999999.0 
gen 101 21720 766668113.2537953 2660617723.2469726 796.7857487479159 9999999999.0 
gen 102 21930 433334784.8893521 2036063431.3974748 796.7857487479159 9999999999.0 
gen 103 22140 733334735.9826719 2606828244.6049953 796.7857487479159 9999999999.0 
gen 104 22350 966668053.8486766 2955032916.6363316 796.7857487479159 9999999999.0 
gen 105 22560 400001545.1444647 1959591478.6221745 796.7857487479159 9999999999.0 
gen 106 22770 933334790.684925 2908989429.332647 796.7857487479159 9999999999.0 
gen 107 22980 1100001359.472522 3128897091.1426606 796.7857487479159 9999999999.0 
gen 108 23190 866668126.269049 2813459262.872923 796.7857487479159 9999999999.0 
gen 109 23400 666668078.8856927 2494437880.150688 796.7857487479159 9999999999.0 
gen 110 23610 600001429.6509373 2374868055.960025 796.7857487479159 9999999999.0 
gen 111 23820 1033334778.2757523 3043937017.6267223 796.7857487479159 9999999999.0 
gen 112 24030 600001374.8550183 2374868069.8039546 796.7857487479159 9999999999.0 
gen 113 24240 733334759.6065295 2606828237.9596643 796.7857487479159 9999999999.0 
gen 114 24450 666668098.6798152 2494437874.8604965 796.7857487479159 9999999999.0 
gen 115 24660 700001449.9228384 2551469766.3716583 796.7857487479159 9999999999.0 
gen 116 24870 933334716.2611239 2908989453.210667 796.7857487479159 9999999999.0 
gen 117 25080 800001428.5584824 2712931571.696385 796.7857487479159 9999999999.0 
gen 118 25290 1166668021.6625223 3210226221.244509 796.7857487479159 9999999999.0 
gen 119 25500 900001392.2256216 2861817166.1017127 796.7857487479159 9999999999.0 
gen 120 25710 533334797.96143484 2246972924.9709992 796.7857487479159 9999999999.0 
gen 121 25920 300001488.84347874 1705871948.914791 796.7857487479159 9999999999.0 
gen 122 26130 1033334747.9119426 3043937027.9339104 796.7857487479159 9999999999.0 
gen 123 26340 666668113.5533787 2494437870.885379 796.7857487479159 9999999999.0 
gen 124 26550 1133334690.521044 3169997761.8810234 796.7857487479159 9999999999.0 
gen 125 26760 566668097.5751702 2312045400.2303634 796.7857487479159 9999999999.0 
gen 126 26970 733334705.7265712 2606828253.1164045 796.7857487479159 9999999999.0 
gen 127 27180 633334833.543579 2435614977.924757 796.7857487479159 9999999999.0 
gen 128 27390 633334796.6886535 2435614987.5078278 796.7857487479159 9999999999.0 
gen 129 27600 700001489.0679399 2551469755.6324606 796.7857487479159 9999999999.0 
gen 130 27810 966668104.2592448 2955032900.145768 796.7857487479159 9999999999.0 
gen 131 28020 533334754.0395452 2246972935.3965416 796.7857487479159 9999999999.0 
gen 132 28230 400001461.24433017 1959591495.7476542 796.7857487479159 9999999999.0 
gen 133 28440 466668037.18836915 2109238632.4933152 796.7857487479159 9999999999.0 
gen 134 28650 366668078.9415401 1879420438.8111162 796.7857487479159 9999999999.0 
gen 135 28860 900001310.9707205 2861817191.655169 796.7857487479159 9999999999.0 
gen 136 29070 200001423.72764605 1399999796.467564 796.7857487479159 9999999999.0 
gen 137 29280 500001361.00357836 2179449159.3053393 796.7857487479159 9999999999.0 
gen 138 29490 566668042.18727 2312045413.805542 796.7857487479159 9999999999.0 
gen 139 29700 833334712.9008085 2763853575.706134 796.7857487479159 9999999999.0 
gen 140 29910 566668036.7958432 2312045415.126938 796.7857487479159 9999999999.0 
gen 141 30120 500001525.8679828 2179449121.483876 796.7857487479159 9999999999.0 
gen 142 30330 400001417.1053946 1959591504.7570589 796.7857487479159 9999999999.0 
gen 143 30540 700001322.5739216 2551469801.309993 796.7857487479159 9999999999.0 
gen 144 30750 400001563.6257955 1959591474.8499103 796.7857487479159 9999999999.0 
gen 145 30960 733334753.6911483 2606828239.623752 796.7857487479159 9999999999.0 
gen 146 31170 1100001301.49356 3128897111.5258226 796.7857487479159 9999999999.0 
gen 147 31380 866667995.1288784 2813459303.2696977 796.7857487479159 9999999999.0 
gen 148 31590 700001348.4727937 2551469794.204598 796.7857487479159 9999999999.0 
gen 149 31800 766668018.8742125 2660617750.442754 796.7857487479159 9999999999.0 
gen 150 32010 1066667934.4537426 3086889402.318055 796.7857487479159 9999999999.0 
gen 151 32220 1133334621.09358 3169997786.702606 796.7857487479159 9999999999.0 
gen 152 32430 266668083.7442123 1611072561.757484 796.7857487479159 9999999999.0 
gen 153 32640 666668004.6477374 2494437899.9916115 796.7857487479159 9999999999.0 
gen 154 32850 566668037.3002992 2312045415.0033 796.7857487479159 9999999999.0 
gen 155 33060 766668086.5814486 2660617730.9331894 796.7857487479159 9999999999.0 
gen 156 33270 900001320.7031014 2861817188.5944796 796.7857487479159 9999999999.0 
gen 157 33480 600001350.8090768 2374868075.879048 796.7857487479159 9999999999.0 
gen 158 33690 433334679.1115099 2036063453.91004 796.7857487479159 9999999999.0 
gen 159 33900 833334698.9004213 2763853579.927401 796.7857487479159 9999999999.0 
gen 160 34110 533334717.962492 2246972943.9592247 796.7857487479159 9999999999.0 
gen 161 34320 600001337.7759187 2374868079.1718163 796.7857487479159 9999999999.0 
gen 162 34530 800001321.8658977 2712931603.1582775 796.7857487479159 9999999999.0 
gen 163 34740 666668014.894883 2494437897.2529283 796.7857487479159 9999999999.0 
gen 164 34950 666668006.7568924 2494437899.427898 796.7857487479159 9999999999.0 
gen 165 35160 366668039.48571694 1879420446.5087569 796.7857487479159 9999999999.0 
gen 166 35370 200001402.65792245 1399999799.4775183 796.7857487479159 9999999999.0 
gen 167 35580 600001350.7255595 2374868075.9001474 796.7857487479159 9999999999.0 
gen 168 35790 766668063.6103926 2660617737.5518785 796.7857487479159 9999999999.0 
gen 169 36000 633334701.8578203 2435615012.1666565 796.7857487479159 9999999999.0 
gen 170 36210 666667984.7382979 2494437905.312608 796.7857487479159 9999999999.0 
gen 171 36420 500001535.2197607 2179449119.338534 796.7857487479159 9999999999.0 
gen 172 36630 766668086.145135 2660617731.0589905 796.7857487479159 9999999999.0 
gen 173 36840 800001321.2004297 2712931603.3545165 796.7857487479159 9999999999.0 
gen 174 37050 833334757.3945688 2763853562.2911425 796.7857487479159 9999999999.0 
gen 175 37260 400001497.8004256 1959591488.28588 796.7857487479159 9999999999.0 
gen 176 37470 500001509.59580284 2179449125.216506 796.7857487479159 9999999999.0 
gen 177 37680 700001371.0042226 2551469788.023074 796.7857487479159 9999999999.0 
gen 178 37890 733334703.2814772 2606828253.804235 796.7857487479159 9999999999.0 
gen 179 38100 333334748.0297697 1795054672.8233364 796.7857487479159 9999999999.0 
gen 180 38310 566668105.7682401 2312045398.2223024 796.7857487479159 9999999999.0 
gen 181 38520 300001562.8869097 1705871935.8943439 796.7857487479159 9999999999.0 
gen 182 38730 466668054.34583354 2109238628.6972494 796.7857487479159 9999999999.0 
gen 183 38940 666668003.1307623 2494437900.397017 796.7857487479159 9999999999.0 
gen 184 39150 1466667937.301102 3537732582.5206795 796.7857487479159 9999999999.0 
gen 185 39360 666668021.9678085 2494437895.3626127 796.7857487479159 9999999999.0 
gen 186 39570 1133334650.4922009 3169997776.1920605 796.7857487479159 9999999999.0 
gen 187 39780 866668014.1436826 2813459297.412326 796.7857487479159 9999999999.0 
gen 188 39990 800001350.4901751 2712931594.717451 796.7857487479159 9999999999.0 
gen 189 40200 633334683.2954216 2435615016.993441 796.7857487479159 9999999999.0 
gen 190 40410 866667958.2865726 2813459314.6187 796.7857487479159 9999999999.0 
gen 191 40620 466668057.84369 2109238627.9233627 796.7857487479159 9999999999.0 
gen 192 40830 1200001301.7782292 3249614880.7716846 796.7857487479159 9999999999.0 
gen 193 41040 600001388.6848345 2374868066.309913 796.7857487479159 9999999999.0 
gen 194 41250 533334670.0030423 2246972955.342692 796.7857487479159 9999999999.0 
gen 195 41460 633334701.5708331 2435615012.241285 796.7857487479159 9999999999.0 
gen 196 41670 1000001286.9855635 2999999570.6715107 796.7857487479159 9999999999.0 
gen 197 41880 500001360.2649274 2179449159.474796 796.7857487479159 9999999999.0 
gen 198 42090 500001367.3245513 2179449157.855205 796.7857487479159 9999999999.0 
gen 199 42300 700001366.771134 2551469789.184424 796.7857487479159 9999999999.0 
gen 200 42510 733334669.0272505 2606828263.440365 796.7857487479159 9999999999.0 
gen 201 42720 1100001298.004334 3128897112.7524962 796.7857487479159 9999999999.0 
gen 202 42930 400001379.62624216 1959591512.4074457 796.7857487479159 9999999999.0 
gen 203 43140 466668133.21947324 2109238611.247544 796.7857487479159 9999999999.0 
gen 204 43350 900001324.4329113 2861817187.421511 796.7857487479159 9999999999.0 
gen 205 43560 866667977.9011023 2813459308.5765896 796.7857487479159 9999999999.0 
gen 206 43770 800001347.4422098 2712931595.6162343 796.7857487479159 9999999999.0 
gen 207 43980 900001388.4775972 2861817167.2806983 796.7857487479159 9999999999.0 
gen 208 44190 300001392.72055346 1705871965.8192236 796.7857487479159 9999999999.0 
gen 209 44400 766668141.1503088 2660617715.209125 796.7857487479159 9999999999.0 
gen 210 44610 733334702.8784292 2606828253.9176154 796.7857487479159 9999999999.0 
[6, 1, 5, 2, 0, 7, 3, 4, 6, 1, 0, 5, 3, 2, 7, 4, 6, 0, 2, 1, 7, 3, 5, 4, 6, 1, 5, 7, 0, 3, 2, 4, 6, 5, 2, 3, 0, 1, 7, 4, 6, 1, 0, 5, 3, 7, 2, 4, 6, 1, 3, 2, 0, 7, 5, 4, 6, 2, 3, 7, 1, 5, 0, 4]
min  796.7857487479159
NFE 44820
runTime 524.3255400657654
