gen 0 0 165.26989928591104 38.821844181918344 105.50576409341329 276.1135513108975 
gen 1 210 143.18718685151586 27.56114694954661 105.50576409341329 229.93305735390004 
gen 2 420 153.56500988312052 37.93018205145344 105.50576409341329 276.1135513108975 
gen 3 630 148.40458352670748 39.63796984824154 105.174675764062 331.00098598708945 
gen 4 840 163.62206360878346 44.31446568189388 105.174675764062 335.5467400132322 
gen 5 1050 170.91657829778094 94.16830232354837 105.174675764062 1581.8200728304564 
gen 6 1260 152.6094187858825 38.49822016778679 105.174675764062 298.08611601566105 
gen 7 1470 155.55928950533655 41.982016200772875 105.174675764062 266.5515543309915 
gen 8 1680 158.2169495380324 39.269354477422844 105.174675764062 317.7264327375109 
gen 9 1890 128.82571390017003 23.385845645916945 105.174675764062 212.84220666467297 
[2, 3, 0, 1, 0, 2, 1, 3, 3, 0, 1, 2, 2, 1, 3, 0, 1, 0, 3, 2]
min  105.174675764062
NFE 300
runTime 3.510239839553833
