gen 0 360 65.60469779791956 0.37992003410256037 64.7305170674911 66.59373555163043 
gen 1 1800 65.06517150490298 0.14541359341146953 64.50593627964473 65.26090286960338 
gen 2 3240 64.82790661039067 0.1010879708449634 64.40149907171721 64.95648128715142 
gen 3 4680 64.67001402772797 0.08237397446073895 64.3453693328617 64.76639744748924 
gen 4 6120 64.55338515694616 0.06024585194908385 64.3453693328617 64.62965117582317 
gen 5 7560 64.46729718864104 0.05107519213989269 64.26067249869395 64.52851782284708 
gen 6 9000 64.40126748869616 0.038494321116996605 64.26067249869395 64.44976867672142 
gen 7 10440 64.34689268661691 0.026697248679399793 64.2408893274189 64.38070838500332 
gen 8 11880 64.30772667050722 0.02179322317870168 64.21032828484172 64.33486493847171 
gen 9 13320 64.27964409864748 0.017836984246095824 64.21032828484172 64.3018218165009 
gen 10 14780 64.25930772382749 0.014999945192478827 64.1943848798323 64.2776443252033 
gen 11 16220 64.24539835417434 0.014500959931960843 64.17643298973277 64.26173090510142 
gen 12 17660 64.23476724480047 0.013262131483779775 64.17643298973277 64.25052539575562 
gen 13 19100 64.22617501833406 0.012711924620449865 64.17643298973277 64.24061502792914 
gen 14 20550 64.21977323552127 0.013013764657237798 64.14941124043048 64.2342966168921 
gen 15 21990 64.21202272329786 0.012755315509539018 64.14941124043048 64.2268917026628 
gen 16 23430 64.20775493708535 0.012385012021376615 64.14941124043048 64.2211765373189 
gen 17 24870 64.2029855868462 0.012246293033907422 64.14941124043048 64.21664073174529 
gen 18 26310 64.19806606198638 0.012597137938908041 64.14632153151375 64.21185979688158 
gen 19 27750 64.19350344709268 0.012271608123644834 64.14632153151375 64.20732424846982 
gen 20 29190 64.18896848925166 0.011434308333862844 64.14632153151375 64.20267528156825 
gen 21 30630 64.18456040095711 0.01139417832382508 64.14089441435455 64.19792047407046 
gen 22 32070 64.18010382166418 0.011305416141751146 64.13274513741148 64.19300000683242 
gen 23 33510 64.17690173577195 0.010861984009060856 64.13274513741148 64.18901093197165 
gen 24 34950 64.1739357318353 0.010434326245433247 64.13274513741148 64.18611771442882 
gen 25 36400 64.17009380950591 0.010266983951427413 64.13274513741148 64.18203560177335 
gen 26 37840 64.16715143695248 0.00975231332102161 64.13274513741148 64.17822059220728 
gen 27 39280 64.16310902090886 0.010146036784438454 64.10491573200886 64.17442319655923 
gen 28 40720 64.15878267360503 0.009547982064594994 64.10491573200886 64.17050914329639 
gen 29 42160 64.15316738475354 0.008102967980289784 64.10491573200886 64.1633494653725 
gen 30 43600 64.14728322121309 0.007130737971205111 64.10491573200886 64.15590744723092 
gen 31 45040 64.14110445126713 0.006044552776906525 64.10491573200886 64.1482014158783 
gen 32 46480 64.13510095294747 0.005100157358416724 64.10491573200886 64.14116864022714 
gen 33 47920 64.13146200374067 0.004045966817716882 64.10491573200886 64.1361007834005 
gen 34 49370 64.12806091364551 0.0037054001230288026 64.10491573200886 64.13222483935395 
gen 35 50810 64.12599129611175 0.003188841664751561 64.10491573200886 64.12933769422095 
gen 36 52250 64.12427320417416 0.0029573338921087184 64.10491573200886 64.12725109466442 
gen 37 53690 64.12245977614332 0.0030162900160103103 64.10491573200886 64.12571650975512 
gen 38 55130 64.12041273037352 0.0032189094319392333 64.10329009341494 64.12368709645953 
gen 39 56570 64.11880001444617 0.002995922652327359 64.10329009341494 64.12202123519145 
gen 40 58010 64.11718608216287 0.0029016416788822303 64.10329009341494 64.12017398992407 
gen 41 59450 64.1154571542115 0.002944384501837977 64.10084131971439 64.11854826571081 
gen 42 60890 64.11404987300999 0.0029485633651467717 64.10084131971439 64.11704688758716 
gen 43 62330 64.11237277523853 0.0032064149880117582 64.09831065967968 64.11552855630536 
gen 44 63770 64.1105021414998 0.0035805694063437447 64.09592428835464 64.11392915357139 
gen 45 65210 64.10822603519381 0.003910182675156212 64.09592428835464 64.11236366900374 
gen 46 66650 64.10463616625928 0.003344483059066885 64.09523313804847 64.10900997238795 
gen 47 68100 64.1014445763398 0.0023464368084867033 64.09255768987003 64.1047961336396 
gen 48 69540 64.09916044381563 0.0017465140011771847 64.09216882194602 64.10130119228066 
gen 49 70990 64.09761909706633 0.001533201443956163 64.09170552545999 64.09950544486968 
gen 50 72430 64.09613331904798 0.00141260311003642 64.09100723367281 64.09783119409713 
gen 51 73880 64.09489233947482 0.0012937620600973869 64.08942543455407 64.09633399891507 
gen 52 75320 64.0939651668393 0.001219861274483732 64.08715476408722 64.09532939985006 
gen 53 76760 64.09309149950168 0.001208995319369977 64.08652831157086 64.09444491298315 
gen 54 78200 64.09224535608793 0.0013464505714684055 64.08623832473246 64.09351851278804 
gen 55 79640 64.09158663840799 0.0014590819687311015 64.08623832473246 64.09285039645083 
gen 56 81080 64.0907772188256 0.001437007676657638 64.08623832473246 64.09242701015928 
gen 57 82530 64.08963326892422 0.0012356101106816945 64.08623832473246 64.0913435653544 
gen 58 83970 64.08894959810318 0.0010616682270413046 64.08623832473246 64.09019254442468 
gen 59 85410 64.08822837337777 0.0010666664151427231 64.08593506785546 64.08941890135141 
gen 60 86850 64.08742498945972 0.0008414549954592789 64.08593506785546 64.08874630734496 
gen 61 88290 64.08685568049818 0.0005458897899810824 64.08593506785546 64.08792875437972 
gen 62 89730 64.08650540502484 0.0003446154668222983 64.08593506785546 64.08710224152411 
gen 63 91170 64.08628582156562 0.0001875723636082174 64.08593506785546 64.08652831157086 
gen 64 92620 64.08618019464606 0.00015558120675711838 64.08593506785546 64.08642326525312 
gen 65 94060 64.08609982891501 0.00013078524074215355 64.08593506785546 64.08629030348024 
gen 66 95500 64.08602254194842 9.236524154439892e-05 64.08593506785546 64.08623832473246 
gen 67 96940 64.0859700916291 2.2426414323624934e-05 64.08593506785546 64.08598630906322 
gen 68 98390 64.08596278175378 2.3907261525959346e-05 64.08593506785546 64.08598630906322 
gen 69 99830 64.08595384784836 2.260614755999479e-05 64.08593506785546 64.08598105967481 
gen 70 101270 64.08594145560815 1.5905375922713115e-05 64.08593506785546 64.08598105967481 
gen 71 102720 64.08593506785544 1.4210854715202004e-14 64.08593506785546 64.08593506785546 
gen 72 104160 64.08593506785544 1.4210854715202004e-14 64.08593506785546 64.08593506785546 
gen 73 105600 64.08593506785544 1.4210854715202004e-14 64.08593506785546 64.08593506785546 
gen 74 107050 64.08593506785544 1.4210854715202004e-14 64.08593506785546 64.08593506785546 
gen 75 108490 64.08593506785544 1.4210854715202004e-14 64.08593506785546 64.08593506785546 
gen 76 109930 64.08593506785544 1.4210854715202004e-14 64.08593506785546 64.08593506785546 
gen 77 111370 64.08593506785544 1.4210854715202004e-14 64.08593506785546 64.08593506785546 
gen 78 112810 64.08593506785544 1.4210854715202004e-14 64.08593506785546 64.08593506785546 
gen 79 114250 64.08593506785544 1.4210854715202004e-14 64.08593506785546 64.08593506785546 
gen 80 115690 64.08593506785544 1.4210854715202004e-14 64.08593506785546 64.08593506785546 
gen 81 117130 64.08593506785544 1.4210854715202004e-14 64.08593506785546 64.08593506785546 
gen 82 118570 64.08593506785544 1.4210854715202004e-14 64.08593506785546 64.08593506785546 
gen 83 120010 64.08593506785544 1.4210854715202004e-14 64.08593506785546 64.08593506785546 
gen 84 121460 64.08593506785544 1.4210854715202004e-14 64.08593506785546 64.08593506785546 
gen 85 122900 64.08593506785544 1.4210854715202004e-14 64.08593506785546 64.08593506785546 
gen 86 124340 64.08593506785544 1.4210854715202004e-14 64.08593506785546 64.08593506785546 
gen 87 125780 64.08593506785544 1.4210854715202004e-14 64.08593506785546 64.08593506785546 
gen 88 127220 64.08593506785544 1.4210854715202004e-14 64.08593506785546 64.08593506785546 
gen 89 128660 64.08593506785544 1.4210854715202004e-14 64.08593506785546 64.08593506785546 
gen 90 130100 64.08593506785544 1.4210854715202004e-14 64.08593506785546 64.08593506785546 
gen 91 131540 64.08593506785544 1.4210854715202004e-14 64.08593506785546 64.08593506785546 
gen 92 132980 64.08593506785544 1.4210854715202004e-14 64.08593506785546 64.08593506785546 
gen 93 134420 64.08593506785544 1.4210854715202004e-14 64.08593506785546 64.08593506785546 
gen 94 135860 64.08593506785544 1.4210854715202004e-14 64.08593506785546 64.08593506785546 
gen 95 137300 64.08593506785544 1.4210854715202004e-14 64.08593506785546 64.08593506785546 
gen 96 138740 64.08593506785544 1.4210854715202004e-14 64.08593506785546 64.08593506785546 
gen 97 140180 64.08593506785544 1.4210854715202004e-14 64.08593506785546 64.08593506785546 
gen 98 141620 64.08593506785544 1.4210854715202004e-14 64.08593506785546 64.08593506785546 
gen 99 143060 64.08593506785544 1.4210854715202004e-14 64.08593506785546 64.08593506785546 
gen 100 144510 64.08593506785544 1.4210854715202004e-14 64.08593506785546 64.08593506785546 
gen 101 145950 64.08593506785544 1.4210854715202004e-14 64.08593506785546 64.08593506785546 
gen 102 147390 64.08593506785544 1.4210854715202004e-14 64.08593506785546 64.08593506785546 
gen 103 148830 64.08593506785544 1.4210854715202004e-14 64.08593506785546 64.08593506785546 
gen 104 150280 64.08593506785544 1.4210854715202004e-14 64.08593506785546 64.08593506785546 
gen 105 151720 64.08593506785544 1.4210854715202004e-14 64.08593506785546 64.08593506785546 
gen 106 153160 64.08593506785544 1.4210854715202004e-14 64.08593506785546 64.08593506785546 
gen 107 154600 64.08593506785544 1.4210854715202004e-14 64.08593506785546 64.08593506785546 
gen 108 156040 64.08593506785544 1.4210854715202004e-14 64.08593506785546 64.08593506785546 
gen 109 157480 64.08593506785544 1.4210854715202004e-14 64.08593506785546 64.08593506785546 
gen 110 158920 64.08593506785544 1.4210854715202004e-14 64.08593506785546 64.08593506785546 
gen 111 160370 64.08593506785544 1.4210854715202004e-14 64.08593506785546 64.08593506785546 
gen 112 161810 64.08593506785544 1.4210854715202004e-14 64.08593506785546 64.08593506785546 
gen 113 163250 64.08593506785544 1.4210854715202004e-14 64.08593506785546 64.08593506785546 
gen 114 164690 64.08593506785544 1.4210854715202004e-14 64.08593506785546 64.08593506785546 
gen 115 166130 64.08593506785544 1.4210854715202004e-14 64.08593506785546 64.08593506785546 
gen 116 167570 64.08593506785544 1.4210854715202004e-14 64.08593506785546 64.08593506785546 
gen 117 169020 64.08593506785544 1.4210854715202004e-14 64.08593506785546 64.08593506785546 
gen 118 170460 64.08593506785544 1.4210854715202004e-14 64.08593506785546 64.08593506785546 
gen 119 171910 64.08593506785544 1.4210854715202004e-14 64.08593506785546 64.08593506785546 
gen 120 173360 64.08593506785544 1.4210854715202004e-14 64.08593506785546 64.08593506785546 
gen 121 174810 64.08593506785544 1.4210854715202004e-14 64.08593506785546 64.08593506785546 
gen 122 176250 64.08593506785544 1.4210854715202004e-14 64.08593506785546 64.08593506785546 
gen 123 177690 64.08593506785544 1.4210854715202004e-14 64.08593506785546 64.08593506785546 
gen 124 179140 64.08593506785544 1.4210854715202004e-14 64.08593506785546 64.08593506785546 
gen 125 180590 64.08593506785544 1.4210854715202004e-14 64.08593506785546 64.08593506785546 
gen 126 182030 64.08593506785544 1.4210854715202004e-14 64.08593506785546 64.08593506785546 
gen 127 183480 64.08593506785544 1.4210854715202004e-14 64.08593506785546 64.08593506785546 
gen 128 184920 64.08593506785544 1.4210854715202004e-14 64.08593506785546 64.08593506785546 
gen 129 186360 64.08593506785544 1.4210854715202004e-14 64.08593506785546 64.08593506785546 
gen 130 187800 64.08593506785544 1.4210854715202004e-14 64.08593506785546 64.08593506785546 
gen 131 189240 64.08593506785544 1.4210854715202004e-14 64.08593506785546 64.08593506785546 
gen 132 190680 64.08593506785544 1.4210854715202004e-14 64.08593506785546 64.08593506785546 
gen 133 192130 64.08593506785544 1.4210854715202004e-14 64.08593506785546 64.08593506785546 
gen 134 193570 64.08593506785544 1.4210854715202004e-14 64.08593506785546 64.08593506785546 
gen 135 195010 64.08593506785544 1.4210854715202004e-14 64.08593506785546 64.08593506785546 
gen 136 196450 64.08593506785544 1.4210854715202004e-14 64.08593506785546 64.08593506785546 
gen 137 197890 64.08593506785544 1.4210854715202004e-14 64.08593506785546 64.08593506785546 
gen 138 199330 64.08593506785544 1.4210854715202004e-14 64.08593506785546 64.08593506785546 
gen 139 200770 64.08593506785544 1.4210854715202004e-14 64.08593506785546 64.08593506785546 
gen 140 202210 64.08593506785544 1.4210854715202004e-14 64.08593506785546 64.08593506785546 
gen 141 203650 64.08593506785544 1.4210854715202004e-14 64.08593506785546 64.08593506785546 
gen 142 205090 64.08593506785544 1.4210854715202004e-14 64.08593506785546 64.08593506785546 
gen 143 206530 64.08593506785544 1.4210854715202004e-14 64.08593506785546 64.08593506785546 
gen 144 207980 64.08593506785544 1.4210854715202004e-14 64.08593506785546 64.08593506785546 
gen 145 209430 64.08593506785544 1.4210854715202004e-14 64.08593506785546 64.08593506785546 
gen 146 210870 64.08593506785544 1.4210854715202004e-14 64.08593506785546 64.08593506785546 
gen 147 212320 64.08593506785544 1.4210854715202004e-14 64.08593506785546 64.08593506785546 
gen 148 213760 64.08593506785544 1.4210854715202004e-14 64.08593506785546 64.08593506785546 
gen 149 215200 64.08593506785544 1.4210854715202004e-14 64.08593506785546 64.08593506785546 
gen 150 216640 64.08593506785544 1.4210854715202004e-14 64.08593506785546 64.08593506785546 
gen 151 218080 64.08593506785544 1.4210854715202004e-14 64.08593506785546 64.08593506785546 
gen 152 219530 64.08593506785544 1.4210854715202004e-14 64.08593506785546 64.08593506785546 
gen 153 220970 64.08593506785544 1.4210854715202004e-14 64.08593506785546 64.08593506785546 
gen 154 222410 64.08593506785544 1.4210854715202004e-14 64.08593506785546 64.08593506785546 
gen 155 223850 64.08593506785544 1.4210854715202004e-14 64.08593506785546 64.08593506785546 
gen 156 225290 64.08593506785544 1.4210854715202004e-14 64.08593506785546 64.08593506785546 
gen 157 226740 64.08593506785544 1.4210854715202004e-14 64.08593506785546 64.08593506785546 
gen 158 228180 64.08593506785544 1.4210854715202004e-14 64.08593506785546 64.08593506785546 
gen 159 229620 64.08593506785544 1.4210854715202004e-14 64.08593506785546 64.08593506785546 
gen 160 231060 64.08593506785544 1.4210854715202004e-14 64.08593506785546 64.08593506785546 
gen 161 232500 64.08593506785544 1.4210854715202004e-14 64.08593506785546 64.08593506785546 
gen 162 233950 64.08593506785544 1.4210854715202004e-14 64.08593506785546 64.08593506785546 
gen 163 235390 64.08593506785544 1.4210854715202004e-14 64.08593506785546 64.08593506785546 
gen 164 236840 64.08593506785544 1.4210854715202004e-14 64.08593506785546 64.08593506785546 
gen 165 238280 64.08593506785544 1.4210854715202004e-14 64.08593506785546 64.08593506785546 
gen 166 239720 64.08593506785544 1.4210854715202004e-14 64.08593506785546 64.08593506785546 
gen 167 241160 64.08593506785544 1.4210854715202004e-14 64.08593506785546 64.08593506785546 
gen 168 242600 64.08593506785544 1.4210854715202004e-14 64.08593506785546 64.08593506785546 
gen 169 244040 64.08593506785544 1.4210854715202004e-14 64.08593506785546 64.08593506785546 
gen 170 245480 64.08593506785544 1.4210854715202004e-14 64.08593506785546 64.08593506785546 
gen 171 246920 64.08593506785544 1.4210854715202004e-14 64.08593506785546 64.08593506785546 
gen 172 248360 64.08593506785544 1.4210854715202004e-14 64.08593506785546 64.08593506785546 
gen 173 249800 64.08593506785544 1.4210854715202004e-14 64.08593506785546 64.08593506785546 
gen 174 251240 64.08593506785544 1.4210854715202004e-14 64.08593506785546 64.08593506785546 
gen 175 252680 64.08593506785544 1.4210854715202004e-14 64.08593506785546 64.08593506785546 
[2, 0, 4, 6, 7, 17, 16, 11, 13, 9, 14, 8, 3, 15, 5, 1, 10, 12, 10, 12, 3, 7, 5, 13, 2, 15, 14, 8, 0, 11, 1, 17, 4, 16, 9, 6, 6, 5, 7, 4, 17, 11, 16, 9, 12, 10, 14, 0, 15, 3, 2, 1, 13, 8, 11, 13, 6, 17, 14, 9, 0, 5, 2, 8, 12, 3, 4, 10, 7, 1, 16, 15, 2, 3, 1, 8, 5, 7, 12, 15, 10, 11, 4, 9, 17, 16, 6, 0, 14, 13, 15, 0, 10, 5, 16, 9, 8, 13, 4, 7, 2, 6, 3, 12, 17, 11, 1, 14, 2, 9, 0, 8, 17, 11, 7, 6, 5, 12, 4, 1, 16, 13, 15, 3, 10, 14, 13, 9, 3, 14, 5, 15, 17, 16, 7, 11, 10, 1, 12, 0, 2, 6, 4, 8, 8, 6, 13, 9, 11, 12, 16, 14, 15, 0, 10, 5, 4, 7, 2, 17, 3, 1, 9, 1, 17, 5, 11, 16, 12, 13, 8, 3, 2, 0, 4, 7, 14, 10, 6, 15, 14, 10, 7, 11, 0, 5, 8, 17, 15, 16, 12, 13, 4, 9, 1, 6, 2, 3, 14, 15, 0, 10, 5, 4, 7, 2, 6, 3, 9, 11, 8, 17, 1, 12, 13, 16, 2, 7, 16, 3, 8, 14, 12, 15, 11, 10, 9, 17, 4, 6, 13, 1, 5, 0, 7, 5, 4, 8, 14, 0, 11, 16, 9, 12, 13, 15, 10, 6, 2, 3, 17, 1, 9, 14, 4, 12, 10, 2, 5, 11, 0, 8, 7, 13, 16, 6, 1, 15, 3, 17, 11, 15, 12, 8, 7, 2, 16, 10, 9, 3, 13, 5, 4, 17, 14, 0, 6, 1, 11, 13, 6, 17, 12, 10, 8, 14, 4, 1, 15, 9, 2, 7, 5, 0, 3, 16, 7, 2, 9, 3, 15, 5, 14, 6, 10, 11, 8, 13, 0, 4, 1, 17, 16, 12, 3, 13, 1, 11, 14, 4, 2, 0, 9, 7, 5, 6, 8, 16, 17, 15, 12, 10, 17, 7, 2, 13, 8, 14, 16, 5, 1, 6, 11, 0, 4, 15, 9, 3, 12, 10]
min  64.08593506785546
NFE 252680
LSNFE 320
VLSNFE 1
runTime 1070.7907021045685
