gen 0 360 65.62056071971156 0.36348234280228614 64.67244292251512 66.59083135071828 
gen 1 1800 65.10419859207856 0.16353684297047485 64.46917738811788 65.31205415912824 
gen 2 3240 64.82736510627396 0.10790182079420323 64.44751072741639 64.97278753924165 
gen 3 4680 64.65027685410298 0.08085191122992959 64.39604200973056 64.75063589340245 
gen 4 6120 64.53655335511169 0.05858633250837339 64.32314917419518 64.61225828703299 
gen 5 7560 64.45553380334863 0.04258958311504078 64.30564513752296 64.51032657013567 
gen 6 9010 64.39432652290165 0.03440852570882268 64.27470310833478 64.43496363200829 
gen 7 10450 64.35058010740167 0.026187712848726997 64.26791699348759 64.38370013287803 
gen 8 11900 64.31549059663355 0.02237518999491144 64.21876935952166 64.34344586816201 
gen 9 13350 64.29087366271136 0.018865174455051672 64.21876935952166 64.31300685558375 
gen 10 14800 64.27222849683842 0.015194724967185998 64.21876935952166 64.29150009519726 
gen 11 16240 64.25696030407894 0.014355180386974295 64.19722633295707 64.27389358025313 
gen 12 17680 64.24567862636644 0.0136436954841894 64.17909966119696 64.26224427176703 
gen 13 19120 64.23575112036465 0.013126104963624964 64.17909966119696 64.2510097807767 
gen 14 20560 64.22862143326824 0.013144406989989088 64.17909966119696 64.24274311653672 
gen 15 22000 64.22271483770686 0.013365933672337212 64.16838720215789 64.23759830095824 
gen 16 23440 64.21646757022289 0.012425289608066369 64.16838720215789 64.23070432939019 
gen 17 24900 64.21181224070095 0.012129323659492932 64.16532676981532 64.22567959611175 
gen 18 26350 64.20621872050322 0.012037720734016025 64.16266826402129 64.22118238002892 
gen 19 27790 64.20134364872753 0.011187407676624534 64.16266826402129 64.21547584734611 
gen 20 29230 64.19653999332493 0.01057907115409215 64.16266826402129 64.20998804528458 
gen 21 30670 64.19273991909171 0.01003261260079572 64.15518950762548 64.20553409633315 
gen 22 32110 64.1894418677809 0.009433363474250436 64.15518950762548 64.20133422790451 
gen 23 33550 64.18641019824706 0.009358688097036744 64.15469621427607 64.19797039710375 
gen 24 34990 64.1825624997842 0.009636741305394722 64.13861730606686 64.19417773612176 
gen 25 36440 64.17922353430785 0.0091397213650841 64.13861730606686 64.19047355619944 
gen 26 37880 64.17690263622463 0.008543353072448917 64.13861730606686 64.18756694774221 
gen 27 39320 64.17422679479101 0.008268674087844236 64.13861730606686 64.18440407874645 
gen 28 40760 64.17129032254496 0.008864785694853562 64.13398564016467 64.1815405922411 
gen 29 42200 64.16838355960083 0.008895523119586362 64.13393639116744 64.17919110695117 
gen 30 43640 64.16568839384973 0.008893496799113911 64.13355995075078 64.17619381317694 
gen 31 45080 64.16194564803658 0.00898984468437437 64.130275233514 64.1724103532093 
gen 32 46530 64.15855443758701 0.00838785477770007 64.130275233514 64.16885976200079 
gen 33 47970 64.15482580112244 0.007921538510156697 64.12338234475618 64.16457276563105 
gen 34 49410 64.15031000667587 0.007427245154291429 64.12338234475618 64.15951001606777 
gen 35 50850 64.1461502351079 0.00704071613667191 64.11582574242114 64.15464547207533 
gen 36 52300 64.14201217065288 0.006205689127535852 64.11582574242114 64.1500716777755 
gen 37 53750 64.13797573117225 0.005871056796788161 64.11328229475403 64.14498301661584 
gen 38 55190 64.1344081781838 0.00579131669231761 64.1059498146383 64.14142082935147 
gen 39 56630 64.12968312016443 0.006158229383322215 64.1059498146383 64.13674794433085 
gen 40 58070 64.12524216959312 0.005806015013736638 64.1059498146383 64.13239487650586 
gen 41 59510 64.12129037106659 0.005640879805789327 64.10464155342181 64.1280372917697 
gen 42 60960 64.11719681974314 0.0052651234025111425 64.09846064705737 64.12386269507314 
gen 43 62400 64.11309395442402 0.004474830742311414 64.09746972712762 64.11900534416822 
gen 44 63840 64.11026600606775 0.004048012270831424 64.09474492715445 64.11526543669282 
gen 45 65290 64.10788974206909 0.0037642599781099796 64.08918711336062 64.11253481908183 
gen 46 66740 64.10595914118963 0.003395287989369785 64.08918711336062 64.10997549051255 
gen 47 68180 64.10433116923932 0.0034601426326184596 64.08737379996121 64.10841105652993 
gen 48 69620 64.10275636464509 0.003495487456266879 64.08702779121651 64.10683530272094 
gen 49 71060 64.10128529498562 0.003513063799912187 64.08569170291186 64.10514266610203 
gen 50 72500 64.09979412500178 0.0034034845989699726 64.08569170291186 64.10345487380425 
gen 51 73950 64.09846314962833 0.0033553522458771422 64.08510131329726 64.1021374134828 
gen 52 75390 64.0971492480426 0.0033341475972055393 64.08240609023251 64.10079329401847 
gen 53 76830 64.09577106951825 0.00327529524599501 64.07983257917306 64.0993134346655 
gen 54 78270 64.09455503972666 0.0032456074846828765 64.07983257917306 64.0981667039415 
gen 55 79710 64.09289770631747 0.0032917086684547173 64.07983257917306 64.09653305102273 
gen 56 81160 64.09130221564727 0.0032765992889619727 64.07779340869058 64.09523838168053 
gen 57 82600 64.08915971208555 0.0030118544978775742 64.07779340869058 64.09303654176644 
gen 58 84040 64.08649066847376 0.002561267046629616 64.07779340869058 64.0895701208564 
gen 59 85480 64.08432978813019 0.002115992887941383 64.07724109201321 64.08687123285007 
gen 60 86920 64.08251935594627 0.001931106791256951 64.07634362137611 64.08511564092856 
gen 61 88360 64.0811530754262 0.001690485970160023 64.07439164869669 64.08314388362197 
gen 62 89800 64.07997211284842 0.0015561898661512494 64.07439164869669 64.0819738209006 
gen 63 91240 64.07902794666897 0.0013654963610748446 64.07439164869669 64.08076836369118 
gen 64 92690 64.07827070476193 0.0012844627045641931 64.07439164869669 64.0798452637386 
gen 65 94140 64.07742343062104 0.0012148190818904111 64.07357432345691 64.07903228149398 
gen 66 95580 64.07670048316915 0.0010774596714815798 64.07319473429624 64.07813667599426 
gen 67 97020 64.07623031240898 0.0009792505369146892 64.07319473429624 64.07745449300867 
gen 68 98460 64.07577730214341 0.0008770312111843498 64.07270871238745 64.07688471063584 
gen 69 99910 64.07536598147014 0.0007778106748986745 64.07270715043838 64.07640579313927 
gen 70 101350 64.07497072658508 0.0006913183503492692 64.07270715043838 64.07589694137106 
gen 71 102790 64.0746470786528 0.000653741035185393 64.07113999229237 64.07550916534942 
gen 72 104240 64.07437871513932 0.000576598258421976 64.07113999229237 64.07511249123965 
gen 73 105680 64.07416865965634 0.0005281335644191827 64.07113999229237 64.07480827916497 
gen 74 107130 64.07399330447964 0.0005041502341037584 64.07113999229237 64.07458852591262 
gen 75 108570 64.07383797241475 0.0004653421991430706 64.07113999229237 64.07440428152286 
gen 76 110020 64.07365775542895 0.0004102070944963703 64.07113999229237 64.07421075378915 
gen 77 111460 64.0735026521084 0.0004002634084385737 64.07113999229237 64.07395911378033 
gen 78 112900 64.0733194423511 0.0003490483958049387 64.07113999229237 64.07385848681088 
gen 79 114340 64.07314162920841 0.00022808753368698995 64.07113999229237 64.07347152665673 
gen 80 115780 64.07307532265727 0.00021927442298668275 64.07113999229237 64.073196296252 
gen 81 117230 64.07302265829892 0.00023791755080015056 64.07113999229237 64.07319473429624 
gen 82 118670 64.07289397770461 0.00023507593380486875 64.07113999229237 64.07319473429624 
gen 83 120110 64.07276314450947 0.00018921387318134668 64.07113999229237 64.07306249058938 
gen 84 121550 64.07269458727065 0.00012536917881848951 64.07113999229237 64.07270871238745 
gen 85 122990 64.07269030364999 0.00014600740790644972 64.07113999229237 64.07270715043838 
gen 86 124430 64.07268631506417 0.00016399706922559732 64.07113999229237 64.07270715043838 
gen 87 125870 64.07267135438897 0.00022078959937841335 64.07078368389975 64.07270715043838 
gen 88 127310 64.07265621535035 0.0002592551390815449 64.07078368389975 64.07270715043838 
gen 89 128750 64.0726451577082 0.0002808851506962398 64.07078368389975 64.07270715043838 
gen 90 130190 64.07262123919425 0.0003304092120596152 64.07078368389975 64.07270715043838 
gen 91 131630 64.07258670800763 0.00036853761697824204 64.07078368389975 64.07270715043838 
gen 92 133080 64.07251732977366 0.0004414219978938867 64.07078368389975 64.07270715043838 
gen 93 134520 64.07235577660465 0.0005788322325895541 64.07078368389975 64.07270715043838 
gen 94 135960 64.07198121654463 0.0006507036021520934 64.07078368389975 64.07270715043838 
gen 95 137400 64.07110584140258 0.00030770186934891286 64.07078368389975 64.0718710278571 
gen 96 138840 64.07078368389976 1.4210854715202004e-14 64.07078368389975 64.07078368389975 
gen 97 140280 64.07078368389976 1.4210854715202004e-14 64.07078368389975 64.07078368389975 
gen 98 141720 64.07078368389976 1.4210854715202004e-14 64.07078368389975 64.07078368389975 
gen 99 143160 64.07078368389976 1.4210854715202004e-14 64.07078368389975 64.07078368389975 
gen 100 144600 64.07078368389976 1.4210854715202004e-14 64.07078368389975 64.07078368389975 
gen 101 146040 64.07078368389976 1.4210854715202004e-14 64.07078368389975 64.07078368389975 
gen 102 147480 64.07078368389976 1.4210854715202004e-14 64.07078368389975 64.07078368389975 
gen 103 148920 64.07078368389976 1.4210854715202004e-14 64.07078368389975 64.07078368389975 
gen 104 150370 64.07078368389976 1.4210854715202004e-14 64.07078368389975 64.07078368389975 
gen 105 151810 64.07078368389976 1.4210854715202004e-14 64.07078368389975 64.07078368389975 
gen 106 153260 64.07078368389976 1.4210854715202004e-14 64.07078368389975 64.07078368389975 
gen 107 154700 64.07078368389976 1.4210854715202004e-14 64.07078368389975 64.07078368389975 
gen 108 156140 64.07078368389976 1.4210854715202004e-14 64.07078368389975 64.07078368389975 
gen 109 157590 64.07078368389976 1.4210854715202004e-14 64.07078368389975 64.07078368389975 
gen 110 159030 64.07078368389976 1.4210854715202004e-14 64.07078368389975 64.07078368389975 
gen 111 160470 64.07078368389976 1.4210854715202004e-14 64.07078368389975 64.07078368389975 
gen 112 161910 64.07078368389976 1.4210854715202004e-14 64.07078368389975 64.07078368389975 
gen 113 163360 64.07078368389976 1.4210854715202004e-14 64.07078368389975 64.07078368389975 
gen 114 164800 64.07078368389976 1.4210854715202004e-14 64.07078368389975 64.07078368389975 
gen 115 166240 64.07078368389976 1.4210854715202004e-14 64.07078368389975 64.07078368389975 
gen 116 167680 64.07078368389976 1.4210854715202004e-14 64.07078368389975 64.07078368389975 
gen 117 169120 64.07078368389976 1.4210854715202004e-14 64.07078368389975 64.07078368389975 
gen 118 170560 64.07078368389976 1.4210854715202004e-14 64.07078368389975 64.07078368389975 
gen 119 172000 64.07078368389976 1.4210854715202004e-14 64.07078368389975 64.07078368389975 
gen 120 173440 64.07078368389976 1.4210854715202004e-14 64.07078368389975 64.07078368389975 
gen 121 174880 64.07078368389976 1.4210854715202004e-14 64.07078368389975 64.07078368389975 
gen 122 176330 64.07078368389976 1.4210854715202004e-14 64.07078368389975 64.07078368389975 
gen 123 177770 64.07078368389976 1.4210854715202004e-14 64.07078368389975 64.07078368389975 
gen 124 179210 64.07078368389976 1.4210854715202004e-14 64.07078368389975 64.07078368389975 
gen 125 180650 64.07078368389976 1.4210854715202004e-14 64.07078368389975 64.07078368389975 
gen 126 182100 64.07078368389976 1.4210854715202004e-14 64.07078368389975 64.07078368389975 
gen 127 183540 64.07078368389976 1.4210854715202004e-14 64.07078368389975 64.07078368389975 
gen 128 184980 64.07078368389976 1.4210854715202004e-14 64.07078368389975 64.07078368389975 
gen 129 186420 64.07078368389976 1.4210854715202004e-14 64.07078368389975 64.07078368389975 
gen 130 187870 64.07078368389976 1.4210854715202004e-14 64.07078368389975 64.07078368389975 
gen 131 189310 64.07078368389976 1.4210854715202004e-14 64.07078368389975 64.07078368389975 
gen 132 190750 64.07078368389976 1.4210854715202004e-14 64.07078368389975 64.07078368389975 
gen 133 192190 64.07078368389976 1.4210854715202004e-14 64.07078368389975 64.07078368389975 
gen 134 193630 64.07078368389976 1.4210854715202004e-14 64.07078368389975 64.07078368389975 
gen 135 195070 64.07078368389976 1.4210854715202004e-14 64.07078368389975 64.07078368389975 
gen 136 196510 64.07078368389976 1.4210854715202004e-14 64.07078368389975 64.07078368389975 
gen 137 197950 64.07078368389976 1.4210854715202004e-14 64.07078368389975 64.07078368389975 
gen 138 199400 64.07078368389976 1.4210854715202004e-14 64.07078368389975 64.07078368389975 
gen 139 200840 64.07078368389976 1.4210854715202004e-14 64.07078368389975 64.07078368389975 
gen 140 202290 64.07078368389976 1.4210854715202004e-14 64.07078368389975 64.07078368389975 
gen 141 203740 64.07078368389976 1.4210854715202004e-14 64.07078368389975 64.07078368389975 
gen 142 205190 64.07078368389976 1.4210854715202004e-14 64.07078368389975 64.07078368389975 
gen 143 206640 64.07078368389976 1.4210854715202004e-14 64.07078368389975 64.07078368389975 
gen 144 208080 64.07078368389976 1.4210854715202004e-14 64.07078368389975 64.07078368389975 
gen 145 209520 64.07078368389976 1.4210854715202004e-14 64.07078368389975 64.07078368389975 
gen 146 210960 64.07078368389976 1.4210854715202004e-14 64.07078368389975 64.07078368389975 
gen 147 212410 64.07078368389976 1.4210854715202004e-14 64.07078368389975 64.07078368389975 
gen 148 213850 64.07078368389976 1.4210854715202004e-14 64.07078368389975 64.07078368389975 
gen 149 215290 64.07078368389976 1.4210854715202004e-14 64.07078368389975 64.07078368389975 
gen 150 216730 64.07078368389976 1.4210854715202004e-14 64.07078368389975 64.07078368389975 
gen 151 218170 64.07078368389976 1.4210854715202004e-14 64.07078368389975 64.07078368389975 
gen 152 219610 64.07078368389976 1.4210854715202004e-14 64.07078368389975 64.07078368389975 
gen 153 221050 64.07078368389976 1.4210854715202004e-14 64.07078368389975 64.07078368389975 
gen 154 222490 64.07078368389976 1.4210854715202004e-14 64.07078368389975 64.07078368389975 
gen 155 223930 64.07078368389976 1.4210854715202004e-14 64.07078368389975 64.07078368389975 
gen 156 225370 64.07078368389976 1.4210854715202004e-14 64.07078368389975 64.07078368389975 
gen 157 226810 64.07078368389976 1.4210854715202004e-14 64.07078368389975 64.07078368389975 
gen 158 228250 64.07078368389976 1.4210854715202004e-14 64.07078368389975 64.07078368389975 
gen 159 229700 64.07078368389976 1.4210854715202004e-14 64.07078368389975 64.07078368389975 
gen 160 231140 64.07078368389976 1.4210854715202004e-14 64.07078368389975 64.07078368389975 
gen 161 232590 64.07078368389976 1.4210854715202004e-14 64.07078368389975 64.07078368389975 
gen 162 234030 64.07078368389976 1.4210854715202004e-14 64.07078368389975 64.07078368389975 
gen 163 235470 64.07078368389976 1.4210854715202004e-14 64.07078368389975 64.07078368389975 
gen 164 236920 64.07078368389976 1.4210854715202004e-14 64.07078368389975 64.07078368389975 
gen 165 238360 64.07078368389976 1.4210854715202004e-14 64.07078368389975 64.07078368389975 
gen 166 239800 64.07078368389976 1.4210854715202004e-14 64.07078368389975 64.07078368389975 
gen 167 241250 64.07078368389976 1.4210854715202004e-14 64.07078368389975 64.07078368389975 
gen 168 242690 64.07078368389976 1.4210854715202004e-14 64.07078368389975 64.07078368389975 
gen 169 244130 64.07078368389976 1.4210854715202004e-14 64.07078368389975 64.07078368389975 
gen 170 245570 64.07078368389976 1.4210854715202004e-14 64.07078368389975 64.07078368389975 
gen 171 247010 64.07078368389976 1.4210854715202004e-14 64.07078368389975 64.07078368389975 
gen 172 248450 64.07078368389976 1.4210854715202004e-14 64.07078368389975 64.07078368389975 
gen 173 249890 64.07078368389976 1.4210854715202004e-14 64.07078368389975 64.07078368389975 
gen 174 251330 64.07078368389976 1.4210854715202004e-14 64.07078368389975 64.07078368389975 
gen 175 252770 64.07078368389976 1.4210854715202004e-14 64.07078368389975 64.07078368389975 
[9, 12, 7, 8, 4, 13, 1, 3, 0, 11, 14, 15, 16, 6, 5, 17, 10, 2, 14, 4, 9, 1, 13, 3, 11, 0, 8, 5, 17, 2, 15, 10, 7, 12, 16, 6, 1, 16, 11, 2, 7, 3, 17, 13, 12, 6, 10, 14, 4, 15, 8, 0, 9, 5, 7, 3, 12, 5, 8, 0, 14, 1, 4, 15, 13, 2, 9, 11, 6, 17, 16, 10, 12, 3, 14, 15, 13, 0, 6, 10, 4, 8, 5, 1, 17, 16, 2, 9, 11, 7, 14, 10, 0, 4, 2, 6, 7, 3, 16, 5, 8, 13, 11, 12, 9, 15, 17, 1, 15, 5, 7, 10, 14, 3, 16, 0, 2, 1, 4, 9, 11, 6, 13, 17, 8, 12, 16, 7, 6, 12, 0, 2, 17, 4, 11, 10, 3, 8, 15, 13, 1, 5, 14, 9, 8, 6, 13, 9, 11, 12, 16, 15, 14, 10, 0, 4, 2, 7, 3, 5, 17, 1, 8, 4, 2, 6, 7, 11, 12, 10, 0, 3, 17, 14, 15, 16, 1, 9, 5, 13, 6, 8, 11, 13, 1, 10, 3, 9, 5, 16, 2, 17, 14, 7, 12, 4, 0, 15, 15, 14, 10, 0, 4, 13, 2, 7, 8, 3, 5, 12, 9, 6, 17, 1, 16, 11, 16, 11, 3, 0, 9, 5, 6, 12, 13, 2, 4, 8, 15, 17, 10, 1, 7, 14, 15, 7, 14, 8, 6, 3, 5, 9, 17, 2, 13, 1, 0, 11, 4, 16, 10, 12, 5, 3, 17, 4, 9, 15, 14, 10, 12, 1, 2, 7, 13, 16, 0, 11, 6, 8, 7, 9, 11, 2, 16, 5, 8, 15, 17, 1, 12, 3, 13, 0, 10, 6, 4, 14, 10, 11, 7, 1, 15, 17, 9, 5, 14, 4, 16, 3, 2, 6, 13, 8, 0, 12, 0, 7, 11, 5, 15, 4, 16, 9, 3, 2, 17, 10, 12, 1, 13, 6, 8, 14, 5, 14, 17, 1, 7, 2, 4, 15, 3, 13, 11, 0, 8, 12, 10, 16, 6, 9, 17, 16, 0, 5, 13, 1, 10, 7, 4, 12, 15, 6, 9, 2, 3, 14, 11, 8]
min  64.07078368389975
NFE 252770
LSNFE 410
VLSNFE 1
runTime 1081.3025784492493
