gen 0 360 65.5786179668829 0.37471012831570083 64.472319067531 66.41350281662679 
gen 1 1820 65.05302347354949 0.1867272971688017 64.40548538057905 65.27621247293669 
gen 2 3260 64.77646486720033 0.12038294085315274 64.40548538057905 64.93382398375769 
gen 3 4700 64.59828489661592 0.07630816483621618 64.31292996678955 64.70488469960777 
gen 4 6140 64.4889412924247 0.055408885228387335 64.30169933662587 64.56219466623617 
gen 5 7590 64.4103134151523 0.04122797490425837 64.28427431892159 64.46450925281006 
gen 6 9030 64.35897005865947 0.029788661817554032 64.24875522360423 64.3972602113264 
gen 7 10480 64.31895441258328 0.022843845572883707 64.24168780492232 64.3481805708608 
gen 8 11920 64.29436238590168 0.01914774706348331 64.21465985298997 64.3171782523331 
gen 9 13360 64.27660947639923 0.01630617862118543 64.19813984538469 64.29558298644521 
gen 10 14800 64.26295440130426 0.014690574300635209 64.19813984538469 64.28050820059934 
gen 11 16240 64.25071624833923 0.014401791117941794 64.19813984538469 64.2666807156358 
gen 12 17680 64.24116124421074 0.013276174283283409 64.19662693013834 64.25597928542572 
gen 13 19120 64.23179475097223 0.012860727349255559 64.19153739732069 64.24804166386187 
gen 14 20560 64.22447162757858 0.011827508565807268 64.16648343842671 64.23868951013806 
gen 15 22000 64.21814366203576 0.01236912710300561 64.16391383865589 64.23220029021292 
gen 16 23440 64.21164964158854 0.013162626406352941 64.16087794742934 64.2266026360424 
gen 17 24890 64.20614190063579 0.012824149144507337 64.15269697360979 64.22070725567963 
gen 18 26330 64.20112644430704 0.012258432618146574 64.15182667125734 64.21559563866867 
gen 19 27770 64.19604768144988 0.012326252128214251 64.13315556268996 64.21004296013479 
gen 20 29210 64.19016372697246 0.012182305892736459 64.13315556268996 64.20364950901876 
gen 21 30650 64.18431917297102 0.011687376841998078 64.13315556268996 64.19768918318972 
gen 22 32090 64.17905362022802 0.01175908455861147 64.13315556268996 64.19284420903253 
gen 23 33530 64.17384324687843 0.010581132414666527 64.13315556268996 64.1866683810553 
gen 24 34970 64.16995173047349 0.00928900615640205 64.13315556268996 64.18181912926458 
gen 25 36410 64.16591502170951 0.00872466345374012 64.13315556268996 64.17732741084833 
gen 26 37850 64.16228032828025 0.008060113472613227 64.13315556268996 64.1722680136817 
gen 27 39290 64.15966234007873 0.00788516504105023 64.1232017892556 64.16926488247715 
gen 28 40730 64.15709010493171 0.007803137170341871 64.1232017892556 64.16648343842671 
gen 29 42170 64.15489081602676 0.007317241410474997 64.1232017892556 64.16382788913442 
gen 30 43610 64.15228475416237 0.007693510616837184 64.11479634212616 64.16109486223911 
gen 31 45060 64.14988489405003 0.007638696500437473 64.11479634212616 64.15856093023271 
gen 32 46500 64.14742616878797 0.007522116136855359 64.11479634212616 64.15552107792264 
gen 33 47940 64.14468429346616 0.00751883744903568 64.10907011711753 64.15318856632503 
gen 34 49380 64.14200843381292 0.0069574415398038015 64.10907011711753 64.15047675102258 
gen 35 50840 64.13993085782457 0.006798914660253553 64.10167578547563 64.14765121808504 
gen 36 52280 64.13730116286187 0.006731908736379018 64.10167578547563 64.14518451156164 
gen 37 53740 64.13458518551047 0.006818940792665551 64.08935451399078 64.14242259082721 
gen 38 55180 64.13187562330494 0.00673609275781833 64.08935451399078 64.139387112245 
gen 39 56620 64.12842233816362 0.0071271126624032795 64.08935451399078 64.13614786254493 
gen 40 58070 64.12524318380832 0.007206654132587879 64.08935451399078 64.13273287356922 
gen 41 59510 64.12042720363526 0.007346162127663804 64.08935451399078 64.12852044052939 
gen 42 60950 64.11637045836012 0.007311998453251269 64.0892255124819 64.12421578757058 
gen 43 62390 64.11210225593416 0.0069822363149842906 64.08458693976048 64.1198219729896 
gen 44 63830 64.10627235819946 0.006397083145332773 64.08458693976048 64.11396664698721 
gen 45 65280 64.10098483729205 0.005574618210433248 64.08458693976048 64.10802946329922 
gen 46 66720 64.09544677653857 0.0043293713888957214 64.08282835874468 64.1010303698529 
gen 47 68160 64.09122720565905 0.003556449703638764 64.0799326852158 64.0958956068976 
gen 48 69600 64.08777350694288 0.002874626080685168 64.07875755339325 64.09157488984107 
gen 49 71050 64.08509711424144 0.0022308718337432634 64.07798489854814 64.0881186432471 
gen 50 72490 64.08328323029136 0.002003292000620664 64.0770535116499 64.08576301241054 
gen 51 73930 64.081675242687 0.0017609955040935512 64.07478063700651 64.08396764204518 
gen 52 75380 64.08033785177001 0.0015297134248532284 64.07459233815051 64.08228014665104 
gen 53 76820 64.07910727573876 0.0014795277584144356 64.07264732765914 64.08092188101342 
gen 54 78260 64.07820150008014 0.0013090984853352076 64.07264732765914 64.07981436250505 
gen 55 79710 64.07752865436548 0.001147980193169524 64.07264732765914 64.07894694590465 
gen 56 81150 64.07696995172697 0.0010278686270385224 64.07264732765914 64.07816645530569 
gen 57 82590 64.07637068398128 0.0009852260917859938 64.07264732765914 64.07748625082742 
gen 58 84040 64.07599472209682 0.0009245938622797032 64.07264732765914 64.07694819254895 
gen 59 85480 64.07561770654029 0.0009213167762628634 64.07252627818522 64.07662523210038 
gen 60 86920 64.07517146639852 0.0009018438735925264 64.07252627818522 64.07622367154131 
gen 61 88360 64.0747455713595 0.000842090868149895 64.07252627818522 64.0757016569427 
gen 62 89800 64.07428650478954 0.0007149957174208846 64.07252627818522 64.07524158749574 
gen 63 91240 64.0739246031018 0.0006340185436759487 64.07252627818522 64.07469795181848 
gen 64 92680 64.07360423236204 0.0005330962159323565 64.07252627818522 64.07447188001117 
gen 65 94120 64.07334114276004 0.0003966820448624505 64.07252627818522 64.07382371662314 
gen 66 95560 64.07317491913608 0.0003639058941669329 64.07252627818522 64.07375365715126 
gen 67 97000 64.07297883813159 0.00023888829585729622 64.07252627818522 64.07354863625619 
gen 68 98440 64.07289727158876 0.00021647265323399603 64.07252627818522 64.07313025726897 
gen 69 99880 64.07282158568012 0.00021152953770893842 64.07252627818522 64.07308367531601 
gen 70 101320 64.07271011117805 0.0001567828636852675 64.07252627818522 64.07303396982712 
gen 71 102760 64.07262753658281 4.4136577846986236e-05 64.07252627818522 64.0728166134713 
gen 72 104200 64.07261827537462 3.753530041381256e-05 64.07252627818522 64.07264732765914 
gen 73 105640 64.07260819780875 3.789777971796101e-05 64.07252627818522 64.07264732765914 
gen 74 107080 64.07259428005919 3.305436896727971e-05 64.07252627818522 64.07264732765914 
gen 75 108520 64.07258072742191 2.1991576079029115e-05 64.07252627818522 64.07259171611122 
gen 76 109960 64.0725774073142 2.3994311006452695e-05 64.07252627818522 64.07259171611122 
gen 77 111400 64.07257307792037 2.6041522974477113e-05 64.07252627818522 64.07259171611122 
gen 78 112840 64.07256558608515 2.7074403103074255e-05 64.07252627818522 64.07259171611122 
gen 79 114290 64.07255677866004 2.5628487592627718e-05 64.07252627818522 64.07259171611122 
gen 80 115730 64.072543049336 1.802948335288014e-05 64.07252627818522 64.07256243156411 
gen 81 117170 64.0725305965055 1.1724929787829542e-05 64.07252627818522 64.07256243156411 
gen 82 118610 64.07252627818524 1.4210854715202004e-14 64.07252627818522 64.07252627818522 
gen 83 120050 64.07252627818524 1.4210854715202004e-14 64.07252627818522 64.07252627818522 
gen 84 121490 64.07252627818524 1.4210854715202004e-14 64.07252627818522 64.07252627818522 
gen 85 122940 64.07252627818524 1.4210854715202004e-14 64.07252627818522 64.07252627818522 
gen 86 124380 64.07252627818524 1.4210854715202004e-14 64.07252627818522 64.07252627818522 
gen 87 125820 64.07252627818524 1.4210854715202004e-14 64.07252627818522 64.07252627818522 
gen 88 127260 64.07252627818524 1.4210854715202004e-14 64.07252627818522 64.07252627818522 
gen 89 128710 64.07252627818524 1.4210854715202004e-14 64.07252627818522 64.07252627818522 
gen 90 130150 64.07252627818524 1.4210854715202004e-14 64.07252627818522 64.07252627818522 
gen 91 131590 64.07252627818524 1.4210854715202004e-14 64.07252627818522 64.07252627818522 
gen 92 133040 64.07252627818524 1.4210854715202004e-14 64.07252627818522 64.07252627818522 
gen 93 134480 64.07252627818524 1.4210854715202004e-14 64.07252627818522 64.07252627818522 
gen 94 135930 64.07252627818524 1.4210854715202004e-14 64.07252627818522 64.07252627818522 
gen 95 137370 64.07252627818524 1.4210854715202004e-14 64.07252627818522 64.07252627818522 
gen 96 138810 64.07252627818524 1.4210854715202004e-14 64.07252627818522 64.07252627818522 
gen 97 140260 64.07252627818524 1.4210854715202004e-14 64.07252627818522 64.07252627818522 
gen 98 141700 64.07252627818524 1.4210854715202004e-14 64.07252627818522 64.07252627818522 
gen 99 143140 64.07252627818524 1.4210854715202004e-14 64.07252627818522 64.07252627818522 
gen 100 144590 64.07252627818524 1.4210854715202004e-14 64.07252627818522 64.07252627818522 
gen 101 146030 64.07252627818524 1.4210854715202004e-14 64.07252627818522 64.07252627818522 
gen 102 147470 64.07252627818524 1.4210854715202004e-14 64.07252627818522 64.07252627818522 
gen 103 148910 64.07252627818524 1.4210854715202004e-14 64.07252627818522 64.07252627818522 
gen 104 150350 64.07252627818524 1.4210854715202004e-14 64.07252627818522 64.07252627818522 
gen 105 151790 64.07252627818524 1.4210854715202004e-14 64.07252627818522 64.07252627818522 
gen 106 153240 64.07252627818524 1.4210854715202004e-14 64.07252627818522 64.07252627818522 
gen 107 154680 64.07252627818524 1.4210854715202004e-14 64.07252627818522 64.07252627818522 
gen 108 156130 64.07252627818524 1.4210854715202004e-14 64.07252627818522 64.07252627818522 
gen 109 157570 64.07252627818524 1.4210854715202004e-14 64.07252627818522 64.07252627818522 
gen 110 159010 64.07252627818524 1.4210854715202004e-14 64.07252627818522 64.07252627818522 
gen 111 160450 64.07252627818524 1.4210854715202004e-14 64.07252627818522 64.07252627818522 
gen 112 161890 64.07252627818524 1.4210854715202004e-14 64.07252627818522 64.07252627818522 
gen 113 163330 64.07252627818524 1.4210854715202004e-14 64.07252627818522 64.07252627818522 
gen 114 164770 64.07252627818524 1.4210854715202004e-14 64.07252627818522 64.07252627818522 
gen 115 166210 64.07252627818524 1.4210854715202004e-14 64.07252627818522 64.07252627818522 
gen 116 167660 64.07252627818524 1.4210854715202004e-14 64.07252627818522 64.07252627818522 
gen 117 169100 64.07252627818524 1.4210854715202004e-14 64.07252627818522 64.07252627818522 
gen 118 170540 64.07252627818524 1.4210854715202004e-14 64.07252627818522 64.07252627818522 
gen 119 171980 64.07252627818524 1.4210854715202004e-14 64.07252627818522 64.07252627818522 
gen 120 173420 64.07252627818524 1.4210854715202004e-14 64.07252627818522 64.07252627818522 
gen 121 174860 64.07252627818524 1.4210854715202004e-14 64.07252627818522 64.07252627818522 
gen 122 176300 64.07252627818524 1.4210854715202004e-14 64.07252627818522 64.07252627818522 
gen 123 177740 64.07252627818524 1.4210854715202004e-14 64.07252627818522 64.07252627818522 
gen 124 179180 64.07252627818524 1.4210854715202004e-14 64.07252627818522 64.07252627818522 
gen 125 180620 64.07252627818524 1.4210854715202004e-14 64.07252627818522 64.07252627818522 
gen 126 182060 64.07252627818524 1.4210854715202004e-14 64.07252627818522 64.07252627818522 
gen 127 183500 64.07252627818524 1.4210854715202004e-14 64.07252627818522 64.07252627818522 
gen 128 184940 64.07252627818524 1.4210854715202004e-14 64.07252627818522 64.07252627818522 
gen 129 186380 64.07252627818524 1.4210854715202004e-14 64.07252627818522 64.07252627818522 
gen 130 187830 64.07252627818524 1.4210854715202004e-14 64.07252627818522 64.07252627818522 
gen 131 189270 64.07252627818524 1.4210854715202004e-14 64.07252627818522 64.07252627818522 
gen 132 190710 64.07252627818524 1.4210854715202004e-14 64.07252627818522 64.07252627818522 
gen 133 192150 64.07252627818524 1.4210854715202004e-14 64.07252627818522 64.07252627818522 
gen 134 193590 64.07252627818524 1.4210854715202004e-14 64.07252627818522 64.07252627818522 
gen 135 195030 64.07252627818524 1.4210854715202004e-14 64.07252627818522 64.07252627818522 
gen 136 196470 64.07252627818524 1.4210854715202004e-14 64.07252627818522 64.07252627818522 
gen 137 197910 64.07252627818524 1.4210854715202004e-14 64.07252627818522 64.07252627818522 
gen 138 199350 64.07252627818524 1.4210854715202004e-14 64.07252627818522 64.07252627818522 
gen 139 200790 64.07252627818524 1.4210854715202004e-14 64.07252627818522 64.07252627818522 
gen 140 202240 64.07252627818524 1.4210854715202004e-14 64.07252627818522 64.07252627818522 
gen 141 203680 64.07252627818524 1.4210854715202004e-14 64.07252627818522 64.07252627818522 
gen 142 205120 64.07252627818524 1.4210854715202004e-14 64.07252627818522 64.07252627818522 
gen 143 206560 64.07252627818524 1.4210854715202004e-14 64.07252627818522 64.07252627818522 
gen 144 208000 64.07252627818524 1.4210854715202004e-14 64.07252627818522 64.07252627818522 
gen 145 209440 64.07252627818524 1.4210854715202004e-14 64.07252627818522 64.07252627818522 
gen 146 210880 64.07252627818524 1.4210854715202004e-14 64.07252627818522 64.07252627818522 
gen 147 212330 64.07252627818524 1.4210854715202004e-14 64.07252627818522 64.07252627818522 
gen 148 213770 64.07252627818524 1.4210854715202004e-14 64.07252627818522 64.07252627818522 
gen 149 215210 64.07252627818524 1.4210854715202004e-14 64.07252627818522 64.07252627818522 
gen 150 216660 64.07252627818524 1.4210854715202004e-14 64.07252627818522 64.07252627818522 
gen 151 218100 64.07252627818524 1.4210854715202004e-14 64.07252627818522 64.07252627818522 
gen 152 219550 64.07252627818524 1.4210854715202004e-14 64.07252627818522 64.07252627818522 
gen 153 220990 64.07252627818524 1.4210854715202004e-14 64.07252627818522 64.07252627818522 
gen 154 222430 64.07252627818524 1.4210854715202004e-14 64.07252627818522 64.07252627818522 
gen 155 223870 64.07252627818524 1.4210854715202004e-14 64.07252627818522 64.07252627818522 
gen 156 225310 64.07252627818524 1.4210854715202004e-14 64.07252627818522 64.07252627818522 
gen 157 226750 64.07252627818524 1.4210854715202004e-14 64.07252627818522 64.07252627818522 
gen 158 228190 64.07252627818524 1.4210854715202004e-14 64.07252627818522 64.07252627818522 
gen 159 229630 64.07252627818524 1.4210854715202004e-14 64.07252627818522 64.07252627818522 
gen 160 231070 64.07252627818524 1.4210854715202004e-14 64.07252627818522 64.07252627818522 
gen 161 232520 64.07252627818524 1.4210854715202004e-14 64.07252627818522 64.07252627818522 
gen 162 233960 64.07252627818524 1.4210854715202004e-14 64.07252627818522 64.07252627818522 
gen 163 235400 64.07252627818524 1.4210854715202004e-14 64.07252627818522 64.07252627818522 
gen 164 236840 64.07252627818524 1.4210854715202004e-14 64.07252627818522 64.07252627818522 
gen 165 238290 64.07252627818524 1.4210854715202004e-14 64.07252627818522 64.07252627818522 
gen 166 239730 64.07252627818524 1.4210854715202004e-14 64.07252627818522 64.07252627818522 
gen 167 241180 64.07252627818524 1.4210854715202004e-14 64.07252627818522 64.07252627818522 
gen 168 242620 64.07252627818524 1.4210854715202004e-14 64.07252627818522 64.07252627818522 
gen 169 244060 64.07252627818524 1.4210854715202004e-14 64.07252627818522 64.07252627818522 
gen 170 245500 64.07252627818524 1.4210854715202004e-14 64.07252627818522 64.07252627818522 
gen 171 246940 64.07252627818524 1.4210854715202004e-14 64.07252627818522 64.07252627818522 
gen 172 248380 64.07252627818524 1.4210854715202004e-14 64.07252627818522 64.07252627818522 
gen 173 249830 64.07252627818524 1.4210854715202004e-14 64.07252627818522 64.07252627818522 
gen 174 251270 64.07252627818524 1.4210854715202004e-14 64.07252627818522 64.07252627818522 
gen 175 252720 64.07252627818524 1.4210854715202004e-14 64.07252627818522 64.07252627818522 
[14, 1, 6, 10, 13, 3, 5, 11, 7, 8, 16, 15, 4, 0, 2, 9, 12, 17, 5, 10, 2, 17, 3, 16, 12, 14, 6, 9, 7, 13, 15, 4, 1, 0, 8, 11, 5, 3, 2, 11, 6, 16, 0, 8, 14, 13, 9, 12, 4, 7, 15, 1, 17, 10, 10, 8, 5, 17, 16, 0, 4, 6, 9, 14, 12, 11, 1, 15, 2, 7, 3, 13, 8, 16, 15, 13, 12, 9, 4, 1, 7, 10, 11, 6, 2, 14, 3, 17, 0, 5, 6, 8, 0, 14, 10, 11, 7, 3, 4, 12, 1, 2, 13, 9, 17, 15, 16, 5, 8, 10, 14, 3, 11, 5, 15, 6, 1, 0, 12, 17, 9, 16, 7, 4, 2, 13, 3, 1, 2, 13, 16, 12, 6, 17, 15, 9, 11, 0, 4, 8, 5, 7, 10, 14, 8, 6, 13, 9, 11, 12, 15, 16, 0, 14, 10, 7, 3, 4, 1, 17, 2, 5, 5, 16, 14, 0, 7, 1, 15, 4, 9, 3, 12, 6, 17, 8, 11, 13, 10, 2, 8, 13, 16, 17, 14, 1, 5, 9, 12, 10, 7, 3, 15, 6, 11, 2, 0, 4, 16, 0, 14, 10, 9, 7, 3, 4, 12, 13, 1, 15, 2, 11, 17, 6, 8, 5, 8, 1, 10, 2, 11, 3, 17, 14, 15, 16, 12, 13, 7, 0, 4, 5, 9, 6, 12, 3, 4, 16, 6, 1, 7, 2, 17, 15, 11, 5, 13, 0, 9, 14, 8, 10, 1, 6, 0, 4, 3, 13, 7, 9, 16, 12, 2, 8, 11, 5, 14, 17, 15, 10, 6, 7, 0, 5, 9, 8, 4, 10, 12, 14, 16, 1, 11, 3, 2, 15, 17, 13, 1, 10, 15, 17, 13, 2, 3, 7, 16, 14, 6, 8, 12, 4, 9, 5, 0, 11, 6, 10, 11, 5, 17, 7, 8, 14, 2, 0, 12, 15, 1, 9, 13, 16, 3, 4, 4, 13, 16, 17, 11, 5, 1, 3, 0, 6, 7, 12, 2, 15, 8, 14, 10, 9, 12, 8, 10, 13, 3, 14, 2, 1, 15, 9, 0, 7, 17, 5, 16, 6, 11, 4]
min  64.07252627818522
NFE 252720
LSNFE 360
VLSNFE 4
runTime 1083.8775675296783
