gen 0 391 1e+16 0.0 1e+16 1e+16 
gen 1 2737 9923273657289012.0 872568905842963.5 1066.5484671677252 1e+16 
gen 2 5083 9693094629156048.0 1724779058832253.2 1066.5484671677252 1e+16 
gen 3 7429 9565217391304402.0 2039311199922972.8 1066.5484671677252 1e+16 
gen 4 9805 9335038363171440.0 2491473939223742.0 951.7527419157818 1e+16 
gen 5 12151 9028132992327486.0 2962118261670458.5 951.7527419157818 1e+16 
gen 6 14497 8849104859335180.0 3191299387685351.5 951.7527419157818 1e+16 
gen 7 16863 8491048593350566.0 3579466401415610.0 860.4453325808691 1e+16 
gen 8 19209 8158567774936283.0 3876009495748410.5 860.4453325808691 1e+16 
gen 9 21555 7621483375959362.0 4257678347358554.5 860.4453325808691 1e+16 
gen 10 23911 7237851662404418.0 4471243667825600.0 856.1991202722754 1e+16 
gen 11 26257 6572890025575848.0 4746158127100277.0 856.1991202722754 1e+16 
gen 12 28603 5856777493606621.0 4926046317935341.0 856.1991202722754 1e+16 
gen 13 30949 4705882352941791.0 4991341984845639.0 856.1991202722754 1e+16 
gen 14 33295 3503836317136299.0 4770900778057770.0 818.1759500973303 1e+16 
gen 15 35641 2020460358057181.2 4015263817245649.5 818.1759500973303 1e+16 
gen 16 37987 51150895141800.59 713367042505358.6 818.1759500973303 1e+16 
gen 17 40333 1076.2502023126515 87.98113257330618 812.9300450391696 1211.9051256306168 
gen 18 42679 1041.5054827019596 76.78584805022193 797.0522373393192 1152.736911340825 
gen 19 45025 1006.3053775660416 64.85954280658127 797.0522373393192 1098.5661313689616 
gen 20 47371 979.4520501738169 56.427177164606384 797.0522373393192 1056.999906961401 
gen 21 49717 954.998303887972 50.573994828721915 797.0522373393192 1021.3163419281578 
gen 22 52063 933.249073319225 45.69461068380663 789.34551233022 993.9161899145319 
gen 23 54409 911.5048596492809 41.04437849326807 753.7441905013504 968.1193879241224 
gen 24 56755 896.8266895429852 36.91348117255087 753.7441905013504 945.7778601630878 
gen 25 59101 879.7550148963783 34.57318022977188 738.533249343942 923.956407100765 
gen 26 61447 867.4414997006851 31.813548736075614 738.533249343942 908.6377287142551 
gen 27 63793 853.7804717627066 30.250180802796383 738.533249343942 892.2055976205303 
gen 28 66139 838.6352169744113 29.314083049645618 734.7262528236638 874.5078945559842 
gen 29 68495 822.8339163359458 30.54770935242093 687.5220751956753 858.2410620681718 
gen 30 70851 808.4575838440617 29.90127160760526 673.546644421379 843.6495711423222 
gen 31 73197 793.6921170574242 27.86511422162431 673.546644421379 828.5545695898214 
gen 32 75543 779.6174849379005 28.52256393542962 657.8711618134827 811.249586151947 
gen 33 77889 767.5103668050876 27.087802991775842 657.8711618134827 798.2935227465991 
gen 34 80245 753.6673470729303 25.892987418269954 633.7796795070183 783.9160448941234 
gen 35 82591 742.3591354043429 24.85452283889765 633.7796795070183 770.5349455897583 
gen 36 84937 730.6397511707986 22.932944248489065 633.7796795070183 758.1040371180178 
gen 37 87293 718.8042680287356 22.205048830237523 624.2459989127369 745.6842439929563 
gen 38 89639 710.6402122484782 21.19659988389683 624.2459989127369 735.110291617528 
gen 39 91985 700.6328037701137 20.91582870643819 616.8173792161947 723.8021052189315 
gen 40 94361 691.169154273691 20.94890857633378 564.9636604839125 715.3640536221054 
gen 41 96707 681.8085213131405 20.475307521699584 564.9636604839125 704.1173601847444 
gen 42 99053 672.5181723371536 20.15238644391858 564.9636604839125 694.8258534984678 
gen 43 101409 664.7086677757283 20.133935275991142 563.1830446075244 685.4811068877088 
gen 44 103755 656.3063096266801 19.050396605572526 563.1830446075244 677.4805145496306 
gen 45 106101 646.7431749356223 17.435999672042925 563.1830446075244 667.3016267366934 
gen 46 108447 637.5498121250184 17.357596207518778 547.1734440660067 656.5509527920628 
gen 47 110803 629.797369777145 16.34913973164897 542.7977252124232 648.7009172290263 
gen 48 113149 621.2554662136 16.374284744382507 542.7977252124232 640.050739676488 
gen 49 115495 614.6673985183522 15.462316072223226 542.7977252124232 632.280336826216 
gen 50 117841 608.9029553628245 14.035100622784583 542.7977252124232 625.1175865399917 
gen 51 120187 603.121703864979 15.024854457579696 527.1951431806583 619.3911112746523 
gen 52 122533 597.5598762543134 14.636587618595227 527.1951431806583 613.4734724998922 
gen 53 124879 592.9378953821522 14.359693235183016 527.1951431806583 608.6475365748738 
gen 54 127225 588.6200174466768 13.797181031494484 527.1951431806583 603.8795546588732 
gen 55 129571 585.1462287109375 13.008005210165008 527.1951431806583 600.0210781203975 
gen 56 131977 581.740672619238 13.049311938149094 511.94351960066825 596.7167484863069 
gen 57 134323 577.9340679735889 12.389620063422537 511.94351960066825 592.3117598755238 
gen 58 136669 573.7817735248274 12.520307933944537 511.94351960066825 588.7214489167351 
gen 59 139015 569.5282833488261 11.811302378855585 511.94351960066825 583.3954690298914 
gen 60 141361 565.9348982549202 11.809251909157076 511.94351960066825 579.4487554487755 
gen 61 143727 561.1509204203267 11.551992195827125 510.51011933624216 574.9805626222125 
gen 62 146073 556.4003150218551 11.123731813252322 510.51011933624216 569.8722961178345 
gen 63 148419 551.4780515881231 10.984695339159703 494.96131871821626 564.4253340778785 
gen 64 150765 545.6027731374418 11.493342041422705 494.96131871821626 558.5117008677904 
gen 65 153111 539.5944572874191 10.77722951309201 494.96131871821626 552.9856793403245 
gen 66 155457 534.184789167098 10.424608403276762 494.96131871821626 546.3504381653626 
gen 67 157803 528.6673124905615 9.966995894583581 484.7628848299682 540.5084859463377 
gen 68 160149 523.459853427503 9.669437242696594 484.7628848299682 534.185043287665 
gen 69 162495 517.4829925882101 9.623002264043413 467.9561071203501 528.3796086254787 
gen 70 164841 511.70063577143253 9.238427798577172 467.9561071203501 522.2559496571034 
gen 71 167187 506.8044027316502 9.241234039334213 467.9561071203501 517.3227512460343 
gen 72 169533 502.37120930821567 8.835953804311679 467.9561071203501 512.44003175676 
gen 73 171879 497.8979781236457 8.260384026502473 444.4159154394994 507.9860096135498 
gen 74 174225 493.4289349598977 7.872452904019522 444.4159154394994 502.7336202663395 
gen 75 176571 489.81355227438394 7.402889111197962 444.4159154394994 498.49463594692423 
gen 76 178917 486.37476932460635 7.648687148738172 444.4159154394994 494.7418996280211 
gen 77 181293 483.0886363827625 7.902923656995128 440.3200113229631 491.39781428954177 
gen 78 183639 479.6557348584356 7.924213955769934 440.3200113229631 488.37046192575 
gen 79 185985 477.0713393134254 7.868080434831734 440.3200113229631 486.18517098520266 
gen 80 188331 474.250386164179 7.251902304577875 440.3200113229631 482.47644944460427 
gen 81 190677 472.4852825143482 6.977287038656385 440.3200113229631 480.2736407009208 
gen 82 193023 470.41846729783566 6.754184102152101 440.3200113229631 477.90036389264264 
gen 83 195369 468.6639626347301 6.7049099182602 440.3200113229631 475.9927833857385 
gen 84 197715 466.8488470861432 7.014997486042621 427.8934639856383 474.24457287802545 
gen 85 200061 465.2943854214964 7.114914431738055 427.8934639856383 472.62535136431916 
gen 86 202407 463.5740758820315 6.988404606118168 427.8934639856383 470.8604101918903 
gen 87 204753 461.8741750162188 6.913024619425601 427.8934639856383 469.1864264317554 
gen 88 207099 460.39610883039194 6.874044225637951 427.8934639856383 467.84239234460125 
gen 89 209445 458.58421941272417 6.580349125219453 427.8934639856383 465.78482347074794 
gen 90 211791 456.4674735262654 6.677117487556687 427.8934639856383 464.0752432699765 
gen 91 214137 454.8605795096846 6.3780850257894475 427.8934639856383 462.35059423479913 
gen 92 216483 452.5958057592285 5.956314436673108 427.8934639856383 459.7206948044561 
gen 93 218829 450.8305557423018 5.645090317250287 427.8934639856383 457.7255488682702 
gen 94 221175 448.860777242683 5.1856528570438885 427.3469956042061 455.25452165218485 
gen 95 223521 446.8032708072981 5.044995752401202 427.3469956042061 452.92360405612396 
gen 96 225867 444.36984890093385 5.324724921675599 415.33250470945507 450.5045836524466 
gen 97 228213 442.30397278232203 4.933066701778385 415.33250470945507 448.2264181500138 
gen 98 230559 439.8513388304764 4.8547649475520895 415.33250470945507 445.5959287854671 
gen 99 232905 437.53813914565706 4.600477850281209 415.33250470945507 442.69757953015403 
gen 100 235251 435.42586065016195 4.4529869071800325 411.5275570836799 440.1966494004843 
gen 101 237597 433.024735720769 4.391763028532547 411.5275570836799 437.841649589193 
gen 102 239943 431.10670892070084 4.419427440376183 411.5275570836799 435.93070806740826 
gen 103 242289 429.0634848173019 4.372015587789463 411.5275570836799 433.93831872368895 
gen 104 244635 427.79726280281056 4.021619827079637 411.5275570836799 432.0559803520665 
gen 105 246981 426.3272635750071 3.945356595047418 411.5275570836799 430.66591225392403 
gen 106 249327 425.2019232612675 3.8022722459311264 411.5275570836799 429.53305748907064 
gen 107 251673 424.03959123238394 3.7085699521079256 406.79590989025587 428.365892167455 
gen 108 254019 422.8451950325188 3.622800711442395 401.2054480049878 427.03370511549656 
gen 109 256365 421.9007830674281 3.654883178190956 401.2054480049878 425.9808989686513 
gen 110 258711 420.88754570866143 3.5361011976166643 401.2054480049878 424.9151860567009 
gen 111 261057 419.953065202195 3.5476879873821217 401.2054480049878 423.9841078566947 
gen 112 263403 419.1713550549231 3.532304091146768 401.2054480049878 423.16939425539806 
gen 113 265749 418.3514680167485 3.5690230015406534 401.2054480049878 422.4663417816381 
gen 114 268095 417.57046926930127 3.5506183987356055 397.0058825108812 421.69388145113135 
gen 115 270441 416.96177362884794 3.427681463880784 397.0058825108812 420.643519518979 
gen 116 272787 416.21646755603155 3.5552565102339204 397.0058825108812 419.9881878235981 
gen 117 275133 415.5456483561496 3.713322782390027 397.0058825108812 419.3343215743713 
[14, 13, 16, 15, 5, 2, 12, 10, 7, 20, 0, 11, 21, 17, 3, 6, 19, 8, 1, 4, 22, 18, 9, 15, 0, 18, 13, 17, 21, 10, 12, 8, 2, 6, 22, 11, 20, 7, 5, 4, 3, 9, 16, 14, 19, 1, 19, 1, 3, 18, 10, 20, 8, 4, 22, 7, 21, 9, 15, 0, 12, 16, 17, 2, 14, 5, 11, 6, 13, 15, 0, 11, 10, 5, 17, 4, 8, 20, 21, 19, 7, 18, 16, 9, 6, 12, 1, 13, 3, 2, 22, 14, 1, 9, 5, 16, 6, 2, 11, 22, 18, 20, 7, 0, 13, 8, 14, 4, 17, 15, 19, 3, 21, 12, 10, 14, 20, 13, 3, 4, 21, 18, 12, 7, 9, 22, 10, 16, 5, 11, 2, 1, 8, 15, 19, 17, 6, 0, 20, 8, 3, 0, 17, 10, 15, 19, 16, 9, 11, 1, 5, 4, 12, 13, 6, 22, 2, 21, 7, 18, 14, 9, 16, 10, 5, 1, 15, 7, 21, 13, 8, 3, 2, 18, 12, 14, 11, 0, 22, 4, 20, 6, 17, 19, 4, 10, 7, 6, 16, 19, 0, 21, 9, 15, 5, 12, 8, 1, 22, 3, 2, 14, 20, 13, 11, 17, 18, 18, 0, 8, 21, 14, 7, 16, 9, 11, 13, 12, 10, 19, 1, 20, 15, 2, 22, 4, 6, 5, 3, 17, 2, 22, 5, 18, 8, 4, 1, 10, 12, 7, 16, 15, 11, 6, 3, 20, 19, 0, 21, 9, 14, 13, 17, 18, 9, 12, 22, 0, 21, 14, 17, 5, 2, 20, 4, 7, 10, 1, 13, 6, 3, 16, 8, 15, 11, 19, 18, 22, 8, 11, 0, 15, 1, 19, 16, 3, 2, 10, 4, 21, 13, 12, 7, 14, 20, 9, 6, 17, 5, 18, 22, 10, 21, 4, 1, 14, 2, 11, 19, 12, 5, 20, 13, 15, 16, 8, 17, 3, 6, 0, 9, 7, 2, 13, 3, 9, 12, 18, 22, 20, 14, 8, 17, 5, 0, 11, 19, 6, 16, 1, 4, 10, 15, 7, 21, 2, 11, 13, 17, 5, 20, 21, 7, 12, 1, 10, 4, 3, 9, 8, 19, 22, 6, 16, 0, 15, 14, 18, 14, 17, 12, 19, 11, 22, 4, 6, 18, 1, 0, 13, 20, 8, 5, 7, 16, 9, 3, 21, 10, 15, 2]
min  397.0058825108812
NFE 275133
LSNFE 260
VLSNFE 40
runTime 981.7766637802124
