gen 0 391 1e+16 0.0 1e+16 1e+16 
gen 1 2787 9923273657289014.0 872568905842959.1 1174.8322864603522 1e+16 
gen 2 5133 9693094629156046.0 1724779058832261.8 996.5287285995662 1e+16 
gen 3 7479 9539641943734070.0 2095626642007063.2 996.5287285995662 1e+16 
gen 4 9825 9437340153452754.0 2304346406805021.5 996.5287285995662 1e+16 
gen 5 12171 9232736572890122.0 2661567414986409.5 996.5287285995662 1e+16 
gen 6 14517 9053708439897818.0 2927020308146152.0 996.5287285995662 1e+16 
gen 7 16863 8823529411764855.0 3221897397088803.5 996.5287285995662 1e+16 
gen 8 19209 8721227621483537.0 3339530654015075.5 996.5287285995662 1e+16 
gen 9 21555 8542199488491232.0 3528855732915503.5 996.5287285995662 1e+16 
gen 10 23901 8337595907928597.0 3722963007521858.5 996.5287285995662 1e+16 
gen 11 26267 8005115089514315.0 3996158567771164.5 952.7256497344697 1e+16 
gen 12 28613 7442455242967065.0 4362844529214806.5 941.9045626428252 1e+16 
gen 13 30959 6930946291560475.0 4612097832776871.0 933.7512455648566 1e+16 
gen 14 33305 6470588235294545.0 4778846120373515.0 933.7512455648566 1e+16 
gen 15 35671 5652173913043999.0 4957284456952180.0 918.6939707312049 1e+16 
gen 16 38017 4705882352941806.0 4991341984845625.0 912.8791123392693 1e+16 
gen 17 40363 3452685421995659.0 4754557560560972.0 863.9754545620136 1e+16 
gen 18 42709 1892583120205555.2 3917136752164653.0 853.6957913382712 1e+16 
gen 19 45055 1165.6362135253642 132.18017393017405 853.6957913382712 1580.4224410376612 
gen 20 47401 1109.521634725955 85.54900790274698 853.6957913382712 1258.798807603623 
gen 21 49747 1067.9171553726428 73.07060560542946 819.479506614275 1176.4240422667517 
gen 22 52093 1036.3210982037094 63.774932253458935 819.479506614275 1127.8615098579453 
gen 23 54439 1016.5209359930619 57.710127696980514 819.479506614275 1097.2616629609963 
gen 24 56795 998.153016116998 51.57060982270486 819.0561950297126 1065.7431898984905 
gen 25 59141 982.5580784676685 49.52541623980425 782.0257992647399 1047.9788255304493 
gen 26 61487 963.4989013841875 47.931100839875576 782.0257992647399 1024.036803470043 
gen 27 63833 948.6161559134855 45.700092172616294 772.1806371415757 1004.7878169923296 
gen 28 66179 937.7886002842034 44.332966336251204 772.1806371415757 991.814557719775 
gen 29 68525 924.5969379823158 43.4197013420986 755.7580756536915 976.7806093168489 
gen 30 70881 910.4566052244575 42.332349775030515 740.3949979316308 958.8298499062363 
gen 31 73227 898.0936720446032 41.21660797960613 740.3949979316308 948.4294817007125 
gen 32 75573 882.9978292968688 41.08251612351403 688.5831598466056 931.780297403189 
gen 33 77919 867.6934812156411 38.66258014941398 688.5831598466056 916.833140561707 
gen 34 80265 853.597138931634 36.86569728691899 688.5831598466056 900.9619606394374 
gen 35 82611 838.601614247868 35.691009604357845 677.5017029545023 880.946493185221 
gen 36 84957 822.8524659075786 35.10988981913379 659.9943159516226 862.7238115866777 
gen 37 87303 810.5308371918965 34.45577062398744 659.9943159516226 848.2651001102737 
gen 38 89649 795.289607863787 34.29269626117505 659.9943159516226 833.2095180225951 
gen 39 92015 780.5142353435233 32.81100331520578 646.2297556168025 818.1056906508747 
gen 40 94371 766.761708096491 29.464991722929657 642.7123707682338 801.3017003583714 
gen 41 96717 750.9008917810194 28.274306079211147 642.7123707682338 785.2328358748641 
gen 42 99063 734.9034878757246 26.62135925556991 625.9135607228876 766.0469934009109 
gen 43 101409 720.4369236787854 25.048600474116633 625.9135607228876 750.482385155628 
gen 44 103755 706.9219127012079 23.155645816341675 612.5253645105306 735.2088642575976 
gen 45 106101 691.3383463163676 22.0556146226892 603.7785894864817 716.320575883017 
gen 46 108447 676.137674434862 21.35833708147003 597.4440439700368 701.1314662835326 
gen 47 110793 662.1546088359548 19.443016912852023 569.7867647578147 685.9371916642712 
gen 48 113139 647.2884935236351 19.140233943007374 546.211233380524 669.9771253610949 
gen 49 115485 635.6278858111438 16.905169035509363 546.211233380524 656.0536348514805 
gen 50 117831 623.7045250237328 17.47609064440811 546.211233380524 643.1369575645409 
gen 51 120177 614.5309864659949 17.394290945994175 538.5726690908791 634.3379195961119 
gen 52 122523 605.5256860482003 16.310243650283645 536.6775412028941 624.5191121194007 
gen 53 124869 596.8267388701667 16.59359026845723 531.146445036806 615.9900359511641 
gen 54 127215 589.0468981004336 15.509966727834609 531.146445036806 606.8430599045106 
gen 55 129561 583.3726395012125 14.694306701029111 531.146445036806 599.9775241335825 
gen 56 131907 576.8405110523116 13.917653670790317 508.60958102163227 592.8472317992877 
gen 57 134253 572.0137092283456 13.357126281052235 508.60958102163227 587.4325478073912 
gen 58 136599 567.7135548119721 12.696969520727285 508.60958102163227 582.734886861364 
gen 59 138945 562.3743262736758 12.853034357968923 508.60958102163227 577.0484994155718 
gen 60 141291 557.441467145693 12.33179840068063 508.60958102163227 572.6903684918716 
gen 61 143637 553.4811629083604 11.511018156766617 508.60958102163227 567.9840856115009 
gen 62 145983 549.7544345611826 11.042662430388184 508.60958102163227 563.6857806751402 
gen 63 148329 546.1753729418507 11.119162023145089 483.4903057987948 559.4822203848983 
gen 64 150675 542.9058803941849 11.037144588397902 483.4903057987948 555.2771357672824 
gen 65 153021 539.7996182698869 11.05163478833794 483.4903057987948 552.2166253705794 
gen 66 155367 536.3501721402838 11.178422116653381 483.4903057987948 548.5875901358086 
gen 67 157713 532.5577433655234 10.794546431872467 483.4903057987948 544.8309451313402 
gen 68 160059 528.8605142458104 10.751081170818281 479.84883151612604 541.3721500233398 
gen 69 162435 526.2615957730123 10.66134079164581 471.9792494002422 538.2029547022621 
gen 70 164781 523.3340786268698 10.384863459650692 471.9792494002422 535.1272771272565 
gen 71 167127 519.5477876184594 10.134060536340485 471.9792494002422 531.8094730749798 
gen 72 169493 516.0570931452078 10.263923784505662 469.167538114143 527.7699290507072 
gen 73 171839 511.5031477757165 10.565353828386199 465.59204920073876 523.9088226415365 
gen 74 174185 506.71574326053945 10.074629028186523 465.59204920073876 518.5890821306505 
gen 75 176531 501.1074314200048 9.38784638847634 465.59204920073876 512.9875887107603 
gen 76 178877 496.2708484421668 9.539651549589356 457.8043307192066 507.3145135554017 
gen 77 181223 492.74816823526464 9.085801423101227 443.9574702439987 502.9731634178838 
gen 78 183569 489.89222009876573 8.88672835795358 443.9574702439987 499.61195323327297 
gen 79 185915 487.0463169284214 8.672951735302114 443.9574702439987 496.545446877261 
gen 80 188271 483.836206058628 8.036171041549462 441.52823909841896 493.2258932617702 
gen 81 190617 481.00836668065864 7.8494914809868614 441.52823909841896 490.16049718336467 
gen 82 192963 478.5057766246349 7.687529607053613 441.52823909841896 487.6771243373279 
gen 83 195309 474.8186071431876 7.458161407454708 441.52823909841896 483.5199031074342 
gen 84 197655 472.08029570113206 7.196356934298203 441.52823909841896 480.82532986887713 
gen 85 200001 469.7880356262016 7.224388550049232 428.34704517900616 478.2378751433584 
gen 86 202347 467.50046115507695 7.2671204396069875 428.34704517900616 475.6647191269376 
gen 87 204693 465.1187307001826 6.986739062350514 428.34704517900616 473.19890285099746 
gen 88 207039 463.09769301986455 6.8937668313754354 428.34704517900616 470.8906405377371 
gen 89 209385 461.3199063964851 6.520715422211403 428.34704517900616 468.9824205901208 
gen 90 211731 458.73343465011715 6.573606503857498 428.34704517900616 466.03045761303474 
gen 91 214077 456.4925429494944 6.102833320030727 428.34704517900616 463.66313072467966 
gen 92 216423 454.539928309093 6.16804312040609 428.34704517900616 461.4265711305968 
gen 93 218799 452.47115453614305 6.153605000604353 420.95069125034627 459.32561758256196 
gen 94 221145 450.66576410109974 5.749471773157569 420.95069125034627 457.29558276333205 
gen 95 223491 448.735359305981 5.850770962541963 420.25038208239954 455.55849755458445 
gen 96 225837 446.7518477370721 5.721722397960548 420.25038208239954 453.35020177853255 
gen 97 228183 445.4039715490679 5.540589508207755 420.25038208239954 451.6846215230016 
gen 98 230529 443.61437725034574 5.306578099589323 420.25038208239954 450.0194538694879 
gen 99 232875 441.39854453241526 5.435609692966772 413.55720507604445 447.3793109352665 
gen 100 235221 439.6747495118851 5.394397983171275 413.55720507604445 445.71492318348896 
gen 101 237567 438.2580695916393 5.136037060370867 413.55720507604445 444.15325617310185 
gen 102 239913 437.2255037203698 4.985855263994372 413.55720507604445 442.8649042080465 
gen 103 242259 435.76112156519827 5.145098363937519 413.55720507604445 441.65284338234216 
gen 104 244605 434.487681065504 5.002007514741715 413.55720507604445 440.0513203412522 
gen 105 246951 433.5529338891875 4.857287025581402 413.55720507604445 439.04837893204547 
gen 106 249297 432.47812503100494 4.670305766459726 413.55720507604445 437.91118845323257 
gen 107 251643 431.23195252588954 4.5959485062278125 413.55720507604445 436.4170939476902 
gen 108 253989 430.1614252941213 4.557975926325647 413.55720507604445 435.5291333673803 
gen 109 256335 429.24778131972533 4.486310687380205 413.55720507604445 434.64907236450165 
gen 110 258681 428.35327936716243 4.294296981369857 413.55720507604445 433.4099400446047 
gen 111 261027 427.27596302175 4.309834668529498 410.84218748562677 432.3908541090696 
gen 112 263373 426.505068355442 4.290705485553496 406.41793457010783 431.5511050159256 
gen 113 265719 425.6888529222516 4.346984893280645 406.41793457010783 430.7258080344185 
gen 114 268065 424.8964130261821 4.190987945842845 406.41793457010783 429.70648665621314 
gen 115 270411 424.03429060819906 4.214349153021081 406.41793457010783 428.7157907050091 
gen 116 272757 423.15360622511014 4.258617618016223 403.56331592273057 427.79821289193035 
gen 117 275103 422.42762004412026 4.167709248869015 403.56331592273057 427.04908598848783 
[14, 17, 1, 9, 18, 5, 22, 2, 8, 11, 20, 3, 7, 6, 4, 0, 19, 10, 16, 21, 13, 15, 12, 4, 22, 9, 3, 8, 18, 17, 11, 2, 0, 13, 20, 12, 21, 5, 1, 10, 14, 15, 19, 16, 7, 6, 21, 8, 10, 14, 6, 11, 18, 13, 4, 17, 22, 0, 16, 19, 5, 15, 9, 7, 3, 12, 2, 20, 1, 18, 22, 0, 11, 14, 16, 15, 9, 10, 21, 20, 7, 19, 1, 13, 6, 12, 2, 3, 5, 17, 4, 8, 1, 16, 5, 9, 17, 19, 15, 6, 20, 14, 4, 10, 21, 8, 0, 3, 18, 13, 7, 11, 2, 22, 12, 13, 20, 11, 4, 17, 21, 3, 10, 12, 6, 9, 5, 22, 7, 16, 2, 15, 1, 19, 18, 8, 14, 0, 2, 13, 22, 16, 6, 5, 14, 15, 0, 12, 1, 19, 21, 20, 17, 11, 3, 9, 10, 8, 18, 4, 7, 21, 8, 17, 12, 19, 7, 3, 10, 9, 2, 1, 18, 6, 0, 11, 13, 15, 14, 5, 16, 22, 20, 4, 7, 4, 10, 19, 6, 2, 22, 11, 0, 14, 1, 20, 21, 15, 16, 18, 17, 3, 8, 13, 5, 12, 9, 21, 2, 17, 8, 5, 10, 18, 15, 13, 6, 4, 19, 3, 11, 14, 16, 22, 12, 9, 0, 20, 1, 7, 2, 10, 12, 4, 3, 5, 16, 6, 15, 7, 18, 20, 0, 19, 21, 11, 9, 8, 17, 1, 14, 13, 22, 18, 12, 0, 15, 2, 19, 11, 21, 4, 17, 14, 5, 9, 20, 3, 8, 13, 10, 6, 1, 7, 22, 16, 13, 6, 9, 11, 8, 0, 21, 19, 16, 14, 5, 2, 7, 17, 4, 18, 3, 15, 10, 1, 22, 20, 12, 18, 12, 14, 19, 5, 1, 4, 10, 6, 20, 15, 22, 21, 11, 2, 16, 8, 7, 0, 13, 3, 9, 17, 14, 13, 4, 11, 7, 17, 9, 22, 3, 21, 19, 8, 1, 12, 20, 6, 2, 16, 18, 15, 10, 0, 5, 11, 2, 1, 5, 15, 13, 4, 18, 20, 14, 0, 3, 22, 6, 10, 8, 19, 12, 17, 16, 7, 9, 21, 14, 20, 1, 5, 13, 9, 16, 0, 8, 7, 12, 10, 19, 17, 18, 6, 22, 15, 21, 3, 11, 2, 4]
min  403.56331592273057
NFE 275103
LSNFE 230
VLSNFE 38
runTime 941.5205113887787
