gen 0 391 9974424552429670.0 505074620412508.7 1219.911797165181 1e+16 
gen 1 2737 9846547314578024.0 1229218909534159.2 1162.0488990542547 1e+16 
gen 2 5083 9795396419437366.0 1415688235610878.0 1153.0938298798128 1e+16 
gen 3 7429 9667519181585720.0 1792837050467486.5 1153.0938298798128 1e+16 
gen 4 9775 9514066496163744.0 2150163637542822.2 1149.8076159579366 1e+16 
gen 5 12121 9335038363171440.0 2491473939223735.5 1145.4412575469642 1e+16 
gen 6 14467 9156010230179132.0 2779852328208343.5 1054.7094126289487 1e+16 
gen 7 16833 8951406649616497.0 3063720856958944.0 1024.7144866773879 1e+16 
gen 8 19179 8823529411764850.0 3221897397088816.0 1024.7144866773879 1e+16 
gen 9 21575 8337595907928590.0 3722963007521874.5 867.1683502592681 1e+16 
gen 10 23921 8030690537084637.0 3976797061508577.0 867.1683502592681 1e+16 
gen 11 26267 7621483375959366.0 4257678347358548.0 867.1683502592681 1e+16 
gen 12 28613 7212276214834094.0 4483952937897095.0 867.1683502592681 1e+16 
gen 13 30979 6751918158568165.0 4683031365010833.0 861.4694126251438 1e+16 
gen 14 33325 6138107416880254.0 4868748453929158.0 861.4694126251438 1e+16 
gen 15 35671 5319693094629709.0 4989769165526653.0 861.4694126251438 1e+16 
gen 16 38017 4143222506394546.5 4926046317935339.0 861.4694126251438 1e+16 
gen 17 40363 2915601023018722.0 4544808126285554.0 861.4694126251438 1e+16 
gen 18 42709 1483375959080263.8 3554343167846281.5 860.4255551841103 1e+16 
gen 19 45055 1121.8278896189213 117.32430697045743 788.6024910138204 1368.4556588331213 
gen 20 47401 1076.241933812996 90.47335110296525 788.6024910138204 1227.707142099333 
gen 21 49757 1039.0585375057935 75.03438328949575 747.1475739136082 1154.5842640422693 
gen 22 52103 1008.5249944511586 64.90753720826241 747.1475739136082 1100.9358055515438 
gen 23 54449 979.2707048616654 58.161726776777215 741.338028350167 1058.2496562459833 
gen 24 56795 955.0292236109564 55.58555079172717 741.338028350167 1024.3359075222938 
gen 25 59161 932.3030001153502 48.760339005199256 714.4133563198237 991.9731120489013 
gen 26 61507 906.7758336163407 45.5207095297906 714.4133563198237 965.7352772043532 
gen 27 63853 887.0682388457456 40.3170348598211 714.4133563198237 938.3926548314113 
gen 28 66229 870.4942330378238 38.36554638308999 709.774088789453 918.326159291572 
gen 29 68575 853.9589877152667 37.46133781435932 663.2728364414576 897.4361394800258 
gen 30 70921 840.1144606255936 36.71316206208269 663.2728364414576 883.032826078196 
gen 31 73267 826.7401569865526 34.640188182585916 663.2728364414576 867.4468543951537 
gen 32 75613 810.156766713345 34.609586262845184 663.2728364414576 851.9725755069162 
gen 33 77959 794.0091398136128 33.26127829555381 613.4668900721086 833.2174003780781 
gen 34 80305 778.0725144356679 31.48978888567313 613.4668900721086 817.0221838171324 
gen 35 82651 764.5120162277757 28.35068537017785 613.4668900721086 797.8083370386814 
gen 36 84997 749.5967299137893 25.6294841882689 613.4668900721086 780.9704760767836 
gen 37 87343 737.1980478225746 24.657081860759458 613.4668900721086 766.9098130882817 
gen 38 89689 725.4112898590671 22.459827847785217 613.4668900721086 753.5849204840335 
gen 39 92035 713.7087765005382 20.844867962019297 613.4668900721086 738.7070190559915 
gen 40 94381 703.4088487994412 20.00287496054498 613.4668900721086 727.495822691832 
gen 41 96737 693.7412438108145 20.528502004595072 583.0432647524538 716.9293785759462 
gen 42 99093 686.2388710437158 20.421775826388885 577.169585930056 708.4013604609512 
gen 43 101439 678.8556073723896 20.80945144133196 575.6739006762073 701.1454296786225 
gen 44 103785 671.23615922893 19.346660560904407 575.6739006762073 693.4830199736409 
gen 45 106131 663.3079991569882 19.03703928577625 575.6739006762073 685.9879231810202 
gen 46 108477 656.4592171095749 18.793435861233988 575.6739006762073 678.458736603358 
gen 47 110823 650.1049061722072 18.85041220742374 575.6739006762073 670.3913381220135 
gen 48 113169 642.787622278932 19.456437402849666 568.0311414743949 664.0290846825128 
gen 49 115515 636.1595033106262 19.012991786738173 556.1825292916335 657.6195504950334 
gen 50 117861 629.6554701871413 18.43592727875572 556.1825292916335 651.2261830721808 
gen 51 120207 623.996588160992 17.54818687711928 556.1825292916335 645.5588894914601 
gen 52 122553 618.1133215372853 16.505793645060812 556.1825292916335 638.4344352666626 
gen 53 124899 611.4560509127759 16.633233243594354 551.1469080194098 630.8704305571522 
gen 54 127245 605.6235087168063 15.564050810361335 540.2100636954848 624.8989170020676 
gen 55 129591 598.4256536774728 15.310150410490088 514.1790336068859 616.8383922337774 
gen 56 131937 590.4206961834105 14.244659259537158 514.1790336068859 607.2137584666254 
gen 57 134283 585.2091226615815 13.399321745668102 514.1790336068859 600.7837148233439 
gen 58 136629 579.6468077986815 12.818351946342462 514.1790336068859 594.6815295685456 
gen 59 138975 574.5208399442727 12.050963051885368 514.1790336068859 589.1319398795551 
gen 60 141321 568.4904734927669 11.95311848211452 514.1790336068859 581.9776204433598 
gen 61 143667 563.2346417407207 12.349102419373903 510.4792739619899 576.8237026525909 
gen 62 146013 557.237851499104 12.297699652721134 510.4792739619899 570.8742885271424 
gen 63 148359 551.8886930909208 11.905647664460664 497.7245966609655 565.760631408601 
gen 64 150715 546.5931921890627 11.675874143680796 467.53882921609073 559.9424907667287 
gen 65 153061 542.0479006075724 11.859910701639004 467.53882921609073 555.6933110609694 
gen 66 155407 538.4964889086347 11.148169084489913 467.53882921609073 551.562902621576 
gen 67 157753 534.2822860726253 10.989135877910842 467.53882921609073 546.9220672987747 
gen 68 160099 531.0963249774297 10.465151448349596 467.53882921609073 542.8619502116169 
gen 69 162445 527.0191613617737 11.188527304674386 467.53882921609073 539.2043824479155 
gen 70 164791 523.5870382660207 10.880938288885906 467.53882921609073 535.7611372436753 
gen 71 167137 519.8940306559495 10.317083586323024 467.53882921609073 531.6682572111437 
gen 72 169493 515.9249541333027 10.858078749034409 446.23100774153704 527.7325216005505 
gen 73 171839 511.3674595430224 10.874954411167026 446.23100774153704 523.259216679987 
gen 74 174185 507.5806689089862 10.851073233145309 446.23100774153704 519.0951097443032 
gen 75 176531 502.97890315247315 11.18719451091916 446.23100774153704 515.340439133042 
gen 76 178877 498.1516411903243 10.494770875066568 446.23100774153704 510.21659722797176 
gen 77 181223 492.6663146193708 10.032062780747243 446.23100774153704 503.92524921546965 
gen 78 183569 486.9455089583398 10.35348357826747 442.56762641170883 498.3975886340131 
gen 79 185915 481.3822539596227 9.815774216804687 431.7548172187793 492.0132297116459 
gen 80 188261 476.23777527922107 9.585617700501045 431.7548172187793 487.10496181174034 
gen 81 190607 472.22291317481586 9.23345932567311 431.7548172187793 482.23911607408183 
gen 82 192953 468.20598629672526 9.16107068565439 431.7548172187793 478.70112318257696 
gen 83 195299 464.6274634827502 9.193516068582435 431.7548172187793 475.289642249056 
gen 84 197645 461.51440164043834 8.453397820844504 427.57679170287184 471.4478391745674 
gen 85 199991 458.4457356084433 8.22538592903388 427.57679170287184 468.4947511420549 
gen 86 202337 456.33532983755936 7.692285755134221 427.57679170287184 466.1729726480722 
gen 87 204683 453.86008851378944 7.910830158500454 418.6918946186527 463.37542019841413 
gen 88 207029 451.5628824636621 7.6782972968377505 418.6918946186527 460.8662704080193 
gen 89 209375 449.47357130875434 7.441578935126456 418.6918946186527 458.57394468061307 
gen 90 211721 447.331215062952 7.559023501763401 418.29924734348066 456.01322866344356 
gen 91 214067 445.30825967177697 7.311622396355544 418.29924734348066 453.7243774943598 
gen 92 216413 443.51352425760564 7.433259039033721 418.29924734348066 451.99615899798795 
gen 93 218759 441.5228890424349 7.536865330019622 410.4554284068006 450.00325892768865 
gen 94 221105 439.2336885435834 7.291906785140852 410.4554284068006 447.88493314571764 
gen 95 223451 437.14303000775084 7.206093133952033 410.1637381700698 445.3818874174508 
gen 96 225797 435.00205430425444 6.876150527620016 410.1637381700698 443.07989657783963 
gen 97 228143 432.41119759508086 6.617858151864665 407.2092356072469 440.5299643415926 
gen 98 230489 429.8178789821174 6.159981835755773 407.2092356072469 437.36232929761485 
gen 99 232835 427.63114400865027 5.822888703410128 407.2092356072469 434.7669352552286 
gen 100 235181 425.8390292754262 5.576400772419212 406.29485367292654 432.7161903131177 
gen 101 237527 423.5599296557486 5.310527259376141 402.90828123934415 429.9657226873144 
gen 102 239873 421.54469478784125 5.335424215926755 399.6498115529528 427.57679170287184 
gen 103 242219 419.78469231002947 5.281525469802862 399.6498115529528 425.8062329999859 
gen 104 244565 418.2429183748113 5.421552372113961 399.6498115529528 424.40103022499284 
gen 105 246951 416.7668379127675 5.346269734152726 382.7882237228534 422.7696737137522 
gen 106 249297 415.40257990719465 5.20164374440056 382.7882237228534 421.2692876968712 
gen 107 251643 413.9039977430233 5.0845834268193 382.7882237228534 419.71016866968915 
gen 108 253989 412.5964088363846 5.078548423912559 382.7882237228534 418.4180887619432 
gen 109 256335 411.3977273729325 5.1703544435098605 382.7882237228534 417.303314089806 
gen 110 258691 410.4949410736062 4.943783339964332 380.8528075978363 416.22091939726215 
gen 111 261037 409.43282651772086 4.79176906141096 380.8528075978363 414.9835513972029 
gen 112 263383 408.36141379334737 4.799315582253123 380.8528075978363 413.8544675873876 
gen 113 265729 407.3475125247837 4.595069046019642 380.8528075978363 412.69888635464616 
gen 114 268075 406.45370529911077 4.5987032875995695 380.8528075978363 411.7537485103242 
gen 115 270421 405.4230880081086 4.6656879786944705 380.8528075978363 410.77197374534285 
gen 116 272767 404.36263067316366 4.5549395191545825 380.8528075978363 409.51560626280957 
gen 117 275113 403.2377961891304 4.526248269622189 380.8528075978363 408.4524808012212 
[14, 15, 21, 22, 19, 6, 5, 2, 20, 7, 8, 12, 11, 18, 1, 13, 0, 4, 16, 9, 17, 3, 10, 12, 4, 3, 0, 1, 10, 22, 7, 8, 16, 13, 20, 19, 6, 2, 9, 18, 5, 17, 14, 15, 21, 11, 21, 3, 17, 6, 13, 10, 22, 20, 16, 2, 12, 1, 5, 19, 15, 0, 9, 7, 14, 4, 18, 11, 8, 0, 12, 18, 9, 6, 20, 15, 16, 19, 14, 8, 3, 13, 1, 21, 17, 22, 2, 11, 4, 5, 10, 7, 9, 1, 21, 5, 16, 19, 3, 12, 7, 6, 8, 2, 4, 22, 15, 10, 18, 11, 14, 17, 13, 0, 20, 14, 13, 22, 21, 17, 4, 5, 18, 3, 0, 11, 10, 7, 15, 20, 2, 8, 19, 9, 16, 12, 1, 6, 21, 8, 19, 22, 16, 18, 1, 4, 10, 20, 9, 14, 7, 13, 0, 3, 12, 6, 17, 15, 2, 5, 11, 21, 3, 0, 20, 15, 2, 8, 12, 17, 7, 1, 13, 6, 11, 10, 4, 19, 9, 16, 18, 5, 22, 14, 6, 4, 10, 11, 7, 13, 22, 20, 17, 9, 12, 14, 8, 16, 15, 19, 18, 3, 5, 0, 1, 21, 2, 9, 15, 4, 19, 7, 5, 14, 16, 17, 18, 8, 2, 13, 3, 11, 0, 22, 1, 6, 10, 20, 12, 21, 2, 15, 11, 8, 9, 0, 12, 6, 10, 5, 1, 19, 21, 14, 13, 18, 7, 17, 22, 20, 4, 3, 16, 15, 22, 18, 12, 2, 10, 1, 21, 0, 8, 4, 11, 7, 19, 13, 9, 3, 5, 6, 14, 20, 17, 16, 0, 11, 12, 3, 22, 9, 6, 21, 1, 5, 16, 4, 8, 19, 18, 13, 14, 20, 15, 10, 17, 7, 2, 0, 8, 16, 6, 12, 3, 4, 10, 2, 9, 20, 7, 17, 15, 22, 18, 11, 19, 1, 5, 21, 14, 13, 20, 11, 2, 13, 3, 7, 0, 19, 10, 6, 21, 8, 18, 4, 15, 12, 14, 1, 9, 22, 16, 17, 5, 11, 20, 2, 21, 13, 6, 8, 10, 3, 12, 16, 22, 0, 15, 1, 7, 5, 18, 17, 14, 19, 4, 9, 21, 3, 1, 14, 18, 17, 9, 13, 19, 22, 10, 8, 12, 5, 16, 20, 7, 11, 4, 6, 0, 15, 2]
min  380.8528075978363
NFE 275113
LSNFE 240
VLSNFE 46
runTime 948.4722118377686
