gen 0 64 1093750000002417.2 3121091305536368.5 881.5815937648124 1e+16 
gen 1 465 1461.708732454424 168.07233851202713 881.5815937648124 1670.8208979979497 
gen 2 864 1257.3825796143149 135.87558773810005 881.5815937648124 1447.9439208375534 
gen 3 1265 1096.259717515749 90.88689998836706 881.5815937648124 1229.8502822188366 
gen 4 1670 1008.8180699978614 66.59406680722707 881.5815937648124 1088.216791624766 
gen 5 2073 966.4545892345841 51.87315224624075 854.0521259031209 1032.594034479293 
gen 6 2476 923.7818874885356 38.28525298616056 854.0521259031209 979.5571888420243 
gen 7 2878 878.2019265828883 19.488760096139327 788.9370640657594 896.8502769687391 
gen 8 3276 854.345800611506 18.631963532961358 788.9370640657594 881.5815937648124 
gen 9 3680 839.4514220955451 13.253415786237102 788.9370640657594 849.9177728263835 
gen 10 4075 830.6572776985847 14.988749284694636 788.9370640657594 844.6959651448093 
gen 11 4475 809.4050187985163 13.442912715313996 756.4754320390361 824.9605757267368 
gen 12 4883 790.3746585989571 9.514564496043354 756.4754320390361 802.1478113503929 
gen 13 5291 777.9348604141974 9.721386267295923 747.3723699156378 786.7302926778268 
gen 14 5683 760.0337729135347 7.104052953385714 736.6569849416393 770.3648479894523 
gen 15 6080 748.5613784493758 7.939550252126788 728.1545519190491 758.5414192384677 
gen 16 6484 737.7222332440667 4.776496339647223 722.0034130345764 743.5357673074246 
gen 17 6887 730.082449616029 5.716349023564541 708.0783504358434 736.6569849416393 
gen 18 7285 720.6754982048279 4.062018221549066 705.4240568507532 724.8429528564508 
gen 19 7684 712.7501358372398 4.61502672450717 705.4240568507532 718.2234470004646 
gen 20 8083 705.4481608423298 0.03330445043757974 705.4240568507532 705.4941775535216 
gen 21 8485 705.4240568507531 1.1368683772161603e-13 705.4240568507532 705.4240568507532 
gen 22 8889 705.4240568507531 1.1368683772161603e-13 705.4240568507532 705.4240568507532 
gen 23 9293 705.4240568507531 1.1368683772161603e-13 705.4240568507532 705.4240568507532 
gen 24 9694 705.2681025537561 1.2378488572379558 695.4429818429448 705.4240568507532 
gen 25 10096 703.7666123312508 3.5341009621787514 695.4429818429448 705.4240568507532 
gen 26 10498 697.3345487899427 3.2553905201137177 688.2811785621343 702.3862994188075 
gen 27 10892 694.6596596091064 2.2352641951705694 688.2811785621343 695.4429818429448 
gen 28 11293 690.8549516161758 3.436356874479957 688.2811785621343 695.4429818429448 
gen 29 11703 688.2811785621343 0.0 688.2811785621343 688.2811785621343 
gen 30 12108 688.2811785621343 0.0 688.2811785621343 688.2811785621343 
gen 31 12514 688.2811785621343 0.0 688.2811785621343 688.2811785621343 
gen 32 12915 688.2811785621343 0.0 688.2811785621343 688.2811785621343 
gen 33 13314 688.2811785621343 0.0 688.2811785621343 688.2811785621343 
gen 34 13714 688.2811785621343 0.0 688.2811785621343 688.2811785621343 
gen 35 14118 688.2811785621343 0.0 688.2811785621343 688.2811785621343 
gen 36 14519 688.2811785621343 0.0 688.2811785621343 688.2811785621343 
gen 37 14922 688.2811785621343 0.0 688.2811785621343 688.2811785621343 
gen 38 15322 688.2811785621343 0.0 688.2811785621343 688.2811785621343 
gen 39 15726 688.2811785621343 0.0 688.2811785621343 688.2811785621343 
gen 40 16122 688.2811785621343 0.0 688.2811785621343 688.2811785621343 
gen 41 16528 688.2811785621343 0.0 688.2811785621343 688.2811785621343 
gen 42 16931 688.2811785621343 0.0 688.2811785621343 688.2811785621343 
gen 43 17339 688.2811785621343 0.0 688.2811785621343 688.2811785621343 
gen 44 17738 688.235803404928 0.36015414500553605 685.3771685009267 688.2811785621343 
gen 45 18135 688.0996779333088 0.7029489127672385 685.3771685009267 688.2811785621343 
gen 46 18532 687.6459263612452 1.2005138166851204 685.3771685009267 688.2811785621343 
gen 47 18939 685.7401697585777 0.9604110533480963 685.3771685009267 688.2811785621343 
gen 48 19340 685.3771685009268 1.1368683772161603e-13 685.3771685009267 685.3771685009267 
gen 49 19741 685.3771685009268 1.1368683772161603e-13 685.3771685009267 685.3771685009267 
gen 50 20150 685.3771685009268 1.1368683772161603e-13 685.3771685009267 685.3771685009267 
gen 51 20544 685.3771685009268 1.1368683772161603e-13 685.3771685009267 685.3771685009267 
gen 52 20945 685.3771685009268 1.1368683772161603e-13 685.3771685009267 685.3771685009267 
gen 53 21341 685.3771685009268 1.1368683772161603e-13 685.3771685009267 685.3771685009267 
gen 54 21747 685.3771685009268 1.1368683772161603e-13 685.3771685009267 685.3771685009267 
gen 55 22151 685.3771685009268 1.1368683772161603e-13 685.3771685009267 685.3771685009267 
gen 56 22552 685.3771685009268 1.1368683772161603e-13 685.3771685009267 685.3771685009267 
gen 57 22949 685.3771685009268 1.1368683772161603e-13 685.3771685009267 685.3771685009267 
gen 58 23355 685.3771685009268 1.1368683772161603e-13 685.3771685009267 685.3771685009267 
gen 59 23761 685.3771685009268 1.1368683772161603e-13 685.3771685009267 685.3771685009267 
gen 60 24161 685.3771685009268 1.1368683772161603e-13 685.3771685009267 685.3771685009267 
gen 61 24562 685.3771685009268 1.1368683772161603e-13 685.3771685009267 685.3771685009267 
gen 62 24962 685.3771685009268 1.1368683772161603e-13 685.3771685009267 685.3771685009267 
gen 63 25361 685.3771685009268 1.1368683772161603e-13 685.3771685009267 685.3771685009267 
gen 64 25764 685.3771685009268 1.1368683772161603e-13 685.3771685009267 685.3771685009267 
gen 65 26165 685.3771685009268 1.1368683772161603e-13 685.3771685009267 685.3771685009267 
gen 66 26558 685.3771685009268 1.1368683772161603e-13 685.3771685009267 685.3771685009267 
gen 67 26952 685.3771685009268 1.1368683772161603e-13 685.3771685009267 685.3771685009267 
gen 68 27357 685.3771685009268 1.1368683772161603e-13 685.3771685009267 685.3771685009267 
gen 69 27759 685.3771685009268 1.1368683772161603e-13 685.3771685009267 685.3771685009267 
gen 70 28154 685.3771685009268 1.1368683772161603e-13 685.3771685009267 685.3771685009267 
gen 71 28553 685.3771685009268 1.1368683772161603e-13 685.3771685009267 685.3771685009267 
gen 72 28954 685.3771685009268 1.1368683772161603e-13 685.3771685009267 685.3771685009267 
gen 73 29350 685.3771685009268 1.1368683772161603e-13 685.3771685009267 685.3771685009267 
gen 74 29750 685.3771685009268 1.1368683772161603e-13 685.3771685009267 685.3771685009267 
gen 75 30150 685.3771685009268 1.1368683772161603e-13 685.3771685009267 685.3771685009267 
gen 76 30548 685.3771685009268 1.1368683772161603e-13 685.3771685009267 685.3771685009267 
gen 77 30943 685.3771685009268 1.1368683772161603e-13 685.3771685009267 685.3771685009267 
gen 78 31341 685.3771685009268 1.1368683772161603e-13 685.3771685009267 685.3771685009267 
gen 79 31738 685.3771685009268 1.1368683772161603e-13 685.3771685009267 685.3771685009267 
gen 80 32133 685.3771685009268 1.1368683772161603e-13 685.3771685009267 685.3771685009267 
gen 81 32532 685.3771685009268 1.1368683772161603e-13 685.3771685009267 685.3771685009267 
gen 82 32937 685.3771685009268 1.1368683772161603e-13 685.3771685009267 685.3771685009267 
gen 83 33335 685.3771685009268 1.1368683772161603e-13 685.3771685009267 685.3771685009267 
gen 84 33726 685.3771685009268 1.1368683772161603e-13 685.3771685009267 685.3771685009267 
gen 85 34128 685.3771685009268 1.1368683772161603e-13 685.3771685009267 685.3771685009267 
gen 86 34523 685.3771685009268 1.1368683772161603e-13 685.3771685009267 685.3771685009267 
gen 87 34919 685.3771685009268 1.1368683772161603e-13 685.3771685009267 685.3771685009267 
gen 88 35318 685.3771685009268 1.1368683772161603e-13 685.3771685009267 685.3771685009267 
gen 89 35719 685.3771685009268 1.1368683772161603e-13 685.3771685009267 685.3771685009267 
gen 90 36120 685.3771685009268 1.1368683772161603e-13 685.3771685009267 685.3771685009267 
gen 91 36520 685.3771685009268 1.1368683772161603e-13 685.3771685009267 685.3771685009267 
gen 92 36914 685.3771685009268 1.1368683772161603e-13 685.3771685009267 685.3771685009267 
gen 93 37310 685.3771685009268 1.1368683772161603e-13 685.3771685009267 685.3771685009267 
gen 94 37704 685.3771685009268 1.1368683772161603e-13 685.3771685009267 685.3771685009267 
gen 95 38101 685.3771685009268 1.1368683772161603e-13 685.3771685009267 685.3771685009267 
gen 96 38500 685.3771685009268 1.1368683772161603e-13 685.3771685009267 685.3771685009267 
gen 97 38901 685.3771685009268 1.1368683772161603e-13 685.3771685009267 685.3771685009267 
gen 98 39295 685.3771685009268 1.1368683772161603e-13 685.3771685009267 685.3771685009267 
gen 99 39691 685.3771685009268 1.1368683772161603e-13 685.3771685009267 685.3771685009267 
gen 100 40085 685.3771685009268 1.1368683772161603e-13 685.3771685009267 685.3771685009267 
gen 101 40485 685.3771685009268 1.1368683772161603e-13 685.3771685009267 685.3771685009267 
gen 102 40894 685.3771685009268 1.1368683772161603e-13 685.3771685009267 685.3771685009267 
gen 103 41297 685.3771685009268 1.1368683772161603e-13 685.3771685009267 685.3771685009267 
gen 104 41694 685.3771685009268 1.1368683772161603e-13 685.3771685009267 685.3771685009267 
gen 105 42091 685.3771685009268 1.1368683772161603e-13 685.3771685009267 685.3771685009267 
gen 106 42495 685.3771685009268 1.1368683772161603e-13 685.3771685009267 685.3771685009267 
gen 107 42888 685.3771685009268 1.1368683772161603e-13 685.3771685009267 685.3771685009267 
gen 108 43293 685.3771685009268 1.1368683772161603e-13 685.3771685009267 685.3771685009267 
gen 109 43688 685.3771685009268 1.1368683772161603e-13 685.3771685009267 685.3771685009267 
gen 110 44089 685.3771685009268 1.1368683772161603e-13 685.3771685009267 685.3771685009267 
gen 111 44486 685.3771685009268 1.1368683772161603e-13 685.3771685009267 685.3771685009267 
gen 112 44891 685.3771685009268 1.1368683772161603e-13 685.3771685009267 685.3771685009267 
[0, 7, 4, 2, 6, 3, 1, 5, 6, 3, 5, 1, 0, 4, 7, 2, 6, 3, 5, 7, 2, 1, 0, 4, 1, 0, 7, 4, 3, 6, 2, 5, 1, 7, 4, 3, 0, 2, 6, 5, 1, 3, 5, 0, 2, 4, 6, 7, 1, 0, 7, 5, 2, 4, 3, 6, 6, 3, 5, 2, 4, 1, 7, 0]
min  685.3771685009267
NFE 44891
LSNFE 0
VLSNFE 0
runTime 62.510642290115356
