gen 0 64 312500000001556.1 1739926363384102.2 872.566103366051 1e+16 
gen 1 334 1014.5880317123197 66.18252958197111 808.972268258319 1105.5098500831023 
gen 2 597 906.7371837946295 71.02522804738521 703.9865584994524 988.513852290648 
gen 3 864 845.6055481389478 57.13956211771208 703.9865584994524 919.6511301175946 
gen 4 1129 779.376985237122 47.21483021029577 655.9784089342301 845.122430132488 
gen 5 1399 726.9354951820526 34.8922494889584 627.3659514429829 771.4235226999702 
gen 6 1667 691.5103107488015 30.71148677528553 564.8057408724127 733.6229596775651 
gen 7 1939 663.5691410189738 27.00803432051308 564.8057408724127 695.042883820292 
gen 8 2215 641.8581361288922 24.026338370895328 564.8057408724127 671.3048224089036 
gen 9 2483 628.590749131047 21.41719093231452 564.8057408724127 649.3956600877964 
gen 10 2755 608.3562831340857 23.9027313287128 553.2263026187806 633.3775176159743 
gen 11 3024 586.1568735273127 16.823102855007537 553.2263026187806 613.6281038425338 
gen 12 3290 568.1778756089454 14.183974440044077 522.1184127426745 587.1237420153252 
gen 13 3555 553.0281616196994 13.515931829081827 508.84920807363596 568.1898843549227 
gen 14 3824 539.9886225452109 13.590958100733651 503.0972198847478 556.3506035685924 
gen 15 4093 527.4929556175722 9.810642668374314 501.1927221950688 539.9311924832667 
gen 16 4362 521.9024210470407 7.848840515607263 501.1927221950688 531.702753151146 
gen 17 4628 514.273255010545 7.837422204889361 488.2408960237837 523.9252177242657 
gen 18 4895 505.9691709816426 6.22230791815999 488.2408960237837 514.4072716710995 
gen 19 5160 498.7926362316053 6.537282383295009 467.44922347598776 506.59286271928465 
gen 20 5428 491.89460666060137 6.238196005507806 467.44922347598776 499.83167564110704 
gen 21 5700 484.63843505324223 5.611877015866609 464.7997003157002 490.1444383230644 
gen 22 5970 479.93445002983896 4.841410409732566 464.7997003157002 485.38107550044634 
gen 23 6238 475.1685737966611 4.424001987366898 464.7997003157002 480.2218816465311 
gen 24 6504 471.6260206057403 2.7693844167930712 464.7997003157002 475.10389543076144 
gen 25 6769 469.87611206806275 2.343941288916164 463.5107446899497 472.8452132788517 
gen 26 7041 467.4648996305981 2.863926619507765 454.505224206479 470.6126583483489 
gen 27 7305 465.0772087850837 2.8510968160391115 454.505224206479 467.8175083577355 
gen 28 7573 462.61974683583344 2.9521540887847 454.1840007641738 465.94061360175573 
gen 29 7841 459.5849140696548 2.5347864872640757 454.1725830340538 462.6018491670796 
gen 30 8106 456.7652614119395 1.8502013924682428 452.1967690772735 459.55006604072366 
gen 31 8371 454.5318713020548 0.8865167708222379 451.8834024848969 456.1035134908107 
gen 32 8638 453.6681639635542 0.8053743685903878 451.8834024848969 454.505224206479 
gen 33 8905 452.5390591485242 0.49264024639739473 451.12852482427644 453.27519273475906 
gen 34 9175 451.854894251561 0.5105248428603391 449.39207081042053 452.2987827155082 
gen 35 9438 451.54077211280196 0.6483729405432179 449.39207081042053 451.8834024848969 
gen 36 9705 451.016979269951 0.7682711856539938 449.39207081042053 451.8834024848969 
gen 37 9972 450.1957401428632 0.27012919212829295 449.39207081042053 450.417375133418 
gen 38 10243 450.1553186440525 0.27306310846318205 449.39207081042053 450.2698405649145 
gen 39 10516 450.03858144376966 0.3219205746908512 449.39207081042053 450.2698405649145 
gen 40 10781 449.68537943637136 0.33346624031474226 449.39207081042053 450.0796097310447 
gen 41 11048 449.39207081042053 0.0 449.39207081042053 449.39207081042053 
gen 42 11315 449.39207081042053 0.0 449.39207081042053 449.39207081042053 
gen 43 11581 449.39207081042053 0.0 449.39207081042053 449.39207081042053 
gen 44 11846 449.39207081042053 0.0 449.39207081042053 449.39207081042053 
gen 45 12109 449.39207081042053 0.0 449.39207081042053 449.39207081042053 
gen 46 12380 449.39207081042053 0.0 449.39207081042053 449.39207081042053 
gen 47 12643 449.39207081042053 0.0 449.39207081042053 449.39207081042053 
gen 48 12908 449.39207081042053 0.0 449.39207081042053 449.39207081042053 
gen 49 13172 449.39207081042053 0.0 449.39207081042053 449.39207081042053 
gen 50 13436 449.39207081042053 0.0 449.39207081042053 449.39207081042053 
gen 51 13707 449.39207081042053 0.0 449.39207081042053 449.39207081042053 
gen 52 13971 449.39207081042053 0.0 449.39207081042053 449.39207081042053 
gen 53 14238 449.39207081042053 0.0 449.39207081042053 449.39207081042053 
gen 54 14503 449.39207081042053 0.0 449.39207081042053 449.39207081042053 
gen 55 14768 449.39207081042053 0.0 449.39207081042053 449.39207081042053 
gen 56 15038 449.39207081042053 0.0 449.39207081042053 449.39207081042053 
gen 57 15302 449.39207081042053 0.0 449.39207081042053 449.39207081042053 
gen 58 15566 449.39207081042053 0.0 449.39207081042053 449.39207081042053 
gen 59 15831 449.39207081042053 0.0 449.39207081042053 449.39207081042053 
gen 60 16095 449.39207081042053 0.0 449.39207081042053 449.39207081042053 
gen 61 16366 449.39207081042053 0.0 449.39207081042053 449.39207081042053 
gen 62 16628 449.39207081042053 0.0 449.39207081042053 449.39207081042053 
gen 63 16896 449.39207081042053 0.0 449.39207081042053 449.39207081042053 
gen 64 17161 449.39207081042053 0.0 449.39207081042053 449.39207081042053 
gen 65 17426 449.39207081042053 0.0 449.39207081042053 449.39207081042053 
gen 66 17696 449.39207081042053 0.0 449.39207081042053 449.39207081042053 
gen 67 17960 449.39207081042053 0.0 449.39207081042053 449.39207081042053 
gen 68 18228 449.39207081042053 0.0 449.39207081042053 449.39207081042053 
gen 69 18494 449.39207081042053 0.0 449.39207081042053 449.39207081042053 
gen 70 18755 449.39207081042053 0.0 449.39207081042053 449.39207081042053 
gen 71 19016 449.39207081042053 0.0 449.39207081042053 449.39207081042053 
gen 72 19283 449.39207081042053 0.0 449.39207081042053 449.39207081042053 
gen 73 19548 449.39207081042053 0.0 449.39207081042053 449.39207081042053 
gen 74 19814 449.39207081042053 0.0 449.39207081042053 449.39207081042053 
gen 75 20080 449.39207081042053 0.0 449.39207081042053 449.39207081042053 
gen 76 20345 449.39207081042053 0.0 449.39207081042053 449.39207081042053 
gen 77 20612 449.39207081042053 0.0 449.39207081042053 449.39207081042053 
gen 78 20880 449.39207081042053 0.0 449.39207081042053 449.39207081042053 
gen 79 21145 449.39207081042053 0.0 449.39207081042053 449.39207081042053 
gen 80 21405 449.39207081042053 0.0 449.39207081042053 449.39207081042053 
gen 81 21672 449.39207081042053 0.0 449.39207081042053 449.39207081042053 
gen 82 21941 449.39207081042053 0.0 449.39207081042053 449.39207081042053 
gen 83 22205 449.39207081042053 0.0 449.39207081042053 449.39207081042053 
gen 84 22471 449.39207081042053 0.0 449.39207081042053 449.39207081042053 
gen 85 22732 449.39207081042053 0.0 449.39207081042053 449.39207081042053 
gen 86 22997 449.39207081042053 0.0 449.39207081042053 449.39207081042053 
gen 87 23265 449.39207081042053 0.0 449.39207081042053 449.39207081042053 
gen 88 23528 449.39207081042053 0.0 449.39207081042053 449.39207081042053 
gen 89 23793 449.39207081042053 0.0 449.39207081042053 449.39207081042053 
gen 90 24056 449.39207081042053 0.0 449.39207081042053 449.39207081042053 
gen 91 24323 449.39207081042053 0.0 449.39207081042053 449.39207081042053 
gen 92 24587 449.39207081042053 0.0 449.39207081042053 449.39207081042053 
gen 93 24858 449.39207081042053 0.0 449.39207081042053 449.39207081042053 
gen 94 25123 449.39207081042053 0.0 449.39207081042053 449.39207081042053 
gen 95 25383 449.39207081042053 0.0 449.39207081042053 449.39207081042053 
gen 96 25647 449.39207081042053 0.0 449.39207081042053 449.39207081042053 
gen 97 25913 449.39207081042053 0.0 449.39207081042053 449.39207081042053 
gen 98 26173 449.39207081042053 0.0 449.39207081042053 449.39207081042053 
gen 99 26439 449.39207081042053 0.0 449.39207081042053 449.39207081042053 
gen 100 26703 449.39207081042053 0.0 449.39207081042053 449.39207081042053 
gen 101 26971 449.39207081042053 0.0 449.39207081042053 449.39207081042053 
gen 102 27236 449.39207081042053 0.0 449.39207081042053 449.39207081042053 
gen 103 27502 449.39207081042053 0.0 449.39207081042053 449.39207081042053 
gen 104 27767 449.39207081042053 0.0 449.39207081042053 449.39207081042053 
gen 105 28031 449.39207081042053 0.0 449.39207081042053 449.39207081042053 
gen 106 28295 449.39207081042053 0.0 449.39207081042053 449.39207081042053 
gen 107 28559 449.39207081042053 0.0 449.39207081042053 449.39207081042053 
gen 108 28824 449.39207081042053 0.0 449.39207081042053 449.39207081042053 
gen 109 29084 449.39207081042053 0.0 449.39207081042053 449.39207081042053 
gen 110 29344 449.39207081042053 0.0 449.39207081042053 449.39207081042053 
gen 111 29607 449.39207081042053 0.0 449.39207081042053 449.39207081042053 
gen 112 29872 449.39207081042053 0.0 449.39207081042053 449.39207081042053 
gen 113 30138 449.39207081042053 0.0 449.39207081042053 449.39207081042053 
gen 114 30401 449.39207081042053 0.0 449.39207081042053 449.39207081042053 
gen 115 30664 449.39207081042053 0.0 449.39207081042053 449.39207081042053 
gen 116 30928 449.39207081042053 0.0 449.39207081042053 449.39207081042053 
gen 117 31194 449.39207081042053 0.0 449.39207081042053 449.39207081042053 
gen 118 31464 449.39207081042053 0.0 449.39207081042053 449.39207081042053 
gen 119 31728 449.39207081042053 0.0 449.39207081042053 449.39207081042053 
gen 120 31992 449.39207081042053 0.0 449.39207081042053 449.39207081042053 
gen 121 32257 449.39207081042053 0.0 449.39207081042053 449.39207081042053 
gen 122 32517 449.39207081042053 0.0 449.39207081042053 449.39207081042053 
gen 123 32779 449.39207081042053 0.0 449.39207081042053 449.39207081042053 
gen 124 33040 449.39207081042053 0.0 449.39207081042053 449.39207081042053 
gen 125 33302 449.39207081042053 0.0 449.39207081042053 449.39207081042053 
gen 126 33565 449.39207081042053 0.0 449.39207081042053 449.39207081042053 
gen 127 33826 449.39207081042053 0.0 449.39207081042053 449.39207081042053 
gen 128 34095 449.39207081042053 0.0 449.39207081042053 449.39207081042053 
gen 129 34362 449.39207081042053 0.0 449.39207081042053 449.39207081042053 
gen 130 34628 449.39207081042053 0.0 449.39207081042053 449.39207081042053 
gen 131 34890 449.39207081042053 0.0 449.39207081042053 449.39207081042053 
gen 132 35155 449.39207081042053 0.0 449.39207081042053 449.39207081042053 
gen 133 35417 449.39207081042053 0.0 449.39207081042053 449.39207081042053 
gen 134 35678 449.39207081042053 0.0 449.39207081042053 449.39207081042053 
gen 135 35937 449.39207081042053 0.0 449.39207081042053 449.39207081042053 
gen 136 36200 449.39207081042053 0.0 449.39207081042053 449.39207081042053 
gen 137 36467 449.39207081042053 0.0 449.39207081042053 449.39207081042053 
gen 138 36729 449.39207081042053 0.0 449.39207081042053 449.39207081042053 
gen 139 36994 449.39207081042053 0.0 449.39207081042053 449.39207081042053 
gen 140 37258 449.39207081042053 0.0 449.39207081042053 449.39207081042053 
gen 141 37523 449.39207081042053 0.0 449.39207081042053 449.39207081042053 
gen 142 37790 449.39207081042053 0.0 449.39207081042053 449.39207081042053 
gen 143 38061 449.39207081042053 0.0 449.39207081042053 449.39207081042053 
gen 144 38322 449.39207081042053 0.0 449.39207081042053 449.39207081042053 
gen 145 38584 449.39207081042053 0.0 449.39207081042053 449.39207081042053 
gen 146 38851 449.39207081042053 0.0 449.39207081042053 449.39207081042053 
gen 147 39113 449.39207081042053 0.0 449.39207081042053 449.39207081042053 
gen 148 39376 449.39207081042053 0.0 449.39207081042053 449.39207081042053 
gen 149 39642 449.39207081042053 0.0 449.39207081042053 449.39207081042053 
gen 150 39903 449.39207081042053 0.0 449.39207081042053 449.39207081042053 
gen 151 40164 449.39207081042053 0.0 449.39207081042053 449.39207081042053 
gen 152 40428 449.39207081042053 0.0 449.39207081042053 449.39207081042053 
gen 153 40691 449.39207081042053 0.0 449.39207081042053 449.39207081042053 
gen 154 40954 449.39207081042053 0.0 449.39207081042053 449.39207081042053 
gen 155 41215 449.39207081042053 0.0 449.39207081042053 449.39207081042053 
gen 156 41477 449.39207081042053 0.0 449.39207081042053 449.39207081042053 
gen 157 41737 449.39207081042053 0.0 449.39207081042053 449.39207081042053 
gen 158 42007 449.39207081042053 0.0 449.39207081042053 449.39207081042053 
gen 159 42270 449.39207081042053 0.0 449.39207081042053 449.39207081042053 
gen 160 42536 449.39207081042053 0.0 449.39207081042053 449.39207081042053 
gen 161 42804 449.39207081042053 0.0 449.39207081042053 449.39207081042053 
gen 162 43073 449.39207081042053 0.0 449.39207081042053 449.39207081042053 
gen 163 43340 449.39207081042053 0.0 449.39207081042053 449.39207081042053 
gen 164 43605 449.39207081042053 0.0 449.39207081042053 449.39207081042053 
gen 165 43869 449.39207081042053 0.0 449.39207081042053 449.39207081042053 
gen 166 44137 449.39207081042053 0.0 449.39207081042053 449.39207081042053 
gen 167 44405 449.39207081042053 0.0 449.39207081042053 449.39207081042053 
gen 168 44662 449.39207081042053 0.0 449.39207081042053 449.39207081042053 
gen 169 44929 449.39207081042053 0.0 449.39207081042053 449.39207081042053 
[5, 7, 4, 6, 1, 2, 0, 3, 5, 7, 4, 1, 3, 0, 6, 2, 5, 7, 4, 6, 1, 2, 3, 0, 6, 0, 4, 1, 3, 2, 5, 7, 6, 0, 4, 7, 5, 1, 2, 3, 3, 6, 0, 4, 1, 2, 7, 5, 3, 6, 0, 5, 7, 4, 1, 2, 5, 7, 4, 1, 3, 6, 0, 2]
min  449.39207081042053
NFE 44929
LSNFE 0
VLSNFE 0
runTime 70.16861367225647
