gen 0 64 781250000001673.0 2683681880830399.0 782.9208004090993 1e+16 
gen 1 339 980.0277402214804 93.34081120644717 712.7340940625372 1111.2470845609562 
gen 2 602 878.8390289162613 73.9622107834485 692.8866839047438 982.654767881076 
gen 3 873 783.479001718639 50.70427848341224 663.4340372105759 856.0004600850837 
gen 4 1145 737.2728750259565 30.070200794301343 642.4858120366774 778.2073106318692 
gen 5 1409 714.6755065052291 25.85398301972501 642.4858120366774 747.5689891111289 
gen 6 1683 689.8856147570277 24.734987002580688 625.4389955688907 721.7850636259618 
gen 7 1957 670.9044884491568 19.567448798901733 625.4389955688907 697.4992642198575 
gen 8 2223 651.8784049376909 15.616950073467198 613.5479626466183 678.3230672463542 
gen 9 2496 640.7216597314552 11.715034874132437 610.4768301137608 657.2900639919612 
gen 10 2764 628.7986093696966 11.613737943194085 591.4044125961486 644.1905376664859 
gen 11 3032 617.5126408303126 15.670166455300865 563.6463579923563 633.4319190821917 
gen 12 3299 605.70358822803 19.10263710246942 559.1792570775314 625.4389955688907 
gen 13 3568 596.4215917137866 15.946908527794891 559.1792570775314 615.9112328819074 
gen 14 3834 584.176334701843 15.061516380928913 534.8244062107877 604.555415842692 
gen 15 4107 572.5949751017214 12.832253418176567 519.1905709263533 588.1401859204088 
gen 16 4377 564.3181468483972 12.502281003092637 519.1905709263533 576.8905224540651 
gen 17 4647 557.7695055541928 13.565355555165263 507.21311770119206 570.7246956781581 
gen 18 4921 549.2980892656059 12.591399361832446 507.21311770119206 563.9200826071018 
gen 19 5188 536.7210109278208 9.551847912900998 507.21311770119206 547.3393220209123 
gen 20 5458 528.303847257372 9.336495444449707 505.629992734667 538.8328749140522 
gen 21 5728 515.2256270919297 8.689391308186845 482.0932237058472 526.4524626790039 
gen 22 5992 505.9623009652791 5.5730563692544655 482.0932237058472 511.25419530975955 
gen 23 6258 499.7898462948363 7.317796247538833 478.14330078001507 506.6457261359204 
gen 24 6524 488.43448685116584 5.601346960054748 478.14330078001507 496.64736224789397 
gen 25 6792 480.5415367101908 3.9854620187935805 469.6656745874904 485.94944609885437 
gen 26 7060 475.2363464582051 4.313685775779449 463.8910470969108 479.48313789040566 
gen 27 7330 469.1106524047286 2.3930127177561498 457.7012151260176 471.9233064705842 
gen 28 7601 466.69853243001063 2.4758201160901163 457.7012151260176 468.3431456678536 
gen 29 7874 462.8666946420792 2.300462077443222 457.7012151260176 467.3999366120434 
gen 30 8148 460.04119497224553 0.8088393514182735 457.7012151260176 461.54293977762666 
gen 31 8420 459.48483506705605 0.22471499035443485 457.7012151260176 459.51314649469145 
gen 32 8689 459.48483506705605 0.22471499035443485 457.7012151260176 459.51314649469145 
gen 33 8958 459.42821221178497 0.3829898942027196 457.7012151260176 459.51314649469145 
gen 34 9225 459.39990078414945 0.4385987509590439 457.7012151260176 459.51314649469145 
gen 35 9490 459.39990078414945 0.4385987509590439 457.7012151260176 459.51314649469145 
gen 36 9762 459.37158935651394 0.4862647383419165 457.7012151260176 459.51314649469145 
gen 37 10027 459.2395546064281 0.6398644743581203 457.7012151260176 459.51314649469145 
gen 38 10301 459.1546203235215 0.7138859453229018 457.7012151260176 459.51314649469145 
gen 39 10569 458.80561654044334 0.8643177130835217 457.7012151260176 459.51314649469145 
gen 40 10835 457.7773942307524 0.2015509662276316 457.7012151260176 458.3106479638954 
gen 41 11099 457.7012151260177 1.1368683772161603e-13 457.7012151260176 457.7012151260176 
gen 42 11360 457.7012151260177 1.1368683772161603e-13 457.7012151260176 457.7012151260176 
gen 43 11619 457.7012151260177 1.1368683772161603e-13 457.7012151260176 457.7012151260176 
gen 44 11882 457.7012151260177 1.1368683772161603e-13 457.7012151260176 457.7012151260176 
gen 45 12142 457.7012151260177 1.1368683772161603e-13 457.7012151260176 457.7012151260176 
gen 46 12405 457.7012151260177 1.1368683772161603e-13 457.7012151260176 457.7012151260176 
gen 47 12662 457.7012151260177 1.1368683772161603e-13 457.7012151260176 457.7012151260176 
gen 48 12929 457.7012151260177 1.1368683772161603e-13 457.7012151260176 457.7012151260176 
gen 49 13190 457.7012151260177 1.1368683772161603e-13 457.7012151260176 457.7012151260176 
gen 50 13453 457.69027977698744 0.08679664210121928 457.0013527880814 457.7012151260176 
gen 51 13713 457.69027977698744 0.08679664210121928 457.0013527880814 457.7012151260176 
gen 52 13975 457.6793444279572 0.12177089325149673 457.0013527880814 457.7012151260176 
gen 53 14236 457.60279698474534 0.24329615680206748 457.0013527880814 457.7012151260176 
gen 54 14498 457.20912441965623 0.31975379425973516 457.0013527880814 457.7012151260176 
gen 55 14761 457.0013527880814 0.0 457.0013527880814 457.0013527880814 
gen 56 15025 457.0013527880814 0.0 457.0013527880814 457.0013527880814 
gen 57 15286 457.0013527880814 0.0 457.0013527880814 457.0013527880814 
gen 58 15548 457.0013527880814 0.0 457.0013527880814 457.0013527880814 
gen 59 15808 457.0013527880814 0.0 457.0013527880814 457.0013527880814 
gen 60 16076 457.0013527880814 0.0 457.0013527880814 457.0013527880814 
gen 61 16338 457.0013527880814 0.0 457.0013527880814 457.0013527880814 
gen 62 16600 457.0013527880814 0.0 457.0013527880814 457.0013527880814 
gen 63 16867 457.0013527880814 0.0 457.0013527880814 457.0013527880814 
gen 64 17126 457.0013527880814 0.0 457.0013527880814 457.0013527880814 
gen 65 17388 457.0013527880814 0.0 457.0013527880814 457.0013527880814 
gen 66 17651 456.9364024286922 0.5155274955244867 452.8445297871709 457.0013527880814 
gen 67 17914 456.74155135052456 1.006206640978642 452.8445297871709 457.0013527880814 
gen 68 18178 455.3775938033508 2.028074321904879 452.8445297871709 457.0013527880814 
gen 69 18445 452.84452978717087 5.684341886080802e-14 452.8445297871709 452.8445297871709 
gen 70 18708 452.84452978717087 5.684341886080802e-14 452.8445297871709 452.8445297871709 
gen 71 18970 452.84452978717087 5.684341886080802e-14 452.8445297871709 452.8445297871709 
gen 72 19234 452.84452978717087 5.684341886080802e-14 452.8445297871709 452.8445297871709 
gen 73 19495 452.84452978717087 5.684341886080802e-14 452.8445297871709 452.8445297871709 
gen 74 19754 452.84452978717087 5.684341886080802e-14 452.8445297871709 452.8445297871709 
gen 75 20018 452.84452978717087 5.684341886080802e-14 452.8445297871709 452.8445297871709 
gen 76 20281 452.84452978717087 5.684341886080802e-14 452.8445297871709 452.8445297871709 
gen 77 20548 452.84452978717087 5.684341886080802e-14 452.8445297871709 452.8445297871709 
gen 78 20808 452.84452978717087 5.684341886080802e-14 452.8445297871709 452.8445297871709 
gen 79 21069 452.84452978717087 5.684341886080802e-14 452.8445297871709 452.8445297871709 
gen 80 21332 452.84452978717087 5.684341886080802e-14 452.8445297871709 452.8445297871709 
gen 81 21592 452.84452978717087 5.684341886080802e-14 452.8445297871709 452.8445297871709 
gen 82 21857 452.84452978717087 5.684341886080802e-14 452.8445297871709 452.8445297871709 
gen 83 22122 452.84452978717087 5.684341886080802e-14 452.8445297871709 452.8445297871709 
gen 84 22384 452.84452978717087 5.684341886080802e-14 452.8445297871709 452.8445297871709 
gen 85 22646 452.84452978717087 5.684341886080802e-14 452.8445297871709 452.8445297871709 
gen 86 22910 452.84452978717087 5.684341886080802e-14 452.8445297871709 452.8445297871709 
gen 87 23169 452.84452978717087 5.684341886080802e-14 452.8445297871709 452.8445297871709 
gen 88 23431 452.84452978717087 5.684341886080802e-14 452.8445297871709 452.8445297871709 
gen 89 23693 452.84452978717087 5.684341886080802e-14 452.8445297871709 452.8445297871709 
gen 90 23956 452.84452978717087 5.684341886080802e-14 452.8445297871709 452.8445297871709 
gen 91 24218 452.84452978717087 5.684341886080802e-14 452.8445297871709 452.8445297871709 
gen 92 24482 452.84452978717087 5.684341886080802e-14 452.8445297871709 452.8445297871709 
gen 93 24741 452.84452978717087 5.684341886080802e-14 452.8445297871709 452.8445297871709 
gen 94 25009 452.84452978717087 5.684341886080802e-14 452.8445297871709 452.8445297871709 
gen 95 25267 452.84452978717087 5.684341886080802e-14 452.8445297871709 452.8445297871709 
gen 96 25531 452.84452978717087 5.684341886080802e-14 452.8445297871709 452.8445297871709 
gen 97 25799 452.84452978717087 5.684341886080802e-14 452.8445297871709 452.8445297871709 
gen 98 26063 452.84452978717087 5.684341886080802e-14 452.8445297871709 452.8445297871709 
gen 99 26322 452.84452978717087 5.684341886080802e-14 452.8445297871709 452.8445297871709 
gen 100 26583 452.84452978717087 5.684341886080802e-14 452.8445297871709 452.8445297871709 
gen 101 26843 452.84452978717087 5.684341886080802e-14 452.8445297871709 452.8445297871709 
gen 102 27103 452.84452978717087 5.684341886080802e-14 452.8445297871709 452.8445297871709 
gen 103 27364 452.84452978717087 5.684341886080802e-14 452.8445297871709 452.8445297871709 
gen 104 27627 452.84452978717087 5.684341886080802e-14 452.8445297871709 452.8445297871709 
gen 105 27886 452.84452978717087 5.684341886080802e-14 452.8445297871709 452.8445297871709 
gen 106 28148 452.84452978717087 5.684341886080802e-14 452.8445297871709 452.8445297871709 
gen 107 28405 452.84452978717087 5.684341886080802e-14 452.8445297871709 452.8445297871709 
gen 108 28665 452.84452978717087 5.684341886080802e-14 452.8445297871709 452.8445297871709 
gen 109 28923 452.84452978717087 5.684341886080802e-14 452.8445297871709 452.8445297871709 
gen 110 29187 452.84452978717087 5.684341886080802e-14 452.8445297871709 452.8445297871709 
gen 111 29447 452.83425512996905 0.08155256328713063 452.1869517262563 452.8445297871709 
gen 112 29708 452.7931565011619 0.17647303273084264 452.1869517262563 452.8445297871709 
gen 113 29969 452.6698606147404 0.2904295024800901 452.1869517262563 452.8445297871709 
gen 114 30234 452.18695172625627 5.684341886080802e-14 452.1869517262563 452.1869517262563 
gen 115 30498 452.18695172625627 5.684341886080802e-14 452.1869517262563 452.1869517262563 
gen 116 30762 452.18695172625627 5.684341886080802e-14 452.1869517262563 452.1869517262563 
gen 117 31025 452.18695172625627 5.684341886080802e-14 452.1869517262563 452.1869517262563 
gen 118 31287 452.18695172625627 5.684341886080802e-14 452.1869517262563 452.1869517262563 
gen 119 31548 452.18695172625627 5.684341886080802e-14 452.1869517262563 452.1869517262563 
gen 120 31810 452.18695172625627 5.684341886080802e-14 452.1869517262563 452.1869517262563 
gen 121 32070 452.18695172625627 5.684341886080802e-14 452.1869517262563 452.1869517262563 
gen 122 32333 452.18695172625627 5.684341886080802e-14 452.1869517262563 452.1869517262563 
gen 123 32597 452.18695172625627 5.684341886080802e-14 452.1869517262563 452.1869517262563 
gen 124 32856 452.18695172625627 5.684341886080802e-14 452.1869517262563 452.1869517262563 
gen 125 33118 452.18695172625627 5.684341886080802e-14 452.1869517262563 452.1869517262563 
gen 126 33382 452.18695172625627 5.684341886080802e-14 452.1869517262563 452.1869517262563 
gen 127 33648 452.18695172625627 5.684341886080802e-14 452.1869517262563 452.1869517262563 
gen 128 33908 452.18695172625627 5.684341886080802e-14 452.1869517262563 452.1869517262563 
gen 129 34167 452.18695172625627 5.684341886080802e-14 452.1869517262563 452.1869517262563 
gen 130 34434 452.18695172625627 5.684341886080802e-14 452.1869517262563 452.1869517262563 
gen 131 34698 452.18695172625627 5.684341886080802e-14 452.1869517262563 452.1869517262563 
gen 132 34961 452.18695172625627 5.684341886080802e-14 452.1869517262563 452.1869517262563 
gen 133 35219 452.18695172625627 5.684341886080802e-14 452.1869517262563 452.1869517262563 
gen 134 35482 452.18695172625627 5.684341886080802e-14 452.1869517262563 452.1869517262563 
gen 135 35747 452.18695172625627 5.684341886080802e-14 452.1869517262563 452.1869517262563 
gen 136 36010 452.18695172625627 5.684341886080802e-14 452.1869517262563 452.1869517262563 
gen 137 36270 452.18145577037717 0.04362279741801163 451.8352105499942 452.1869517262563 
gen 138 36534 452.1539759909817 0.10252572748675476 451.8352105499942 452.1869517262563 
gen 139 36794 452.0220730498834 0.1755267547853196 451.8352105499942 452.1869517262563 
gen 140 37055 451.83521054999426 5.684341886080802e-14 451.8352105499942 451.8352105499942 
gen 141 37320 451.83521054999426 5.684341886080802e-14 451.8352105499942 451.8352105499942 
gen 142 37584 451.83521054999426 5.684341886080802e-14 451.8352105499942 451.8352105499942 
gen 143 37847 451.83521054999426 5.684341886080802e-14 451.8352105499942 451.8352105499942 
gen 144 38106 451.83521054999426 5.684341886080802e-14 451.8352105499942 451.8352105499942 
gen 145 38368 451.83521054999426 5.684341886080802e-14 451.8352105499942 451.8352105499942 
gen 146 38631 451.83521054999426 5.684341886080802e-14 451.8352105499942 451.8352105499942 
gen 147 38888 451.83521054999426 5.684341886080802e-14 451.8352105499942 451.8352105499942 
gen 148 39148 451.83521054999426 5.684341886080802e-14 451.8352105499942 451.8352105499942 
gen 149 39410 451.83521054999426 5.684341886080802e-14 451.8352105499942 451.8352105499942 
gen 150 39674 451.83521054999426 5.684341886080802e-14 451.8352105499942 451.8352105499942 
gen 151 39935 451.83521054999426 5.684341886080802e-14 451.8352105499942 451.8352105499942 
gen 152 40196 451.83521054999426 5.684341886080802e-14 451.8352105499942 451.8352105499942 
gen 153 40459 451.83521054999426 5.684341886080802e-14 451.8352105499942 451.8352105499942 
gen 154 40718 451.83521054999426 5.684341886080802e-14 451.8352105499942 451.8352105499942 
gen 155 40980 451.83521054999426 5.684341886080802e-14 451.8352105499942 451.8352105499942 
gen 156 41243 451.83521054999426 5.684341886080802e-14 451.8352105499942 451.8352105499942 
gen 157 41504 451.83521054999426 5.684341886080802e-14 451.8352105499942 451.8352105499942 
gen 158 41768 451.83521054999426 5.684341886080802e-14 451.8352105499942 451.8352105499942 
gen 159 42025 451.83521054999426 5.684341886080802e-14 451.8352105499942 451.8352105499942 
gen 160 42288 451.83521054999426 5.684341886080802e-14 451.8352105499942 451.8352105499942 
gen 161 42549 451.83521054999426 5.684341886080802e-14 451.8352105499942 451.8352105499942 
gen 162 42808 451.83521054999426 5.684341886080802e-14 451.8352105499942 451.8352105499942 
gen 163 43068 451.83521054999426 5.684341886080802e-14 451.8352105499942 451.8352105499942 
gen 164 43338 451.83521054999426 5.684341886080802e-14 451.8352105499942 451.8352105499942 
gen 165 43601 451.83521054999426 5.684341886080802e-14 451.8352105499942 451.8352105499942 
gen 166 43863 451.81075164397737 0.19413654798402222 450.2698405649145 451.8352105499942 
gen 167 44125 451.78629273796054 0.27236285054908077 450.2698405649145 451.8352105499942 
gen 168 44387 451.6150803958425 0.5441763053949902 450.2698405649145 451.8352105499942 
gen 169 44651 451.3949502416906 0.7038047550087044 450.2698405649145 451.8352105499942 
gen 170 44909 450.57079779576145 0.6102655941251233 450.2698405649145 451.8352105499942 
[6, 0, 4, 7, 1, 3, 5, 2, 5, 7, 6, 3, 4, 0, 1, 2, 5, 7, 4, 3, 1, 6, 0, 2, 6, 0, 4, 3, 1, 7, 2, 5, 6, 7, 4, 1, 0, 3, 2, 5, 3, 6, 5, 0, 4, 7, 1, 2, 3, 6, 0, 4, 1, 2, 5, 7, 5, 7, 4, 1, 0, 6, 3, 2]
min  450.2698405649145
NFE 44909
LSNFE 0
VLSNFE 0
runTime 68.01189994812012
