gen 0 64 781250000001527.1 2683681880830441.0 795.1573375251858 1e+16 
gen 1 336 1002.2073892630331 80.34208854332039 752.1283722205158 1116.9110046613075 
gen 2 602 913.1739586784186 63.76741138707466 752.1283722205158 986.1510068890752 
gen 3 870 825.8157071772918 52.774145123144834 676.888681185375 895.8481101245687 
gen 4 1139 769.6599592496698 44.63972692022459 628.9525618400465 821.9151398695923 
gen 5 1412 727.9724554312902 43.11441957836015 588.6096640580026 781.0689710836523 
gen 6 1685 682.5431288395778 38.75953680415573 588.6096640580026 729.0032568373603 
gen 7 1950 658.3606503956387 29.937997804450642 588.6096640580026 695.4135836860527 
gen 8 2217 633.3540218640999 23.902710280566733 574.8438183700549 663.4606829644371 
gen 9 2481 610.594813183056 19.91929604260385 559.225080484269 637.3631008651057 
gen 10 2744 588.4299343510111 17.055785216107463 534.7142795709807 614.9250412677463 
gen 11 3011 574.2106847341577 12.414593329569586 534.7142795709807 589.6603023821436 
gen 12 3281 562.0839441430003 9.927892709013808 534.7142795709807 573.1120907516406 
gen 13 3548 553.5893151562507 9.235648904224467 532.8765403853324 565.3985306327471 
gen 14 3821 543.2693356873333 7.469624833763818 520.5640100291155 553.5682904965345 
gen 15 4089 533.55507843783 6.150338549349617 514.7644714724587 540.7685778057241 
gen 16 4357 528.510991771014 5.997136731368055 511.5808480817256 534.7142795709807 
gen 17 4623 523.0165438020254 5.6094383009772555 507.0830244316197 529.32502297646 
gen 18 4893 516.9754040699768 4.576291865967223 500.5265614870143 522.4673539190202 
gen 19 5155 512.6159779563416 3.50077146655038 500.5265614870143 516.7529935145673 
gen 20 5424 509.2079342395116 2.831338620600797 498.54677883562965 512.071104920917 
gen 21 5691 506.7565648918141 2.384210062547207 498.54677883562965 509.0228987597786 
gen 22 5958 504.26293945059433 2.1838322469034313 497.27482816402124 506.92477921171195 
gen 23 6223 502.0531390836657 2.102638167644577 494.7647169878983 504.6698798670992 
gen 24 6489 499.92141530331475 2.2182272510423418 493.2961304814869 502.2162541946908 
gen 25 6758 496.85910504689645 2.129083923735452 489.6082537984796 499.49798424155426 
gen 26 7032 494.295588963329 1.5949747765498092 489.6082537984796 496.4190488871402 
gen 27 7296 491.8972101044055 1.0909692556352797 487.8886131072459 493.2961304814869 
gen 28 7563 490.3139751798104 1.1881705538075518 487.6538163547019 491.53789142233785 
gen 29 7831 488.6463481284877 0.5643944534988315 487.6538163547019 489.0453835331765 
gen 30 8096 487.71985294135493 0.10556678132079053 487.6538163547019 487.8886131072459 
gen 31 8361 487.653816354702 5.684341886080802e-14 487.6538163547019 487.6538163547019 
gen 32 8624 487.653816354702 5.684341886080802e-14 487.6538163547019 487.6538163547019 
gen 33 8889 487.653816354702 5.684341886080802e-14 487.6538163547019 487.6538163547019 
gen 34 9151 487.653816354702 5.684341886080802e-14 487.6538163547019 487.6538163547019 
gen 35 9418 487.653816354702 5.684341886080802e-14 487.6538163547019 487.6538163547019 
gen 36 9679 487.653816354702 5.684341886080802e-14 487.6538163547019 487.6538163547019 
gen 37 9937 487.653816354702 5.684341886080802e-14 487.6538163547019 487.6538163547019 
gen 38 10195 487.653816354702 5.684341886080802e-14 487.6538163547019 487.6538163547019 
gen 39 10455 487.653816354702 5.684341886080802e-14 487.6538163547019 487.6538163547019 
gen 40 10713 487.653816354702 5.684341886080802e-14 487.6538163547019 487.6538163547019 
gen 41 10976 487.653816354702 5.684341886080802e-14 487.6538163547019 487.6538163547019 
gen 42 11238 487.653816354702 5.684341886080802e-14 487.6538163547019 487.6538163547019 
gen 43 11504 487.653816354702 5.684341886080802e-14 487.6538163547019 487.6538163547019 
gen 44 11768 487.653816354702 5.684341886080802e-14 487.6538163547019 487.6538163547019 
gen 45 12031 487.653816354702 5.684341886080802e-14 487.6538163547019 487.6538163547019 
gen 46 12292 487.653816354702 5.684341886080802e-14 487.6538163547019 487.6538163547019 
gen 47 12556 487.653816354702 5.684341886080802e-14 487.6538163547019 487.6538163547019 
gen 48 12819 487.653816354702 5.684341886080802e-14 487.6538163547019 487.6538163547019 
gen 49 13080 487.653816354702 5.684341886080802e-14 487.6538163547019 487.6538163547019 
gen 50 13342 487.653816354702 5.684341886080802e-14 487.6538163547019 487.6538163547019 
gen 51 13601 487.653816354702 5.684341886080802e-14 487.6538163547019 487.6538163547019 
gen 52 13863 487.653816354702 5.684341886080802e-14 487.6538163547019 487.6538163547019 
gen 53 14124 487.653816354702 5.684341886080802e-14 487.6538163547019 487.6538163547019 
gen 54 14387 487.653816354702 5.684341886080802e-14 487.6538163547019 487.6538163547019 
gen 55 14645 487.653816354702 5.684341886080802e-14 487.6538163547019 487.6538163547019 
gen 56 14906 487.653816354702 5.684341886080802e-14 487.6538163547019 487.6538163547019 
gen 57 15172 487.653816354702 5.684341886080802e-14 487.6538163547019 487.6538163547019 
gen 58 15431 487.653816354702 5.684341886080802e-14 487.6538163547019 487.6538163547019 
gen 59 15691 487.653816354702 5.684341886080802e-14 487.6538163547019 487.6538163547019 
gen 60 15957 487.653816354702 5.684341886080802e-14 487.6538163547019 487.6538163547019 
gen 61 16218 487.653816354702 5.684341886080802e-14 487.6538163547019 487.6538163547019 
gen 62 16485 487.653816354702 5.684341886080802e-14 487.6538163547019 487.6538163547019 
gen 63 16744 487.653816354702 5.684341886080802e-14 487.6538163547019 487.6538163547019 
gen 64 17005 487.653816354702 5.684341886080802e-14 487.6538163547019 487.6538163547019 
gen 65 17264 487.653816354702 5.684341886080802e-14 487.6538163547019 487.6538163547019 
gen 66 17521 487.653816354702 5.684341886080802e-14 487.6538163547019 487.6538163547019 
gen 67 17785 487.653816354702 5.684341886080802e-14 487.6538163547019 487.6538163547019 
gen 68 18047 487.653816354702 5.684341886080802e-14 487.6538163547019 487.6538163547019 
gen 69 18311 487.653816354702 5.684341886080802e-14 487.6538163547019 487.6538163547019 
gen 70 18572 487.653816354702 5.684341886080802e-14 487.6538163547019 487.6538163547019 
gen 71 18834 487.653816354702 5.684341886080802e-14 487.6538163547019 487.6538163547019 
gen 72 19095 487.653816354702 5.684341886080802e-14 487.6538163547019 487.6538163547019 
gen 73 19358 487.653816354702 5.684341886080802e-14 487.6538163547019 487.6538163547019 
gen 74 19622 487.653816354702 5.684341886080802e-14 487.6538163547019 487.6538163547019 
gen 75 19882 487.653816354702 5.684341886080802e-14 487.6538163547019 487.6538163547019 
gen 76 20144 487.653816354702 5.684341886080802e-14 487.6538163547019 487.6538163547019 
gen 77 20405 487.653816354702 5.684341886080802e-14 487.6538163547019 487.6538163547019 
gen 78 20667 487.653816354702 5.684341886080802e-14 487.6538163547019 487.6538163547019 
gen 79 20929 487.653816354702 5.684341886080802e-14 487.6538163547019 487.6538163547019 
gen 80 21193 487.653816354702 5.684341886080802e-14 487.6538163547019 487.6538163547019 
gen 81 21457 487.653816354702 5.684341886080802e-14 487.6538163547019 487.6538163547019 
gen 82 21721 487.653816354702 5.684341886080802e-14 487.6538163547019 487.6538163547019 
gen 83 21981 487.653816354702 5.684341886080802e-14 487.6538163547019 487.6538163547019 
gen 84 22241 487.653816354702 5.684341886080802e-14 487.6538163547019 487.6538163547019 
gen 85 22503 487.653816354702 5.684341886080802e-14 487.6538163547019 487.6538163547019 
gen 86 22768 487.653816354702 5.684341886080802e-14 487.6538163547019 487.6538163547019 
gen 87 23028 487.653816354702 5.684341886080802e-14 487.6538163547019 487.6538163547019 
gen 88 23291 487.653816354702 5.684341886080802e-14 487.6538163547019 487.6538163547019 
gen 89 23555 487.653816354702 5.684341886080802e-14 487.6538163547019 487.6538163547019 
gen 90 23818 487.653816354702 5.684341886080802e-14 487.6538163547019 487.6538163547019 
gen 91 24082 487.653816354702 5.684341886080802e-14 487.6538163547019 487.6538163547019 
gen 92 24341 487.653816354702 5.684341886080802e-14 487.6538163547019 487.6538163547019 
gen 93 24606 487.653816354702 5.684341886080802e-14 487.6538163547019 487.6538163547019 
gen 94 24868 487.653816354702 5.684341886080802e-14 487.6538163547019 487.6538163547019 
gen 95 25129 487.653816354702 5.684341886080802e-14 487.6538163547019 487.6538163547019 
gen 96 25388 487.653816354702 5.684341886080802e-14 487.6538163547019 487.6538163547019 
gen 97 25651 487.653816354702 5.684341886080802e-14 487.6538163547019 487.6538163547019 
gen 98 25911 487.653816354702 5.684341886080802e-14 487.6538163547019 487.6538163547019 
gen 99 26169 487.653816354702 5.684341886080802e-14 487.6538163547019 487.6538163547019 
gen 100 26432 487.653816354702 5.684341886080802e-14 487.6538163547019 487.6538163547019 
gen 101 26696 487.653816354702 5.684341886080802e-14 487.6538163547019 487.6538163547019 
gen 102 26959 487.653816354702 5.684341886080802e-14 487.6538163547019 487.6538163547019 
gen 103 27222 487.653816354702 5.684341886080802e-14 487.6538163547019 487.6538163547019 
gen 104 27483 487.653816354702 5.684341886080802e-14 487.6538163547019 487.6538163547019 
gen 105 27749 487.653816354702 5.684341886080802e-14 487.6538163547019 487.6538163547019 
gen 106 28015 487.653816354702 5.684341886080802e-14 487.6538163547019 487.6538163547019 
gen 107 28277 487.653816354702 5.684341886080802e-14 487.6538163547019 487.6538163547019 
gen 108 28540 487.653816354702 5.684341886080802e-14 487.6538163547019 487.6538163547019 
gen 109 28803 487.653816354702 5.684341886080802e-14 487.6538163547019 487.6538163547019 
gen 110 29069 487.653816354702 5.684341886080802e-14 487.6538163547019 487.6538163547019 
gen 111 29328 487.653816354702 5.684341886080802e-14 487.6538163547019 487.6538163547019 
gen 112 29588 487.653816354702 5.684341886080802e-14 487.6538163547019 487.6538163547019 
gen 113 29850 487.653816354702 5.684341886080802e-14 487.6538163547019 487.6538163547019 
gen 114 30113 487.653816354702 5.684341886080802e-14 487.6538163547019 487.6538163547019 
gen 115 30377 487.653816354702 5.684341886080802e-14 487.6538163547019 487.6538163547019 
gen 116 30635 487.653816354702 5.684341886080802e-14 487.6538163547019 487.6538163547019 
gen 117 30898 487.653816354702 5.684341886080802e-14 487.6538163547019 487.6538163547019 
gen 118 31160 487.653816354702 5.684341886080802e-14 487.6538163547019 487.6538163547019 
gen 119 31422 487.653816354702 5.684341886080802e-14 487.6538163547019 487.6538163547019 
gen 120 31686 487.653816354702 5.684341886080802e-14 487.6538163547019 487.6538163547019 
gen 121 31951 487.653816354702 5.684341886080802e-14 487.6538163547019 487.6538163547019 
gen 122 32215 487.653816354702 5.684341886080802e-14 487.6538163547019 487.6538163547019 
gen 123 32477 487.653816354702 5.684341886080802e-14 487.6538163547019 487.6538163547019 
gen 124 32736 487.653816354702 5.684341886080802e-14 487.6538163547019 487.6538163547019 
gen 125 32996 487.653816354702 5.684341886080802e-14 487.6538163547019 487.6538163547019 
gen 126 33260 487.653816354702 5.684341886080802e-14 487.6538163547019 487.6538163547019 
gen 127 33520 487.653816354702 5.684341886080802e-14 487.6538163547019 487.6538163547019 
gen 128 33781 487.653816354702 5.684341886080802e-14 487.6538163547019 487.6538163547019 
gen 129 34043 487.653816354702 5.684341886080802e-14 487.6538163547019 487.6538163547019 
gen 130 34309 487.653816354702 5.684341886080802e-14 487.6538163547019 487.6538163547019 
gen 131 34571 487.653816354702 5.684341886080802e-14 487.6538163547019 487.6538163547019 
gen 132 34833 487.653816354702 5.684341886080802e-14 487.6538163547019 487.6538163547019 
gen 133 35095 487.653816354702 5.684341886080802e-14 487.6538163547019 487.6538163547019 
gen 134 35361 487.653816354702 5.684341886080802e-14 487.6538163547019 487.6538163547019 
gen 135 35626 487.653816354702 5.684341886080802e-14 487.6538163547019 487.6538163547019 
gen 136 35890 487.653816354702 5.684341886080802e-14 487.6538163547019 487.6538163547019 
gen 137 36149 487.653816354702 5.684341886080802e-14 487.6538163547019 487.6538163547019 
gen 138 36413 487.653816354702 5.684341886080802e-14 487.6538163547019 487.6538163547019 
gen 139 36673 487.653816354702 5.684341886080802e-14 487.6538163547019 487.6538163547019 
gen 140 36938 487.653816354702 5.684341886080802e-14 487.6538163547019 487.6538163547019 
gen 141 37201 487.653816354702 5.684341886080802e-14 487.6538163547019 487.6538163547019 
gen 142 37466 487.653816354702 5.684341886080802e-14 487.6538163547019 487.6538163547019 
gen 143 37728 487.653816354702 5.684341886080802e-14 487.6538163547019 487.6538163547019 
gen 144 37991 487.653816354702 5.684341886080802e-14 487.6538163547019 487.6538163547019 
gen 145 38255 487.653816354702 5.684341886080802e-14 487.6538163547019 487.6538163547019 
gen 146 38518 487.653816354702 5.684341886080802e-14 487.6538163547019 487.6538163547019 
gen 147 38780 487.653816354702 5.684341886080802e-14 487.6538163547019 487.6538163547019 
gen 148 39041 487.653816354702 5.684341886080802e-14 487.6538163547019 487.6538163547019 
gen 149 39299 487.653816354702 5.684341886080802e-14 487.6538163547019 487.6538163547019 
gen 150 39560 487.653816354702 5.684341886080802e-14 487.6538163547019 487.6538163547019 
gen 151 39823 487.653816354702 5.684341886080802e-14 487.6538163547019 487.6538163547019 
gen 152 40084 487.653816354702 5.684341886080802e-14 487.6538163547019 487.6538163547019 
gen 153 40346 487.653816354702 5.684341886080802e-14 487.6538163547019 487.6538163547019 
gen 154 40609 487.653816354702 5.684341886080802e-14 487.6538163547019 487.6538163547019 
gen 155 40872 487.653816354702 5.684341886080802e-14 487.6538163547019 487.6538163547019 
gen 156 41132 487.653816354702 5.684341886080802e-14 487.6538163547019 487.6538163547019 
gen 157 41392 487.653816354702 5.684341886080802e-14 487.6538163547019 487.6538163547019 
gen 158 41654 487.653816354702 5.684341886080802e-14 487.6538163547019 487.6538163547019 
gen 159 41914 487.653816354702 5.684341886080802e-14 487.6538163547019 487.6538163547019 
gen 160 42176 487.653816354702 5.684341886080802e-14 487.6538163547019 487.6538163547019 
gen 161 42437 487.653816354702 5.684341886080802e-14 487.6538163547019 487.6538163547019 
gen 162 42705 487.653816354702 5.684341886080802e-14 487.6538163547019 487.6538163547019 
gen 163 42972 487.653816354702 5.684341886080802e-14 487.6538163547019 487.6538163547019 
gen 164 43229 487.653816354702 5.684341886080802e-14 487.6538163547019 487.6538163547019 
gen 165 43490 487.653816354702 5.684341886080802e-14 487.6538163547019 487.6538163547019 
gen 166 43752 487.653816354702 5.684341886080802e-14 487.6538163547019 487.6538163547019 
gen 167 44018 487.653816354702 5.684341886080802e-14 487.6538163547019 487.6538163547019 
gen 168 44280 487.653816354702 5.684341886080802e-14 487.6538163547019 487.6538163547019 
gen 169 44543 487.653816354702 5.684341886080802e-14 487.6538163547019 487.6538163547019 
gen 170 44806 487.653816354702 5.684341886080802e-14 487.6538163547019 487.6538163547019 
[6, 7, 5, 4, 3, 1, 0, 2, 7, 0, 6, 3, 5, 1, 4, 2, 3, 6, 4, 1, 7, 2, 0, 5, 0, 7, 5, 4, 6, 3, 1, 2, 0, 7, 3, 5, 1, 6, 4, 2, 3, 6, 4, 1, 0, 7, 5, 2, 3, 6, 7, 5, 1, 0, 4, 2, 0, 4, 7, 6, 3, 1, 2, 5]
min  487.6538163547019
NFE 44806
LSNFE 0
VLSNFE 0
runTime 67.25452971458435
