gen 0 64 2031250000001994.2 4023247871743909.5 886.8763524635027 1e+16 
gen 1 448 1434.362711767662 157.1412675306074 886.8763524635027 1628.1985175081888 
gen 2 832 1252.9841140128583 126.85352840047506 886.8763524635027 1401.926876869715 
gen 3 1216 1113.3497710295626 84.20206868000372 884.4638164091924 1214.979393762143 
gen 4 1600 1010.3755953978327 55.76963713374637 864.1687305941259 1076.3962328697396 
gen 5 1984 960.3070727402643 45.135487659881825 843.2318737312303 1018.7260957573836 
gen 6 2368 920.9601175984967 35.98912007285333 843.2318737312303 964.5557727783051 
gen 7 2752 889.8875763824007 24.018732871256784 833.7666313958648 925.9128392484473 
gen 8 3136 862.9349776390766 22.4008478946026 786.534230563194 887.4108135988815 
gen 9 3570 837.5329914687063 23.980203047466674 726.2280359081708 865.1222862572927 
gen 10 3954 816.1321571838705 21.852636652724282 726.2280359081708 838.2469122311873 
gen 11 4338 791.4301436376306 19.756091453685595 726.2280359081708 814.4303228963945 
gen 12 4732 775.8625422334864 15.15297020191312 726.2280359081708 795.344144479113 
gen 13 5126 759.5347905237628 12.311063037435863 719.3876786396397 773.7585512828717 
gen 14 5510 747.8533787309807 10.319763513262764 717.4400079908734 760.6401346516066 
gen 15 5894 740.8551077849406 8.984136527640558 717.4400079908734 751.3841553693821 
gen 16 6278 730.2461718856332 8.377313609412953 694.6100247154432 740.9576168872285 
gen 17 6662 721.8826754278111 8.116986100114291 694.6100247154432 729.8102566111572 
gen 18 7046 712.1114274111485 9.599666590638417 685.7481961019522 723.631997535763 
gen 19 7430 701.9180254882133 8.01742548312342 675.7125966363484 712.6166665489613 
gen 20 7814 692.907279570753 6.169609516030762 668.3361349887678 699.4785444354169 
gen 21 8198 683.6689697278404 8.318982226742943 657.4509214737325 690.1460395957429 
gen 22 8582 669.515974627272 7.645671887296002 645.0315914458012 679.4763939406854 
gen 23 8966 656.3705059826018 4.473381186750408 645.0315914458012 663.5336163780942 
gen 24 9350 649.2410461664717 2.3951985034539405 643.0042457343741 651.8881229600248 
gen 25 9734 646.0046797390012 2.185725728366915 643.0042457343741 649.2122053160775 
gen 26 10118 643.8912094831235 1.0057223576230043 643.0042457343741 645.0315914458012 
gen 27 10502 643.0042457343742 1.1368683772161603e-13 643.0042457343741 643.0042457343741 
gen 28 10886 643.0042457343742 1.1368683772161603e-13 643.0042457343741 643.0042457343741 
gen 29 11270 643.0042457343742 1.1368683772161603e-13 643.0042457343741 643.0042457343741 
gen 30 11654 643.0042457343742 1.1368683772161603e-13 643.0042457343741 643.0042457343741 
gen 31 12038 643.0042457343742 1.1368683772161603e-13 643.0042457343741 643.0042457343741 
gen 32 12422 643.0042457343742 1.1368683772161603e-13 643.0042457343741 643.0042457343741 
gen 33 12816 643.0042457343742 1.1368683772161603e-13 643.0042457343741 643.0042457343741 
gen 34 13210 643.0042457343742 1.1368683772161603e-13 643.0042457343741 643.0042457343741 
gen 35 13594 643.0042457343742 1.1368683772161603e-13 643.0042457343741 643.0042457343741 
gen 36 13978 643.0042457343742 1.1368683772161603e-13 643.0042457343741 643.0042457343741 
gen 37 14362 643.0042457343742 1.1368683772161603e-13 643.0042457343741 643.0042457343741 
gen 38 14756 643.0042457343742 1.1368683772161603e-13 643.0042457343741 643.0042457343741 
gen 39 15140 643.0042457343742 1.1368683772161603e-13 643.0042457343741 643.0042457343741 
gen 40 15544 642.9863767497541 0.1418306684588371 641.8606307186815 643.0042457343741 
gen 41 15928 642.9685077651338 0.19898059153658038 641.8606307186815 643.0042457343741 
gen 42 16312 642.807686903552 0.43145365500947425 641.8606307186815 643.0042457343741 
gen 43 16706 642.1286654879846 0.4844439589336141 641.8606307186815 643.0042457343741 
gen 44 17120 641.809593571584 0.40509479653943475 638.5942533044349 641.8606307186815 
gen 45 17504 641.6308649509069 0.7567560210436646 638.5942533044349 641.8606307186815 
gen 46 17888 639.7830224114648 2.795227122399569 631.1627651195853 641.8606307186815 
gen 47 18272 634.2080772046878 0.953089308673475 631.1627651195853 634.6694402944318 
gen 48 18656 631.494011464036 0.8763954501156918 631.1627651195853 633.8127358751906 
gen 49 19040 631.1627651195853 0.0 631.1627651195853 631.1627651195853 
gen 50 19424 631.1627651195853 0.0 631.1627651195853 631.1627651195853 
gen 51 19808 631.1627651195853 0.0 631.1627651195853 631.1627651195853 
gen 52 20202 631.1627651195853 0.0 631.1627651195853 631.1627651195853 
gen 53 20586 631.1627651195853 0.0 631.1627651195853 631.1627651195853 
gen 54 20970 631.1627651195853 0.0 631.1627651195853 631.1627651195853 
gen 55 21354 631.1627651195853 0.0 631.1627651195853 631.1627651195853 
gen 56 21748 631.1627651195853 0.0 631.1627651195853 631.1627651195853 
gen 57 22142 631.1627651195853 0.0 631.1627651195853 631.1627651195853 
gen 58 22526 631.1627651195853 0.0 631.1627651195853 631.1627651195853 
gen 59 22920 631.1627651195853 0.0 631.1627651195853 631.1627651195853 
gen 60 23304 631.1627651195853 0.0 631.1627651195853 631.1627651195853 
gen 61 23688 631.1627651195853 0.0 631.1627651195853 631.1627651195853 
gen 62 24072 631.1627651195853 0.0 631.1627651195853 631.1627651195853 
gen 63 24456 631.1627651195853 0.0 631.1627651195853 631.1627651195853 
gen 64 24840 631.1627651195853 0.0 631.1627651195853 631.1627651195853 
gen 65 25224 631.1627651195853 0.0 631.1627651195853 631.1627651195853 
gen 66 25608 631.1627651195853 0.0 631.1627651195853 631.1627651195853 
gen 67 25992 631.1627651195853 0.0 631.1627651195853 631.1627651195853 
gen 68 26376 631.1627651195853 0.0 631.1627651195853 631.1627651195853 
gen 69 26770 631.1627651195853 0.0 631.1627651195853 631.1627651195853 
gen 70 27154 631.1627651195853 0.0 631.1627651195853 631.1627651195853 
gen 71 27538 631.1627651195853 0.0 631.1627651195853 631.1627651195853 
gen 72 27922 631.1627651195853 0.0 631.1627651195853 631.1627651195853 
gen 73 28306 631.1627651195853 0.0 631.1627651195853 631.1627651195853 
gen 74 28690 631.1627651195853 0.0 631.1627651195853 631.1627651195853 
gen 75 29074 631.1627651195853 0.0 631.1627651195853 631.1627651195853 
gen 76 29468 631.1627651195853 0.0 631.1627651195853 631.1627651195853 
gen 77 29852 631.1627651195853 0.0 631.1627651195853 631.1627651195853 
gen 78 30236 631.1627651195853 0.0 631.1627651195853 631.1627651195853 
gen 79 30620 631.1627651195853 0.0 631.1627651195853 631.1627651195853 
gen 80 31004 631.1627651195853 0.0 631.1627651195853 631.1627651195853 
gen 81 31388 631.1627651195853 0.0 631.1627651195853 631.1627651195853 
gen 82 31782 631.1627651195853 0.0 631.1627651195853 631.1627651195853 
gen 83 32176 631.1627651195853 0.0 631.1627651195853 631.1627651195853 
gen 84 32560 631.1627651195853 0.0 631.1627651195853 631.1627651195853 
gen 85 32944 631.1627651195853 0.0 631.1627651195853 631.1627651195853 
gen 86 33338 631.1627651195853 0.0 631.1627651195853 631.1627651195853 
gen 87 33732 631.1627651195853 0.0 631.1627651195853 631.1627651195853 
gen 88 34116 631.1627651195853 0.0 631.1627651195853 631.1627651195853 
gen 89 34500 631.1627651195853 0.0 631.1627651195853 631.1627651195853 
gen 90 34884 631.1627651195853 0.0 631.1627651195853 631.1627651195853 
gen 91 35268 631.1627651195853 0.0 631.1627651195853 631.1627651195853 
gen 92 35652 631.1627651195853 0.0 631.1627651195853 631.1627651195853 
gen 93 36036 631.1627651195853 0.0 631.1627651195853 631.1627651195853 
gen 94 36430 631.1627651195853 0.0 631.1627651195853 631.1627651195853 
gen 95 36814 631.1627651195853 0.0 631.1627651195853 631.1627651195853 
gen 96 37198 631.1627651195853 0.0 631.1627651195853 631.1627651195853 
gen 97 37582 631.1627651195853 0.0 631.1627651195853 631.1627651195853 
gen 98 37976 631.1627651195853 0.0 631.1627651195853 631.1627651195853 
gen 99 38370 631.1627651195853 0.0 631.1627651195853 631.1627651195853 
gen 100 38754 631.1627651195853 0.0 631.1627651195853 631.1627651195853 
gen 101 39138 631.1627651195853 0.0 631.1627651195853 631.1627651195853 
gen 102 39522 631.1627651195853 0.0 631.1627651195853 631.1627651195853 
gen 103 39906 631.1627651195853 0.0 631.1627651195853 631.1627651195853 
gen 104 40290 631.1627651195853 0.0 631.1627651195853 631.1627651195853 
gen 105 40674 631.1627651195853 0.0 631.1627651195853 631.1627651195853 
gen 106 41058 631.1627651195853 0.0 631.1627651195853 631.1627651195853 
gen 107 41442 631.1627651195853 0.0 631.1627651195853 631.1627651195853 
gen 108 41826 631.1627651195853 0.0 631.1627651195853 631.1627651195853 
gen 109 42210 631.1627651195853 0.0 631.1627651195853 631.1627651195853 
gen 110 42594 631.1627651195853 0.0 631.1627651195853 631.1627651195853 
gen 111 42978 631.1627651195853 0.0 631.1627651195853 631.1627651195853 
gen 112 43372 631.1627651195853 0.0 631.1627651195853 631.1627651195853 
gen 113 43756 631.1627651195853 0.0 631.1627651195853 631.1627651195853 
gen 114 44140 631.1627651195853 0.0 631.1627651195853 631.1627651195853 
gen 115 44534 631.1627651195853 0.0 631.1627651195853 631.1627651195853 
gen 116 44918 631.1627651195853 0.0 631.1627651195853 631.1627651195853 
[1, 0, 5, 6, 3, 7, 2, 4, 6, 3, 2, 0, 5, 7, 1, 4, 6, 3, 2, 1, 5, 7, 4, 0, 1, 0, 3, 6, 7, 2, 4, 5, 1, 0, 7, 5, 2, 6, 4, 3, 3, 2, 0, 5, 7, 4, 6, 1, 6, 3, 2, 5, 1, 7, 4, 0, 6, 3, 2, 5, 7, 1, 0, 4]
min  631.1627651195853
NFE 44918
LSNFE 310
VLSNFE 11
runTime 105.6432375907898
