gen 0 64 1406250000002324.5 3476343040825152.0 1064.1883814366074 1e+16 
gen 1 508 1449.11093612997 140.3449858359118 881.4722123568037 1620.3115995815945 
gen 2 892 1276.151529035351 121.98605279652398 881.4722123568037 1430.0749451096694 
gen 3 1276 1105.6067693962787 111.03591752192581 881.4722123568037 1252.9842409160271 
gen 4 1660 1026.0699482937082 62.60081457912198 881.4722123568037 1118.6791281797578 
gen 5 2074 968.7036260483713 55.86082051563842 787.69765632082 1034.3310403107937 
gen 6 2458 926.5509404356644 42.08977873014592 787.69765632082 984.4038710807854 
gen 7 2842 896.2273117384922 34.36094514153046 787.69765632082 934.8011673979713 
gen 8 3226 869.8212278724488 28.231961456681304 784.7798979501381 905.4006191847493 
gen 9 3610 850.5281940132327 25.711435909216856 784.7798979501381 882.0972992304744 
gen 10 3994 826.2664445017783 26.191868838042076 758.24152242985 857.9407983310855 
gen 11 4378 809.7233134749699 20.98918662153024 757.4569070681614 834.8834631478901 
gen 12 4762 790.54689665518 17.137760534635646 752.6105347339274 815.7478820570404 
gen 13 5156 769.492935678911 15.653052455645085 727.3262078471842 786.9470793465603 
gen 14 5550 746.1144528446445 11.243908649130168 720.5370304803128 759.0080933922477 
gen 15 5944 726.4604745122663 9.011409364248781 701.3046438517117 737.7304590595434 
gen 16 6328 711.7225420937675 6.016614732809747 690.8361232921596 720.2243363904171 
gen 17 6712 702.4190428032706 4.790008265861593 690.8361232921596 707.3635111092115 
gen 18 7096 694.9839884802209 3.554456457426802 686.5749778895891 700.9469869049734 
gen 19 7480 688.9594768060442 2.3752259276952867 679.2305675818477 690.8361232921596 
gen 20 7864 686.4406487849561 0.9215702041983953 679.2305675818477 686.5749778895891 
gen 21 8248 686.2897285726303 1.1729564534140289 679.2305675818477 686.5749778895891 
gen 22 8632 686.0240519492461 1.608213560370223 679.2305675818477 686.5749778895891 
gen 23 9016 685.2699015263664 2.307632065989797 679.2305675818477 686.5749778895891 
gen 24 9400 682.5927838600492 2.4907061759929268 679.2305675818477 686.39023217358 
gen 25 9784 678.9664345230346 1.0229829379665154 675.0044386408358 679.2305675818477 
gen 26 10168 676.6552702584186 2.0618880294994386 675.0044386408358 679.2305675818477 
gen 27 10552 675.0044386408358 0.0 675.0044386408358 675.0044386408358 
gen 28 10936 675.0044386408358 0.0 675.0044386408358 675.0044386408358 
gen 29 11320 675.0044386408358 0.0 675.0044386408358 675.0044386408358 
gen 30 11704 675.0044386408358 0.0 675.0044386408358 675.0044386408358 
gen 31 12088 675.0044386408358 0.0 675.0044386408358 675.0044386408358 
gen 32 12472 675.0044386408358 0.0 675.0044386408358 675.0044386408358 
gen 33 12876 674.9680568471421 0.28877153509258224 672.676003844434 675.0044386408358 
gen 34 13260 674.8589114660607 0.5636243243246221 672.676003844434 675.0044386408358 
gen 35 13644 673.6219304804722 1.1435695402677055 672.676003844434 675.0044386408358 
gen 36 14028 672.676003844434 0.0 672.676003844434 672.676003844434 
gen 37 14412 672.676003844434 0.0 672.676003844434 672.676003844434 
gen 38 14796 672.676003844434 0.0 672.676003844434 672.676003844434 
gen 39 15180 672.676003844434 0.0 672.676003844434 672.676003844434 
gen 40 15564 672.676003844434 0.0 672.676003844434 672.676003844434 
gen 41 15948 672.676003844434 0.0 672.676003844434 672.676003844434 
gen 42 16332 672.676003844434 0.0 672.676003844434 672.676003844434 
gen 43 16716 672.676003844434 0.0 672.676003844434 672.676003844434 
gen 44 17110 672.676003844434 0.0 672.676003844434 672.676003844434 
gen 45 17494 672.676003844434 0.0 672.676003844434 672.676003844434 
gen 46 17878 672.676003844434 0.0 672.676003844434 672.676003844434 
gen 47 18272 672.676003844434 0.0 672.676003844434 672.676003844434 
gen 48 18656 672.676003844434 0.0 672.676003844434 672.676003844434 
gen 49 19040 672.676003844434 0.0 672.676003844434 672.676003844434 
gen 50 19424 672.676003844434 0.0 672.676003844434 672.676003844434 
gen 51 19808 672.676003844434 0.0 672.676003844434 672.676003844434 
gen 52 20192 672.676003844434 0.0 672.676003844434 672.676003844434 
gen 53 20576 672.676003844434 0.0 672.676003844434 672.676003844434 
gen 54 20960 672.676003844434 0.0 672.676003844434 672.676003844434 
gen 55 21344 672.676003844434 0.0 672.676003844434 672.676003844434 
gen 56 21738 672.676003844434 0.0 672.676003844434 672.676003844434 
gen 57 22122 672.676003844434 0.0 672.676003844434 672.676003844434 
gen 58 22516 672.676003844434 0.0 672.676003844434 672.676003844434 
gen 59 22900 672.676003844434 0.0 672.676003844434 672.676003844434 
gen 60 23294 672.676003844434 0.0 672.676003844434 672.676003844434 
gen 61 23678 672.676003844434 0.0 672.676003844434 672.676003844434 
gen 62 24072 672.676003844434 0.0 672.676003844434 672.676003844434 
gen 63 24456 672.676003844434 0.0 672.676003844434 672.676003844434 
gen 64 24840 672.676003844434 0.0 672.676003844434 672.676003844434 
gen 65 25224 672.676003844434 0.0 672.676003844434 672.676003844434 
gen 66 25608 672.676003844434 0.0 672.676003844434 672.676003844434 
gen 67 25992 672.676003844434 0.0 672.676003844434 672.676003844434 
gen 68 26376 672.676003844434 0.0 672.676003844434 672.676003844434 
gen 69 26760 672.676003844434 0.0 672.676003844434 672.676003844434 
gen 70 27154 672.676003844434 0.0 672.676003844434 672.676003844434 
gen 71 27538 672.676003844434 0.0 672.676003844434 672.676003844434 
gen 72 27922 672.676003844434 0.0 672.676003844434 672.676003844434 
gen 73 28306 672.676003844434 0.0 672.676003844434 672.676003844434 
gen 74 28690 672.676003844434 0.0 672.676003844434 672.676003844434 
gen 75 29074 672.676003844434 0.0 672.676003844434 672.676003844434 
gen 76 29468 672.676003844434 0.0 672.676003844434 672.676003844434 
gen 77 29852 672.676003844434 0.0 672.676003844434 672.676003844434 
gen 78 30246 672.676003844434 0.0 672.676003844434 672.676003844434 
gen 79 30630 672.676003844434 0.0 672.676003844434 672.676003844434 
gen 80 31024 672.676003844434 0.0 672.676003844434 672.676003844434 
gen 81 31408 672.676003844434 0.0 672.676003844434 672.676003844434 
gen 82 31802 672.676003844434 0.0 672.676003844434 672.676003844434 
gen 83 32196 672.676003844434 0.0 672.676003844434 672.676003844434 
gen 84 32580 672.676003844434 0.0 672.676003844434 672.676003844434 
gen 85 32964 672.676003844434 0.0 672.676003844434 672.676003844434 
gen 86 33358 672.676003844434 0.0 672.676003844434 672.676003844434 
gen 87 33742 672.676003844434 0.0 672.676003844434 672.676003844434 
gen 88 34126 672.676003844434 0.0 672.676003844434 672.676003844434 
gen 89 34510 672.676003844434 0.0 672.676003844434 672.676003844434 
gen 90 34894 672.676003844434 0.0 672.676003844434 672.676003844434 
gen 91 35278 672.676003844434 0.0 672.676003844434 672.676003844434 
gen 92 35662 672.676003844434 0.0 672.676003844434 672.676003844434 
gen 93 36046 672.676003844434 0.0 672.676003844434 672.676003844434 
gen 94 36440 672.676003844434 0.0 672.676003844434 672.676003844434 
gen 95 36824 672.676003844434 0.0 672.676003844434 672.676003844434 
gen 96 37218 672.676003844434 0.0 672.676003844434 672.676003844434 
gen 97 37602 672.676003844434 0.0 672.676003844434 672.676003844434 
gen 98 37986 672.676003844434 0.0 672.676003844434 672.676003844434 
gen 99 38370 672.676003844434 0.0 672.676003844434 672.676003844434 
gen 100 38764 672.676003844434 0.0 672.676003844434 672.676003844434 
gen 101 39148 672.676003844434 0.0 672.676003844434 672.676003844434 
gen 102 39532 672.676003844434 0.0 672.676003844434 672.676003844434 
gen 103 39916 672.676003844434 0.0 672.676003844434 672.676003844434 
gen 104 40300 672.676003844434 0.0 672.676003844434 672.676003844434 
gen 105 40684 672.676003844434 0.0 672.676003844434 672.676003844434 
gen 106 41068 672.676003844434 0.0 672.676003844434 672.676003844434 
gen 107 41452 672.676003844434 0.0 672.676003844434 672.676003844434 
gen 108 41836 672.676003844434 0.0 672.676003844434 672.676003844434 
gen 109 42220 672.676003844434 0.0 672.676003844434 672.676003844434 
gen 110 42604 672.676003844434 0.0 672.676003844434 672.676003844434 
gen 111 42988 672.676003844434 0.0 672.676003844434 672.676003844434 
gen 112 43382 672.676003844434 0.0 672.676003844434 672.676003844434 
gen 113 43776 672.676003844434 0.0 672.676003844434 672.676003844434 
gen 114 44160 672.676003844434 0.0 672.676003844434 672.676003844434 
gen 115 44544 672.676003844434 0.0 672.676003844434 672.676003844434 
gen 116 44928 672.676003844434 0.0 672.676003844434 672.676003844434 
[1, 0, 6, 5, 3, 2, 7, 4, 1, 0, 3, 5, 2, 7, 6, 4, 6, 3, 2, 1, 5, 7, 4, 0, 3, 2, 0, 7, 1, 4, 6, 5, 1, 2, 5, 0, 7, 3, 6, 4, 6, 3, 5, 2, 7, 1, 4, 0, 6, 3, 1, 2, 5, 7, 4, 0, 6, 0, 7, 1, 3, 4, 5, 2]
min  672.676003844434
NFE 44928
LSNFE 320
VLSNFE 12
runTime 71.7538812160492
