gen 0 64 1406250000002283.0 3476343040825168.5 1066.9852830234524 1e+16 
gen 1 448 1478.4306665880076 176.71586750880368 969.1037218114384 1665.3029264935703 
gen 2 832 1224.1696566702462 139.42800275001903 929.7817048426645 1412.4441651417008 
gen 3 1216 1090.3672406601918 86.94526073577806 882.2338387368395 1208.8991637873157 
gen 4 1620 1009.2477620727182 59.077538868285984 869.9099214572053 1090.2022334050546 
gen 5 2004 973.286485816182 42.95686525822944 869.9099214572053 1028.0478492237125 
gen 6 2388 943.3438343529638 39.285458600795465 843.6501325529473 996.5003651669198 
gen 7 2792 910.9106972875882 33.15917826699555 808.636433180739 954.4525805804699 
gen 8 3176 881.4802506985185 31.69890217187786 799.5555777139344 924.1782388843728 
gen 9 3560 862.0050933791999 24.01257081589372 799.5555777139344 895.7687167546219 
gen 10 3964 845.6427593720979 21.30136146660764 762.9942459372004 871.2987563188591 
gen 11 4348 835.0594183581338 19.70212973888243 762.9942459372004 857.08449640522 
gen 12 4732 821.993008040842 18.040047573539514 762.9942459372004 843.9637505552557 
gen 13 5116 809.1228675367609 18.1408103547296 761.422031657232 830.7388361848068 
gen 14 5500 801.1357427872439 16.518049222771698 755.4448212229622 821.7115811380346 
gen 15 5914 791.0394626202742 15.251177204565352 725.6874597179901 808.636433180739 
gen 16 6298 777.06845558644 15.09249211939426 725.6874597179901 795.9029978111864 
gen 17 6692 762.991589792042 12.503099859793865 725.6874597179901 779.1033649140634 
gen 18 7106 749.0626033788523 11.401726263184251 708.4188862757072 762.0127295229778 
gen 19 7490 738.7783569728308 9.448294959319671 708.4188862757072 751.0040518539338 
gen 20 7874 730.4608722957125 6.475467067883756 708.4188862757072 738.3479829616995 
gen 21 8258 723.5703931642912 6.312864804665424 705.9745943951341 730.7858900395438 
gen 22 8642 718.9555637463396 5.076384742028333 705.7156064322039 725.5486707579489 
gen 23 9026 715.3668578095867 4.3440291374368565 704.7692719873348 720.2423515757803 
gen 24 9410 712.0685789616996 4.015798704690313 701.9289151225323 717.1497394871419 
gen 25 9794 708.5688238591081 2.7976526914035826 699.0259391642642 712.5697546726738 
gen 26 10198 705.3149762234276 3.31889411857095 682.9935952822769 706.841032891303 
gen 27 10582 702.7046435932557 5.337002253048664 681.9027638653686 706.3771391726563 
gen 28 10966 697.6445072505446 4.922589923033095 681.9027638653686 701.9403069450467 
gen 29 11350 690.4394669896178 3.378986034177871 681.9027638653686 695.517600901778 
gen 30 11734 685.0129252082088 3.094001659727663 674.2018333757513 688.3635725886716 
gen 31 12128 680.8257902581582 2.279924575750984 674.2018333757513 681.9027638653686 
gen 32 12512 676.005809979117 0.22727968873735738 674.2018333757513 676.0344445283768 
gen 33 12896 676.005809979117 0.22727968873735738 674.2018333757513 676.0344445283768 
gen 34 13280 676.005809979117 0.22727968873735738 674.2018333757513 676.0344445283768 
gen 35 13664 676.005809979117 0.22727968873735738 674.2018333757513 676.0344445283768 
gen 36 14058 676.005809979117 0.22727968873735738 674.2018333757513 676.0344445283768 
gen 37 14452 676.005809979117 0.22727968873735738 674.2018333757513 676.0344445283768 
gen 38 14846 676.005809979117 0.22727968873735738 674.2018333757513 676.0344445283768 
gen 39 15240 676.005809979117 0.22727968873735738 674.2018333757513 676.0344445283768 
gen 40 15624 676.005809979117 0.22727968873735738 674.2018333757513 676.0344445283768 
gen 41 16008 676.005809979117 0.22727968873735738 674.2018333757513 676.0344445283768 
gen 42 16392 676.005809979117 0.22727968873735738 674.2018333757513 676.0344445283768 
gen 43 16776 676.005809979117 0.22727968873735738 674.2018333757513 676.0344445283768 
gen 44 17170 676.005809979117 0.22727968873735738 674.2018333757513 676.0344445283768 
gen 45 17554 676.005809979117 0.22727968873735738 674.2018333757513 676.0344445283768 
gen 46 17938 676.005809979117 0.22727968873735738 674.2018333757513 676.0344445283768 
gen 47 18322 676.005809979117 0.22727968873735738 674.2018333757513 676.0344445283768 
gen 48 18706 676.005809979117 0.22727968873735738 674.2018333757513 676.0344445283768 
gen 49 19090 676.005809979117 0.22727968873735738 674.2018333757513 676.0344445283768 
gen 50 19474 676.005809979117 0.22727968873735738 674.2018333757513 676.0344445283768 
gen 51 19868 676.005809979117 0.22727968873735738 674.2018333757513 676.0344445283768 
gen 52 20252 676.005809979117 0.22727968873735738 674.2018333757513 676.0344445283768 
gen 53 20646 676.005809979117 0.22727968873735738 674.2018333757513 676.0344445283768 
gen 54 21030 676.005809979117 0.22727968873735738 674.2018333757513 676.0344445283768 
gen 55 21414 676.005809979117 0.22727968873735738 674.2018333757513 676.0344445283768 
gen 56 21798 676.005809979117 0.22727968873735738 674.2018333757513 676.0344445283768 
gen 57 22182 676.005809979117 0.22727968873735738 674.2018333757513 676.0344445283768 
gen 58 22566 676.005809979117 0.22727968873735738 674.2018333757513 676.0344445283768 
gen 59 22950 676.005809979117 0.22727968873735738 674.2018333757513 676.0344445283768 
gen 60 23334 676.005809979117 0.22727968873735738 674.2018333757513 676.0344445283768 
gen 61 23738 675.9312086525324 0.8194093615919298 669.4273484743411 676.0344445283768 
gen 62 24122 675.9312086525324 0.8194093615919298 669.4273484743411 676.0344445283768 
gen 63 24506 675.9312086525324 0.8194093615919298 669.4273484743411 676.0344445283768 
gen 64 24890 675.9312086525324 0.8194093615919298 669.4273484743411 676.0344445283768 
gen 65 25274 675.9312086525324 0.8194093615919298 669.4273484743411 676.0344445283768 
gen 66 25668 675.9312086525324 0.8194093615919298 669.4273484743411 676.0344445283768 
gen 67 26052 675.9312086525324 0.8194093615919298 669.4273484743411 676.0344445283768 
gen 68 26436 675.9312086525324 0.8194093615919298 669.4273484743411 676.0344445283768 
gen 69 26820 675.9312086525324 0.8194093615919298 669.4273484743411 676.0344445283768 
gen 70 27204 675.9312086525324 0.8194093615919298 669.4273484743411 676.0344445283768 
gen 71 27598 675.9312086525324 0.8194093615919298 669.4273484743411 676.0344445283768 
gen 72 27982 675.9312086525324 0.8194093615919298 669.4273484743411 676.0344445283768 
gen 73 28376 675.9312086525324 0.8194093615919298 669.4273484743411 676.0344445283768 
gen 74 28760 675.9312086525324 0.8194093615919298 669.4273484743411 676.0344445283768 
gen 75 29144 675.9312086525324 0.8194093615919298 669.4273484743411 676.0344445283768 
gen 76 29528 675.9312086525324 0.8194093615919298 669.4273484743411 676.0344445283768 
gen 77 29912 675.9312086525324 0.8194093615919298 669.4273484743411 676.0344445283768 
gen 78 30296 675.9312086525324 0.8194093615919298 669.4273484743411 676.0344445283768 
gen 79 30690 675.9312086525324 0.8194093615919298 669.4273484743411 676.0344445283768 
gen 80 31074 675.9312086525324 0.8194093615919298 669.4273484743411 676.0344445283768 
gen 81 31458 675.9312086525324 0.8194093615919298 669.4273484743411 676.0344445283768 
gen 82 31862 675.9247636800939 0.8705647444296674 669.0148702382696 676.0344445283768 
gen 83 32246 675.8043101584526 1.2827822459609333 668.3254191433404 676.0344445283768 
gen 84 32630 675.4955510851329 1.8867681252426687 668.3254191433404 676.0344445283768 
gen 85 33014 674.0378354044433 2.855048735246649 668.3254191433404 676.0344445283768 
gen 86 33398 670.4402514808529 1.618091075362275 668.3254191433404 671.6919146059872 
gen 87 33792 668.3254191433404 0.0 668.3254191433404 668.3254191433404 
gen 88 34176 668.3254191433404 0.0 668.3254191433404 668.3254191433404 
gen 89 34560 668.3254191433404 0.0 668.3254191433404 668.3254191433404 
gen 90 34944 668.3254191433404 0.0 668.3254191433404 668.3254191433404 
gen 91 35328 668.3254191433404 0.0 668.3254191433404 668.3254191433404 
gen 92 35712 668.3254191433404 0.0 668.3254191433404 668.3254191433404 
gen 93 36096 668.3254191433404 0.0 668.3254191433404 668.3254191433404 
gen 94 36480 668.3254191433404 0.0 668.3254191433404 668.3254191433404 
gen 95 36864 668.3254191433404 0.0 668.3254191433404 668.3254191433404 
gen 96 37248 668.3254191433404 0.0 668.3254191433404 668.3254191433404 
gen 97 37632 668.3254191433404 0.0 668.3254191433404 668.3254191433404 
gen 98 38016 668.3254191433404 0.0 668.3254191433404 668.3254191433404 
gen 99 38410 668.3254191433404 0.0 668.3254191433404 668.3254191433404 
gen 100 38794 668.3254191433404 0.0 668.3254191433404 668.3254191433404 
gen 101 39188 668.3254191433404 0.0 668.3254191433404 668.3254191433404 
gen 102 39572 668.3254191433404 0.0 668.3254191433404 668.3254191433404 
gen 103 39956 668.3254191433404 0.0 668.3254191433404 668.3254191433404 
gen 104 40340 668.3254191433404 0.0 668.3254191433404 668.3254191433404 
gen 105 40724 668.3254191433404 0.0 668.3254191433404 668.3254191433404 
gen 106 41108 668.3254191433404 0.0 668.3254191433404 668.3254191433404 
gen 107 41492 668.3254191433404 0.0 668.3254191433404 668.3254191433404 
gen 108 41876 668.3254191433404 0.0 668.3254191433404 668.3254191433404 
gen 109 42260 668.3254191433404 0.0 668.3254191433404 668.3254191433404 
gen 110 42654 668.3254191433404 0.0 668.3254191433404 668.3254191433404 
gen 111 43038 668.3254191433404 0.0 668.3254191433404 668.3254191433404 
gen 112 43432 668.3254191433404 0.0 668.3254191433404 668.3254191433404 
gen 113 43816 668.3254191433404 0.0 668.3254191433404 668.3254191433404 
gen 114 44200 668.3254191433404 0.0 668.3254191433404 668.3254191433404 
gen 115 44594 668.3254191433404 0.0 668.3254191433404 668.3254191433404 
gen 116 44978 668.3254191433404 0.0 668.3254191433404 668.3254191433404 
[3, 2, 5, 6, 7, 0, 1, 4, 6, 3, 2, 5, 7, 4, 1, 0, 6, 3, 5, 7, 2, 0, 4, 1, 1, 0, 7, 6, 2, 3, 4, 5, 1, 3, 2, 5, 7, 4, 0, 6, 1, 6, 2, 5, 7, 4, 3, 0, 6, 3, 2, 5, 7, 1, 0, 4, 6, 0, 7, 3, 4, 5, 1, 2]
min  668.3254191433404
NFE 44978
LSNFE 370
VLSNFE 12
runTime 101.33361268043518
