gen 0 360 65.60308483071434 0.3863601335562574 64.52621129474123 66.43934305943533 
gen 1 109530 64.63935564978048 0.07435442966438971 64.3957404656675 64.73022870755757 
gen 2 219590 64.38171187177545 0.028772187834150365 64.274653911616 64.41692708899849 
gen 3 329090 64.27331462773046 0.015363243102168045 64.20363206514224 64.29030215457449 
[16, 5, 4, 10, 8, 2, 7, 14, 6, 0, 3, 9, 15, 1, 17, 13, 12, 11, 13, 12, 8, 10, 15, 1, 0, 14, 6, 17, 7, 9, 3, 16, 5, 4, 2, 11, 15, 17, 1, 11, 9, 2, 16, 8, 4, 5, 7, 6, 12, 14, 13, 10, 0, 3, 4, 6, 16, 2, 0, 9, 14, 10, 3, 11, 12, 1, 5, 15, 8, 17, 7, 13, 3, 4, 6, 8, 14, 7, 5, 17, 2, 10, 0, 16, 1, 13, 9, 12, 11, 15, 14, 1, 7, 10, 5, 16, 4, 12, 17, 13, 9, 3, 11, 8, 2, 6, 0, 15, 1, 17, 12, 4, 16, 0, 8, 5, 13, 2, 14, 7, 15, 9, 10, 11, 6, 3, 2, 8, 17, 15, 7, 16, 4, 0, 10, 14, 11, 13, 3, 12, 6, 9, 1, 5, 8, 6, 13, 11, 9, 12, 16, 15, 14, 0, 1, 7, 17, 10, 3, 2, 4, 5, 0, 1, 7, 9, 11, 17, 15, 4, 10, 8, 5, 2, 6, 12, 16, 3, 13, 14, 7, 17, 10, 13, 2, 8, 1, 12, 0, 11, 5, 4, 9, 6, 15, 14, 3, 16, 4, 0, 11, 17, 1, 7, 2, 5, 16, 12, 9, 3, 6, 8, 14, 15, 10, 13, 0, 4, 7, 17, 10, 5, 1, 3, 13, 8, 6, 12, 2, 14, 11, 9, 15, 16, 2, 4, 14, 17, 7, 3, 0, 5, 15, 12, 1, 8, 13, 10, 11, 9, 6, 16, 12, 5, 3, 15, 16, 14, 7, 4, 1, 11, 8, 0, 13, 17, 9, 10, 2, 6, 1, 5, 10, 4, 7, 0, 11, 14, 8, 17, 12, 3, 16, 13, 2, 9, 15, 6, 16, 12, 2, 10, 5, 6, 1, 3, 4, 14, 0, 17, 13, 8, 7, 15, 9, 11, 7, 3, 10, 11, 4, 0, 8, 2, 5, 16, 6, 14, 15, 13, 17, 1, 9, 12, 5, 12, 11, 8, 1, 7, 9, 13, 2, 14, 3, 17, 10, 6, 4, 15, 16, 0, 9, 11, 5, 6, 14, 12, 3, 10, 2, 8, 4, 17, 0, 7, 16, 13, 15, 1]
min  64.20363206514224
NFE 329090
LSNFE 220730
VLSNFE 16993
runTime 840.0626590251923
