gen 0 360 65.6088891318731 0.3676776547519484 64.66536612869801 66.50452625296899 
gen 1 108320 64.68066023862319 0.07078115346695706 64.36480396683883 64.7667162766098 
gen 2 218250 64.39323784279526 0.035137868095710914 64.27320707520292 64.43652859662893 
gen 3 326990 64.27503505747352 0.01506516394098183 64.20798023311286 64.29141757957902 
[4, 3, 12, 2, 9, 16, 13, 1, 8, 5, 11, 10, 6, 7, 15, 0, 14, 17, 7, 11, 1, 14, 4, 0, 2, 6, 15, 10, 16, 12, 13, 3, 9, 5, 17, 8, 7, 3, 1, 15, 10, 11, 9, 12, 13, 17, 8, 0, 5, 6, 16, 14, 2, 4, 17, 11, 15, 1, 0, 2, 9, 3, 5, 14, 16, 4, 7, 13, 12, 10, 6, 8, 17, 4, 0, 12, 14, 5, 13, 10, 3, 11, 1, 7, 15, 6, 16, 8, 2, 9, 13, 9, 4, 16, 0, 12, 5, 3, 7, 14, 2, 15, 11, 8, 10, 6, 1, 17, 14, 3, 0, 6, 10, 1, 2, 17, 4, 5, 16, 9, 13, 12, 15, 7, 8, 11, 5, 2, 10, 11, 15, 1, 14, 9, 4, 16, 13, 0, 3, 17, 6, 7, 12, 8, 8, 13, 6, 11, 9, 15, 0, 14, 3, 4, 16, 12, 17, 1, 5, 2, 10, 7, 13, 16, 8, 9, 0, 17, 11, 15, 6, 7, 2, 1, 3, 12, 5, 4, 10, 14, 11, 7, 10, 17, 15, 8, 5, 2, 3, 0, 13, 12, 6, 16, 14, 9, 4, 1, 6, 4, 14, 16, 12, 17, 1, 3, 9, 11, 0, 10, 8, 5, 13, 2, 15, 7, 13, 17, 8, 2, 6, 15, 7, 16, 1, 11, 12, 14, 3, 0, 9, 5, 10, 4, 13, 12, 3, 0, 11, 17, 5, 9, 2, 7, 6, 8, 1, 10, 4, 14, 16, 15, 4, 11, 10, 14, 0, 3, 9, 12, 2, 6, 16, 15, 7, 1, 17, 5, 13, 8, 17, 9, 16, 12, 10, 13, 0, 14, 3, 15, 1, 4, 5, 6, 8, 11, 7, 2, 14, 8, 6, 16, 13, 9, 17, 0, 3, 12, 15, 2, 4, 7, 5, 1, 11, 10, 16, 14, 17, 6, 15, 2, 11, 4, 12, 10, 0, 13, 1, 9, 8, 5, 7, 3, 13, 6, 2, 5, 12, 11, 7, 1, 10, 4, 17, 16, 3, 9, 14, 8, 0, 15, 14, 3, 6, 11, 17, 8, 9, 0, 15, 1, 2, 16, 7, 4, 12, 5, 13, 10]
min  64.20798023311286
NFE 326990
LSNFE 218630
VLSNFE 16778
runTime 842.5940935611725
