gen 0 360 65.5955053524437 0.3721130599548806 64.46118369593799 66.6356470124244 
gen 1 109290 64.62214955765889 0.0782992925214897 64.33546403975684 64.71783210505647 
gen 2 218210 64.34967225221213 0.02633308743934135 64.25046710793319 64.38373279090162 
gen 3 328140 64.26056752381493 0.01245269959135725 64.19946409596733 64.27471036376593 
[7, 14, 16, 1, 4, 0, 2, 17, 11, 13, 3, 5, 9, 10, 8, 6, 15, 12, 16, 8, 11, 10, 13, 1, 15, 17, 0, 9, 3, 2, 7, 6, 14, 5, 12, 4, 14, 11, 7, 5, 2, 12, 6, 16, 13, 9, 17, 15, 4, 8, 0, 1, 10, 3, 7, 14, 0, 17, 4, 13, 2, 5, 12, 3, 8, 11, 16, 6, 1, 9, 10, 15, 15, 12, 5, 14, 6, 0, 13, 10, 4, 17, 3, 7, 11, 8, 9, 1, 16, 2, 16, 4, 1, 2, 0, 15, 17, 12, 6, 8, 14, 7, 9, 3, 11, 5, 13, 10, 0, 6, 14, 7, 9, 12, 11, 17, 16, 4, 1, 5, 15, 3, 8, 13, 10, 2, 2, 13, 3, 6, 7, 14, 8, 9, 10, 12, 16, 5, 15, 11, 4, 1, 17, 0, 8, 6, 13, 9, 11, 15, 12, 0, 10, 1, 7, 16, 2, 4, 17, 14, 3, 5, 9, 5, 0, 6, 17, 3, 12, 11, 13, 2, 4, 15, 16, 10, 1, 8, 7, 14, 6, 0, 15, 9, 10, 16, 11, 13, 1, 17, 2, 7, 12, 4, 14, 3, 8, 5, 10, 13, 0, 6, 7, 4, 14, 1, 3, 11, 8, 17, 12, 2, 9, 5, 15, 16, 10, 3, 11, 4, 17, 12, 6, 0, 5, 15, 14, 9, 13, 1, 2, 8, 7, 16, 0, 2, 17, 13, 9, 7, 10, 1, 16, 14, 12, 8, 5, 4, 6, 15, 11, 3, 16, 7, 12, 11, 15, 4, 2, 3, 9, 6, 10, 13, 1, 8, 14, 5, 17, 0, 0, 13, 6, 17, 12, 15, 10, 8, 2, 14, 5, 1, 11, 9, 7, 16, 4, 3, 5, 15, 16, 12, 8, 3, 7, 4, 2, 11, 6, 17, 10, 0, 9, 13, 14, 1, 12, 5, 2, 0, 17, 16, 14, 3, 7, 1, 15, 11, 9, 8, 6, 13, 4, 10, 7, 10, 14, 11, 9, 3, 13, 4, 8, 6, 5, 0, 17, 12, 1, 16, 15, 2, 4, 17, 9, 5, 11, 2, 8, 3, 12, 6, 15, 7, 14, 1, 0, 16, 10, 13]
min  64.19946409596733
NFE 328140
LSNFE 219780
VLSNFE 16896
runTime 844.2655086517334
