gen 0 360 65.61915183628503 0.3636804588228195 64.67244292251512 66.59083135071828 
gen 1 109000 64.65941497954819 0.06679483235492563 64.40335880465416 64.74086493625994 
gen 2 218150 64.38558073219102 0.027873637304447862 64.28368691290308 64.42072765249596 
gen 3 327300 64.27777379902962 0.014874597226673893 64.21724258452817 64.29492482422035 
[11, 15, 7, 8, 0, 9, 3, 4, 10, 1, 12, 17, 2, 5, 6, 13, 14, 16, 16, 17, 11, 10, 4, 14, 3, 1, 6, 13, 5, 8, 9, 15, 0, 2, 7, 12, 8, 2, 4, 14, 17, 15, 6, 13, 9, 10, 3, 0, 5, 1, 16, 11, 12, 7, 16, 10, 11, 12, 9, 0, 8, 15, 5, 13, 14, 7, 6, 17, 2, 3, 4, 1, 5, 9, 0, 8, 6, 1, 2, 11, 17, 7, 3, 15, 14, 13, 12, 16, 10, 4, 8, 11, 2, 15, 13, 14, 10, 6, 16, 9, 3, 17, 4, 5, 1, 7, 0, 12, 7, 3, 14, 12, 1, 13, 6, 15, 2, 11, 0, 5, 9, 8, 16, 10, 4, 17, 17, 15, 8, 0, 13, 6, 1, 14, 4, 5, 12, 9, 3, 11, 7, 10, 2, 16, 8, 6, 13, 9, 11, 12, 10, 15, 14, 16, 1, 2, 4, 7, 3, 5, 17, 0, 15, 17, 8, 4, 6, 0, 7, 2, 10, 3, 13, 9, 14, 11, 5, 16, 12, 1, 4, 15, 6, 16, 9, 13, 3, 0, 11, 17, 12, 10, 7, 5, 1, 2, 14, 8, 10, 2, 4, 11, 6, 5, 16, 13, 1, 3, 15, 17, 14, 7, 8, 9, 12, 0, 6, 13, 3, 1, 16, 14, 9, 15, 4, 10, 7, 5, 17, 2, 0, 11, 12, 8, 8, 15, 17, 6, 10, 2, 3, 7, 9, 11, 5, 0, 12, 16, 1, 13, 4, 14, 13, 8, 4, 0, 15, 11, 17, 10, 1, 9, 2, 12, 5, 16, 3, 14, 7, 6, 3, 9, 12, 0, 6, 15, 2, 16, 4, 8, 11, 5, 13, 14, 10, 1, 7, 17, 6, 15, 17, 8, 14, 5, 4, 1, 11, 12, 2, 7, 10, 16, 3, 9, 0, 13, 1, 13, 11, 17, 12, 9, 0, 4, 2, 16, 3, 14, 7, 15, 5, 8, 6, 10, 9, 5, 16, 15, 12, 17, 1, 3, 6, 10, 2, 13, 8, 4, 14, 0, 7, 11, 15, 11, 3, 4, 0, 8, 13, 10, 14, 7, 6, 9, 2, 12, 5, 1, 17, 16]
min  64.21724258452817
NFE 327300
LSNFE 218940
VLSNFE 17172
runTime 848.7161550521851
