gen 0 360 65.5786179668829 0.37471012831570083 64.472319067531 66.41350281662679 
gen 1 108810 64.61556812658453 0.07717624895772132 64.31319388408792 64.70617944892336 
gen 2 217240 64.35810232845476 0.024046377318382293 64.28531775126082 64.38961625278962 
gen 3 326080 64.26572133355724 0.014033256371188189 64.2042900804943 64.28164583558704 
[7, 14, 12, 5, 6, 0, 11, 17, 2, 16, 3, 10, 4, 1, 15, 8, 9, 13, 4, 12, 14, 15, 5, 1, 16, 0, 13, 8, 2, 3, 17, 9, 7, 10, 6, 11, 1, 6, 3, 2, 9, 13, 10, 12, 0, 8, 5, 16, 14, 11, 7, 17, 4, 15, 9, 11, 17, 16, 12, 6, 8, 13, 4, 0, 2, 10, 15, 7, 3, 1, 14, 5, 5, 9, 3, 8, 13, 7, 6, 1, 17, 2, 0, 10, 14, 16, 15, 12, 4, 11, 0, 2, 17, 13, 12, 16, 6, 5, 11, 3, 14, 8, 9, 10, 7, 15, 4, 1, 4, 9, 0, 17, 7, 16, 3, 1, 8, 14, 13, 15, 12, 2, 11, 6, 10, 5, 11, 12, 13, 7, 8, 1, 10, 17, 15, 4, 14, 3, 2, 5, 6, 16, 9, 0, 8, 9, 6, 13, 11, 12, 14, 15, 16, 0, 1, 17, 2, 5, 4, 3, 10, 7, 2, 17, 11, 4, 3, 16, 7, 13, 6, 0, 9, 8, 5, 15, 10, 1, 12, 14, 9, 7, 12, 5, 14, 3, 15, 10, 4, 1, 11, 0, 2, 6, 17, 13, 8, 16, 11, 16, 12, 6, 2, 1, 7, 9, 8, 13, 15, 5, 17, 4, 3, 0, 10, 14, 9, 17, 5, 13, 12, 6, 11, 10, 7, 3, 4, 15, 14, 2, 16, 0, 1, 8, 3, 1, 14, 2, 7, 0, 16, 6, 10, 13, 15, 4, 12, 11, 9, 8, 17, 5, 9, 16, 13, 7, 15, 17, 4, 2, 10, 0, 11, 8, 5, 14, 1, 12, 6, 3, 2, 15, 4, 9, 6, 10, 7, 8, 5, 14, 13, 0, 3, 11, 16, 12, 17, 1, 12, 14, 1, 13, 6, 0, 11, 5, 17, 2, 16, 15, 7, 3, 9, 4, 8, 10, 12, 8, 17, 1, 7, 0, 10, 13, 15, 16, 2, 5, 4, 9, 14, 3, 11, 6, 13, 11, 2, 3, 17, 4, 6, 5, 9, 1, 7, 16, 0, 15, 12, 10, 14, 8, 16, 14, 13, 12, 9, 3, 10, 2, 15, 0, 4, 1, 11, 6, 7, 17, 5, 8]
min  64.2042900804943
NFE 326080
LSNFE 217720
VLSNFE 17125
runTime 838.5286493301392
