gen 0 360 65.59070845846622 0.37765291927325834 64.68852077882322 66.8580447868118 
gen 1 109810 64.65197573098467 0.07488926899230845 64.36465788290555 64.73762867853111 
gen 2 218870 64.36982068518462 0.031981401648139285 64.19901084839597 64.40818476300619 
gen 3 328160 64.25953308950237 0.015173911864413794 64.19371493953396 64.2762936023003 
[4, 17, 0, 2, 7, 14, 11, 16, 15, 6, 9, 3, 8, 10, 13, 12, 5, 1, 12, 0, 3, 5, 16, 6, 9, 11, 17, 14, 10, 13, 7, 8, 2, 4, 15, 1, 2, 14, 12, 16, 3, 9, 5, 8, 6, 11, 15, 1, 4, 10, 17, 0, 7, 13, 5, 6, 14, 12, 17, 1, 4, 2, 8, 10, 9, 7, 13, 11, 3, 0, 15, 16, 13, 1, 2, 9, 16, 14, 0, 5, 10, 6, 11, 17, 8, 12, 4, 15, 3, 7, 14, 17, 13, 5, 8, 15, 11, 3, 12, 1, 10, 16, 9, 7, 4, 2, 6, 0, 9, 11, 16, 2, 12, 1, 10, 14, 8, 6, 3, 7, 13, 4, 15, 5, 17, 0, 17, 11, 13, 8, 7, 9, 5, 12, 15, 16, 0, 4, 6, 1, 2, 10, 14, 3, 8, 9, 13, 11, 6, 16, 15, 0, 12, 14, 7, 17, 3, 10, 5, 4, 2, 1, 8, 2, 4, 12, 5, 15, 3, 0, 16, 9, 7, 1, 17, 13, 10, 11, 14, 6, 12, 11, 14, 6, 13, 1, 9, 15, 0, 4, 7, 17, 2, 10, 5, 16, 3, 8, 15, 0, 12, 6, 7, 5, 3, 13, 9, 16, 11, 4, 8, 1, 2, 17, 10, 14, 5, 8, 4, 9, 6, 0, 2, 16, 15, 14, 17, 10, 7, 1, 11, 3, 13, 12, 13, 0, 8, 17, 10, 5, 16, 6, 2, 15, 12, 4, 7, 14, 9, 11, 3, 1, 17, 11, 14, 4, 1, 5, 2, 12, 15, 7, 13, 16, 3, 0, 10, 9, 8, 6, 8, 14, 10, 7, 1, 3, 15, 2, 12, 11, 6, 17, 16, 0, 4, 5, 13, 9, 13, 11, 5, 1, 0, 12, 2, 8, 15, 10, 4, 7, 6, 17, 14, 9, 16, 3, 8, 3, 15, 0, 7, 6, 17, 1, 10, 11, 5, 2, 14, 9, 4, 12, 13, 16, 3, 13, 10, 17, 4, 2, 8, 7, 6, 0, 9, 12, 5, 14, 16, 11, 1, 15, 6, 11, 8, 13, 3, 4, 14, 9, 5, 7, 12, 17, 0, 2, 16, 10, 15, 1]
min  64.19371493953396
NFE 328160
LSNFE 219800
VLSNFE 16978
runTime 707.1508367061615
