gen 0 360 65.59528612150984 0.37728538050926114 64.65135397432674 66.57707544230315 
gen 1 7560 64.83146790659976 0.10570769017530725 64.38553323455099 64.96066473880781 
gen 2 14770 64.54200876009077 0.06143647530378294 64.32462357095606 64.60761027698118 
gen 3 21970 64.38854576982591 0.03166822879360089 64.27387674018642 64.42579322291812 
gen 4 29190 64.31107369520443 0.01969336621491595 64.21494262551987 64.33465914014802 
gen 5 36390 64.26355466337651 0.015119543856271732 64.2119427421642 64.28031127676833 
gen 6 43590 64.2369553942528 0.012655164043638542 64.17591126929315 64.25148400391826 
gen 7 50790 64.21623319805201 0.01194825840214112 64.15466925060234 64.22931963006333 
gen 8 57990 64.2030108379346 0.010651562194664286 64.15466925060234 64.214786348652 
gen 9 65210 64.19267365376686 0.010042525509608031 64.1430620563393 64.2036478150127 
gen 10 72410 64.18270957240776 0.008967139174129323 64.1430620563393 64.19299300286096 
gen 11 79610 64.17323574577398 0.008360680439187952 64.14071361682785 64.18279062369798 
gen 12 86810 64.16523090490456 0.0067312181186831195 64.13972564199871 64.17340257057018 
gen 13 94010 64.15663948091165 0.007099019587784134 64.12936023951015 64.16472253210779 
gen 14 101210 64.14676491722312 0.006117767652997709 64.12332319284047 64.15431804130512 
gen 15 108410 64.13686117342462 0.005100467409187701 64.11669247391872 64.14265979852702 
gen 16 115610 64.12772520805146 0.004543970051171344 64.11124301987896 64.13328939314529 
gen 17 122820 64.11911018718146 0.003370704379179869 64.10520839965558 64.12332319284047 
gen 18 130020 64.11338417085229 0.00245064819285486 64.10133709354602 64.1162009799589 
gen 19 137220 64.10999068025001 0.0022374843925385022 64.09757349761455 64.11245204252054 
gen 20 144420 64.10753932389362 0.0020200552687866073 64.09757349761455 64.1098630635054 
gen 21 151620 64.10545406559042 0.001843531798328599 64.09757349761455 64.10756985973256 
gen 22 158820 64.10353037111652 0.0017319380362898398 64.09643127140541 64.1054066577976 
gen 23 166020 64.10132882530645 0.0015120298353766366 64.09390601989095 64.10308046451168 
gen 24 173220 64.09969231164052 0.0012980946931748316 64.09314623338821 64.10125532042235 
gen 25 180420 64.09835821447321 0.0012060009154595292 64.09314623338821 64.09964111211313 
gen 26 187630 64.09700499171544 0.0013784588351287393 64.0912167342941 64.0983527165035 
gen 27 194830 64.09551574748576 0.0012613338246889544 64.0912167342941 64.09702575927511 
gen 28 202030 64.09365724277477 0.0008149239282905172 64.09014127125286 64.09480664390914 
gen 29 209230 64.09222101906815 0.0006847580068456247 64.08964760292513 64.09293978609402 
gen 30 216430 64.09103863227139 0.0005371737770118565 64.08964760292513 64.09169927132011 
gen 31 223630 64.09022352426138 0.0003469315946149962 64.08964760292513 64.09071678749814 
gen 32 230830 64.08972138096448 0.00016018987396817022 64.08964760292513 64.0900691917215 
gen 33 238040 64.08964760292511 1.4210854715202004e-14 64.08964760292513 64.08964760292513 
gen 34 245240 64.08964760292511 1.4210854715202004e-14 64.08964760292513 64.08964760292513 
gen 35 252440 64.08964760292511 1.4210854715202004e-14 64.08964760292513 64.08964760292513 
[9, 15, 10, 12, 17, 11, 6, 14, 1, 8, 2, 5, 0, 13, 3, 7, 16, 4, 7, 9, 3, 2, 8, 15, 0, 12, 11, 1, 6, 16, 13, 17, 5, 14, 4, 10, 11, 5, 4, 16, 15, 8, 12, 13, 9, 14, 0, 7, 1, 6, 3, 10, 2, 17, 1, 16, 17, 7, 14, 0, 5, 8, 2, 3, 12, 4, 11, 10, 9, 6, 15, 13, 11, 1, 17, 3, 12, 13, 8, 9, 14, 10, 5, 15, 2, 16, 4, 6, 7, 0, 10, 14, 9, 0, 4, 12, 3, 8, 15, 7, 11, 1, 5, 17, 6, 13, 2, 16, 9, 5, 17, 15, 16, 2, 14, 8, 3, 10, 7, 13, 12, 11, 6, 0, 1, 4, 2, 13, 10, 4, 6, 16, 14, 5, 0, 1, 3, 15, 11, 9, 7, 17, 12, 8, 8, 6, 13, 9, 11, 12, 16, 2, 15, 10, 14, 0, 4, 3, 7, 1, 5, 17, 5, 6, 7, 0, 13, 9, 14, 1, 3, 17, 10, 4, 2, 11, 16, 8, 12, 15, 14, 11, 8, 3, 9, 5, 4, 6, 15, 16, 17, 12, 7, 10, 2, 1, 0, 13, 15, 10, 14, 2, 0, 8, 6, 11, 16, 4, 3, 7, 12, 13, 1, 5, 9, 17, 7, 2, 3, 1, 5, 4, 6, 9, 15, 16, 8, 12, 10, 0, 14, 17, 13, 11, 12, 14, 3, 7, 0, 1, 8, 2, 11, 16, 4, 15, 5, 6, 9, 17, 13, 10, 10, 13, 7, 0, 3, 14, 11, 16, 6, 8, 12, 9, 15, 2, 4, 17, 1, 5, 10, 2, 17, 3, 6, 13, 7, 9, 5, 1, 8, 14, 16, 11, 0, 12, 15, 4, 9, 3, 13, 7, 12, 4, 2, 16, 0, 15, 17, 5, 11, 6, 10, 14, 1, 8, 11, 6, 17, 3, 7, 1, 16, 12, 4, 9, 13, 8, 2, 0, 14, 15, 5, 10, 17, 7, 13, 12, 14, 9, 1, 10, 4, 5, 6, 8, 0, 11, 3, 15, 2, 16, 7, 5, 17, 9, 2, 14, 13, 15, 4, 11, 10, 12, 8, 0, 3, 16, 1, 6]
min  64.08964760292513
NFE 252440
LSNFE 80
VLSNFE 2
runTime 740.852961063385
