gen 0 121 743.3013569121584 117.71090429195858 483.69169902378667 1164.9473557309636 
gen 1 2397 578.9112756370143 34.91207689243931 483.08529863277084 617.7083690550369 
gen 2 4923 526.0829912800584 26.73096513980079 459.3167505362578 558.0218828873589 
gen 3 7309 496.6450417505011 19.48890661836341 448.71965140925005 522.8737238717686 
gen 4 9695 475.93860440491574 17.35670985636479 424.7915461917625 496.69465205841914 
gen 5 12021 457.64762389434566 18.559816468329444 395.3875159143349 480.4270064929745 
gen 6 14287 443.1234731849096 18.4261877931469 366.7969382420322 463.6720629451524 
gen 7 16703 427.4090761829051 18.161226584282858 356.6751697062324 448.71965140925005 
gen 8 19219 414.97600733072983 15.27591870429782 356.6751697062324 434.6594655366275 
gen 9 21655 404.6159279094168 13.669384964094062 356.6751697062324 421.1140852326205 
gen 10 23821 395.6486976652672 11.916873417848624 356.6751697062324 410.0541566953731 
gen 11 26097 387.09363483113884 10.628859646873359 355.668264089431 401.0142857684136 
gen 12 28433 379.4302412564029 9.704237287057316 347.30732364072935 392.1481324670013 
gen 13 30869 371.5400959941432 8.607392156250185 343.39698394731244 382.1608638367904 
gen 14 33105 364.77231635202634 8.621313777870254 336.54290959688245 375.36920939750536 
gen 15 35351 359.2273789304685 7.128172001917421 336.54290959688245 368.68784766455343 
gen 16 37837 354.9924960868565 6.018975883994522 336.54290959688245 362.3794544363252 
gen 17 40473 351.3835167479707 6.339428716715867 336.54290959688245 358.65566468888375 
gen 18 42829 349.2063168685115 5.736578837255193 334.0272940493906 356.4479850218779 
gen 19 45235 346.44050256157243 5.778522204120998 320.75682717215943 353.4572993109055 
gen 20 47591 344.0689612604382 5.7175850576429355 320.75682717215943 350.66417962549104 
gen 21 50077 342.06616311391974 5.461117561705275 320.75682717215943 348.5866967557752 
gen 22 52533 340.276013073401 5.540139759792694 320.75682717215943 347.00911624425925 
gen 23 55099 338.18448880480986 6.064863287988905 312.41113310915966 345.3483072081135 
gen 24 57765 336.15910162745615 5.951256120439541 312.41113310915966 342.52773644737505 
gen 25 59931 334.97648826334904 5.368450277625955 312.41113310915966 340.70271040698873 
gen 26 62227 333.9242055698934 5.131389001826763 312.41113310915966 339.69958731796703 
gen 27 64583 331.86667136744165 5.205114867630476 312.41113310915966 338.0197721409994 
gen 28 67099 329.7823370347229 5.3728747324556725 308.2825827751567 335.9302501404102 
gen 29 69495 327.4309322230405 5.269564997867783 306.37739704297076 332.9439144498599 
gen 30 72021 324.23304197380503 4.681275630417155 306.37739704297076 329.9921244022847 
gen 31 74287 319.519412190242 3.9700757629304966 306.37739704297076 324.479120729024 
gen 32 76813 315.2234269213266 2.9718997725071787 306.2107971858286 318.56891708133617 
gen 33 79129 311.8564593211833 2.4390248631451064 305.7055656803371 314.8143021771976 
gen 34 81635 308.74677207071267 1.7680823830835308 301.47536703837324 311.0857361622821 
gen 35 84231 307.16449786321476 1.745177732224755 300.6561312931581 309.0561788540453 
gen 36 86567 305.82622882807965 1.5464170042425363 300.6561312931581 307.65911278151395 
[6, 2, 3, 7, 0, 10, 5, 8, 9, 4, 1, 3, 4, 10, 5, 8, 6, 7, 9, 1, 2, 0, 2, 5, 6, 8, 4, 0, 7, 9, 10, 3, 1, 3, 7, 1, 5, 6, 9, 0, 10, 2, 4, 8, 3, 8, 7, 5, 0, 6, 1, 10, 9, 2, 4, 9, 0, 10, 1, 5, 8, 3, 4, 6, 7, 2, 9, 4, 5, 2, 7, 0, 8, 6, 3, 10, 1, 9, 0, 6, 4, 5, 7, 1, 10, 2, 3, 8, 3, 6, 5, 2, 9, 8, 1, 7, 4, 10, 0, 4, 10, 1, 3, 9, 5, 2, 8, 6, 0, 7, 7, 0, 4, 10, 1, 6, 3, 2, 8, 9, 5]
min  300.6561312931581
NFE 86567
LSNFE 60310
VLSNFE 12510
runTime 162.75165009498596
