gen 0 121 740.3757508990047 113.93810402078606 542.8959040786829 1156.9575095290506 
gen 1 2507 570.6534460069159 30.039454532896936 473.2426163812278 606.8021725464524 
gen 2 4513 524.4307502669099 26.89203666109198 381.47568101970165 551.4533035411488 
gen 3 7039 491.2787619078753 22.22126414871093 381.47568101970165 518.7936090686035 
gen 4 9405 475.84636400753647 19.218614312586332 374.99032530983845 497.92783822390146 
gen 5 11721 461.6340205448513 19.898021431935177 374.99032530983845 484.4113575394047 
gen 6 14217 449.5250523486072 19.963552417917857 374.99032530983845 469.964796826464 
gen 7 16683 434.52895949632097 18.17180337153452 372.39401825387915 455.19299019750355 
gen 8 19049 421.08861242238214 18.88374391377661 358.52622688748465 441.4327055612044 
gen 9 21575 402.373821262289 16.387359377866733 349.94288311227007 421.6755610129273 
gen 10 24071 384.3166483822234 12.071348278293144 343.6137947981027 400.55757370618096 
gen 11 26617 366.1379975363889 8.567902507958873 339.1145129883497 376.27749888711014 
gen 12 29163 356.56221903161793 6.374610001412056 336.8053943306826 364.82375147930884 
gen 13 31649 350.2973518601543 4.694615191381822 335.1908116316485 356.8632049052567 
gen 14 33745 347.24825039172276 4.284118653706341 332.38089000013866 352.1880911341884 
gen 15 36121 343.89340704555843 4.2444577484847565 330.82621537176743 348.63709600847676 
gen 16 38667 340.84801541193127 3.9904702818471725 330.82621537176743 345.8836491956109 
gen 17 41073 338.83668438370347 3.6213737197582794 326.53485426972645 343.2409605761988 
gen 18 43579 337.24757489305813 3.785902434110477 319.56447651844394 341.7818493181247 
gen 19 46065 335.43644286564825 3.5639075012699344 319.56447651844394 339.62036254103526 
gen 20 48461 333.7806575604082 3.2950393088357024 319.56447651844394 337.5901477912056 
gen 21 50937 332.0980053500081 3.2539601066432304 319.56447651844394 335.9553449776871 
gen 22 53413 331.11766499332947 3.2798350425129863 319.56447651844394 334.6342856940682 
gen 23 55799 330.23442242157626 3.243655954360025 319.56447651844394 333.84871186605716 
gen 24 58165 329.2108588484486 3.1083243611928855 319.56447651844394 333.07168211069467 
gen 25 60701 327.83368315627126 3.076852746807199 317.5095248173051 331.7106838889468 
gen 26 63347 326.6094955216129 2.8547399676927 317.5095248173051 330.36579688639495 
gen 27 65913 326.11426966938996 2.605175898228303 317.5095248173051 329.3777108089657 
gen 28 68549 324.94214744606825 3.101245715814131 312.63821792782505 328.451749428984 
gen 29 70775 323.8813910303051 3.0698928597174797 312.63821792782505 327.38790658315605 
gen 30 73041 323.4196690375052 2.9256570484743927 312.63821792782505 326.67783686366636 
gen 31 75257 322.6158854331306 2.798767670404335 312.63821792782505 325.5866658876898 
gen 32 77683 321.62481128630867 2.6420408462658425 312.63821792782505 324.71232963241926 
gen 33 80129 320.21752978366817 2.4896558593721156 312.0424996556162 323.4368368958529 
gen 34 82555 318.60700320828533 2.421342737398563 311.1987385478499 321.5729858777941 
gen 35 85081 316.7527252671756 2.0350942766305273 311.1987385478499 319.2283809539779 
[6, 10, 7, 5, 0, 3, 2, 4, 9, 8, 1, 3, 1, 9, 6, 10, 8, 7, 0, 2, 5, 4, 4, 0, 6, 2, 9, 3, 5, 8, 7, 10, 1, 3, 1, 9, 8, 10, 7, 4, 0, 5, 2, 6, 3, 6, 8, 10, 2, 1, 4, 9, 0, 5, 7, 9, 10, 0, 4, 7, 5, 2, 6, 8, 1, 3, 9, 4, 0, 3, 8, 7, 10, 2, 1, 5, 6, 10, 9, 0, 7, 6, 2, 5, 4, 3, 1, 8, 3, 1, 7, 4, 10, 0, 8, 6, 9, 2, 5, 8, 4, 3, 6, 0, 5, 2, 7, 9, 1, 10, 10, 4, 8, 0, 7, 5, 6, 9, 3, 1, 2]
min  311.1987385478499
NFE 85081
LSNFE 59550
VLSNFE 12258
runTime 162.99206686019897
