gen 0 360 65.60469779791956 0.37992003410256037 64.7305170674911 66.59373555163043 
gen 1 1080 65.16959512726946 0.17967951239702093 64.50593627964473 65.40819716482501 
gen 2 1800 64.9520206260141 0.1286090033430967 64.50593627964473 65.11933050115381 
gen 3 2520 64.80173451232336 0.10607635781734015 64.41348910218758 64.9370963538158 
gen 4 3240 64.69952012211476 0.09137885717544074 64.31568259367303 64.81601314513057 
gen 5 3960 64.59798411507823 0.07636484460949898 64.31568259367303 64.70037602741064 
gen 6 4680 64.52903969304397 0.06714681887430095 64.2871134267289 64.6108253293152 
gen 7 5400 64.47586932326105 0.05482034710665798 64.28465925576508 64.54046417962921 
gen 8 6120 64.42881279342042 0.04264918648315364 64.28465925576508 64.48399832929292 
gen 9 6840 64.39445043672383 0.0342388740978365 64.27371634694707 64.43978020267137 
gen 10 7560 64.36311764908532 0.031190773691100307 64.25511709172615 64.40208180380267 
gen 11 8280 64.33866343052587 0.026364957406004665 64.22972651256082 64.37138788326327 
gen 12 9000 64.31623526138068 0.022750818331903226 64.20717666720263 64.34490950861769 
gen 13 9720 64.29824782866207 0.02042609576230666 64.20717666720263 64.32449977653161 
gen 14 10440 64.28326118411184 0.017933809675543075 64.1915702106633 64.30516594687523 
gen 15 11160 64.27289228452757 0.016596833437991263 64.1915702106633 64.29356320289735 
gen 16 11880 64.26298116448135 0.015782514611600927 64.1915702106633 64.28151357790796 
gen 17 12600 64.25534435019362 0.015688215843543397 64.1915702106633 64.2728595671805 
gen 18 13320 64.24747902947428 0.015503761900782202 64.159690652325 64.26511067856063 
gen 19 14050 64.24036432199541 0.015456353588036844 64.15836465332377 64.2579330407852 
gen 20 14800 64.23387803618945 0.014530197868088731 64.15404949543054 64.25004744542464 
gen 21 15520 64.22913188985748 0.013821359840205742 64.15404949543054 64.24444291094662 
gen 22 16240 64.22434561116928 0.013985810876811437 64.15404949543054 64.23940933823738 
gen 23 16960 64.2193552286869 0.013764767356910648 64.15404949543054 64.23571319436606 
gen 24 17680 64.21509246670675 0.013903053398659063 64.15404949543054 64.23137579294273 
gen 25 18400 64.21214807052759 0.013550105430302219 64.15404949543054 64.22785889559496 
gen 26 19120 64.20856619058414 0.013091349128626839 64.15404949543054 64.22388031175196 
gen 27 19840 64.20612295443304 0.012635892050307608 64.15404949543054 64.2209435958407 
gen 28 20560 64.20317685124084 0.012080018759932502 64.15404949543054 64.21749604862792 
gen 29 21280 64.2000748415974 0.011826365145624391 64.15404949543054 64.21390305986627 
gen 30 22000 64.19826388676451 0.011168066644868795 64.15404949543054 64.21141607367697 
gen 31 22720 64.1962414524387 0.010765741749119546 64.15404949543054 64.20921605705782 
gen 32 23440 64.19402110724725 0.011147742644416316 64.14265952266183 64.20700987884273 
gen 33 24160 64.1919540210712 0.010920142149036687 64.14265952266183 64.20451194218643 
gen 34 24880 64.19018842193512 0.010887181542168549 64.14265952266183 64.20271153284155 
gen 35 25600 64.18800300719766 0.010497842827079757 64.14265952266183 64.20053195299083 
gen 36 26320 64.1863804674859 0.010406815496841375 64.1338264663434 64.19865380619315 
gen 37 27040 64.18449916350603 0.009987481001740864 64.1338264663434 64.19635187877482 
gen 38 27760 64.18292844441221 0.009832691097179843 64.1338264663434 64.19451048764839 
gen 39 28480 64.18117605229038 0.009602034010831553 64.1338264663434 64.19229533647362 
gen 40 29200 64.17944964538879 0.009511972287751105 64.1338264663434 64.19078125652238 
gen 41 29920 64.17810511913196 0.009211884374051089 64.1338264663434 64.1893589265154 
gen 42 30640 64.17690109546875 0.009132687853006421 64.1338264663434 64.18809494477627 
gen 43 31360 64.17480979758642 0.009204881617606714 64.1338264663434 64.18598874376983 
gen 44 32080 64.17311521408355 0.009374367359313606 64.13338888530376 64.18406144964888 
gen 45 32800 64.17197788265716 0.009327496503608264 64.13338888530376 64.18307289600088 
gen 46 33520 64.17021094295764 0.00939685444561253 64.13338888530376 64.18094845889657 
gen 47 34240 64.16853369578907 0.009257745788994059 64.13338888530376 64.17952269427957 
gen 48 34960 64.16715396073897 0.008915635030190341 64.13338888530376 64.17799491424724 
gen 49 35680 64.16583181935047 0.008811119723569336 64.13338888530376 64.17626820563596 
gen 50 36400 64.16353013370285 0.008554689898750736 64.13338888530376 64.17411395981324 
gen 51 37120 64.16276663061942 0.008340247519717202 64.13338888530376 64.1728161509189 
gen 52 37840 64.16163320585326 0.007994249243599547 64.13338888530376 64.17113711815944 
gen 53 38560 64.16003428292966 0.007822124950936492 64.13338888530376 64.16941465396471 
gen 54 39280 64.15779604697518 0.007713456190072434 64.12987249218102 64.16706684024813 
gen 55 40000 64.15669911170608 0.007458925630376774 64.12987249218102 64.16580370307129 
gen 56 40720 64.15565445117247 0.007125185107060517 64.12987249218102 64.16430416287227 
gen 57 41440 64.15420906751527 0.00729254485989445 64.12684876248164 64.16291105423963 
gen 58 42160 64.15294271148339 0.007290359738113662 64.12684876248164 64.16106357147386 
gen 59 42880 64.15157704306223 0.007203405663127507 64.12220750206555 64.16016838926203 
gen 60 43600 64.1498705508591 0.007196679965879782 64.12220750206555 64.15851220133914 
gen 61 44320 64.14814879190546 0.00669679042168324 64.12220750206555 64.1565880346567 
gen 62 45040 64.14674971156934 0.006321474905892012 64.12220750206555 64.15462428263456 
gen 63 45760 64.14544437184023 0.006272282930826744 64.12197247652776 64.1533326218723 
gen 64 46480 64.14392356966316 0.00611976829967078 64.12197247652776 64.1518230466962 
gen 65 47200 64.14270993307176 0.005781449249834141 64.12197247652776 64.1502422331012 
gen 66 47920 64.14108856474519 0.005599055542773047 64.11803323897323 64.14845632388173 
gen 67 48640 64.1393644086614 0.005686789320898587 64.10928033737652 64.14627593540605 
gen 68 49360 64.1376447210799 0.00566354908200939 64.10928033737652 64.14417231337936 
gen 69 50080 64.13588733300124 0.005659519465542232 64.10928033737652 64.14275420586452 
gen 70 50800 64.13431151417043 0.0057437533926926404 64.10928033737652 64.14079353905036 
gen 71 51520 64.13221527767728 0.005858339506112204 64.10583776591214 64.1387552597919 
gen 72 52240 64.13085390270882 0.005773542916496033 64.10583776591214 64.13718180066132 
gen 73 52960 64.12897026911874 0.005781773346748054 64.10583776591214 64.13544123675092 
gen 74 53680 64.12689938256698 0.005996806891043074 64.10432620819374 64.1336366388271 
gen 75 54400 64.12467056498684 0.005982350926442829 64.10432620819374 64.13132277126064 
gen 76 55130 64.12268399798337 0.005509907862503461 64.10317946657882 64.12930970053698 
gen 77 55850 64.1203542655429 0.005404816728411348 64.09145032361542 64.12702860984918 
gen 78 56570 64.11759727959945 0.005415450714897426 64.09145032361542 64.12435893756563 
gen 79 57290 64.1145194898273 0.005220997156750655 64.09145032361542 64.12100685959169 
gen 80 58010 64.11212225531797 0.004873585647998748 64.09145032361542 64.11811133590574 
gen 81 58740 64.109766394503 0.004568748322422678 64.09010462123052 64.11533948722413 
gen 82 59460 64.10742185306414 0.004248488225997669 64.09010462123052 64.11261889171149 
gen 83 60180 64.10547699173189 0.004042909690095952 64.09010462123052 64.11006307567717 
gen 84 60900 64.10387059145785 0.003908619324399448 64.08954580834619 64.10839864681822 
gen 85 61620 64.10219912520236 0.003865995505933983 64.08668266793735 64.10657276934954 
gen 86 62340 64.10057537538285 0.003771042596418547 64.08668266793735 64.1049964421923 
gen 87 63060 64.0989710732313 0.00366563174280852 64.08668266793735 64.10349704350851 
gen 88 63780 64.09732754166076 0.0034446649541289764 64.08472291014581 64.10171782997459 
gen 89 64500 64.095946488944 0.0032851032749134307 64.08472291014581 64.10012505252547 
gen 90 65220 64.09452759861841 0.003142750311586621 64.08398472321187 64.09845109798708 
gen 91 65940 64.09302172993914 0.003042977233154779 64.08029881051445 64.09690018326161 
gen 92 66660 64.09160172460498 0.0031104419837872897 64.07804638131965 64.09530831406484 
gen 93 67380 64.09061598836264 0.0029689249410387642 64.07804638131965 64.09426974133493 
gen 94 68100 64.08978688812084 0.0027054600457508734 64.07804638131965 64.0931388857442 
gen 95 68820 64.08888680542093 0.0026785830662950697 64.07724661099205 64.09209096197554 
gen 96 69540 64.0882795885688 0.0026024349276343142 64.07724661099205 64.09114716851671 
gen 97 70260 64.08746542704525 0.0024483518160668574 64.07724661099205 64.09028945806845 
gen 98 70990 64.08676916572247 0.002411202730440427 64.07639877355659 64.08952890728072 
gen 99 71710 64.08594354418223 0.0024264141392963956 64.07639877355659 64.08875408763765 
gen 100 72430 64.08542180046682 0.0022882987403882605 64.07639877355659 64.08810973508105 
gen 101 73150 64.08458603104806 0.00224956714733248 64.07639877355659 64.08727769782637 
gen 102 73870 64.08392439462732 0.0022012016479025075 64.07639877355659 64.08664774221047 
gen 103 74590 64.0832739707335 0.0021350505005939243 64.07597683643885 64.08587000649109 
gen 104 75310 64.0828085749437 0.0021059971984765573 64.07597683643885 64.08535438030967 
gen 105 76030 64.08215460151325 0.002032034408137682 64.07553286985379 64.08466642925153 
gen 106 76750 64.08152743151075 0.0018742931207414296 64.07553286985379 64.08386451063483 
gen 107 77470 64.08107369418329 0.0017768667992559884 64.07553286985379 64.0832303227531 
gen 108 78190 64.08053042787135 0.001718592154086522 64.07553286985379 64.08273285358234 
gen 109 78910 64.07989047606817 0.0016486195654393083 64.07380885160399 64.08196226442325 
gen 110 79630 64.0795161446723 0.0015797515360959468 64.07333652825933 64.08156475046798 
gen 111 80350 64.0789601282822 0.0014862487367637387 64.07333652825933 64.08094726743175 
gen 112 81070 64.07850924708274 0.0013857007025870022 64.07333652825933 64.0802945246179 
gen 113 81790 64.07801171271613 0.0012859552686073632 64.07333652825933 64.07962575481807 
gen 114 82510 64.07761731568 0.0012679606618893246 64.07333652825933 64.07916194128812 
gen 115 83230 64.07722443142276 0.0012617295276941038 64.07260792576903 64.07878140128047 
gen 116 83950 64.07692843181572 0.001232188171249713 64.07260792576903 64.07852064702702 
gen 117 84670 64.07657154512825 0.0012107006718776315 64.07260792576903 64.07811394346717 
gen 118 85390 64.0762447599368 0.001119867115886823 64.07217206219217 64.07763753764647 
gen 119 86110 64.07593198777879 0.001099670993617228 64.07189034227427 64.0773022932982 
gen 120 86830 64.07568415643739 0.0010647043597235039 64.07189034227427 64.076999856013 
gen 121 87550 64.07543740644005 0.0010130335374661271 64.07189034227427 64.07672413700983 
gen 122 88270 64.07521416552643 0.0009565107412231382 64.07189034227427 64.07643935897188 
gen 123 88990 64.07493981245518 0.0009093293274888041 64.07189034227427 64.07610679175515 
gen 124 89710 64.07471881260594 0.0009220117193068309 64.0714266238195 64.0758268319759 
gen 125 90430 64.07451506679953 0.0008833329408801945 64.0714266238195 64.07561147965892 
gen 126 91150 64.07430081171414 0.0008552475707328092 64.0714266238195 64.07535038503481 
gen 127 91870 64.0741728536011 0.0008009824718072372 64.0714266238195 64.0751530235983 
gen 128 92590 64.0739558027704 0.0008265537010877048 64.0710020313061 64.07492348978283 
gen 129 93310 64.0737507915219 0.0007851461792664084 64.0710020313061 64.07469740073482 
gen 130 94030 64.07357528726577 0.0007654364528428354 64.0710020313061 64.07449555835986 
gen 131 94750 64.07342648996604 0.0007478701256507999 64.0710020313061 64.07434160907215 
gen 132 95470 64.07328244421794 0.0007155910578335358 64.0710020313061 64.07415398040929 
gen 133 96190 64.07316098646453 0.00068804740811543 64.0710020313061 64.07402646578372 
gen 134 96910 64.0730081690411 0.0006593358170099698 64.0710020313061 64.07381025180031 
gen 135 97630 64.07287605410356 0.0006393773113097359 64.07091948674773 64.07365304250844 
gen 136 98350 64.07269758609148 0.0006177637396263405 64.07091948674773 64.0734544021996 
gen 137 99070 64.07255041470549 0.000594747257552955 64.07091948674773 64.07327171280154 
gen 138 99790 64.07244674465471 0.0005718319916426356 64.07091948674773 64.07316730582691 
gen 139 100510 64.072302237945 0.0005260798559553266 64.07091948674773 64.07300871845119 
gen 140 101230 64.07214520436503 0.00048524315993256286 64.07091948674773 64.07282853599052 
gen 141 101950 64.07203082853296 0.00045745830401318544 64.07091948674773 64.07268163888074 
gen 142 102670 64.07195776589985 0.0004293701964603389 64.07091948674773 64.07257281349618 
gen 143 103390 64.07187366179724 0.0004050705986954638 64.07091948674773 64.0724717288902 
gen 144 104110 64.07178016498929 0.0003771362138329139 64.07091948674773 64.07229741222692 
gen 145 104830 64.07170922968797 0.00034997285613206893 64.07091948674773 64.07222400630341 
gen 146 105550 64.07165847425438 0.00032930058125917955 64.07091948674773 64.07217206219217 
gen 147 106270 64.07158233357688 0.00030174034076986105 64.07091948674773 64.07208861907928 
gen 148 106990 64.07152532628842 0.00027888813640076165 64.07091948674773 64.07196828628122 
gen 149 107710 64.07147330906389 0.0002533908035619932 64.07091948674773 64.07189034227427 
gen 150 108430 64.0714133741136 0.00022707602216477793 64.07091948674773 64.07180787677798 
gen 151 109150 64.07135904742312 0.00021070317338029812 64.07091948674773 64.07153668989612 
gen 152 109870 64.07133581012671 0.00021370259073012784 64.07091948674773 64.07148926786576 
gen 153 110590 64.07131107314576 0.00022107352974537825 64.07091948674773 64.07148926786576 
gen 154 111310 64.07128457565504 0.00022973395352029894 64.07091948674773 64.07146171424888 
gen 155 112030 64.07125053767446 0.00023781105167119626 64.07091948674773 64.07145659382424 
gen 156 112750 64.0712195062967 0.00024019862187928218 64.07091948674773 64.07145659382424 
gen 157 113470 64.07116658374485 0.00023608485173276874 64.07091948674773 64.07145659382424 
gen 158 114190 64.0711154594102 0.0002219563603485863 64.07091948674773 64.0714266238195 
gen 159 114910 64.07106545182099 0.0001973481929708825 64.07091948674773 64.0714266238195 
gen 160 115630 64.07098577712526 0.00012078501304396358 64.07091948674773 64.07136553264776 
gen 161 116350 64.07094241579169 3.697197251532603e-05 64.07091948674773 64.0710020313061 
gen 162 117070 64.07092590688003 2.2107213479525117e-05 64.07091948674773 64.0710020313061 
gen 163 117790 64.07091948674771 1.4210854715202004e-14 64.07091948674773 64.07091948674773 
gen 164 118510 64.07091948674771 1.4210854715202004e-14 64.07091948674773 64.07091948674773 
gen 165 119230 64.07091948674771 1.4210854715202004e-14 64.07091948674773 64.07091948674773 
gen 166 119950 64.07091948674771 1.4210854715202004e-14 64.07091948674773 64.07091948674773 
gen 167 120670 64.07091948674771 1.4210854715202004e-14 64.07091948674773 64.07091948674773 
gen 168 121390 64.07091948674771 1.4210854715202004e-14 64.07091948674773 64.07091948674773 
gen 169 122110 64.07091948674771 1.4210854715202004e-14 64.07091948674773 64.07091948674773 
gen 170 122830 64.07091948674771 1.4210854715202004e-14 64.07091948674773 64.07091948674773 
gen 171 123550 64.07091948674771 1.4210854715202004e-14 64.07091948674773 64.07091948674773 
gen 172 124270 64.07091948674771 1.4210854715202004e-14 64.07091948674773 64.07091948674773 
gen 173 124990 64.07091948674771 1.4210854715202004e-14 64.07091948674773 64.07091948674773 
gen 174 125710 64.07091948674771 1.4210854715202004e-14 64.07091948674773 64.07091948674773 
gen 175 126430 64.07091948674771 1.4210854715202004e-14 64.07091948674773 64.07091948674773 
gen 176 127150 64.07091948674771 1.4210854715202004e-14 64.07091948674773 64.07091948674773 
gen 177 127870 64.07091948674771 1.4210854715202004e-14 64.07091948674773 64.07091948674773 
gen 178 128590 64.07091948674771 1.4210854715202004e-14 64.07091948674773 64.07091948674773 
gen 179 129310 64.07091948674771 1.4210854715202004e-14 64.07091948674773 64.07091948674773 
gen 180 130030 64.07091948674771 1.4210854715202004e-14 64.07091948674773 64.07091948674773 
gen 181 130750 64.07091948674771 1.4210854715202004e-14 64.07091948674773 64.07091948674773 
gen 182 131470 64.07091948674771 1.4210854715202004e-14 64.07091948674773 64.07091948674773 
gen 183 132190 64.07091948674771 1.4210854715202004e-14 64.07091948674773 64.07091948674773 
gen 184 132910 64.07091948674771 1.4210854715202004e-14 64.07091948674773 64.07091948674773 
gen 185 133630 64.07091948674771 1.4210854715202004e-14 64.07091948674773 64.07091948674773 
gen 186 134350 64.07091948674771 1.4210854715202004e-14 64.07091948674773 64.07091948674773 
gen 187 135070 64.07091948674771 1.4210854715202004e-14 64.07091948674773 64.07091948674773 
gen 188 135790 64.07091948674771 1.4210854715202004e-14 64.07091948674773 64.07091948674773 
gen 189 136510 64.07091948674771 1.4210854715202004e-14 64.07091948674773 64.07091948674773 
gen 190 137230 64.07091948674771 1.4210854715202004e-14 64.07091948674773 64.07091948674773 
gen 191 137950 64.07091948674771 1.4210854715202004e-14 64.07091948674773 64.07091948674773 
gen 192 138670 64.07091948674771 1.4210854715202004e-14 64.07091948674773 64.07091948674773 
gen 193 139390 64.07091948674771 1.4210854715202004e-14 64.07091948674773 64.07091948674773 
gen 194 140110 64.07091948674771 1.4210854715202004e-14 64.07091948674773 64.07091948674773 
gen 195 140830 64.07091948674771 1.4210854715202004e-14 64.07091948674773 64.07091948674773 
gen 196 141550 64.07091948674771 1.4210854715202004e-14 64.07091948674773 64.07091948674773 
gen 197 142270 64.07091948674771 1.4210854715202004e-14 64.07091948674773 64.07091948674773 
gen 198 142990 64.07091948674771 1.4210854715202004e-14 64.07091948674773 64.07091948674773 
gen 199 143710 64.07091948674771 1.4210854715202004e-14 64.07091948674773 64.07091948674773 
gen 200 144430 64.07091948674771 1.4210854715202004e-14 64.07091948674773 64.07091948674773 
gen 201 145150 64.07091948674771 1.4210854715202004e-14 64.07091948674773 64.07091948674773 
gen 202 145870 64.07091948674771 1.4210854715202004e-14 64.07091948674773 64.07091948674773 
gen 203 146590 64.07091948674771 1.4210854715202004e-14 64.07091948674773 64.07091948674773 
gen 204 147310 64.07091948674771 1.4210854715202004e-14 64.07091948674773 64.07091948674773 
gen 205 148030 64.07091948674771 1.4210854715202004e-14 64.07091948674773 64.07091948674773 
gen 206 148750 64.07091948674771 1.4210854715202004e-14 64.07091948674773 64.07091948674773 
gen 207 149470 64.07091948674771 1.4210854715202004e-14 64.07091948674773 64.07091948674773 
gen 208 150190 64.07091948674771 1.4210854715202004e-14 64.07091948674773 64.07091948674773 
gen 209 150910 64.07091948674771 1.4210854715202004e-14 64.07091948674773 64.07091948674773 
gen 210 151630 64.07091948674771 1.4210854715202004e-14 64.07091948674773 64.07091948674773 
gen 211 152350 64.07091948674771 1.4210854715202004e-14 64.07091948674773 64.07091948674773 
gen 212 153070 64.07091948674771 1.4210854715202004e-14 64.07091948674773 64.07091948674773 
gen 213 153790 64.07091948674771 1.4210854715202004e-14 64.07091948674773 64.07091948674773 
gen 214 154510 64.07091948674771 1.4210854715202004e-14 64.07091948674773 64.07091948674773 
gen 215 155230 64.07091948674771 1.4210854715202004e-14 64.07091948674773 64.07091948674773 
gen 216 155950 64.07091948674771 1.4210854715202004e-14 64.07091948674773 64.07091948674773 
gen 217 156670 64.07091948674771 1.4210854715202004e-14 64.07091948674773 64.07091948674773 
gen 218 157390 64.07091948674771 1.4210854715202004e-14 64.07091948674773 64.07091948674773 
gen 219 158110 64.07091948674771 1.4210854715202004e-14 64.07091948674773 64.07091948674773 
gen 220 158830 64.07091948674771 1.4210854715202004e-14 64.07091948674773 64.07091948674773 
gen 221 159550 64.07091948674771 1.4210854715202004e-14 64.07091948674773 64.07091948674773 
gen 222 160270 64.07091948674771 1.4210854715202004e-14 64.07091948674773 64.07091948674773 
gen 223 160990 64.07091948674771 1.4210854715202004e-14 64.07091948674773 64.07091948674773 
gen 224 161710 64.07091948674771 1.4210854715202004e-14 64.07091948674773 64.07091948674773 
gen 225 162430 64.07091948674771 1.4210854715202004e-14 64.07091948674773 64.07091948674773 
gen 226 163150 64.07091948674771 1.4210854715202004e-14 64.07091948674773 64.07091948674773 
gen 227 163870 64.07091948674771 1.4210854715202004e-14 64.07091948674773 64.07091948674773 
gen 228 164590 64.07091948674771 1.4210854715202004e-14 64.07091948674773 64.07091948674773 
gen 229 165310 64.07091948674771 1.4210854715202004e-14 64.07091948674773 64.07091948674773 
gen 230 166030 64.07091948674771 1.4210854715202004e-14 64.07091948674773 64.07091948674773 
gen 231 166750 64.07091948674771 1.4210854715202004e-14 64.07091948674773 64.07091948674773 
gen 232 167470 64.07091948674771 1.4210854715202004e-14 64.07091948674773 64.07091948674773 
gen 233 168190 64.07091948674771 1.4210854715202004e-14 64.07091948674773 64.07091948674773 
gen 234 168910 64.07091948674771 1.4210854715202004e-14 64.07091948674773 64.07091948674773 
gen 235 169630 64.07091948674771 1.4210854715202004e-14 64.07091948674773 64.07091948674773 
gen 236 170350 64.07091948674771 1.4210854715202004e-14 64.07091948674773 64.07091948674773 
gen 237 171070 64.07091948674771 1.4210854715202004e-14 64.07091948674773 64.07091948674773 
gen 238 171790 64.07091948674771 1.4210854715202004e-14 64.07091948674773 64.07091948674773 
gen 239 172510 64.07091948674771 1.4210854715202004e-14 64.07091948674773 64.07091948674773 
gen 240 173230 64.07091948674771 1.4210854715202004e-14 64.07091948674773 64.07091948674773 
gen 241 173950 64.07091948674771 1.4210854715202004e-14 64.07091948674773 64.07091948674773 
gen 242 174670 64.07091948674771 1.4210854715202004e-14 64.07091948674773 64.07091948674773 
gen 243 175390 64.07091948674771 1.4210854715202004e-14 64.07091948674773 64.07091948674773 
gen 244 176110 64.07091948674771 1.4210854715202004e-14 64.07091948674773 64.07091948674773 
gen 245 176830 64.07091948674771 1.4210854715202004e-14 64.07091948674773 64.07091948674773 
gen 246 177550 64.07091948674771 1.4210854715202004e-14 64.07091948674773 64.07091948674773 
gen 247 178270 64.07091948674771 1.4210854715202004e-14 64.07091948674773 64.07091948674773 
gen 248 178990 64.07091948674771 1.4210854715202004e-14 64.07091948674773 64.07091948674773 
gen 249 179710 64.07091948674771 1.4210854715202004e-14 64.07091948674773 64.07091948674773 
gen 250 180430 64.07091948674771 1.4210854715202004e-14 64.07091948674773 64.07091948674773 
gen 251 181150 64.07091948674771 1.4210854715202004e-14 64.07091948674773 64.07091948674773 
gen 252 181870 64.07091948674771 1.4210854715202004e-14 64.07091948674773 64.07091948674773 
gen 253 182590 64.07091948674771 1.4210854715202004e-14 64.07091948674773 64.07091948674773 
gen 254 183310 64.07091948674771 1.4210854715202004e-14 64.07091948674773 64.07091948674773 
gen 255 184030 64.07091948674771 1.4210854715202004e-14 64.07091948674773 64.07091948674773 
gen 256 184750 64.07091948674771 1.4210854715202004e-14 64.07091948674773 64.07091948674773 
gen 257 185470 64.07091948674771 1.4210854715202004e-14 64.07091948674773 64.07091948674773 
gen 258 186190 64.07091948674771 1.4210854715202004e-14 64.07091948674773 64.07091948674773 
gen 259 186910 64.07091948674771 1.4210854715202004e-14 64.07091948674773 64.07091948674773 
gen 260 187630 64.07091948674771 1.4210854715202004e-14 64.07091948674773 64.07091948674773 
gen 261 188350 64.07091948674771 1.4210854715202004e-14 64.07091948674773 64.07091948674773 
gen 262 189070 64.07091948674771 1.4210854715202004e-14 64.07091948674773 64.07091948674773 
gen 263 189790 64.07091948674771 1.4210854715202004e-14 64.07091948674773 64.07091948674773 
gen 264 190510 64.07091948674771 1.4210854715202004e-14 64.07091948674773 64.07091948674773 
gen 265 191230 64.07091948674771 1.4210854715202004e-14 64.07091948674773 64.07091948674773 
gen 266 191950 64.07091948674771 1.4210854715202004e-14 64.07091948674773 64.07091948674773 
gen 267 192670 64.07091948674771 1.4210854715202004e-14 64.07091948674773 64.07091948674773 
gen 268 193390 64.07091948674771 1.4210854715202004e-14 64.07091948674773 64.07091948674773 
gen 269 194110 64.07091948674771 1.4210854715202004e-14 64.07091948674773 64.07091948674773 
gen 270 194830 64.07091948674771 1.4210854715202004e-14 64.07091948674773 64.07091948674773 
gen 271 195550 64.07091948674771 1.4210854715202004e-14 64.07091948674773 64.07091948674773 
gen 272 196270 64.07091948674771 1.4210854715202004e-14 64.07091948674773 64.07091948674773 
gen 273 196990 64.07091948674771 1.4210854715202004e-14 64.07091948674773 64.07091948674773 
gen 274 197710 64.07091948674771 1.4210854715202004e-14 64.07091948674773 64.07091948674773 
gen 275 198430 64.07091948674771 1.4210854715202004e-14 64.07091948674773 64.07091948674773 
gen 276 199150 64.07091948674771 1.4210854715202004e-14 64.07091948674773 64.07091948674773 
gen 277 199870 64.07091948674771 1.4210854715202004e-14 64.07091948674773 64.07091948674773 
gen 278 200590 64.07091948674771 1.4210854715202004e-14 64.07091948674773 64.07091948674773 
gen 279 201310 64.07091948674771 1.4210854715202004e-14 64.07091948674773 64.07091948674773 
gen 280 202030 64.07091948674771 1.4210854715202004e-14 64.07091948674773 64.07091948674773 
gen 281 202750 64.07091948674771 1.4210854715202004e-14 64.07091948674773 64.07091948674773 
gen 282 203470 64.07091948674771 1.4210854715202004e-14 64.07091948674773 64.07091948674773 
gen 283 204190 64.07091948674771 1.4210854715202004e-14 64.07091948674773 64.07091948674773 
gen 284 204910 64.07091948674771 1.4210854715202004e-14 64.07091948674773 64.07091948674773 
gen 285 205630 64.07091948674771 1.4210854715202004e-14 64.07091948674773 64.07091948674773 
gen 286 206350 64.07091948674771 1.4210854715202004e-14 64.07091948674773 64.07091948674773 
gen 287 207070 64.07091948674771 1.4210854715202004e-14 64.07091948674773 64.07091948674773 
gen 288 207790 64.07091948674771 1.4210854715202004e-14 64.07091948674773 64.07091948674773 
gen 289 208510 64.07091948674771 1.4210854715202004e-14 64.07091948674773 64.07091948674773 
gen 290 209230 64.07091948674771 1.4210854715202004e-14 64.07091948674773 64.07091948674773 
gen 291 209950 64.07091948674771 1.4210854715202004e-14 64.07091948674773 64.07091948674773 
gen 292 210670 64.07091948674771 1.4210854715202004e-14 64.07091948674773 64.07091948674773 
gen 293 211390 64.07091948674771 1.4210854715202004e-14 64.07091948674773 64.07091948674773 
gen 294 212110 64.07091948674771 1.4210854715202004e-14 64.07091948674773 64.07091948674773 
gen 295 212830 64.07091948674771 1.4210854715202004e-14 64.07091948674773 64.07091948674773 
gen 296 213550 64.07091948674771 1.4210854715202004e-14 64.07091948674773 64.07091948674773 
gen 297 214270 64.07091948674771 1.4210854715202004e-14 64.07091948674773 64.07091948674773 
gen 298 214990 64.07091948674771 1.4210854715202004e-14 64.07091948674773 64.07091948674773 
gen 299 215710 64.07091948674771 1.4210854715202004e-14 64.07091948674773 64.07091948674773 
gen 300 216430 64.07091948674771 1.4210854715202004e-14 64.07091948674773 64.07091948674773 
gen 301 217150 64.07091948674771 1.4210854715202004e-14 64.07091948674773 64.07091948674773 
gen 302 217870 64.07091948674771 1.4210854715202004e-14 64.07091948674773 64.07091948674773 
gen 303 218590 64.07091948674771 1.4210854715202004e-14 64.07091948674773 64.07091948674773 
gen 304 219310 64.07091948674771 1.4210854715202004e-14 64.07091948674773 64.07091948674773 
gen 305 220030 64.07091948674771 1.4210854715202004e-14 64.07091948674773 64.07091948674773 
gen 306 220750 64.07091948674771 1.4210854715202004e-14 64.07091948674773 64.07091948674773 
gen 307 221470 64.07091948674771 1.4210854715202004e-14 64.07091948674773 64.07091948674773 
gen 308 222190 64.07091948674771 1.4210854715202004e-14 64.07091948674773 64.07091948674773 
gen 309 222910 64.07091948674771 1.4210854715202004e-14 64.07091948674773 64.07091948674773 
gen 310 223630 64.07091948674771 1.4210854715202004e-14 64.07091948674773 64.07091948674773 
gen 311 224350 64.07091948674771 1.4210854715202004e-14 64.07091948674773 64.07091948674773 
gen 312 225070 64.07091948674771 1.4210854715202004e-14 64.07091948674773 64.07091948674773 
gen 313 225790 64.07091948674771 1.4210854715202004e-14 64.07091948674773 64.07091948674773 
gen 314 226510 64.07091948674771 1.4210854715202004e-14 64.07091948674773 64.07091948674773 
gen 315 227230 64.07091948674771 1.4210854715202004e-14 64.07091948674773 64.07091948674773 
gen 316 227950 64.07091948674771 1.4210854715202004e-14 64.07091948674773 64.07091948674773 
gen 317 228670 64.07091948674771 1.4210854715202004e-14 64.07091948674773 64.07091948674773 
gen 318 229390 64.07091948674771 1.4210854715202004e-14 64.07091948674773 64.07091948674773 
gen 319 230110 64.07091948674771 1.4210854715202004e-14 64.07091948674773 64.07091948674773 
gen 320 230830 64.07091948674771 1.4210854715202004e-14 64.07091948674773 64.07091948674773 
gen 321 231550 64.07091948674771 1.4210854715202004e-14 64.07091948674773 64.07091948674773 
gen 322 232270 64.07091948674771 1.4210854715202004e-14 64.07091948674773 64.07091948674773 
gen 323 232990 64.07091948674771 1.4210854715202004e-14 64.07091948674773 64.07091948674773 
gen 324 233710 64.07091948674771 1.4210854715202004e-14 64.07091948674773 64.07091948674773 
gen 325 234430 64.07091948674771 1.4210854715202004e-14 64.07091948674773 64.07091948674773 
gen 326 235150 64.07091948674771 1.4210854715202004e-14 64.07091948674773 64.07091948674773 
gen 327 235870 64.07091948674771 1.4210854715202004e-14 64.07091948674773 64.07091948674773 
gen 328 236590 64.07091948674771 1.4210854715202004e-14 64.07091948674773 64.07091948674773 
gen 329 237310 64.07091948674771 1.4210854715202004e-14 64.07091948674773 64.07091948674773 
gen 330 238030 64.07091948674771 1.4210854715202004e-14 64.07091948674773 64.07091948674773 
gen 331 238750 64.07091948674771 1.4210854715202004e-14 64.07091948674773 64.07091948674773 
gen 332 239470 64.07091948674771 1.4210854715202004e-14 64.07091948674773 64.07091948674773 
gen 333 240190 64.07091948674771 1.4210854715202004e-14 64.07091948674773 64.07091948674773 
gen 334 240910 64.07091948674771 1.4210854715202004e-14 64.07091948674773 64.07091948674773 
gen 335 241630 64.07091948674771 1.4210854715202004e-14 64.07091948674773 64.07091948674773 
gen 336 242350 64.07091948674771 1.4210854715202004e-14 64.07091948674773 64.07091948674773 
gen 337 243070 64.07091948674771 1.4210854715202004e-14 64.07091948674773 64.07091948674773 
gen 338 243790 64.07091948674771 1.4210854715202004e-14 64.07091948674773 64.07091948674773 
gen 339 244510 64.07091948674771 1.4210854715202004e-14 64.07091948674773 64.07091948674773 
gen 340 245230 64.07091948674771 1.4210854715202004e-14 64.07091948674773 64.07091948674773 
gen 341 245950 64.07091948674771 1.4210854715202004e-14 64.07091948674773 64.07091948674773 
gen 342 246670 64.07091948674771 1.4210854715202004e-14 64.07091948674773 64.07091948674773 
gen 343 247390 64.07091948674771 1.4210854715202004e-14 64.07091948674773 64.07091948674773 
gen 344 248110 64.07091948674771 1.4210854715202004e-14 64.07091948674773 64.07091948674773 
gen 345 248830 64.07091948674771 1.4210854715202004e-14 64.07091948674773 64.07091948674773 
gen 346 249550 64.07091948674771 1.4210854715202004e-14 64.07091948674773 64.07091948674773 
gen 347 250270 64.07091948674771 1.4210854715202004e-14 64.07091948674773 64.07091948674773 
gen 348 250990 64.07091948674771 1.4210854715202004e-14 64.07091948674773 64.07091948674773 
gen 349 251710 64.07091948674771 1.4210854715202004e-14 64.07091948674773 64.07091948674773 
gen 350 252430 64.07091948674771 1.4210854715202004e-14 64.07091948674773 64.07091948674773 
[9, 14, 7, 8, 0, 10, 16, 6, 1, 11, 17, 3, 15, 4, 2, 5, 12, 13, 1, 5, 7, 0, 9, 14, 12, 6, 8, 4, 2, 17, 10, 15, 3, 16, 13, 11, 4, 16, 3, 0, 9, 11, 10, 7, 5, 15, 13, 12, 17, 6, 2, 1, 14, 8, 3, 12, 16, 0, 13, 11, 15, 8, 4, 10, 7, 17, 9, 5, 1, 14, 6, 2, 9, 8, 17, 4, 1, 16, 13, 15, 11, 12, 2, 6, 0, 10, 5, 7, 3, 14, 10, 0, 7, 2, 16, 13, 12, 6, 4, 3, 8, 1, 14, 5, 11, 9, 17, 15, 15, 2, 13, 8, 14, 9, 1, 3, 7, 12, 4, 11, 10, 6, 0, 16, 17, 5, 0, 14, 6, 5, 12, 1, 15, 16, 2, 7, 17, 3, 13, 8, 9, 4, 11, 10, 8, 6, 13, 9, 11, 12, 15, 16, 14, 10, 0, 7, 2, 4, 3, 1, 5, 17, 1, 11, 5, 14, 0, 16, 4, 17, 13, 7, 15, 9, 8, 6, 2, 10, 3, 12, 1, 2, 17, 5, 4, 6, 11, 14, 15, 3, 9, 12, 8, 16, 7, 10, 0, 13, 16, 14, 10, 0, 7, 12, 2, 15, 6, 9, 4, 3, 13, 1, 5, 11, 17, 8, 3, 9, 4, 11, 14, 1, 2, 8, 12, 5, 7, 17, 13, 0, 16, 6, 15, 10, 9, 4, 3, 10, 8, 16, 2, 11, 14, 6, 1, 7, 0, 13, 5, 15, 17, 12, 11, 7, 1, 13, 5, 12, 8, 10, 15, 17, 4, 16, 6, 9, 0, 14, 2, 3, 14, 10, 16, 17, 5, 4, 2, 9, 8, 6, 12, 7, 0, 1, 11, 13, 3, 15, 1, 12, 13, 4, 6, 5, 8, 15, 0, 2, 17, 14, 3, 9, 7, 11, 16, 10, 4, 7, 5, 8, 6, 14, 3, 9, 10, 1, 17, 13, 12, 2, 15, 16, 11, 0, 14, 0, 12, 17, 16, 5, 6, 8, 2, 1, 10, 11, 4, 7, 13, 15, 3, 9, 1, 2, 15, 12, 13, 14, 3, 16, 9, 8, 17, 4, 0, 10, 6, 11, 5, 7]
min  64.07091948674773
NFE 252430
LSNFE 70
VLSNFE 8
runTime 668.1469669342041
