gen 0 360 65.63214353345641 0.3903062180909441 64.4700701965766 66.6113580620341 
gen 1 1080 65.20947763140795 0.20308837158257623 64.4700701965766 65.45478540751712 
gen 2 1800 64.98151980099183 0.1487301315142859 64.4700701965766 65.15933272408354 
gen 3 2520 64.83118906674463 0.12998376126382033 64.34974289359066 64.98666334672107 
gen 4 3260 64.70169713474404 0.0988938629368645 64.32622686576106 64.83150052712533 
gen 5 3980 64.60828264592165 0.07271829527754971 64.32622686576106 64.7082277332885 
gen 6 4700 64.54073448885666 0.0549207601589477 64.32622686576106 64.61718108551374 
gen 7 5420 64.48791877763315 0.050032621635366724 64.27498240668993 64.54727078564898 
gen 8 6140 64.44105543416873 0.04752364195536324 64.26316150905475 64.50134494131007 
gen 9 6860 64.3988166522039 0.04022126501716815 64.25849582388011 64.44971925306915 
gen 10 7580 64.36295199373536 0.03175948874045754 64.25829338551691 64.40597013448026 
gen 11 8300 64.33480525088406 0.024820050098496974 64.25747411738261 64.3665909757843 
gen 12 9020 64.31520632315939 0.0222102912767055 64.23739401034538 64.34286449163734 
gen 13 9740 64.2987629066146 0.020749493454068076 64.19177490197109 64.32368270076127 
gen 14 10460 64.28277585223915 0.01874289826460877 64.19177490197109 64.30607072885778 
gen 15 11180 64.2718235683312 0.017723517678792464 64.17508523358431 64.29216222196024 
gen 16 11900 64.26324350397714 0.016046714174869886 64.17508523358431 64.28116561677018 
gen 17 12620 64.2546613589546 0.01635472695735098 64.16170041358677 64.27315144266385 
gen 18 13340 64.24719869928555 0.015721238209892102 64.16170041358677 64.26560594276664 
gen 19 14060 64.2404001997671 0.015539641351584572 64.16170041358677 64.25787665580603 
gen 20 14780 64.23385257210076 0.015088584182774886 64.16170041358677 64.25028125663806 
gen 21 15500 64.22820019009482 0.014806961388114654 64.16170041358677 64.24407100502545 
gen 22 16220 64.22357027966513 0.013890062919879879 64.16170041358677 64.23885914231774 
gen 23 16940 64.21943031322908 0.013313387858688174 64.16170041358677 64.23412404406189 
gen 24 17660 64.2142973409328 0.01285066984137549 64.15709991626876 64.22964882713231 
gen 25 18380 64.21086542764056 0.012292882205194002 64.15709991626876 64.22547566542538 
gen 26 19100 64.20785678413434 0.011665101233722771 64.15709991626876 64.22163823107752 
gen 27 19820 64.20403256797455 0.011506062682858453 64.15709991626876 64.21777689573598 
gen 28 20540 64.20143296956235 0.011057593604964288 64.15709991626876 64.21488598595434 
gen 29 21260 64.19866443763667 0.010646805797322245 64.15709991626876 64.21125700393547 
gen 30 21980 64.19521121263074 0.010637015734848501 64.15082370870769 64.2076662829605 
gen 31 22700 64.19290464792984 0.010238682906723251 64.15082370870769 64.20514261964999 
gen 32 23420 64.19034678747222 0.010258719954815504 64.15082370870769 64.20236306176446 
gen 33 24140 64.18850314542208 0.010229453391624293 64.15052282795065 64.20031648528519 
gen 34 24860 64.18582836805324 0.010099791221171685 64.15052282795065 64.19779823932384 
gen 35 25580 64.18373659137376 0.009838141903378667 64.15052282795065 64.19569066585863 
gen 36 26300 64.18180196882207 0.009654701128314274 64.14879825947438 64.19371772083966 
gen 37 27020 64.17933302868067 0.009788754221693657 64.133775989633 64.19096989981632 
gen 38 27740 64.17739730186959 0.009877252788005678 64.12330399675726 64.1886045752221 
gen 39 28460 64.17512158991501 0.010307749946771926 64.12330399675726 64.18703218852491 
gen 40 29180 64.17323936853985 0.010196516667308751 64.12330399675726 64.1847321361592 
gen 41 29900 64.17049392052219 0.009988139070951413 64.12330399675726 64.1817740733601 
gen 42 30620 64.16720710084988 0.009702710283212764 64.12330399675726 64.1787977482379 
gen 43 31340 64.16519252299726 0.009292450268110132 64.12330399675726 64.1759308329155 
gen 44 32060 64.16383994972612 0.008867790398534185 64.12330399675726 64.17413235329643 
gen 45 32780 64.16239343381412 0.008467952548292579 64.12330399675726 64.17219332254732 
gen 46 33500 64.16069791225256 0.008755422967704459 64.11776944339563 64.17072065081607 
gen 47 34220 64.15958547744732 0.008452790770439271 64.11776944339563 64.16949831199862 
gen 48 34940 64.15856280901785 0.008255046830394982 64.11776944339563 64.16821402633546 
gen 49 35660 64.15718397775345 0.00833521489674263 64.1147963612878 64.1667529382427 
gen 50 36380 64.15579341977868 0.008232646314268953 64.1147963612878 64.16507119344868 
gen 51 37100 64.15422997380652 0.008041668622814396 64.1147963612878 64.16366027405135 
gen 52 37820 64.1524212250147 0.007930174289284386 64.1147963612878 64.16178427477361 
gen 53 38540 64.1506061102265 0.007718140570893208 64.1147963612878 64.15970372948826 
gen 54 39260 64.1494459712107 0.00783053826948032 64.1147963612878 64.15848042575401 
gen 55 39980 64.1483084690936 0.007547802058069338 64.1147963612878 64.15686780645076 
gen 56 40700 64.1463773872553 0.008075124086263478 64.10706919359278 64.1553306462949 
gen 57 41420 64.14494757539896 0.007833065374254421 64.10706919359278 64.15332825278324 
gen 58 42140 64.14331023249566 0.007615123028783904 64.10706919359278 64.15156923029352 
gen 59 42860 64.14182653202413 0.007566729542327536 64.10706919359278 64.15012133798662 
gen 60 43580 64.14005341694714 0.007710569148557103 64.10706919359278 64.1486032877564 
gen 61 44300 64.13844189052169 0.007678137610179432 64.10706919359278 64.14727743772585 
gen 62 45020 64.13535878106613 0.007658299096748067 64.10706919359278 64.1442632099391 
gen 63 45740 64.13287341516374 0.0076988098261181834 64.10379396617252 64.14194317478687 
gen 64 46460 64.13009762571778 0.007175791626796255 64.10379396617252 64.13920188504325 
gen 65 47180 64.12645135502073 0.007272734759058471 64.0983967360767 64.13492945874228 
gen 66 47900 64.12285452417841 0.0068131362941059245 64.0983967360767 64.13141216240798 
gen 67 48620 64.11940271683557 0.006469732627606184 64.0983967360767 64.12765551132478 
gen 68 49340 64.11660367675508 0.005825211487612447 64.0983967360767 64.12417335590877 
gen 69 50060 64.11400451061412 0.005468936956092143 64.09110104890406 64.12103608491907 
gen 70 50780 64.11149847895726 0.005261937594538904 64.09068606010541 64.11785286787605 
gen 71 51500 64.1089905245455 0.004811326643517737 64.09068606010541 64.11480350791392 
gen 72 52220 64.10678613020791 0.004722391920335291 64.09068606010541 64.11237762916255 
gen 73 52940 64.10465486117624 0.004324412566244923 64.08902628108088 64.10996465494249 
gen 74 53660 64.1029369827505 0.004193312157504952 64.08902628108088 64.10821519127963 
gen 75 54380 64.1012032908362 0.003910210441238407 64.08901749356173 64.10606298637425 
gen 76 55100 64.09958470500695 0.0038304228067878297 64.08123604937167 64.10423817106312 
gen 77 55820 64.09815873064994 0.003761459425943791 64.08123604937167 64.10268781427106 
gen 78 56540 64.0968555326968 0.0034109616055185287 64.08123604937167 64.10114877225803 
gen 79 57260 64.09562221961527 0.003419602020452934 64.08123604937167 64.0997848319655 
gen 80 57980 64.09446334181658 0.0033007027428010463 64.08033587667475 64.09849426853104 
gen 81 58700 64.09313028644748 0.0034568666443582554 64.0801436114032 64.09727397938805 
gen 82 59420 64.09178985848212 0.003472955690302361 64.0801436114032 64.09595580083122 
gen 83 60140 64.09045610793738 0.003338863483433535 64.0801436114032 64.09426240282238 
gen 84 60860 64.08932815302884 0.0032639900888355756 64.07791775955282 64.09316473252518 
gen 85 61580 64.08817443086188 0.0031087397483662064 64.07791775955282 64.09180552863873 
gen 86 62300 64.08676543936848 0.0030428500364371005 64.0753400982743 64.09043594168993 
gen 87 63020 64.08565323006638 0.002738697441811372 64.0753400982743 64.08911879607285 
gen 88 63750 64.08480192519424 0.002555204734769823 64.07420215663076 64.08823858682251 
gen 89 64470 64.08349437256054 0.0024205894813279596 64.07420215663076 64.08680473276374 
gen 90 65190 64.08264727003703 0.0022146167402708077 64.07370582631901 64.08531943780501 
gen 91 65910 64.08162760610074 0.0022219652430219452 64.07370582631901 64.08434723333131 
gen 92 66630 64.08076953482393 0.002034305969999696 64.07370582631901 64.08333808983552 
gen 93 67350 64.08013699809473 0.0019303123137087502 64.07370582631901 64.0823197643287 
gen 94 68070 64.0795150337218 0.0018856831212288349 64.07243988801656 64.0816631632841 
gen 95 68790 64.07871249476177 0.0018439492161684296 64.07243988801656 64.08096079034755 
gen 96 69510 64.07802442816133 0.0017163857086852166 64.07139957572046 64.08017490634259 
gen 97 70230 64.07740007303124 0.0016485010647557532 64.07139957572046 64.07951686973219 
gen 98 70950 64.07675570807366 0.0014041582986153728 64.07139957572046 64.07875058545429 
gen 99 71670 64.07611559259765 0.001319282585899458 64.07139957572046 64.07783298994575 
gen 100 72390 64.07550865615673 0.0013009670578467602 64.07139957572046 64.0770774230436 
gen 101 73110 64.07486493509377 0.001210794523097562 64.07078262158339 64.07636253403723 
gen 102 73830 64.07443534867127 0.0011285983139277724 64.07078262158339 64.07587326235353 
gen 103 74550 64.07397090270065 0.0010615095099801668 64.07078262158339 64.07540964569506 
gen 104 75270 64.0735370927118 0.0009335877207501277 64.07078262158339 64.07479396887297 
gen 105 75990 64.07314471835026 0.0008563390175426428 64.07044827485123 64.07425444616075 
gen 106 76710 64.07284290199792 0.0007590645937063998 64.07009544861494 64.07393719874042 
gen 107 77430 64.07260553611123 0.0006512007110338465 64.07009544861494 64.0735275623057 
gen 108 78150 64.07236452437658 0.0005967919673937486 64.07009544861494 64.07319143764077 
gen 109 78870 64.07221266592767 0.0005377429107275791 64.07009544861494 64.07293534547942 
gen 110 79590 64.07205962581722 0.0005102637905001347 64.07009544861494 64.07266664837393 
gen 111 80310 64.07194339179223 0.0004941345243114263 64.07009544861494 64.07247552330193 
gen 112 81030 64.07181457132134 0.0004914438275821762 64.07009544861494 64.07238074676637 
gen 113 81750 64.07170005577505 0.0004859640736031292 64.07009544861494 64.07230904980547 
gen 114 82470 64.07158393430977 0.00045804928628172703 64.07009544861494 64.0721819569068 
gen 115 83190 64.07144900927884 0.00042912280804575833 64.07009544861494 64.07202462934893 
gen 116 83910 64.07136276718239 0.0004028739258420459 64.07009544861494 64.07189689977643 
gen 117 84630 64.07127570643178 0.0003738466579647059 64.07009544861494 64.07178831065897 
gen 118 85350 64.07119889146293 0.00036015365406318907 64.06960754548139 64.07160418848028 
gen 119 86070 64.07115518282097 0.0003448860621623492 64.06960754548139 64.07156229260892 
gen 120 86790 64.07110975120148 0.0003298471927188776 64.06960754548139 64.07151961778364 
gen 121 87510 64.07105743809733 0.0003165607824527527 64.06960754548139 64.07145232752629 
gen 122 88230 64.07101935430494 0.0003043147677961759 64.06960754548139 64.07140022039113 
gen 123 88950 64.07095664519127 0.00029666219538249154 64.06960754548139 64.07133299009112 
gen 124 89670 64.07092913555455 0.0002837792632362268 64.06960754548139 64.07126413930928 
gen 125 90390 64.0709068056343 0.00027357755416180396 64.06960754548139 64.0712514384468 
gen 126 91110 64.07086315518619 0.0002648391753250653 64.06960754548139 64.0712514384468 
gen 127 91830 64.07082740618138 0.00024949633886818095 64.06960754548139 64.07119186290622 
gen 128 92550 64.07078389245926 0.0002497035778221504 64.06960754548139 64.07102576852743 
gen 129 93270 64.07075353773656 0.0002508324825847592 64.06960754548139 64.07102576852743 
gen 130 93990 64.07072878100438 0.00024725744018925285 64.06960754548139 64.07101111717215 
gen 131 94710 64.07070649478875 0.0002422287422150671 64.06960754548139 64.070923105679 
gen 132 95430 64.07068894615287 0.000251275998733505 64.06960754548139 64.07086462720784 
gen 133 96150 64.07066341883089 0.00025566307684435574 64.06960754548139 64.07086462720784 
gen 134 96870 64.07063761633877 0.0002702321396145223 64.06960754548139 64.07086462720784 
gen 135 97590 64.07059769375337 0.00027947728834287283 64.06960754548139 64.07086462720784 
gen 136 98310 64.07057425495378 0.0002738804092649207 64.06960754548139 64.07086462720784 
gen 137 99030 64.07054223779451 0.0002666007244799108 64.06960754548139 64.07086462720784 
gen 138 99750 64.07050335376124 0.0002606852597326331 64.06960754548139 64.07086462720784 
gen 139 100470 64.07047173987317 0.00023787640623401082 64.06960754548139 64.0708512662693 
gen 140 101190 64.07044020082932 0.00022586836659876727 64.06960754548139 64.07075375088408 
gen 141 101910 64.07041189267679 0.00022188492083637462 64.06960754548139 64.07064319798904 
gen 142 102630 64.07038388850422 0.00022659777625383745 64.06960754548139 64.07051495445297 
gen 143 103350 64.07036780801951 0.00023039462639497357 64.06960754548139 64.07051495445297 
gen 144 104070 64.0703460210045 0.00023720118968161377 64.06960754548139 64.07051495445297 
gen 145 104790 64.07029200669531 0.0002467483843985696 64.06960754548139 64.07051495445297 
gen 146 105510 64.07023858936113 0.0002448055006457797 64.06960754548139 64.07051495445297 
gen 147 106230 64.07013592271709 0.000207427589981174 64.06960754548139 64.07049684971786 
gen 148 106950 64.07004614291807 0.000142343313363537 64.06960754548139 64.07009544861494 
gen 149 107670 64.07003877117963 0.00015106603399637645 64.06960754548139 64.07009544861494 
gen 150 108390 64.07000836843206 0.00018174110735975628 64.06960754548139 64.07009544861494 
gen 151 109110 64.0699683479522 0.00020897993162007083 64.06960754548139 64.07009544861494 
gen 152 109830 64.06988102317236 0.00023706722216249723 64.06960754548139 64.07009544861494 
gen 153 110550 64.0697304437782 0.00020438142787838608 64.06960754548139 64.07009544861494 
gen 154 111270 64.06960754548139 0.0 64.06960754548139 64.06960754548139 
gen 155 111990 64.06960754548139 0.0 64.06960754548139 64.06960754548139 
gen 156 112710 64.06960754548139 0.0 64.06960754548139 64.06960754548139 
gen 157 113430 64.06960754548139 0.0 64.06960754548139 64.06960754548139 
gen 158 114150 64.06960754548139 0.0 64.06960754548139 64.06960754548139 
gen 159 114870 64.06960754548139 0.0 64.06960754548139 64.06960754548139 
gen 160 115590 64.06960754548139 0.0 64.06960754548139 64.06960754548139 
gen 161 116310 64.06960754548139 0.0 64.06960754548139 64.06960754548139 
gen 162 117030 64.06960754548139 0.0 64.06960754548139 64.06960754548139 
gen 163 117750 64.06960754548139 0.0 64.06960754548139 64.06960754548139 
gen 164 118470 64.06960754548139 0.0 64.06960754548139 64.06960754548139 
gen 165 119190 64.06960754548139 0.0 64.06960754548139 64.06960754548139 
gen 166 119910 64.06960754548139 0.0 64.06960754548139 64.06960754548139 
gen 167 120630 64.06960754548139 0.0 64.06960754548139 64.06960754548139 
gen 168 121350 64.06960754548139 0.0 64.06960754548139 64.06960754548139 
gen 169 122070 64.06960754548139 0.0 64.06960754548139 64.06960754548139 
gen 170 122790 64.06960754548139 0.0 64.06960754548139 64.06960754548139 
gen 171 123510 64.06960754548139 0.0 64.06960754548139 64.06960754548139 
gen 172 124230 64.06960754548139 0.0 64.06960754548139 64.06960754548139 
gen 173 124950 64.06960754548139 0.0 64.06960754548139 64.06960754548139 
gen 174 125670 64.06960754548139 0.0 64.06960754548139 64.06960754548139 
gen 175 126390 64.06960754548139 0.0 64.06960754548139 64.06960754548139 
gen 176 127110 64.06960754548139 0.0 64.06960754548139 64.06960754548139 
gen 177 127830 64.06960754548139 0.0 64.06960754548139 64.06960754548139 
gen 178 128550 64.06960754548139 0.0 64.06960754548139 64.06960754548139 
gen 179 129270 64.06960754548139 0.0 64.06960754548139 64.06960754548139 
gen 180 129990 64.06960754548139 0.0 64.06960754548139 64.06960754548139 
gen 181 130710 64.06960754548139 0.0 64.06960754548139 64.06960754548139 
gen 182 131430 64.06960754548139 0.0 64.06960754548139 64.06960754548139 
gen 183 132150 64.06960754548139 0.0 64.06960754548139 64.06960754548139 
gen 184 132870 64.06960754548139 0.0 64.06960754548139 64.06960754548139 
gen 185 133590 64.06960754548139 0.0 64.06960754548139 64.06960754548139 
gen 186 134310 64.06960754548139 0.0 64.06960754548139 64.06960754548139 
gen 187 135030 64.06960754548139 0.0 64.06960754548139 64.06960754548139 
gen 188 135750 64.06960754548139 0.0 64.06960754548139 64.06960754548139 
gen 189 136470 64.06960754548139 0.0 64.06960754548139 64.06960754548139 
gen 190 137190 64.06960754548139 0.0 64.06960754548139 64.06960754548139 
gen 191 137910 64.06960754548139 0.0 64.06960754548139 64.06960754548139 
gen 192 138630 64.06960754548139 0.0 64.06960754548139 64.06960754548139 
gen 193 139350 64.06960754548139 0.0 64.06960754548139 64.06960754548139 
gen 194 140070 64.06960754548139 0.0 64.06960754548139 64.06960754548139 
gen 195 140790 64.06960754548139 0.0 64.06960754548139 64.06960754548139 
gen 196 141510 64.06960754548139 0.0 64.06960754548139 64.06960754548139 
gen 197 142230 64.06960754548139 0.0 64.06960754548139 64.06960754548139 
gen 198 142950 64.06960754548139 0.0 64.06960754548139 64.06960754548139 
gen 199 143670 64.06960754548139 0.0 64.06960754548139 64.06960754548139 
gen 200 144390 64.06960754548139 0.0 64.06960754548139 64.06960754548139 
gen 201 145110 64.06960754548139 0.0 64.06960754548139 64.06960754548139 
gen 202 145830 64.06960754548139 0.0 64.06960754548139 64.06960754548139 
gen 203 146550 64.06960754548139 0.0 64.06960754548139 64.06960754548139 
gen 204 147270 64.06960754548139 0.0 64.06960754548139 64.06960754548139 
gen 205 147990 64.06960754548139 0.0 64.06960754548139 64.06960754548139 
gen 206 148710 64.06960754548139 0.0 64.06960754548139 64.06960754548139 
gen 207 149430 64.06960754548139 0.0 64.06960754548139 64.06960754548139 
gen 208 150150 64.06960754548139 0.0 64.06960754548139 64.06960754548139 
gen 209 150870 64.06960754548139 0.0 64.06960754548139 64.06960754548139 
gen 210 151590 64.06960754548139 0.0 64.06960754548139 64.06960754548139 
gen 211 152310 64.06960754548139 0.0 64.06960754548139 64.06960754548139 
gen 212 153030 64.06960754548139 0.0 64.06960754548139 64.06960754548139 
gen 213 153750 64.06960754548139 0.0 64.06960754548139 64.06960754548139 
gen 214 154470 64.06960754548139 0.0 64.06960754548139 64.06960754548139 
gen 215 155190 64.06960754548139 0.0 64.06960754548139 64.06960754548139 
gen 216 155910 64.06960754548139 0.0 64.06960754548139 64.06960754548139 
gen 217 156630 64.06960754548139 0.0 64.06960754548139 64.06960754548139 
gen 218 157350 64.06960754548139 0.0 64.06960754548139 64.06960754548139 
gen 219 158070 64.06960754548139 0.0 64.06960754548139 64.06960754548139 
gen 220 158790 64.06960754548139 0.0 64.06960754548139 64.06960754548139 
gen 221 159510 64.06960754548139 0.0 64.06960754548139 64.06960754548139 
gen 222 160230 64.06960754548139 0.0 64.06960754548139 64.06960754548139 
gen 223 160950 64.06960754548139 0.0 64.06960754548139 64.06960754548139 
gen 224 161670 64.06960754548139 0.0 64.06960754548139 64.06960754548139 
gen 225 162390 64.06960754548139 0.0 64.06960754548139 64.06960754548139 
gen 226 163110 64.06960754548139 0.0 64.06960754548139 64.06960754548139 
gen 227 163830 64.06960754548139 0.0 64.06960754548139 64.06960754548139 
gen 228 164550 64.06960754548139 0.0 64.06960754548139 64.06960754548139 
gen 229 165270 64.06960754548139 0.0 64.06960754548139 64.06960754548139 
gen 230 165990 64.06960754548139 0.0 64.06960754548139 64.06960754548139 
gen 231 166710 64.06960754548139 0.0 64.06960754548139 64.06960754548139 
gen 232 167430 64.06960754548139 0.0 64.06960754548139 64.06960754548139 
gen 233 168150 64.06960754548139 0.0 64.06960754548139 64.06960754548139 
gen 234 168870 64.06960754548139 0.0 64.06960754548139 64.06960754548139 
gen 235 169590 64.06960754548139 0.0 64.06960754548139 64.06960754548139 
gen 236 170310 64.06960754548139 0.0 64.06960754548139 64.06960754548139 
gen 237 171030 64.06960754548139 0.0 64.06960754548139 64.06960754548139 
gen 238 171750 64.06960754548139 0.0 64.06960754548139 64.06960754548139 
gen 239 172470 64.06960754548139 0.0 64.06960754548139 64.06960754548139 
gen 240 173190 64.06960754548139 0.0 64.06960754548139 64.06960754548139 
gen 241 173910 64.06960754548139 0.0 64.06960754548139 64.06960754548139 
gen 242 174630 64.06960754548139 0.0 64.06960754548139 64.06960754548139 
gen 243 175350 64.06960754548139 0.0 64.06960754548139 64.06960754548139 
gen 244 176070 64.06960754548139 0.0 64.06960754548139 64.06960754548139 
gen 245 176790 64.06960754548139 0.0 64.06960754548139 64.06960754548139 
gen 246 177510 64.06960754548139 0.0 64.06960754548139 64.06960754548139 
gen 247 178230 64.06960754548139 0.0 64.06960754548139 64.06960754548139 
gen 248 178950 64.06960754548139 0.0 64.06960754548139 64.06960754548139 
gen 249 179670 64.06960754548139 0.0 64.06960754548139 64.06960754548139 
gen 250 180390 64.06960754548139 0.0 64.06960754548139 64.06960754548139 
gen 251 181110 64.06960754548139 0.0 64.06960754548139 64.06960754548139 
gen 252 181830 64.06960754548139 0.0 64.06960754548139 64.06960754548139 
gen 253 182550 64.06960754548139 0.0 64.06960754548139 64.06960754548139 
gen 254 183270 64.06960754548139 0.0 64.06960754548139 64.06960754548139 
gen 255 183990 64.06960754548139 0.0 64.06960754548139 64.06960754548139 
gen 256 184710 64.06960754548139 0.0 64.06960754548139 64.06960754548139 
gen 257 185430 64.06960754548139 0.0 64.06960754548139 64.06960754548139 
gen 258 186150 64.06960754548139 0.0 64.06960754548139 64.06960754548139 
gen 259 186870 64.06960754548139 0.0 64.06960754548139 64.06960754548139 
gen 260 187590 64.06960754548139 0.0 64.06960754548139 64.06960754548139 
gen 261 188310 64.06960754548139 0.0 64.06960754548139 64.06960754548139 
gen 262 189030 64.06960754548139 0.0 64.06960754548139 64.06960754548139 
gen 263 189750 64.06960754548139 0.0 64.06960754548139 64.06960754548139 
gen 264 190470 64.06960754548139 0.0 64.06960754548139 64.06960754548139 
gen 265 191190 64.06960754548139 0.0 64.06960754548139 64.06960754548139 
gen 266 191910 64.06960754548139 0.0 64.06960754548139 64.06960754548139 
gen 267 192630 64.06960754548139 0.0 64.06960754548139 64.06960754548139 
gen 268 193350 64.06960754548139 0.0 64.06960754548139 64.06960754548139 
gen 269 194070 64.06960754548139 0.0 64.06960754548139 64.06960754548139 
gen 270 194790 64.06960754548139 0.0 64.06960754548139 64.06960754548139 
gen 271 195510 64.06960754548139 0.0 64.06960754548139 64.06960754548139 
gen 272 196230 64.06960754548139 0.0 64.06960754548139 64.06960754548139 
gen 273 196950 64.06960754548139 0.0 64.06960754548139 64.06960754548139 
gen 274 197670 64.06960754548139 0.0 64.06960754548139 64.06960754548139 
gen 275 198390 64.06960754548139 0.0 64.06960754548139 64.06960754548139 
gen 276 199110 64.06960754548139 0.0 64.06960754548139 64.06960754548139 
gen 277 199830 64.06960754548139 0.0 64.06960754548139 64.06960754548139 
gen 278 200550 64.06960754548139 0.0 64.06960754548139 64.06960754548139 
gen 279 201270 64.06960754548139 0.0 64.06960754548139 64.06960754548139 
gen 280 201990 64.06960754548139 0.0 64.06960754548139 64.06960754548139 
gen 281 202710 64.06960754548139 0.0 64.06960754548139 64.06960754548139 
gen 282 203430 64.06960754548139 0.0 64.06960754548139 64.06960754548139 
gen 283 204150 64.06960754548139 0.0 64.06960754548139 64.06960754548139 
gen 284 204870 64.06960754548139 0.0 64.06960754548139 64.06960754548139 
gen 285 205590 64.06960754548139 0.0 64.06960754548139 64.06960754548139 
gen 286 206310 64.06960754548139 0.0 64.06960754548139 64.06960754548139 
gen 287 207030 64.06960754548139 0.0 64.06960754548139 64.06960754548139 
gen 288 207750 64.06960754548139 0.0 64.06960754548139 64.06960754548139 
gen 289 208470 64.06960754548139 0.0 64.06960754548139 64.06960754548139 
gen 290 209190 64.06960754548139 0.0 64.06960754548139 64.06960754548139 
gen 291 209910 64.06960754548139 0.0 64.06960754548139 64.06960754548139 
gen 292 210630 64.06960754548139 0.0 64.06960754548139 64.06960754548139 
gen 293 211350 64.06960754548139 0.0 64.06960754548139 64.06960754548139 
gen 294 212070 64.06960754548139 0.0 64.06960754548139 64.06960754548139 
gen 295 212790 64.06960754548139 0.0 64.06960754548139 64.06960754548139 
gen 296 213510 64.06960754548139 0.0 64.06960754548139 64.06960754548139 
gen 297 214230 64.06960754548139 0.0 64.06960754548139 64.06960754548139 
gen 298 214950 64.06960754548139 0.0 64.06960754548139 64.06960754548139 
gen 299 215670 64.06960754548139 0.0 64.06960754548139 64.06960754548139 
gen 300 216390 64.06960754548139 0.0 64.06960754548139 64.06960754548139 
gen 301 217110 64.06960754548139 0.0 64.06960754548139 64.06960754548139 
gen 302 217830 64.06960754548139 0.0 64.06960754548139 64.06960754548139 
gen 303 218550 64.06960754548139 0.0 64.06960754548139 64.06960754548139 
gen 304 219270 64.06960754548139 0.0 64.06960754548139 64.06960754548139 
gen 305 219990 64.06960754548139 0.0 64.06960754548139 64.06960754548139 
gen 306 220710 64.06960754548139 0.0 64.06960754548139 64.06960754548139 
gen 307 221430 64.06960754548139 0.0 64.06960754548139 64.06960754548139 
gen 308 222150 64.06960754548139 0.0 64.06960754548139 64.06960754548139 
gen 309 222870 64.06960754548139 0.0 64.06960754548139 64.06960754548139 
gen 310 223590 64.06960754548139 0.0 64.06960754548139 64.06960754548139 
gen 311 224310 64.06960754548139 0.0 64.06960754548139 64.06960754548139 
gen 312 225030 64.06960754548139 0.0 64.06960754548139 64.06960754548139 
gen 313 225750 64.06960754548139 0.0 64.06960754548139 64.06960754548139 
gen 314 226470 64.06960754548139 0.0 64.06960754548139 64.06960754548139 
gen 315 227190 64.06960754548139 0.0 64.06960754548139 64.06960754548139 
gen 316 227910 64.06960754548139 0.0 64.06960754548139 64.06960754548139 
gen 317 228630 64.06960754548139 0.0 64.06960754548139 64.06960754548139 
gen 318 229350 64.06960754548139 0.0 64.06960754548139 64.06960754548139 
gen 319 230070 64.06960754548139 0.0 64.06960754548139 64.06960754548139 
gen 320 230790 64.06960754548139 0.0 64.06960754548139 64.06960754548139 
gen 321 231510 64.06960754548139 0.0 64.06960754548139 64.06960754548139 
gen 322 232230 64.06960754548139 0.0 64.06960754548139 64.06960754548139 
gen 323 232950 64.06960754548139 0.0 64.06960754548139 64.06960754548139 
gen 324 233670 64.06960754548139 0.0 64.06960754548139 64.06960754548139 
gen 325 234390 64.06960754548139 0.0 64.06960754548139 64.06960754548139 
gen 326 235110 64.06960754548139 0.0 64.06960754548139 64.06960754548139 
gen 327 235830 64.06960754548139 0.0 64.06960754548139 64.06960754548139 
gen 328 236550 64.06960754548139 0.0 64.06960754548139 64.06960754548139 
gen 329 237270 64.06960754548139 0.0 64.06960754548139 64.06960754548139 
gen 330 237990 64.06960754548139 0.0 64.06960754548139 64.06960754548139 
gen 331 238710 64.06960754548139 0.0 64.06960754548139 64.06960754548139 
gen 332 239430 64.06960754548139 0.0 64.06960754548139 64.06960754548139 
gen 333 240150 64.06960754548139 0.0 64.06960754548139 64.06960754548139 
gen 334 240870 64.06960754548139 0.0 64.06960754548139 64.06960754548139 
gen 335 241590 64.06960754548139 0.0 64.06960754548139 64.06960754548139 
gen 336 242310 64.06960754548139 0.0 64.06960754548139 64.06960754548139 
gen 337 243030 64.06960754548139 0.0 64.06960754548139 64.06960754548139 
gen 338 243750 64.06960754548139 0.0 64.06960754548139 64.06960754548139 
gen 339 244470 64.06960754548139 0.0 64.06960754548139 64.06960754548139 
gen 340 245190 64.06960754548139 0.0 64.06960754548139 64.06960754548139 
gen 341 245910 64.06960754548139 0.0 64.06960754548139 64.06960754548139 
gen 342 246630 64.06960754548139 0.0 64.06960754548139 64.06960754548139 
gen 343 247350 64.06960754548139 0.0 64.06960754548139 64.06960754548139 
gen 344 248070 64.06960754548139 0.0 64.06960754548139 64.06960754548139 
gen 345 248790 64.06960754548139 0.0 64.06960754548139 64.06960754548139 
gen 346 249510 64.06960754548139 0.0 64.06960754548139 64.06960754548139 
gen 347 250230 64.06960754548139 0.0 64.06960754548139 64.06960754548139 
gen 348 250950 64.06960754548139 0.0 64.06960754548139 64.06960754548139 
gen 349 251670 64.06960754548139 0.0 64.06960754548139 64.06960754548139 
gen 350 252390 64.06960754548139 0.0 64.06960754548139 64.06960754548139 
[6, 10, 8, 13, 11, 17, 7, 0, 5, 9, 16, 14, 1, 2, 12, 15, 4, 3, 13, 5, 12, 6, 16, 8, 15, 4, 9, 17, 7, 14, 2, 0, 11, 1, 10, 3, 4, 13, 11, 1, 12, 8, 9, 2, 5, 7, 10, 15, 16, 6, 0, 17, 3, 14, 2, 7, 3, 13, 11, 16, 14, 15, 9, 4, 10, 6, 17, 8, 5, 1, 0, 12, 16, 14, 17, 2, 12, 5, 6, 9, 11, 0, 13, 15, 1, 10, 3, 4, 7, 8, 10, 14, 0, 12, 7, 2, 9, 15, 4, 3, 6, 13, 11, 17, 16, 1, 5, 8, 15, 11, 6, 17, 0, 4, 10, 16, 3, 12, 5, 2, 8, 7, 9, 1, 13, 14, 3, 1, 15, 2, 7, 6, 0, 10, 12, 5, 13, 11, 17, 8, 14, 9, 16, 4, 8, 6, 13, 9, 11, 12, 15, 16, 10, 14, 0, 7, 2, 4, 3, 17, 1, 5, 3, 11, 2, 6, 14, 7, 0, 16, 8, 10, 13, 12, 15, 4, 9, 1, 5, 17, 9, 0, 11, 10, 17, 16, 1, 5, 14, 7, 3, 12, 4, 8, 2, 13, 6, 15, 15, 16, 6, 10, 14, 0, 7, 2, 4, 13, 3, 8, 17, 9, 1, 5, 12, 11, 9, 0, 3, 15, 14, 17, 1, 2, 11, 7, 12, 8, 5, 10, 6, 16, 4, 13, 6, 10, 4, 3, 16, 9, 0, 14, 2, 17, 1, 8, 15, 11, 12, 7, 13, 5, 0, 1, 15, 6, 16, 4, 12, 10, 13, 9, 8, 2, 17, 7, 5, 14, 11, 3, 0, 4, 10, 2, 1, 15, 7, 14, 9, 12, 16, 5, 17, 11, 3, 6, 8, 13, 3, 0, 6, 14, 8, 1, 15, 4, 5, 10, 2, 16, 7, 13, 11, 12, 17, 9, 7, 8, 10, 0, 9, 16, 5, 12, 1, 2, 15, 14, 6, 17, 4, 13, 11, 3, 2, 17, 0, 7, 16, 6, 15, 1, 11, 12, 14, 8, 10, 13, 9, 4, 5, 3, 8, 7, 14, 1, 2, 4, 13, 12, 15, 0, 10, 11, 5, 6, 3, 9, 17, 16]
min  64.06960754548139
NFE 252390
LSNFE 30
VLSNFE 3
runTime 670.9431912899017
