gen 0 360 65.62678763303032 0.3742856826439306 64.62360874120827 66.57790602234572 
gen 1 1080 65.21146535991069 0.17598567981286722 64.62360874120827 65.43838788279221 
gen 2 1800 64.98417164819293 0.14578871617606204 64.42687051343354 65.16246544220009 
gen 3 2520 64.82432086231226 0.11826711667951474 64.42687051343354 64.97976234329919 
gen 4 3240 64.69476671291642 0.09223593068205657 64.34089090981284 64.81679446765693 
gen 5 3960 64.60862605236531 0.07577719346054866 64.34089090981284 64.69977860772762 
gen 6 4680 64.54071860661371 0.06508734222457063 64.34089090981284 64.62430110315123 
gen 7 5400 64.4808241099184 0.055018753716095846 64.3050770405792 64.5544518022544 
gen 8 6120 64.43150614167037 0.042905548788710376 64.25483762203484 64.48492075039267 
gen 9 6840 64.39508704812967 0.03485679774650076 64.25483762203484 64.44055492534325 
gen 10 7560 64.36365257888299 0.03076673836699205 64.25483762203484 64.39872799713186 
gen 11 8280 64.33494265697311 0.02959552645975125 64.23169059179338 64.36944314400236 
gen 12 9000 64.30850319794737 0.023489307774866994 64.23076703999185 64.33953941699421 
gen 13 9720 64.2908481742065 0.018795302806736188 64.2090353667686 64.31453645984804 
gen 14 10440 64.27698742204394 0.016188587311660566 64.2090353667686 64.29735087196124 
gen 15 11160 64.26790125994839 0.0143848863495097 64.2090353667686 64.28570737372027 
gen 16 11880 64.25940998239247 0.014053922409044612 64.19734641485067 64.27634326424794 
gen 17 12600 64.2516014977331 0.013848817975145249 64.19734641485067 64.26781832600331 
gen 18 13320 64.24344435040673 0.014453418120459676 64.18851526804067 64.25924706875536 
gen 19 14040 64.23706200096696 0.01377159151966551 64.18851526804067 64.25369931537612 
gen 20 14760 64.23071637474459 0.01350666207379409 64.15964480488142 64.24724546780385 
gen 21 15480 64.22490075787296 0.012973055289400287 64.15964480488142 64.24008370692142 
gen 22 16200 64.22101006551917 0.012630480047605912 64.15964480488142 64.23604333712741 
gen 23 16920 64.21733587971127 0.0120831881031014 64.15964480488142 64.2311562936416 
gen 24 17640 64.21366502277202 0.011981090843430712 64.15964480488142 64.2271054490414 
gen 25 18360 64.21002956537463 0.011767217058193665 64.15964480488142 64.22374370261616 
gen 26 19080 64.20630191824642 0.012021752033562188 64.15346571789736 64.22003797113318 
gen 27 19800 64.20398036702261 0.011780165252092158 64.15346571789736 64.21730559499329 
gen 28 20520 64.20127500137504 0.011749726073661584 64.15346571789736 64.21425978048512 
gen 29 21240 64.19845691837132 0.011446612682264776 64.15346571789736 64.21179665994657 
gen 30 21960 64.19571155507583 0.011423880040238662 64.15346571789736 64.20885557403733 
gen 31 22680 64.19348716133543 0.011324729179513762 64.15346571789736 64.20661006098351 
gen 32 23410 64.19087348150444 0.010744504194438962 64.14875959910869 64.20309556274015 
gen 33 24130 64.18880826512338 0.010662716661887874 64.14875959910869 64.20137252113285 
gen 34 24850 64.18641471102744 0.010505843695100114 64.14875959910869 64.19884671323456 
gen 35 25570 64.18429995711269 0.010508392885808472 64.14296946444715 64.19663081599278 
gen 36 26290 64.18228456167702 0.010119567396717889 64.14296946444715 64.19385560713188 
gen 37 27010 64.18043150076792 0.009739783689052851 64.14296946444715 64.19188028355256 
gen 38 27730 64.1787290444224 0.00970381238873458 64.13839938869855 64.18965507243334 
gen 39 28470 64.17665206978884 0.009639655595001947 64.13571386959525 64.18801715230288 
gen 40 29190 64.1740184727124 0.009472318191006272 64.13571386959525 64.18555478164504 
gen 41 29910 64.17122185557882 0.009183040492885187 64.13571386959525 64.1828765499811 
gen 42 30630 64.16852532146201 0.009191737252098871 64.13151285299006 64.17986910662412 
gen 43 31350 64.1652513916821 0.009070858086909163 64.13151285299006 64.17609772433411 
gen 44 32070 64.16239761287412 0.008359879949400193 64.13151285299006 64.17297598549435 
gen 45 32790 64.16005298359458 0.008382009929916176 64.12693777570803 64.16992441944907 
gen 46 33520 64.15747119879588 0.008230450023539853 64.12639565712814 64.16698652332515 
gen 47 34240 64.15512410061653 0.008077475512295861 64.12122118077365 64.16429101776747 
gen 48 34960 64.15193947982367 0.007995794934321022 64.12122118077365 64.16198656377352 
gen 49 35680 64.14946033548735 0.007488344420301618 64.12122118077365 64.15850091902942 
gen 50 36400 64.14680324893523 0.007298051502134046 64.12122118077365 64.15562118459445 
gen 51 37120 64.14402598611512 0.007269371972835671 64.11533311698459 64.15273296212732 
gen 52 37840 64.1415379151807 0.006911784020723895 64.11275300094431 64.1496925044441 
gen 53 38560 64.13963469925436 0.006683419946723705 64.11275300094431 64.14761810406615 
gen 54 39280 64.13706368659763 0.006485824059171215 64.11027585854588 64.14469986299508 
gen 55 40000 64.13543847037661 0.005971655906036508 64.11027585854588 64.14261539392331 
gen 56 40720 64.13378068754513 0.005616370255954682 64.11027585854588 64.14048257242268 
gen 57 41440 64.13239328229103 0.005387071595522781 64.11027585854588 64.13883951840988 
gen 58 42160 64.13087882951415 0.005023888312630001 64.11027585854588 64.13705099867855 
gen 59 42880 64.12940741857206 0.005027895695895844 64.10584410450159 64.13539739408965 
gen 60 43600 64.12784513634037 0.005066232437459096 64.10584410450159 64.13400865168323 
gen 61 44320 64.12622306656695 0.005184537834234506 64.10347148776881 64.1322920752168 
gen 62 45040 64.12498098674371 0.005040021301703735 64.10347148776881 64.13099649236763 
gen 63 45760 64.12360451328789 0.00507157369617345 64.10347148776881 64.12944998628875 
gen 64 46480 64.1219527888817 0.004957750138237345 64.09741557490709 64.12782425220011 
gen 65 47200 64.12042306624905 0.005118013526448283 64.09623841315388 64.12646973746493 
gen 66 47920 64.11925726355246 0.0049229776078006954 64.09623841315388 64.12496129360032 
gen 67 48640 64.11811632519475 0.004755043507228171 64.09623841315388 64.12371194248787 
gen 68 49360 64.11718749064346 0.004505581424185635 64.09623841315388 64.1223818169201 
gen 69 50080 64.11632932145254 0.004461967227197603 64.09623841315388 64.12144490742791 
gen 70 50800 64.11485324356448 0.00451038180959916 64.09623841315388 64.12014358156367 
gen 71 51520 64.11354368908182 0.0046476463276674965 64.09596573303223 64.11871307629733 
gen 72 52240 64.11238867576512 0.004732564682335077 64.09541963897435 64.11778086599466 
gen 73 52960 64.11089218114628 0.004836216077794977 64.09224700838968 64.11636876602604 
gen 74 53680 64.10951380296649 0.004972415177665423 64.08780259734976 64.11521779710746 
gen 75 54400 64.10849262360443 0.004682871089856782 64.08780259734976 64.11393334835995 
gen 76 55120 64.10671855765433 0.00468854323677033 64.08780259734976 64.11234748618597 
gen 77 55840 64.10510722151326 0.004516720379870028 64.08780259734976 64.11053923993929 
gen 78 56560 64.10326294636953 0.004200059991148821 64.08736973292808 64.10837630870901 
gen 79 57280 64.1020131876582 0.004039403735388965 64.08633791472964 64.1070191236464 
gen 80 58000 64.10040111590168 0.0037589565573228007 64.08633791472964 64.10506645548148 
gen 81 58720 64.09859962915647 0.0037681565208987633 64.08601227094078 64.10318797426412 
gen 82 59440 64.09638666279106 0.0036457139632672243 64.08601227094078 64.10097743132557 
gen 83 60160 64.09464845921204 0.003241343846322921 64.08349687491464 64.09891453470152 
gen 84 60880 64.09285028370537 0.002666430791024824 64.08349687491464 64.0965737095277 
gen 85 61600 64.0914498261799 0.0024728351678609023 64.08179064734001 64.09460458443458 
gen 86 62320 64.09045617249511 0.0022254001194024144 64.08179064734001 64.09313870337448 
gen 87 63040 64.08941300660756 0.002176024184166407 64.08148517494763 64.09198860075135 
gen 88 63760 64.08855665407967 0.0021682846348669007 64.08003782224557 64.09110182857306 
gen 89 64480 64.08757359304339 0.0020123474757176075 64.08003782224557 64.09005998149784 
gen 90 65200 64.08658046188634 0.0018952518431539884 64.07837110202777 64.0889355825968 
gen 91 65920 64.08564043305292 0.001850035271208817 64.0760844026226 64.08771117497533 
gen 92 66640 64.08484969491153 0.0017464666971248079 64.0760844026226 64.0869044954308 
gen 93 67360 64.08414185956366 0.0016294822881667975 64.0760844026226 64.0862076424351 
gen 94 68080 64.08346908436785 0.0014997218406905314 64.0760844026226 64.08542352892303 
gen 95 68800 64.08291404897349 0.0013483017729138313 64.0760844026226 64.08457486110426 
gen 96 69520 64.08232136945979 0.0013317527795694303 64.07566578321914 64.08389697036866 
gen 97 70240 64.08164224992106 0.0013574801968040313 64.07566578321914 64.0832103216557 
gen 98 70960 64.08101948168621 0.0013761561670780078 64.07508413653575 64.08263652956971 
gen 99 71680 64.0805540006651 0.0013458921774814905 64.07493456976081 64.08207467661872 
gen 100 72400 64.08005405026182 0.00128562001009307 64.07493456976081 64.08152546795378 
gen 101 73120 64.07956494038015 0.0012382828386344271 64.07493456976081 64.08094800911738 
gen 102 73840 64.07910315565587 0.0011974144667416592 64.07493456976081 64.08050360519628 
gen 103 74560 64.07859394556598 0.0011731944813483184 64.07354056911339 64.08002201351063 
gen 104 75280 64.07826376655575 0.001081128035398306 64.07354056911339 64.07962257746628 
gen 105 76000 64.07779090090251 0.0010817521018897914 64.07354056911339 64.07896022418925 
gen 106 76720 64.07741900124721 0.001061568501962898 64.07354056911339 64.07865116188012 
gen 107 77440 64.07709376480508 0.001054357015299008 64.07354056911339 64.07835173758721 
gen 108 78160 64.0767160070698 0.0009775860503656488 64.07354056911339 64.07792753571995 
gen 109 78880 64.07630927422419 0.000905539928332048 64.07354056911339 64.07758149767483 
gen 110 79600 64.07589914095345 0.0008301955671162984 64.0730594202983 64.07702295850278 
gen 111 80320 64.07559202083172 0.0007664785437151721 64.0730594202983 64.0766535410283 
gen 112 81040 64.07526739739951 0.0007097914752764042 64.0730594202983 64.07610291941734 
gen 113 81760 64.07507952979812 0.0006642823158553325 64.0730594202983 64.07589743145677 
gen 114 82480 64.07491957122487 0.0006299807388409937 64.0730594202983 64.07569114730691 
gen 115 83200 64.07474944516841 0.0005743719019500889 64.0730594202983 64.07552440729937 
gen 116 83920 64.07459237368886 0.0005357392140447412 64.0730594202983 64.0752886960703 
gen 117 84640 64.07445624211738 0.000515106537662098 64.0730594202983 64.0750967928785 
gen 118 85360 64.07429753272505 0.00048594828437188123 64.07261917488448 64.07488686641402 
gen 119 86080 64.07414268887402 0.0004375836486505371 64.07261917488448 64.07479129368046 
gen 120 86800 64.07398453273899 0.0003651192632546584 64.07261917488448 64.07458461536606 
gen 121 87520 64.07386934182202 0.00031980553194243936 64.07261917488448 64.07433671740276 
gen 122 88240 64.07377087658614 0.000276556136027211 64.07261917488448 64.07429123443244 
gen 123 88960 64.07367908038817 0.00023320656747061495 64.07261917488448 64.07395918081016 
gen 124 89680 64.07362815721858 0.00021974941184821632 64.07261917488448 64.07392636936282 
gen 125 90400 64.07353053300811 0.00015719012031081874 64.07261917488448 64.07389632324282 
gen 126 91120 64.07349262056749 0.00014148412177926478 64.07261917488448 64.07354056911339 
gen 127 91840 64.07348298358991 0.00015235540374639744 64.07261917488448 64.07354056911339 
gen 128 92560 64.07347370727622 0.00016113739053037732 64.07261917488448 64.07354056911339 
gen 129 93280 64.07344689757203 0.00018569185200386384 64.07261917488448 64.07354056911339 
gen 130 94000 64.0734100832404 0.00020622546289400547 64.07261917488448 64.07354056911339 
gen 131 94720 64.073363792712 0.00022004150488495066 64.07261917488448 64.07354056911339 
gen 132 95440 64.07326892285859 0.00021832427328124382 64.07261917488448 64.07354056911339 
gen 133 96160 64.07313677437013 0.00012425232996549014 64.07261917488448 64.07354056911339 
gen 134 96880 64.07308854900788 4.932613734406115e-05 64.07261917488448 64.07315398654958 
gen 135 97600 64.07306630173173 4.7489983168375264e-05 64.07261917488448 64.07307171574395 
gen 136 98320 64.07306626757772 4.749049855668997e-05 64.07261917488448 64.07307171574395 
gen 137 99040 64.0730661162149 4.750787762048064e-05 64.07261917488448 64.07307171574395 
gen 138 99760 64.07306599900609 4.752447079343057e-05 64.07261917488448 64.07307171574395 
gen 139 100480 64.07306589654404 4.752528953017324e-05 64.07261917488448 64.07307171574395 
gen 140 101200 64.07306581348924 4.754117097268493e-05 64.07261917488448 64.07307171574395 
gen 141 101920 64.07306581348924 4.754117097268493e-05 64.07261917488448 64.07307171574395 
gen 142 102640 64.07306577933522 4.754133505068222e-05 64.07261917488448 64.07307171574395 
gen 143 103360 64.07306448812328 5.303273523949006e-05 64.07261917488448 64.07307171574395 
gen 144 104080 64.07306445396924 5.303202876364899e-05 64.07261917488448 64.07307171574395 
gen 145 104800 64.07306445396924 5.303202876364899e-05 64.07261917488448 64.07307171574395 
gen 146 105520 64.0730642342984 5.304074367756135e-05 64.07261917488448 64.07307171574395 
gen 147 106240 64.07306420014439 5.303987386295458e-05 64.07261917488448 64.07307171574395 
gen 148 106960 64.07306391682597 5.3073149711148574e-05 64.07261917488448 64.07307171574395 
gen 149 107680 64.07306379961717 5.30831473534491e-05 64.07261917488448 64.07307171574395 
gen 150 108400 64.0730624400972 5.8004981438001725e-05 64.07261917488448 64.07307171574395 
gen 151 109120 64.07306228873436 5.8009224938247383e-05 64.07261917488448 64.07307171574395 
gen 152 109840 64.07306208381027 5.799727730087617e-05 64.07261917488448 64.07307171574395 
gen 153 110560 64.07306186413942 5.7996269532536046e-05 64.07261917488448 64.07307171574395 
gen 154 111280 64.07305909619865 6.666102040772201e-05 64.07261917488448 64.07307171574395 
gen 155 112000 64.07305639656593 7.422769460194116e-05 64.07261917488448 64.07307171574395 
gen 156 112720 64.07305585476217 7.417845426036564e-05 64.07261917488448 64.07307171574395 
gen 157 113440 64.07305503430051 7.413545740544782e-05 64.07261917488448 64.07307171574395 
gen 158 114160 64.0730519248196 8.080333207976026e-05 64.07261917488448 64.07307171574395 
gen 159 114880 64.07304705529148 8.966686593492731e-05 64.07261917488448 64.07307171574395 
gen 160 115600 64.07304217101661 9.749083488818466e-05 64.07261917488448 64.07307171574395 
gen 161 116320 64.07303073479547 0.00011287252692254212 64.07261917488448 64.07307171574395 
gen 162 117040 64.0730148074858 0.00013223620809913413 64.07261917488448 64.07307171574395 
gen 163 117760 64.07299607533592 0.0001480247760059637 64.07261917488448 64.0730594202983 
gen 164 118480 64.07297249824036 0.00016759123857861108 64.07261917488448 64.0730594202983 
gen 165 119200 64.07295249205502 0.00017975971522635098 64.07261917488448 64.0730594202983 
gen 166 119920 64.0729202572149 0.00019326846575768176 64.07261917488448 64.0730594202983 
gen 167 120640 64.0728856735995 0.00020398959289200807 64.07261917488448 64.07304181601845 
gen 168 121360 64.07284927950185 0.00021048406467143781 64.07261917488448 64.07304181601845 
gen 169 122080 64.07278940534121 0.00020728720382575115 64.07261917488448 64.07304181601845 
gen 170 122800 64.07270487711442 0.0001699306194578428 64.07261917488448 64.07304181601845 
gen 171 123520 64.07261917488448 0.0 64.07261917488448 64.07261917488448 
gen 172 124240 64.07261917488448 0.0 64.07261917488448 64.07261917488448 
gen 173 124960 64.07261917488448 0.0 64.07261917488448 64.07261917488448 
gen 174 125680 64.07261917488448 0.0 64.07261917488448 64.07261917488448 
gen 175 126400 64.07261917488448 0.0 64.07261917488448 64.07261917488448 
gen 176 127120 64.07261917488448 0.0 64.07261917488448 64.07261917488448 
gen 177 127840 64.07261917488448 0.0 64.07261917488448 64.07261917488448 
gen 178 128560 64.07261917488448 0.0 64.07261917488448 64.07261917488448 
gen 179 129280 64.07261917488448 0.0 64.07261917488448 64.07261917488448 
gen 180 130000 64.07261917488448 0.0 64.07261917488448 64.07261917488448 
gen 181 130720 64.07261917488448 0.0 64.07261917488448 64.07261917488448 
gen 182 131440 64.07261917488448 0.0 64.07261917488448 64.07261917488448 
gen 183 132160 64.07261917488448 0.0 64.07261917488448 64.07261917488448 
gen 184 132880 64.07261917488448 0.0 64.07261917488448 64.07261917488448 
gen 185 133600 64.07261917488448 0.0 64.07261917488448 64.07261917488448 
gen 186 134320 64.07261917488448 0.0 64.07261917488448 64.07261917488448 
gen 187 135040 64.07261917488448 0.0 64.07261917488448 64.07261917488448 
gen 188 135760 64.07261917488448 0.0 64.07261917488448 64.07261917488448 
gen 189 136480 64.07261917488448 0.0 64.07261917488448 64.07261917488448 
gen 190 137200 64.07261917488448 0.0 64.07261917488448 64.07261917488448 
gen 191 137920 64.07261917488448 0.0 64.07261917488448 64.07261917488448 
gen 192 138640 64.07261917488448 0.0 64.07261917488448 64.07261917488448 
gen 193 139360 64.07261917488448 0.0 64.07261917488448 64.07261917488448 
gen 194 140080 64.07261917488448 0.0 64.07261917488448 64.07261917488448 
gen 195 140800 64.07261917488448 0.0 64.07261917488448 64.07261917488448 
gen 196 141520 64.07261917488448 0.0 64.07261917488448 64.07261917488448 
gen 197 142240 64.07261917488448 0.0 64.07261917488448 64.07261917488448 
gen 198 142960 64.07261917488448 0.0 64.07261917488448 64.07261917488448 
gen 199 143680 64.07261917488448 0.0 64.07261917488448 64.07261917488448 
gen 200 144400 64.07261917488448 0.0 64.07261917488448 64.07261917488448 
gen 201 145120 64.07261917488448 0.0 64.07261917488448 64.07261917488448 
gen 202 145840 64.07261917488448 0.0 64.07261917488448 64.07261917488448 
gen 203 146560 64.07261917488448 0.0 64.07261917488448 64.07261917488448 
gen 204 147280 64.07261917488448 0.0 64.07261917488448 64.07261917488448 
gen 205 148000 64.07261917488448 0.0 64.07261917488448 64.07261917488448 
gen 206 148720 64.07261917488448 0.0 64.07261917488448 64.07261917488448 
gen 207 149440 64.07261917488448 0.0 64.07261917488448 64.07261917488448 
gen 208 150160 64.07261917488448 0.0 64.07261917488448 64.07261917488448 
gen 209 150880 64.07261917488448 0.0 64.07261917488448 64.07261917488448 
gen 210 151600 64.07261917488448 0.0 64.07261917488448 64.07261917488448 
gen 211 152320 64.07261917488448 0.0 64.07261917488448 64.07261917488448 
gen 212 153040 64.07261917488448 0.0 64.07261917488448 64.07261917488448 
gen 213 153760 64.07261917488448 0.0 64.07261917488448 64.07261917488448 
gen 214 154480 64.07261917488448 0.0 64.07261917488448 64.07261917488448 
gen 215 155200 64.07261917488448 0.0 64.07261917488448 64.07261917488448 
gen 216 155920 64.07261917488448 0.0 64.07261917488448 64.07261917488448 
gen 217 156640 64.07261917488448 0.0 64.07261917488448 64.07261917488448 
gen 218 157360 64.07261917488448 0.0 64.07261917488448 64.07261917488448 
gen 219 158080 64.07261917488448 0.0 64.07261917488448 64.07261917488448 
gen 220 158800 64.07261917488448 0.0 64.07261917488448 64.07261917488448 
gen 221 159520 64.07261917488448 0.0 64.07261917488448 64.07261917488448 
gen 222 160240 64.07261917488448 0.0 64.07261917488448 64.07261917488448 
gen 223 160960 64.07261917488448 0.0 64.07261917488448 64.07261917488448 
gen 224 161680 64.07261917488448 0.0 64.07261917488448 64.07261917488448 
gen 225 162400 64.07261917488448 0.0 64.07261917488448 64.07261917488448 
gen 226 163120 64.07261917488448 0.0 64.07261917488448 64.07261917488448 
gen 227 163840 64.07261917488448 0.0 64.07261917488448 64.07261917488448 
gen 228 164560 64.07261917488448 0.0 64.07261917488448 64.07261917488448 
gen 229 165280 64.07261917488448 0.0 64.07261917488448 64.07261917488448 
gen 230 166000 64.07261917488448 0.0 64.07261917488448 64.07261917488448 
gen 231 166720 64.07261917488448 0.0 64.07261917488448 64.07261917488448 
gen 232 167440 64.07261917488448 0.0 64.07261917488448 64.07261917488448 
gen 233 168160 64.07261917488448 0.0 64.07261917488448 64.07261917488448 
gen 234 168880 64.07261917488448 0.0 64.07261917488448 64.07261917488448 
gen 235 169600 64.07261917488448 0.0 64.07261917488448 64.07261917488448 
gen 236 170320 64.07261917488448 0.0 64.07261917488448 64.07261917488448 
gen 237 171040 64.07261917488448 0.0 64.07261917488448 64.07261917488448 
gen 238 171760 64.07261917488448 0.0 64.07261917488448 64.07261917488448 
gen 239 172480 64.07261917488448 0.0 64.07261917488448 64.07261917488448 
gen 240 173200 64.07261917488448 0.0 64.07261917488448 64.07261917488448 
gen 241 173920 64.07261917488448 0.0 64.07261917488448 64.07261917488448 
gen 242 174640 64.07261917488448 0.0 64.07261917488448 64.07261917488448 
gen 243 175360 64.07261917488448 0.0 64.07261917488448 64.07261917488448 
gen 244 176080 64.07261917488448 0.0 64.07261917488448 64.07261917488448 
gen 245 176800 64.07261917488448 0.0 64.07261917488448 64.07261917488448 
gen 246 177520 64.07261917488448 0.0 64.07261917488448 64.07261917488448 
gen 247 178240 64.07261917488448 0.0 64.07261917488448 64.07261917488448 
gen 248 178960 64.07261917488448 0.0 64.07261917488448 64.07261917488448 
gen 249 179680 64.07261917488448 0.0 64.07261917488448 64.07261917488448 
gen 250 180400 64.07261917488448 0.0 64.07261917488448 64.07261917488448 
gen 251 181120 64.07261917488448 0.0 64.07261917488448 64.07261917488448 
gen 252 181840 64.07261917488448 0.0 64.07261917488448 64.07261917488448 
gen 253 182560 64.07261917488448 0.0 64.07261917488448 64.07261917488448 
gen 254 183280 64.07261917488448 0.0 64.07261917488448 64.07261917488448 
gen 255 184000 64.07261917488448 0.0 64.07261917488448 64.07261917488448 
gen 256 184720 64.07261917488448 0.0 64.07261917488448 64.07261917488448 
gen 257 185440 64.07261917488448 0.0 64.07261917488448 64.07261917488448 
gen 258 186160 64.07261917488448 0.0 64.07261917488448 64.07261917488448 
gen 259 186880 64.07261917488448 0.0 64.07261917488448 64.07261917488448 
gen 260 187600 64.07261917488448 0.0 64.07261917488448 64.07261917488448 
gen 261 188320 64.07261917488448 0.0 64.07261917488448 64.07261917488448 
gen 262 189040 64.07261917488448 0.0 64.07261917488448 64.07261917488448 
gen 263 189760 64.07261917488448 0.0 64.07261917488448 64.07261917488448 
gen 264 190480 64.07261917488448 0.0 64.07261917488448 64.07261917488448 
gen 265 191200 64.07261917488448 0.0 64.07261917488448 64.07261917488448 
gen 266 191920 64.07261917488448 0.0 64.07261917488448 64.07261917488448 
gen 267 192640 64.07261917488448 0.0 64.07261917488448 64.07261917488448 
gen 268 193360 64.07261917488448 0.0 64.07261917488448 64.07261917488448 
gen 269 194080 64.07261917488448 0.0 64.07261917488448 64.07261917488448 
gen 270 194800 64.07261917488448 0.0 64.07261917488448 64.07261917488448 
gen 271 195520 64.07261917488448 0.0 64.07261917488448 64.07261917488448 
gen 272 196240 64.07261917488448 0.0 64.07261917488448 64.07261917488448 
gen 273 196960 64.07261917488448 0.0 64.07261917488448 64.07261917488448 
gen 274 197680 64.07261917488448 0.0 64.07261917488448 64.07261917488448 
gen 275 198400 64.07261917488448 0.0 64.07261917488448 64.07261917488448 
gen 276 199120 64.07261917488448 0.0 64.07261917488448 64.07261917488448 
gen 277 199840 64.07261917488448 0.0 64.07261917488448 64.07261917488448 
gen 278 200560 64.07261917488448 0.0 64.07261917488448 64.07261917488448 
gen 279 201280 64.07261917488448 0.0 64.07261917488448 64.07261917488448 
gen 280 202000 64.07261917488448 0.0 64.07261917488448 64.07261917488448 
gen 281 202720 64.07261917488448 0.0 64.07261917488448 64.07261917488448 
gen 282 203440 64.07261917488448 0.0 64.07261917488448 64.07261917488448 
gen 283 204160 64.07261917488448 0.0 64.07261917488448 64.07261917488448 
gen 284 204880 64.07261917488448 0.0 64.07261917488448 64.07261917488448 
gen 285 205600 64.07261917488448 0.0 64.07261917488448 64.07261917488448 
gen 286 206320 64.07261917488448 0.0 64.07261917488448 64.07261917488448 
gen 287 207040 64.07261917488448 0.0 64.07261917488448 64.07261917488448 
gen 288 207760 64.07261917488448 0.0 64.07261917488448 64.07261917488448 
gen 289 208480 64.07261917488448 0.0 64.07261917488448 64.07261917488448 
gen 290 209200 64.07261917488448 0.0 64.07261917488448 64.07261917488448 
gen 291 209920 64.07261917488448 0.0 64.07261917488448 64.07261917488448 
gen 292 210640 64.07261917488448 0.0 64.07261917488448 64.07261917488448 
gen 293 211360 64.07261917488448 0.0 64.07261917488448 64.07261917488448 
gen 294 212080 64.07261917488448 0.0 64.07261917488448 64.07261917488448 
gen 295 212800 64.07261917488448 0.0 64.07261917488448 64.07261917488448 
gen 296 213520 64.07261917488448 0.0 64.07261917488448 64.07261917488448 
gen 297 214240 64.07261917488448 0.0 64.07261917488448 64.07261917488448 
gen 298 214960 64.07261917488448 0.0 64.07261917488448 64.07261917488448 
gen 299 215680 64.07261917488448 0.0 64.07261917488448 64.07261917488448 
gen 300 216400 64.07261917488448 0.0 64.07261917488448 64.07261917488448 
gen 301 217120 64.07261917488448 0.0 64.07261917488448 64.07261917488448 
gen 302 217840 64.07261917488448 0.0 64.07261917488448 64.07261917488448 
gen 303 218560 64.07261917488448 0.0 64.07261917488448 64.07261917488448 
gen 304 219280 64.07261917488448 0.0 64.07261917488448 64.07261917488448 
gen 305 220000 64.07261917488448 0.0 64.07261917488448 64.07261917488448 
gen 306 220720 64.07261917488448 0.0 64.07261917488448 64.07261917488448 
gen 307 221440 64.07261917488448 0.0 64.07261917488448 64.07261917488448 
gen 308 222160 64.07261917488448 0.0 64.07261917488448 64.07261917488448 
gen 309 222880 64.07261917488448 0.0 64.07261917488448 64.07261917488448 
gen 310 223600 64.07261917488448 0.0 64.07261917488448 64.07261917488448 
gen 311 224320 64.07261917488448 0.0 64.07261917488448 64.07261917488448 
gen 312 225040 64.07261917488448 0.0 64.07261917488448 64.07261917488448 
gen 313 225760 64.07261917488448 0.0 64.07261917488448 64.07261917488448 
gen 314 226480 64.07261917488448 0.0 64.07261917488448 64.07261917488448 
gen 315 227200 64.07261917488448 0.0 64.07261917488448 64.07261917488448 
gen 316 227920 64.07261917488448 0.0 64.07261917488448 64.07261917488448 
gen 317 228640 64.07261917488448 0.0 64.07261917488448 64.07261917488448 
gen 318 229360 64.07261917488448 0.0 64.07261917488448 64.07261917488448 
gen 319 230080 64.07261917488448 0.0 64.07261917488448 64.07261917488448 
gen 320 230800 64.07261917488448 0.0 64.07261917488448 64.07261917488448 
gen 321 231520 64.07261917488448 0.0 64.07261917488448 64.07261917488448 
gen 322 232240 64.07261917488448 0.0 64.07261917488448 64.07261917488448 
gen 323 232960 64.07261917488448 0.0 64.07261917488448 64.07261917488448 
gen 324 233680 64.07261917488448 0.0 64.07261917488448 64.07261917488448 
gen 325 234400 64.07261917488448 0.0 64.07261917488448 64.07261917488448 
gen 326 235120 64.07261917488448 0.0 64.07261917488448 64.07261917488448 
gen 327 235840 64.07261917488448 0.0 64.07261917488448 64.07261917488448 
gen 328 236560 64.07261917488448 0.0 64.07261917488448 64.07261917488448 
gen 329 237280 64.07261917488448 0.0 64.07261917488448 64.07261917488448 
gen 330 238000 64.07261917488448 0.0 64.07261917488448 64.07261917488448 
gen 331 238720 64.07261917488448 0.0 64.07261917488448 64.07261917488448 
gen 332 239440 64.07261917488448 0.0 64.07261917488448 64.07261917488448 
gen 333 240160 64.07261917488448 0.0 64.07261917488448 64.07261917488448 
gen 334 240880 64.07261917488448 0.0 64.07261917488448 64.07261917488448 
gen 335 241600 64.07261917488448 0.0 64.07261917488448 64.07261917488448 
gen 336 242320 64.07261917488448 0.0 64.07261917488448 64.07261917488448 
gen 337 243040 64.07261917488448 0.0 64.07261917488448 64.07261917488448 
gen 338 243760 64.07261917488448 0.0 64.07261917488448 64.07261917488448 
gen 339 244480 64.07261917488448 0.0 64.07261917488448 64.07261917488448 
gen 340 245200 64.07261917488448 0.0 64.07261917488448 64.07261917488448 
gen 341 245920 64.07261917488448 0.0 64.07261917488448 64.07261917488448 
gen 342 246640 64.07261917488448 0.0 64.07261917488448 64.07261917488448 
gen 343 247360 64.07261917488448 0.0 64.07261917488448 64.07261917488448 
gen 344 248080 64.07261917488448 0.0 64.07261917488448 64.07261917488448 
gen 345 248800 64.07261917488448 0.0 64.07261917488448 64.07261917488448 
gen 346 249520 64.07261917488448 0.0 64.07261917488448 64.07261917488448 
gen 347 250240 64.07261917488448 0.0 64.07261917488448 64.07261917488448 
gen 348 250960 64.07261917488448 0.0 64.07261917488448 64.07261917488448 
gen 349 251680 64.07261917488448 0.0 64.07261917488448 64.07261917488448 
gen 350 252400 64.07261917488448 0.0 64.07261917488448 64.07261917488448 
[16, 5, 12, 14, 7, 8, 11, 6, 17, 10, 15, 2, 4, 13, 0, 9, 1, 3, 2, 12, 17, 10, 8, 1, 4, 5, 3, 14, 11, 7, 15, 13, 16, 9, 0, 6, 8, 9, 6, 7, 4, 13, 10, 15, 12, 14, 3, 1, 16, 17, 0, 11, 5, 2, 10, 15, 11, 5, 8, 7, 1, 2, 14, 13, 16, 4, 6, 12, 3, 9, 17, 0, 10, 5, 17, 1, 3, 6, 12, 11, 16, 7, 15, 4, 2, 13, 9, 8, 14, 0, 10, 14, 2, 7, 0, 6, 4, 11, 3, 8, 1, 12, 9, 16, 15, 13, 17, 5, 10, 2, 4, 17, 7, 0, 16, 11, 9, 12, 5, 3, 13, 8, 6, 1, 14, 15, 8, 15, 5, 16, 0, 11, 14, 4, 9, 1, 10, 7, 2, 6, 12, 17, 13, 3, 8, 6, 13, 9, 11, 12, 15, 16, 10, 14, 2, 7, 0, 4, 3, 1, 17, 5, 13, 11, 10, 7, 12, 0, 5, 1, 3, 16, 9, 6, 4, 14, 2, 8, 17, 15, 15, 9, 1, 11, 12, 3, 17, 14, 7, 16, 4, 6, 13, 8, 0, 2, 10, 5, 16, 10, 14, 2, 7, 0, 4, 3, 8, 13, 1, 6, 17, 15, 12, 11, 5, 9, 3, 0, 1, 13, 12, 14, 10, 17, 15, 4, 7, 8, 2, 11, 16, 5, 6, 9, 4, 3, 12, 1, 2, 9, 8, 16, 6, 17, 15, 0, 10, 13, 5, 11, 7, 14, 6, 15, 2, 11, 7, 9, 14, 13, 17, 16, 1, 4, 0, 10, 3, 12, 5, 8, 5, 16, 11, 8, 4, 0, 9, 6, 1, 12, 13, 15, 2, 7, 3, 17, 14, 10, 1, 13, 6, 2, 17, 5, 11, 14, 15, 16, 3, 0, 12, 8, 4, 10, 9, 7, 15, 0, 2, 8, 17, 7, 11, 16, 14, 6, 5, 4, 3, 10, 9, 12, 1, 13, 16, 8, 11, 17, 3, 15, 1, 13, 12, 5, 6, 10, 9, 14, 7, 2, 4, 0, 15, 14, 16, 8, 1, 12, 6, 5, 9, 11, 4, 13, 7, 0, 10, 3, 2, 17]
min  64.07261917488448
NFE 252400
LSNFE 40
VLSNFE 4
runTime 661.2570705413818
