gen 0 360 65.59870013571845 0.3626347185937578 64.59012727376762 66.57020853491917 
gen 1 1080 65.21277487904125 0.18617591313559334 64.4634388201803 65.44170026262809 
gen 2 1800 64.99030468752372 0.14961410758452973 64.4634388201803 65.18087878771505 
gen 3 2520 64.83077338075461 0.1175519564005529 64.4634388201803 64.9868977280872 
gen 4 3240 64.71251778357231 0.09427269012832774 64.39831412748624 64.82929170166493 
gen 5 3960 64.62132071066709 0.07301606267563376 64.32781024767498 64.71597468335402 
gen 6 4680 64.55132265686967 0.06301322675131311 64.32781024767498 64.63416460065959 
gen 7 5400 64.49036394942037 0.054416548011915165 64.30738095356757 64.55911249281323 
gen 8 6120 64.44596833361467 0.048183361292396566 64.27615650926462 64.50539007627714 
gen 9 6840 64.40540610496397 0.040008562830305794 64.27615650926462 64.45631972508393 
gen 10 7560 64.37073045504684 0.03340277419217252 64.2417532617625 64.41402722761157 
gen 11 8280 64.34352084915736 0.028704762683845236 64.2417532617625 64.37819656864288 
gen 12 9000 64.32401054191988 0.02453719221333579 64.2417532617625 64.35522183818678 
gen 13 9720 64.30595527623453 0.02179636737099219 64.23615486883666 64.33263449290197 
gen 14 10440 64.29150562224119 0.020420866309634418 64.21298954389412 64.31660368618299 
gen 15 11160 64.27924095483014 0.017900932948319265 64.20004768267206 64.30084768777401 
gen 16 11880 64.26792479282119 0.01671567370474454 64.20004768267206 64.28782135538118 
gen 17 12600 64.25849079708999 0.015785465921154176 64.20004768267206 64.2771514816688 
gen 18 13320 64.25068265084415 0.015436645392919442 64.16524096510734 64.26817438579923 
gen 19 14040 64.24400756158258 0.014982108401278506 64.16524096510734 64.26131977080604 
gen 20 14760 64.23844986448249 0.01469918207388228 64.16524096510734 64.25455742522354 
gen 21 15480 64.23276998959508 0.014776959314699896 64.16524096510734 64.24955353908636 
gen 22 16200 64.22825767542723 0.014217975101885157 64.16524096510734 64.24505400776609 
gen 23 16920 64.22464471124377 0.013382691989782917 64.16524096510734 64.23952447800842 
gen 24 17640 64.22049982054301 0.013189340639876417 64.16524096510734 64.23441092286433 
gen 25 18360 64.21614874911748 0.013199464252057999 64.16524096510734 64.23166373481983 
gen 26 19080 64.21339975363261 0.013193911894475975 64.16524096510734 64.22849660677316 
gen 27 19800 64.21017448868223 0.013155260727617484 64.16397366640082 64.22514833485074 
gen 28 20520 64.2065170041357 0.012701436947899889 64.16155954764984 64.22125758583726 
gen 29 21240 64.20397994322303 0.012332159320279666 64.16155954764984 64.21780258360788 
gen 30 21960 64.20173144737365 0.01202200584172701 64.16155954764984 64.215293830189 
gen 31 22680 64.19878402654793 0.011781390038071021 64.15846670508795 64.2128483782295 
gen 32 23400 64.19627182583069 0.011367254388011777 64.15846670508795 64.21035972790615 
gen 33 24120 64.19417086193475 0.010855686186427944 64.15846670508795 64.20739779517906 
gen 34 24840 64.1913079776305 0.01095385272935134 64.14230170949607 64.20437001859293 
gen 35 25560 64.18882533708171 0.010420695643905142 64.14230170949607 64.20170743983202 
gen 36 26280 64.1867048781043 0.010132156012303082 64.14230170949607 64.19965140844793 
gen 37 27000 64.18520898223717 0.00983970403699575 64.14230170949607 64.19724242777542 
gen 38 27720 64.18269967476917 0.009604022419774833 64.14230170949607 64.19470169441968 
gen 39 28440 64.1805340403988 0.009623915925962932 64.14230170949607 64.19244898508104 
gen 40 29160 64.1792700621026 0.009561776824960467 64.13624633859722 64.19105020129388 
gen 41 29880 64.1767453542575 0.00925026349311242 64.13624633859722 64.18833752823065 
gen 42 30600 64.17482830694372 0.009275387617812198 64.13624633859722 64.18637864693247 
gen 43 31320 64.17334904086512 0.00892785101538349 64.13624633859722 64.18457422468477 
gen 44 32040 64.17206027971598 0.008467002205943755 64.13624633859722 64.18207652659612 
gen 45 32760 64.17073197812205 0.00849982999507148 64.13624633859722 64.18091761129857 
gen 46 33480 64.16940634832788 0.008434511892123745 64.13624633859722 64.17941909559136 
gen 47 34200 64.16793415578987 0.008188370920681833 64.13624633859722 64.17766497190841 
gen 48 34920 64.16655240179661 0.008117974255010606 64.13624633859722 64.17604668384595 
gen 49 35640 64.16494068976732 0.008148022299412428 64.13074405305332 64.17436268272064 
gen 50 36360 64.16341091491432 0.008169207231222237 64.13074405305332 64.17248912685066 
gen 51 37090 64.16191224795826 0.00848522588169524 64.1125675186277 64.170985844683 
gen 52 37810 64.1600496759369 0.009141382088161183 64.1125675186277 64.169943549626 
gen 53 38530 64.1579665054059 0.009255575336848792 64.1125675186277 64.16803321263272 
gen 54 39250 64.15598890902757 0.009321000290977599 64.1125675186277 64.16609317416926 
gen 55 39970 64.1537167385291 0.009625632250161094 64.1125675186277 64.16426891263941 
gen 56 40700 64.15160307731678 0.0094964922974519 64.11085163420972 64.16230619724288 
gen 57 41420 64.14949879520678 0.009234743249120549 64.11085163420972 64.16020941522127 
gen 58 42140 64.14710404924786 0.008748636611419164 64.11085163420972 64.15731775056506 
gen 59 42860 64.14399172902979 0.008957861680253056 64.10232073379251 64.15440703288147 
gen 60 43580 64.14105998422103 0.008411786060706862 64.10232073379251 64.15105730207095 
gen 61 44300 64.13809575667814 0.008153819780568847 64.10232073379251 64.14796874878255 
gen 62 45020 64.13497565334546 0.007842021912794062 64.10232073379251 64.144200292532 
gen 63 45740 64.13196852883912 0.0075898319585304425 64.10099803829509 64.14136566237597 
gen 64 46460 64.12907690358362 0.007201199442467478 64.10099803829509 64.13778605302441 
gen 65 47180 64.12595096968266 0.006760816031267205 64.09812800856376 64.13378086438686 
gen 66 47900 64.12287408576366 0.006356922712532315 64.09812046182036 64.13044377728889 
gen 67 48620 64.1205400817696 0.005989945141204199 64.09812046182036 64.12742989165439 
gen 68 49340 64.11845552344715 0.0057056974756058065 64.09812046182036 64.12511781372702 
gen 69 50060 64.11642317882745 0.0055202378705378865 64.09812046182036 64.12320967765275 
gen 70 50780 64.1147821412468 0.005103471939007864 64.09812046182036 64.12110303812106 
gen 71 51500 64.11295592687057 0.005245412585709772 64.09561884891157 64.11942228330024 
gen 72 52220 64.11108850749726 0.005034286426683037 64.09479305111188 64.1172155273159 
gen 73 52940 64.10942017682287 0.0046076729473954635 64.09479305111188 64.11536558668678 
gen 74 53660 64.10780203863239 0.004455403978358468 64.0914232506383 64.1136413181005 
gen 75 54380 64.1056247129652 0.004325925121407312 64.08942935955267 64.1109590685107 
gen 76 55100 64.1039500352343 0.003965222115640607 64.08942935955267 64.1090485555092 
gen 77 55820 64.10271614338366 0.0038378047673710298 64.08706238920472 64.10774999278578 
gen 78 56540 64.1015727593799 0.0036893464539671807 64.08706238920472 64.10636308470764 
gen 79 57260 64.10073600863531 0.003546965353035164 64.08706238920472 64.1052510061439 
gen 80 57980 64.09952089005682 0.0035847586432458116 64.08706238920472 64.10382080024182 
gen 81 58700 64.09860594773119 0.0034989053835770205 64.08697757020833 64.10292040396723 
gen 82 59420 64.09783569889011 0.0032718120695418925 64.08697757020833 64.1019480620769 
gen 83 60140 64.09693817045539 0.003172078569763258 64.08697757020833 64.10101048645751 
gen 84 60860 64.09605443002964 0.0030311027308638364 64.08478570988557 64.0996422095134 
gen 85 61580 64.09532131702736 0.003041145981366011 64.08308700314082 64.0989469979381 
gen 86 62300 64.0946347324199 0.002993286818164388 64.08308700314082 64.09825830517674 
gen 87 63020 64.0939213223331 0.0029344176080059858 64.08308700314082 64.097446631506 
gen 88 63740 64.0933496986925 0.002947292467598648 64.08308700314082 64.09688183423876 
gen 89 64460 64.0925934945037 0.0027728375945913117 64.08308700314082 64.09608308935253 
gen 90 65180 64.09209186476912 0.0025770544458256464 64.08308700314082 64.09540637896201 
gen 91 65900 64.09119766072443 0.002485481225610363 64.08227894104704 64.09441215235283 
gen 92 66620 64.09045661047779 0.002386889414729169 64.08227894104704 64.09355935983822 
gen 93 67340 64.08976841190243 0.002303787328178085 64.07866980408835 64.09271648051474 
gen 94 68060 64.08905643856687 0.0022361999824514556 64.07866980408835 64.09186537720667 
gen 95 68780 64.08855327761492 0.00216226459403561 64.07866980408835 64.09106294981694 
gen 96 69500 64.08796138152996 0.0021140434562579077 64.07866980408835 64.09037822334854 
gen 97 70220 64.08740114600454 0.0021067234998719485 64.07866980408835 64.08996344262849 
gen 98 70940 64.08694707974128 0.002082712108093626 64.07695378434708 64.08924293204808 
gen 99 71660 64.08646681999197 0.001986294828596542 64.07695378434708 64.08879183304774 
gen 100 72380 64.08589743567198 0.0018644296307714595 64.07695378434708 64.0882963443575 
gen 101 73100 64.08540007140566 0.001878696351875003 64.07695378434708 64.0877810459763 
gen 102 73820 64.08489856808734 0.0018280427835001215 64.07674080297188 64.08732350350576 
gen 103 74550 64.08439226391134 0.001821517674845982 64.07635190448663 64.08665803296998 
gen 104 75270 64.08386611816414 0.0018046742551630394 64.07635190448663 64.08612706633593 
gen 105 75990 64.08351843092532 0.0017836995367059541 64.07635190448663 64.08562503381448 
gen 106 76710 64.0829757896912 0.0019352774174541936 64.07416079018721 64.08511984305022 
gen 107 77430 64.08248079594836 0.0018786788261378731 64.07416079018721 64.0846154316424 
gen 108 78150 64.08192958534222 0.0018409900089660467 64.07416079018721 64.0841317689135 
gen 109 78870 64.08144124485352 0.0017424334549424653 64.07416079018721 64.08362948683086 
gen 110 79590 64.08089317558095 0.0016733639794718805 64.07416079018721 64.08301136869567 
gen 111 80310 64.08050234162803 0.0015819704010610377 64.07416079018721 64.08235488336373 
gen 112 81030 64.08009685072264 0.0015778557915378851 64.07416079018721 64.08195176329012 
gen 113 81750 64.07967362216604 0.001565697774407069 64.07416079018721 64.08149368981996 
gen 114 82470 64.07915730826787 0.0015412955958640985 64.07416079018721 64.08104326733796 
gen 115 83190 64.07875914788376 0.0014160037163200665 64.07416079018721 64.08066503285895 
gen 116 83910 64.07831398964466 0.001317308110594974 64.07348378299255 64.08016881169657 
gen 117 84630 64.07788215075688 0.00118068581723177 64.07348378299255 64.07950063694263 
gen 118 85350 64.07738423778422 0.0010983548695664782 64.07348378299255 64.07883909800469 
gen 119 86070 64.07695719161053 0.0009991624260631217 64.07348378299255 64.07834861267337 
gen 120 86790 64.07662826038231 0.0008723002274821949 64.07348378299255 64.07782403359764 
gen 121 87510 64.07634736086995 0.0007756607483001494 64.07348378299255 64.07753225223422 
gen 122 88230 64.07607450933247 0.0006807978388980414 64.07348378299255 64.07702436811223 
gen 123 88950 64.0758559893616 0.0006373703245782006 64.07304448193048 64.07667226174073 
gen 124 89670 64.07567690863871 0.0006406796208908766 64.07304448193048 64.07638261110634 
gen 125 90390 64.07553530139121 0.0006063865445887502 64.07304448193048 64.07624654008654 
gen 126 91110 64.07541380133536 0.0005754625765006686 64.07304448193048 64.07611044239097 
gen 127 91830 64.07530842033788 0.0005488782802606911 64.07304448193048 64.07598491493852 
gen 128 92550 64.07520392365532 0.0005365331853986087 64.07304448193048 64.07584210116536 
gen 129 93270 64.07503886306488 0.0005291278083603289 64.07304448193048 64.0757118644787 
gen 130 93990 64.0748964722733 0.0005047764552559389 64.07304448193048 64.07549289406859 
gen 131 94710 64.07480089819657 0.00047625922633730066 64.07304448193048 64.0754583324137 
gen 132 95430 64.07467202695219 0.00043320667484877885 64.07304448193048 64.07527152659071 
gen 133 96150 64.0745359648928 0.0003880323305135471 64.07304448193048 64.07508888948436 
gen 134 96870 64.07439482859728 0.0003263832396301839 64.07304448193048 64.07497885313335 
gen 135 97590 64.07427949946326 0.00024241487228667203 64.07304448193048 64.0747080507201 
gen 136 98310 64.07419330123648 0.00018860087076691875 64.07304448193048 64.0745104739826 
gen 137 99030 64.0741322073544 0.0001283896831494711 64.07304448193048 64.07416079018721 
gen 138 99750 64.07412598912447 0.00013250640872302722 64.07304448193048 64.07416079018721 
gen 139 100470 64.07411940043555 0.0001361940791791009 64.07304448193048 64.07416079018721 
gen 140 101190 64.07410996931647 0.000138950875413022 64.07304448193048 64.07416079018721 
gen 141 101910 64.07409713412964 0.00014697896216548368 64.07304448193048 64.07416079018721 
gen 142 102630 64.07407768044166 0.00015893773352674222 64.07304448193048 64.07416079018721 
gen 143 103350 64.07405574385686 0.0001566475824066184 64.07304448193048 64.07416079018721 
gen 144 104070 64.07404747238887 0.00016519762500269135 64.07304448193048 64.07409410756877 
gen 145 104790 64.07403399108483 0.00018469872862179152 64.07304448193048 64.07409410756877 
gen 146 105510 64.07401715634364 0.00020101008094204566 64.07304448193048 64.07409410756877 
gen 147 106230 64.07398713275481 0.0002259130295854722 64.07304448193048 64.07409410756877 
gen 148 106950 64.07393753443398 0.00025503703460023143 64.07304448193048 64.07409410756877 
gen 149 107670 64.07386544525058 0.0002761871560532081 64.07304448193048 64.07409410756877 
gen 150 108390 64.07376104495094 0.00027274371683867776 64.07304448193048 64.07409410756877 
gen 151 109110 64.07363941956963 0.00021806933994463447 64.07304448193048 64.0739837779121 
gen 152 109830 64.07352748712071 8.592028120539961e-05 64.07304448193048 64.0735432217146 
gen 153 110550 64.07352471634414 9.310918291899131e-05 64.07304448193048 64.0735432217146 
gen 154 111270 64.07352333095585 9.64731810008359e-05 64.07304448193048 64.0735432217146 
gen 155 111990 64.07352056017928 0.00010281570048054073 64.07304448193048 64.0735432217146 
gen 156 112710 64.07352022996416 0.00010283783557057851 64.07304448193048 64.0735432217146 
gen 157 113430 64.07351884457587 0.00010583451410962522 64.07304448193048 64.0735432217146 
gen 158 114150 64.07351745918757 0.00010873099708627594 64.07304448193048 64.0735432217146 
gen 159 114870 64.073514688411 0.00011425359786113879 64.07304448193048 64.0735432217146 
gen 160 115590 64.07351330302271 0.00011689248979510445 64.07304448193048 64.0735432217146 
gen 161 116310 64.07351330302271 0.00011689248979510445 64.07304448193048 64.0735432217146 
gen 162 117030 64.07351053224613 0.00012195194733498372 64.07304448193048 64.0735432217146 
gen 163 117750 64.07350637608126 0.00012905860250506337 64.07304448193048 64.0735432217146 
gen 164 118470 64.07349529297494 0.00014575371536471594 64.07304448193048 64.0735432217146 
gen 165 119190 64.07347728292719 0.0001678562279872581 64.07304448193048 64.0735432217146 
gen 166 119910 64.07346758520916 0.00017787465755157825 64.07304448193048 64.0735432217146 
gen 167 120630 64.07345927287943 0.00018563016286415795 64.07304448193048 64.0735432217146 
gen 168 121350 64.0734467788422 0.00019601884704500497 64.07304448193048 64.0735432217146 
gen 169 122070 64.0734343103476 0.00020513767201041057 64.07304448193048 64.0735432217146 
gen 170 122790 64.07339550670417 0.00022687008602327726 64.07304448193048 64.0735432217146 
gen 171 123510 64.07334839073103 0.0002425344254105697 64.07304448193048 64.0735432217146 
gen 172 124230 64.07326665282197 0.0002470984710941758 64.07304448193048 64.0735432217146 
gen 173 124950 64.0731294738387 0.00018645293451140355 64.07304448193048 64.0735432217146 
gen 174 125670 64.0730444819305 1.4210854715202004e-14 64.07304448193048 64.07304448193048 
gen 175 126390 64.0730444819305 1.4210854715202004e-14 64.07304448193048 64.07304448193048 
gen 176 127110 64.0730444819305 1.4210854715202004e-14 64.07304448193048 64.07304448193048 
gen 177 127830 64.0730444819305 1.4210854715202004e-14 64.07304448193048 64.07304448193048 
gen 178 128550 64.0730444819305 1.4210854715202004e-14 64.07304448193048 64.07304448193048 
gen 179 129270 64.0730444819305 1.4210854715202004e-14 64.07304448193048 64.07304448193048 
gen 180 129990 64.0730444819305 1.4210854715202004e-14 64.07304448193048 64.07304448193048 
gen 181 130710 64.0730444819305 1.4210854715202004e-14 64.07304448193048 64.07304448193048 
gen 182 131430 64.0730444819305 1.4210854715202004e-14 64.07304448193048 64.07304448193048 
gen 183 132150 64.0730444819305 1.4210854715202004e-14 64.07304448193048 64.07304448193048 
gen 184 132870 64.0730444819305 1.4210854715202004e-14 64.07304448193048 64.07304448193048 
gen 185 133590 64.0730444819305 1.4210854715202004e-14 64.07304448193048 64.07304448193048 
gen 186 134310 64.0730444819305 1.4210854715202004e-14 64.07304448193048 64.07304448193048 
gen 187 135030 64.0730444819305 1.4210854715202004e-14 64.07304448193048 64.07304448193048 
gen 188 135750 64.0730444819305 1.4210854715202004e-14 64.07304448193048 64.07304448193048 
gen 189 136470 64.0730444819305 1.4210854715202004e-14 64.07304448193048 64.07304448193048 
gen 190 137190 64.0730444819305 1.4210854715202004e-14 64.07304448193048 64.07304448193048 
gen 191 137910 64.0730444819305 1.4210854715202004e-14 64.07304448193048 64.07304448193048 
gen 192 138630 64.0730444819305 1.4210854715202004e-14 64.07304448193048 64.07304448193048 
gen 193 139350 64.0730444819305 1.4210854715202004e-14 64.07304448193048 64.07304448193048 
gen 194 140070 64.0730444819305 1.4210854715202004e-14 64.07304448193048 64.07304448193048 
gen 195 140790 64.0730444819305 1.4210854715202004e-14 64.07304448193048 64.07304448193048 
gen 196 141510 64.0730444819305 1.4210854715202004e-14 64.07304448193048 64.07304448193048 
gen 197 142230 64.0730444819305 1.4210854715202004e-14 64.07304448193048 64.07304448193048 
gen 198 142950 64.0730444819305 1.4210854715202004e-14 64.07304448193048 64.07304448193048 
gen 199 143670 64.0730444819305 1.4210854715202004e-14 64.07304448193048 64.07304448193048 
gen 200 144390 64.0730444819305 1.4210854715202004e-14 64.07304448193048 64.07304448193048 
gen 201 145110 64.0730444819305 1.4210854715202004e-14 64.07304448193048 64.07304448193048 
gen 202 145830 64.0730444819305 1.4210854715202004e-14 64.07304448193048 64.07304448193048 
gen 203 146550 64.0730444819305 1.4210854715202004e-14 64.07304448193048 64.07304448193048 
gen 204 147270 64.0730444819305 1.4210854715202004e-14 64.07304448193048 64.07304448193048 
gen 205 147990 64.0730444819305 1.4210854715202004e-14 64.07304448193048 64.07304448193048 
gen 206 148710 64.0730444819305 1.4210854715202004e-14 64.07304448193048 64.07304448193048 
gen 207 149430 64.0730444819305 1.4210854715202004e-14 64.07304448193048 64.07304448193048 
gen 208 150150 64.0730444819305 1.4210854715202004e-14 64.07304448193048 64.07304448193048 
gen 209 150870 64.0730444819305 1.4210854715202004e-14 64.07304448193048 64.07304448193048 
gen 210 151590 64.0730444819305 1.4210854715202004e-14 64.07304448193048 64.07304448193048 
gen 211 152310 64.0730444819305 1.4210854715202004e-14 64.07304448193048 64.07304448193048 
gen 212 153030 64.0730444819305 1.4210854715202004e-14 64.07304448193048 64.07304448193048 
gen 213 153750 64.0730444819305 1.4210854715202004e-14 64.07304448193048 64.07304448193048 
gen 214 154470 64.0730444819305 1.4210854715202004e-14 64.07304448193048 64.07304448193048 
gen 215 155190 64.0730444819305 1.4210854715202004e-14 64.07304448193048 64.07304448193048 
gen 216 155910 64.0730444819305 1.4210854715202004e-14 64.07304448193048 64.07304448193048 
gen 217 156630 64.0730444819305 1.4210854715202004e-14 64.07304448193048 64.07304448193048 
gen 218 157350 64.0730444819305 1.4210854715202004e-14 64.07304448193048 64.07304448193048 
gen 219 158070 64.0730444819305 1.4210854715202004e-14 64.07304448193048 64.07304448193048 
gen 220 158790 64.0730444819305 1.4210854715202004e-14 64.07304448193048 64.07304448193048 
gen 221 159510 64.0730444819305 1.4210854715202004e-14 64.07304448193048 64.07304448193048 
gen 222 160230 64.0730444819305 1.4210854715202004e-14 64.07304448193048 64.07304448193048 
gen 223 160950 64.0730444819305 1.4210854715202004e-14 64.07304448193048 64.07304448193048 
gen 224 161670 64.0730444819305 1.4210854715202004e-14 64.07304448193048 64.07304448193048 
gen 225 162390 64.0730444819305 1.4210854715202004e-14 64.07304448193048 64.07304448193048 
gen 226 163110 64.0730444819305 1.4210854715202004e-14 64.07304448193048 64.07304448193048 
gen 227 163830 64.0730444819305 1.4210854715202004e-14 64.07304448193048 64.07304448193048 
gen 228 164550 64.0730444819305 1.4210854715202004e-14 64.07304448193048 64.07304448193048 
gen 229 165270 64.0730444819305 1.4210854715202004e-14 64.07304448193048 64.07304448193048 
gen 230 165990 64.0730444819305 1.4210854715202004e-14 64.07304448193048 64.07304448193048 
gen 231 166710 64.0730444819305 1.4210854715202004e-14 64.07304448193048 64.07304448193048 
gen 232 167430 64.0730444819305 1.4210854715202004e-14 64.07304448193048 64.07304448193048 
gen 233 168150 64.0730444819305 1.4210854715202004e-14 64.07304448193048 64.07304448193048 
gen 234 168870 64.0730444819305 1.4210854715202004e-14 64.07304448193048 64.07304448193048 
gen 235 169590 64.0730444819305 1.4210854715202004e-14 64.07304448193048 64.07304448193048 
gen 236 170310 64.0730444819305 1.4210854715202004e-14 64.07304448193048 64.07304448193048 
gen 237 171030 64.0730444819305 1.4210854715202004e-14 64.07304448193048 64.07304448193048 
gen 238 171750 64.0730444819305 1.4210854715202004e-14 64.07304448193048 64.07304448193048 
gen 239 172470 64.0730444819305 1.4210854715202004e-14 64.07304448193048 64.07304448193048 
gen 240 173190 64.0730444819305 1.4210854715202004e-14 64.07304448193048 64.07304448193048 
gen 241 173910 64.0730444819305 1.4210854715202004e-14 64.07304448193048 64.07304448193048 
gen 242 174630 64.0730444819305 1.4210854715202004e-14 64.07304448193048 64.07304448193048 
gen 243 175350 64.0730444819305 1.4210854715202004e-14 64.07304448193048 64.07304448193048 
gen 244 176070 64.0730444819305 1.4210854715202004e-14 64.07304448193048 64.07304448193048 
gen 245 176790 64.0730444819305 1.4210854715202004e-14 64.07304448193048 64.07304448193048 
gen 246 177510 64.0730444819305 1.4210854715202004e-14 64.07304448193048 64.07304448193048 
gen 247 178230 64.0730444819305 1.4210854715202004e-14 64.07304448193048 64.07304448193048 
gen 248 178950 64.0730444819305 1.4210854715202004e-14 64.07304448193048 64.07304448193048 
gen 249 179670 64.0730444819305 1.4210854715202004e-14 64.07304448193048 64.07304448193048 
gen 250 180390 64.0730444819305 1.4210854715202004e-14 64.07304448193048 64.07304448193048 
gen 251 181110 64.0730444819305 1.4210854715202004e-14 64.07304448193048 64.07304448193048 
gen 252 181830 64.0730444819305 1.4210854715202004e-14 64.07304448193048 64.07304448193048 
gen 253 182550 64.0730444819305 1.4210854715202004e-14 64.07304448193048 64.07304448193048 
gen 254 183270 64.0730444819305 1.4210854715202004e-14 64.07304448193048 64.07304448193048 
gen 255 183990 64.0730444819305 1.4210854715202004e-14 64.07304448193048 64.07304448193048 
gen 256 184710 64.0730444819305 1.4210854715202004e-14 64.07304448193048 64.07304448193048 
gen 257 185430 64.0730444819305 1.4210854715202004e-14 64.07304448193048 64.07304448193048 
gen 258 186150 64.0730444819305 1.4210854715202004e-14 64.07304448193048 64.07304448193048 
gen 259 186870 64.0730444819305 1.4210854715202004e-14 64.07304448193048 64.07304448193048 
gen 260 187590 64.0730444819305 1.4210854715202004e-14 64.07304448193048 64.07304448193048 
gen 261 188310 64.0730444819305 1.4210854715202004e-14 64.07304448193048 64.07304448193048 
gen 262 189030 64.0730444819305 1.4210854715202004e-14 64.07304448193048 64.07304448193048 
gen 263 189750 64.0730444819305 1.4210854715202004e-14 64.07304448193048 64.07304448193048 
gen 264 190470 64.0730444819305 1.4210854715202004e-14 64.07304448193048 64.07304448193048 
gen 265 191190 64.0730444819305 1.4210854715202004e-14 64.07304448193048 64.07304448193048 
gen 266 191910 64.0730444819305 1.4210854715202004e-14 64.07304448193048 64.07304448193048 
gen 267 192630 64.0730444819305 1.4210854715202004e-14 64.07304448193048 64.07304448193048 
gen 268 193350 64.0730444819305 1.4210854715202004e-14 64.07304448193048 64.07304448193048 
gen 269 194070 64.0730444819305 1.4210854715202004e-14 64.07304448193048 64.07304448193048 
gen 270 194790 64.0730444819305 1.4210854715202004e-14 64.07304448193048 64.07304448193048 
gen 271 195510 64.0730444819305 1.4210854715202004e-14 64.07304448193048 64.07304448193048 
gen 272 196230 64.0730444819305 1.4210854715202004e-14 64.07304448193048 64.07304448193048 
gen 273 196950 64.0730444819305 1.4210854715202004e-14 64.07304448193048 64.07304448193048 
gen 274 197670 64.0730444819305 1.4210854715202004e-14 64.07304448193048 64.07304448193048 
gen 275 198390 64.0730444819305 1.4210854715202004e-14 64.07304448193048 64.07304448193048 
gen 276 199110 64.0730444819305 1.4210854715202004e-14 64.07304448193048 64.07304448193048 
gen 277 199830 64.0730444819305 1.4210854715202004e-14 64.07304448193048 64.07304448193048 
gen 278 200550 64.0730444819305 1.4210854715202004e-14 64.07304448193048 64.07304448193048 
gen 279 201270 64.0730444819305 1.4210854715202004e-14 64.07304448193048 64.07304448193048 
gen 280 201990 64.0730444819305 1.4210854715202004e-14 64.07304448193048 64.07304448193048 
gen 281 202710 64.0730444819305 1.4210854715202004e-14 64.07304448193048 64.07304448193048 
gen 282 203430 64.0730444819305 1.4210854715202004e-14 64.07304448193048 64.07304448193048 
gen 283 204150 64.0730444819305 1.4210854715202004e-14 64.07304448193048 64.07304448193048 
gen 284 204870 64.0730444819305 1.4210854715202004e-14 64.07304448193048 64.07304448193048 
gen 285 205590 64.0730444819305 1.4210854715202004e-14 64.07304448193048 64.07304448193048 
gen 286 206310 64.0730444819305 1.4210854715202004e-14 64.07304448193048 64.07304448193048 
gen 287 207030 64.0730444819305 1.4210854715202004e-14 64.07304448193048 64.07304448193048 
gen 288 207750 64.0730444819305 1.4210854715202004e-14 64.07304448193048 64.07304448193048 
gen 289 208470 64.0730444819305 1.4210854715202004e-14 64.07304448193048 64.07304448193048 
gen 290 209190 64.0730444819305 1.4210854715202004e-14 64.07304448193048 64.07304448193048 
gen 291 209910 64.0730444819305 1.4210854715202004e-14 64.07304448193048 64.07304448193048 
gen 292 210630 64.0730444819305 1.4210854715202004e-14 64.07304448193048 64.07304448193048 
gen 293 211350 64.0730444819305 1.4210854715202004e-14 64.07304448193048 64.07304448193048 
gen 294 212070 64.0730444819305 1.4210854715202004e-14 64.07304448193048 64.07304448193048 
gen 295 212790 64.0730444819305 1.4210854715202004e-14 64.07304448193048 64.07304448193048 
gen 296 213510 64.0730444819305 1.4210854715202004e-14 64.07304448193048 64.07304448193048 
gen 297 214230 64.0730444819305 1.4210854715202004e-14 64.07304448193048 64.07304448193048 
gen 298 214950 64.0730444819305 1.4210854715202004e-14 64.07304448193048 64.07304448193048 
gen 299 215670 64.0730444819305 1.4210854715202004e-14 64.07304448193048 64.07304448193048 
gen 300 216390 64.0730444819305 1.4210854715202004e-14 64.07304448193048 64.07304448193048 
gen 301 217110 64.0730444819305 1.4210854715202004e-14 64.07304448193048 64.07304448193048 
gen 302 217830 64.0730444819305 1.4210854715202004e-14 64.07304448193048 64.07304448193048 
gen 303 218550 64.0730444819305 1.4210854715202004e-14 64.07304448193048 64.07304448193048 
gen 304 219270 64.0730444819305 1.4210854715202004e-14 64.07304448193048 64.07304448193048 
gen 305 219990 64.0730444819305 1.4210854715202004e-14 64.07304448193048 64.07304448193048 
gen 306 220710 64.0730444819305 1.4210854715202004e-14 64.07304448193048 64.07304448193048 
gen 307 221430 64.0730444819305 1.4210854715202004e-14 64.07304448193048 64.07304448193048 
gen 308 222150 64.0730444819305 1.4210854715202004e-14 64.07304448193048 64.07304448193048 
gen 309 222870 64.0730444819305 1.4210854715202004e-14 64.07304448193048 64.07304448193048 
gen 310 223590 64.0730444819305 1.4210854715202004e-14 64.07304448193048 64.07304448193048 
gen 311 224310 64.0730444819305 1.4210854715202004e-14 64.07304448193048 64.07304448193048 
gen 312 225030 64.0730444819305 1.4210854715202004e-14 64.07304448193048 64.07304448193048 
gen 313 225750 64.0730444819305 1.4210854715202004e-14 64.07304448193048 64.07304448193048 
gen 314 226470 64.0730444819305 1.4210854715202004e-14 64.07304448193048 64.07304448193048 
gen 315 227190 64.0730444819305 1.4210854715202004e-14 64.07304448193048 64.07304448193048 
gen 316 227910 64.0730444819305 1.4210854715202004e-14 64.07304448193048 64.07304448193048 
gen 317 228630 64.0730444819305 1.4210854715202004e-14 64.07304448193048 64.07304448193048 
gen 318 229350 64.0730444819305 1.4210854715202004e-14 64.07304448193048 64.07304448193048 
gen 319 230070 64.0730444819305 1.4210854715202004e-14 64.07304448193048 64.07304448193048 
gen 320 230790 64.0730444819305 1.4210854715202004e-14 64.07304448193048 64.07304448193048 
gen 321 231510 64.0730444819305 1.4210854715202004e-14 64.07304448193048 64.07304448193048 
gen 322 232230 64.0730444819305 1.4210854715202004e-14 64.07304448193048 64.07304448193048 
gen 323 232950 64.0730444819305 1.4210854715202004e-14 64.07304448193048 64.07304448193048 
gen 324 233670 64.0730444819305 1.4210854715202004e-14 64.07304448193048 64.07304448193048 
gen 325 234390 64.0730444819305 1.4210854715202004e-14 64.07304448193048 64.07304448193048 
gen 326 235110 64.0730444819305 1.4210854715202004e-14 64.07304448193048 64.07304448193048 
gen 327 235830 64.0730444819305 1.4210854715202004e-14 64.07304448193048 64.07304448193048 
gen 328 236550 64.0730444819305 1.4210854715202004e-14 64.07304448193048 64.07304448193048 
gen 329 237270 64.0730444819305 1.4210854715202004e-14 64.07304448193048 64.07304448193048 
gen 330 237990 64.0730444819305 1.4210854715202004e-14 64.07304448193048 64.07304448193048 
gen 331 238710 64.0730444819305 1.4210854715202004e-14 64.07304448193048 64.07304448193048 
gen 332 239430 64.0730444819305 1.4210854715202004e-14 64.07304448193048 64.07304448193048 
gen 333 240150 64.0730444819305 1.4210854715202004e-14 64.07304448193048 64.07304448193048 
gen 334 240870 64.0730444819305 1.4210854715202004e-14 64.07304448193048 64.07304448193048 
gen 335 241590 64.0730444819305 1.4210854715202004e-14 64.07304448193048 64.07304448193048 
gen 336 242310 64.0730444819305 1.4210854715202004e-14 64.07304448193048 64.07304448193048 
gen 337 243030 64.0730444819305 1.4210854715202004e-14 64.07304448193048 64.07304448193048 
gen 338 243750 64.0730444819305 1.4210854715202004e-14 64.07304448193048 64.07304448193048 
gen 339 244470 64.0730444819305 1.4210854715202004e-14 64.07304448193048 64.07304448193048 
gen 340 245190 64.0730444819305 1.4210854715202004e-14 64.07304448193048 64.07304448193048 
gen 341 245910 64.0730444819305 1.4210854715202004e-14 64.07304448193048 64.07304448193048 
gen 342 246630 64.0730444819305 1.4210854715202004e-14 64.07304448193048 64.07304448193048 
gen 343 247350 64.0730444819305 1.4210854715202004e-14 64.07304448193048 64.07304448193048 
gen 344 248070 64.0730444819305 1.4210854715202004e-14 64.07304448193048 64.07304448193048 
gen 345 248790 64.0730444819305 1.4210854715202004e-14 64.07304448193048 64.07304448193048 
gen 346 249510 64.0730444819305 1.4210854715202004e-14 64.07304448193048 64.07304448193048 
gen 347 250230 64.0730444819305 1.4210854715202004e-14 64.07304448193048 64.07304448193048 
gen 348 250950 64.0730444819305 1.4210854715202004e-14 64.07304448193048 64.07304448193048 
gen 349 251670 64.0730444819305 1.4210854715202004e-14 64.07304448193048 64.07304448193048 
gen 350 252390 64.0730444819305 1.4210854715202004e-14 64.07304448193048 64.07304448193048 
[0, 10, 8, 4, 12, 5, 7, 16, 1, 9, 2, 15, 6, 3, 14, 11, 17, 13, 7, 12, 15, 17, 3, 0, 10, 4, 11, 1, 16, 14, 2, 6, 5, 13, 9, 8, 17, 9, 11, 4, 7, 13, 15, 6, 14, 12, 2, 8, 16, 0, 3, 5, 10, 1, 7, 0, 3, 4, 17, 10, 5, 14, 2, 9, 13, 15, 6, 16, 12, 1, 11, 8, 6, 5, 10, 2, 15, 7, 4, 14, 1, 8, 11, 12, 16, 9, 3, 13, 0, 17, 14, 2, 15, 0, 11, 4, 13, 3, 12, 8, 6, 7, 5, 10, 16, 1, 17, 9, 9, 2, 4, 6, 16, 8, 13, 12, 1, 15, 14, 3, 17, 5, 7, 10, 11, 0, 7, 9, 10, 12, 4, 14, 5, 16, 15, 11, 1, 6, 8, 13, 2, 0, 3, 17, 8, 6, 13, 9, 11, 12, 15, 16, 10, 14, 2, 0, 4, 3, 7, 5, 1, 17, 11, 0, 14, 6, 16, 17, 10, 8, 3, 2, 7, 15, 1, 4, 13, 5, 12, 9, 3, 14, 8, 2, 5, 15, 16, 6, 7, 9, 1, 4, 10, 11, 12, 0, 13, 17, 16, 10, 9, 14, 2, 0, 8, 4, 3, 12, 11, 7, 13, 5, 1, 17, 6, 15, 7, 12, 11, 0, 2, 5, 6, 4, 1, 14, 8, 3, 16, 15, 17, 9, 10, 13, 15, 6, 3, 8, 7, 5, 16, 2, 11, 9, 1, 0, 14, 13, 17, 12, 4, 10, 2, 11, 15, 9, 5, 0, 16, 13, 12, 7, 6, 8, 17, 10, 1, 4, 3, 14, 4, 17, 14, 6, 5, 2, 9, 7, 13, 0, 15, 11, 10, 8, 3, 16, 1, 12, 9, 15, 5, 8, 11, 17, 0, 7, 12, 2, 3, 14, 1, 13, 10, 16, 6, 4, 2, 10, 15, 11, 13, 16, 1, 7, 14, 0, 9, 6, 4, 12, 5, 3, 17, 8, 9, 4, 12, 5, 11, 1, 15, 0, 6, 10, 7, 16, 3, 13, 2, 8, 17, 14, 9, 2, 16, 5, 3, 0, 11, 14, 7, 17, 10, 15, 12, 4, 8, 1, 13, 6]
min  64.07304448193048
NFE 252390
LSNFE 30
VLSNFE 5
runTime 655.5677213668823
