gen 0 360 65.56284209400914 0.37776557023749757 64.61297536600841 66.56867330987937 
gen 1 1090 65.14539556772978 0.18839107509315717 64.52189411633663 65.40394814048318 
gen 2 1810 64.95510287938971 0.140353992259157 64.4958893319778 65.13632228980208 
gen 3 2530 64.80668528361814 0.10719259595641506 64.41381693888579 64.94856721834178 
gen 4 3250 64.69068552285823 0.08685632311212538 64.34216454959565 64.80221159636973 
gen 5 3970 64.59974273755172 0.07886026461617145 64.34216454959565 64.69178836967981 
gen 6 4690 64.52151916818761 0.07121919483419561 64.23012957429 64.61059929361959 
gen 7 5410 64.4552810219402 0.05548348534525602 64.23012957429 64.52851169353566 
gen 8 6130 64.4064746126062 0.04112821449631305 64.23012957429 64.46005898648755 
gen 9 6850 64.36790271417479 0.032939230883108246 64.23012957429 64.41078271853405 
gen 10 7570 64.33720198058052 0.02577535754086652 64.23012957429 64.37052654623191 
gen 11 8290 64.31465929666533 0.023421834009962995 64.22649084902555 64.34244335214453 
gen 12 9010 64.295108990692 0.022137460873528036 64.22502594439177 64.32267023611041 
gen 13 9730 64.27775205253172 0.018865515085088484 64.21414649214945 64.30051229402915 
gen 14 10450 64.26508846588725 0.017407256463532805 64.18215595624912 64.28710228642939 
gen 15 11170 64.25517274992256 0.015610256515400255 64.17913114647615 64.2735279563064 
gen 16 11890 64.24652027325023 0.015451762472386969 64.17476581255727 64.26502868840649 
gen 17 12610 64.2402219985929 0.014308838186326694 64.17476581255727 64.2566676032696 
gen 18 13330 64.23474340110018 0.013704733374972158 64.17476581255727 64.25047596240319 
gen 19 14050 64.22942816367399 0.014146974327818303 64.13921369257328 64.24493530518139 
gen 20 14770 64.22548615115244 0.014228524140500251 64.13921369257328 64.24070145891301 
gen 21 15490 64.22167881155994 0.013935686710032633 64.13921369257328 64.23669756356108 
gen 22 16210 64.21798846110345 0.013683344781745937 64.13921369257328 64.23259960642423 
gen 23 16930 64.21456528382642 0.01339619754549046 64.13921369257328 64.22912310598969 
gen 24 17650 64.21185904329913 0.013189731856080269 64.13921369257328 64.22594397457337 
gen 25 18370 64.2086931404769 0.012931262487989483 64.13921369257328 64.2223112762894 
gen 26 19090 64.2052957311964 0.013007526609245878 64.13921369257328 64.21968537173238 
gen 27 19810 64.20200061585469 0.012692454762844934 64.13921369257328 64.21640177265378 
gen 28 20530 64.19872305874685 0.0124268511771669 64.13921369257328 64.21292234813949 
gen 29 21250 64.19634632258729 0.012100808834080524 64.13921369257328 64.21074449426224 
gen 30 21970 64.19435980932312 0.01207420997440223 64.13221454454958 64.20821069097649 
gen 31 22690 64.19213449407518 0.011762828471705232 64.13221454454958 64.20608691131241 
gen 32 23410 64.18962171796963 0.011310345043176255 64.13221454454958 64.20392390086539 
gen 33 24130 64.18770815206395 0.011017217205405732 64.13221454454958 64.2013767831067 
gen 34 24850 64.18608768139332 0.010619784836323167 64.13221454454958 64.19918500528073 
gen 35 25570 64.18421282715944 0.01009330573680529 64.13221454454958 64.1965685969585 
gen 36 26290 64.18283332005423 0.00985032682986846 64.13221454454958 64.19477931109058 
gen 37 27010 64.18142017130957 0.009641655703397173 64.13221454454958 64.19322328353451 
gen 38 27730 64.1798919343476 0.009168622314154018 64.13221454454958 64.19118930628636 
gen 39 28450 64.17836670449867 0.009287747788781255 64.13221454454958 64.18976637892725 
gen 40 29170 64.17672147632238 0.009285218446135725 64.13221454454958 64.1882168542979 
gen 41 29890 64.17544994021758 0.009001014530942545 64.13221454454958 64.18616492885137 
gen 42 30610 64.17490643914769 0.008719758327896048 64.13221454454958 64.18493367673803 
gen 43 31330 64.17372621962869 0.00853454984328086 64.13221454454958 64.18319647473912 
gen 44 32050 64.17252107750596 0.008499974775717217 64.13221454454958 64.18178986355507 
gen 45 32770 64.17106326857973 0.008512725549208455 64.13221454454958 64.1807260264814 
gen 46 33500 64.16997013095805 0.008401792698073616 64.1296055562664 64.17952753809465 
gen 47 34220 64.16898566093944 0.008410470234746179 64.1296055562664 64.17818873330614 
gen 48 34940 64.16756942538923 0.008524781680827601 64.1296055562664 64.17717053355719 
gen 49 35660 64.16650853418106 0.008560410699298743 64.1296055562664 64.17608527498756 
gen 50 36380 64.16537932872238 0.00844482084181313 64.1296055562664 64.17492463772325 
gen 51 37100 64.16392832518076 0.00872658287496002 64.1296055562664 64.17369268112864 
gen 52 37820 64.16216052445769 0.008766172550038673 64.12217344006098 64.1718805369334 
gen 53 38540 64.16068722723068 0.008480175911647283 64.12217344006098 64.17033316975652 
gen 54 39270 64.15899054879293 0.008540346052265025 64.11375050426258 64.1686462540036 
gen 55 39990 64.15775606632747 0.008451823622730732 64.11375050426258 64.1672236804978 
gen 56 40710 64.15689490815966 0.008446032051188213 64.11375050426258 64.16614160002865 
gen 57 41430 64.15536002079999 0.008499966519649623 64.10941150664046 64.16457252871533 
gen 58 42150 64.15453046195294 0.008337693837606016 64.10941150664046 64.1635227125654 
gen 59 42880 64.15344903351209 0.008471775572260972 64.1052869634571 64.16207448802737 
gen 60 43600 64.15241803612471 0.008214386686218149 64.1052869634571 64.16126560672885 
gen 61 44320 64.15121880090581 0.008235433981140156 64.1052869634571 64.16035878271904 
gen 62 45040 64.15023195851016 0.008058124833875116 64.1052869634571 64.1592194524517 
gen 63 45760 64.14890207689803 0.008065659155170197 64.1052869634571 64.15746284719901 
gen 64 46480 64.14736609502668 0.00803600094815786 64.1052869634571 64.1559943637668 
gen 65 47200 64.14578140658375 0.008067424405337486 64.1052869634571 64.15469935712267 
gen 66 47930 64.14409379401357 0.008063980629679963 64.09846635046782 64.15343006504305 
gen 67 48650 64.14286333755683 0.007974729756765445 64.09846635046782 64.15213719628008 
gen 68 49370 64.14136739424602 0.0077620331871124885 64.09846635046782 64.15022436838775 
gen 69 50090 64.13951859332911 0.007583827484409649 64.09846635046782 64.14855281726832 
gen 70 50810 64.13738436359138 0.007286344962935317 64.09846635046782 64.14562105240785 
gen 71 51530 64.1353822128959 0.006975672965981155 64.09846635046782 64.14315441753587 
gen 72 52250 64.13291963102384 0.006738432354376018 64.09846635046782 64.14057679938422 
gen 73 52970 64.13043436993188 0.006644114003909196 64.09846635046782 64.13829224270636 
gen 74 53690 64.12773992548281 0.0063167937725250424 64.09846635046782 64.13537004481533 
gen 75 54410 64.12478606539155 0.006161388294698251 64.09846635046782 64.13228327307145 
gen 76 55130 64.12250739662387 0.005705190242773316 64.09846635046782 64.12941372015923 
gen 77 55850 64.11975890618217 0.005718328286167721 64.09846635046782 64.1266054643261 
gen 78 56570 64.11646596820262 0.005840914597742955 64.09463460203506 64.12333409746257 
gen 79 57290 64.11333656796134 0.005463868721660807 64.09297756839682 64.1199301509545 
gen 80 58010 64.1103103575119 0.005049547186421917 64.09297756839682 64.11666704981954 
gen 81 58730 64.10765246667292 0.004465528451971425 64.08824685474244 64.11335714721747 
gen 82 59450 64.10535775772516 0.00409493503911364 64.08824685474244 64.11040083565112 
gen 83 60170 64.1036402665609 0.003933442635267294 64.08824685474244 64.10834209321469 
gen 84 60890 64.1014956384514 0.0038889411522371473 64.08736927669526 64.10601007295166 
gen 85 61610 64.0995067567923 0.003564170788370846 64.08736927669526 64.1038538496108 
gen 86 62330 64.09781570415902 0.003438110057109521 64.08408390357279 64.10186326265384 
gen 87 63050 64.09646312540583 0.0032991955760236454 64.08408390357279 64.10064726528819 
gen 88 63770 64.0950449719343 0.0032259245664665137 64.07966671578363 64.09899983812328 
gen 89 64490 64.09347596943176 0.003176750751545884 64.07966671578363 64.09723354583328 
gen 90 65210 64.09240237789214 0.0030010619553180427 64.07966671578363 64.09589622112554 
gen 91 65930 64.09107142346177 0.002702514609959547 64.07966671578363 64.094617493542 
gen 92 66650 64.09001906930521 0.002530132268415786 64.07966671578363 64.09342095444332 
gen 93 67370 64.08906324504105 0.002475934504894081 64.07598485233937 64.09209885561931 
gen 94 68090 64.08834272729457 0.0024524303064738817 64.07598485233937 64.09129537465515 
gen 95 68810 64.08755967747258 0.002442646757927736 64.07598485233937 64.09031172625781 
gen 96 69530 64.08678819453677 0.002410192740126793 64.07598485233937 64.08960796149866 
gen 97 70250 64.08628118510617 0.0022853113663421263 64.07598485233937 64.08885964953618 
gen 98 70970 64.08561096318195 0.002268774174230672 64.07598485233937 64.08827495560492 
gen 99 71690 64.08496733250581 0.002118976254266977 64.07598485233937 64.08753527559672 
gen 100 72410 64.08438967754007 0.0021690451285676926 64.07567847803544 64.0868053935369 
gen 101 73130 64.08392878888415 0.002032149198040916 64.07567847803544 64.0862684839181 
gen 102 73860 64.08336966739829 0.0019718023711543524 64.07487011691168 64.0856119294743 
gen 103 74580 64.08275391688814 0.002011492870736856 64.07487011691168 64.08500147403751 
gen 104 75300 64.08218947174272 0.0019548548762853423 64.07416977749435 64.0843373322132 
gen 105 76020 64.08159287889717 0.0019523325085796972 64.07416977749435 64.08376606999857 
gen 106 76740 64.08109005214914 0.001899704427314341 64.07416977749435 64.083335820434 
gen 107 77460 64.08032034178838 0.0018604632512592048 64.07397363476498 64.08265243632718 
gen 108 78180 64.07967083540694 0.0017304382562222536 64.07397363476498 64.08200795771357 
gen 109 78900 64.07893758919332 0.0015468147236273023 64.07370492225928 64.08100876878542 
gen 110 79620 64.07840654525124 0.0013861132508829425 64.07370492225928 64.08024012816927 
gen 111 80340 64.07781314995957 0.0013089053086257163 64.0734801704478 64.07949355405198 
gen 112 81060 64.07734615682885 0.001263612367112765 64.0734801704478 64.07896994575289 
gen 113 81780 64.07687032557169 0.0012241585837906475 64.07285062091053 64.07843424180447 
gen 114 82500 64.07645332119327 0.0011496178389655872 64.07285062091053 64.07800182990185 
gen 115 83220 64.07609822749065 0.001073444702010268 64.0723960138983 64.07750126174587 
gen 116 83940 64.07568817094244 0.0009792752670131067 64.07183795449626 64.0770736589942 
gen 117 84660 64.0753515251631 0.0008901660189514514 64.07183795449626 64.07648397062192 
gen 118 85380 64.07503792757568 0.0008928522316464519 64.07128674529741 64.076146083273 
gen 119 86100 64.07474498642426 0.0008471427157686725 64.07128674529741 64.07580162643936 
gen 120 86820 64.07448244320611 0.0008092587819649544 64.07113132129507 64.0755263775816 
gen 121 87540 64.07421360992322 0.0007735855094872236 64.07113132129507 64.07515074895028 
gen 122 88260 64.0739758401668 0.0007279634728904466 64.07113132129507 64.07488716271197 
gen 123 88980 64.0738009502533 0.0007039573308860522 64.07113132129507 64.07463166979485 
gen 124 89700 64.07358710510375 0.0007352573089501842 64.07102554793329 64.07441389354898 
gen 125 90420 64.07346249619613 0.0007196395480071178 64.07102554793329 64.07426213249826 
gen 126 91140 64.0732576072709 0.0007199525394120935 64.07073917990213 64.07411040414934 
gen 127 91860 64.07308261479761 0.0007073494787874054 64.07073917990213 64.07397363476498 
gen 128 92580 64.07286126812495 0.0006805854866542493 64.07026941699833 64.07369790096931 
gen 129 93300 64.07263057436566 0.0006764584433639142 64.06995626814201 64.07350558990294 
gen 130 94020 64.0723846268555 0.0006467497223801714 64.06995626814201 64.07316387670166 
gen 131 94740 64.07221828767459 0.0006274332486183821 64.06995626814201 64.07298068194812 
gen 132 95460 64.0720399529321 0.0006185244024710859 64.06995626814201 64.07280357944043 
gen 133 96180 64.07185552758075 0.0005910951110399815 64.06895251212717 64.07256240916477 
gen 134 96900 64.07167098050694 0.0005528117239279044 64.06895251212717 64.07236114831129 
gen 135 97620 64.07151501778549 0.0005480660204000157 64.06895251212717 64.07210874359312 
gen 136 98340 64.07140709101373 0.0005404643363226168 64.06895251212717 64.07202913543232 
gen 137 99060 64.07129432089155 0.000496720025000048 64.06895251212717 64.071936848971 
gen 138 99780 64.0712128552114 0.0004836462344646686 64.06895251212717 64.07176481369599 
gen 139 100500 64.07108644570097 0.000483251297766894 64.06895251212717 64.07162212489085 
gen 140 101220 64.07098939840598 0.00046918775205786236 64.06895251212717 64.07153340157633 
gen 141 101940 64.07089615283118 0.0004518587651226569 64.06895251212717 64.07140872065332 
gen 142 102660 64.07079569741943 0.00044452548488571706 64.06895251212717 64.07131561811637 
gen 143 103380 64.07070165470591 0.00043269737750779196 64.06895251212717 64.07128080297565 
gen 144 104100 64.07059428473976 0.00043624263149001543 64.06895251212717 64.07113132129507 
gen 145 104820 64.07051543754196 0.0004297995984297739 64.06895251212717 64.07103347236165 
gen 146 105540 64.07044214540376 0.000416901730688337 64.06895251212717 64.0709888022728 
gen 147 106260 64.07036307045914 0.00042893539118748955 64.06895251212717 64.07080631456192 
gen 148 106980 64.07030623873077 0.00042449292753973876 64.06895251212717 64.07072200101885 
gen 149 107700 64.07024453993068 0.00041545431904546626 64.06895251212717 64.07070801507108 
gen 150 108420 64.0701664341328 0.00041242894698817354 64.06895251212717 64.07066867536611 
gen 151 109140 64.07006139464723 0.00040123607221505654 64.06895251212717 64.07056385438813 
gen 152 109860 64.06999162406152 0.0004069112230738918 64.06895251212717 64.0703613982093 
gen 153 110580 64.06989749469301 0.0004209832708245672 64.06895251212717 64.07034328257804 
gen 154 111300 64.06981756281623 0.0004212454532962871 64.06895251212717 64.07022803151035 
gen 155 112020 64.06970801142324 0.00041571572762972724 64.06895251212717 64.07022803151035 
gen 156 112740 64.06956504532214 0.0003670718764421533 64.06895251212717 64.07005075063917 
gen 157 113460 64.06943432947806 0.00033882789123019326 64.06895251212717 64.06991418742008 
gen 158 114180 64.06929227558648 0.0002854983567164907 64.06895251212717 64.06975515989039 
gen 159 114900 64.0691699356511 0.00023550580268898784 64.06895251212717 64.06944608687263 
gen 160 115620 64.06906217346851 0.0001927954008753122 64.06895251212717 64.06940112670533 
gen 161 116340 64.06895251212718 1.4210854715202004e-14 64.06895251212717 64.06895251212717 
gen 162 117060 64.06895251212718 1.4210854715202004e-14 64.06895251212717 64.06895251212717 
gen 163 117780 64.06895251212718 1.4210854715202004e-14 64.06895251212717 64.06895251212717 
gen 164 118500 64.06895251212718 1.4210854715202004e-14 64.06895251212717 64.06895251212717 
gen 165 119220 64.06895251212718 1.4210854715202004e-14 64.06895251212717 64.06895251212717 
gen 166 119940 64.06895251212718 1.4210854715202004e-14 64.06895251212717 64.06895251212717 
gen 167 120660 64.06895251212718 1.4210854715202004e-14 64.06895251212717 64.06895251212717 
gen 168 121380 64.06895251212718 1.4210854715202004e-14 64.06895251212717 64.06895251212717 
gen 169 122100 64.06895251212718 1.4210854715202004e-14 64.06895251212717 64.06895251212717 
gen 170 122820 64.06895251212718 1.4210854715202004e-14 64.06895251212717 64.06895251212717 
gen 171 123540 64.06895251212718 1.4210854715202004e-14 64.06895251212717 64.06895251212717 
gen 172 124260 64.06895251212718 1.4210854715202004e-14 64.06895251212717 64.06895251212717 
gen 173 124980 64.06895251212718 1.4210854715202004e-14 64.06895251212717 64.06895251212717 
gen 174 125700 64.06895251212718 1.4210854715202004e-14 64.06895251212717 64.06895251212717 
gen 175 126420 64.06895251212718 1.4210854715202004e-14 64.06895251212717 64.06895251212717 
gen 176 127140 64.06895251212718 1.4210854715202004e-14 64.06895251212717 64.06895251212717 
gen 177 127860 64.06895251212718 1.4210854715202004e-14 64.06895251212717 64.06895251212717 
gen 178 128580 64.06895251212718 1.4210854715202004e-14 64.06895251212717 64.06895251212717 
gen 179 129300 64.06895251212718 1.4210854715202004e-14 64.06895251212717 64.06895251212717 
gen 180 130020 64.06895251212718 1.4210854715202004e-14 64.06895251212717 64.06895251212717 
gen 181 130740 64.06895251212718 1.4210854715202004e-14 64.06895251212717 64.06895251212717 
gen 182 131460 64.06895251212718 1.4210854715202004e-14 64.06895251212717 64.06895251212717 
gen 183 132180 64.06895251212718 1.4210854715202004e-14 64.06895251212717 64.06895251212717 
gen 184 132900 64.06895251212718 1.4210854715202004e-14 64.06895251212717 64.06895251212717 
gen 185 133620 64.06895251212718 1.4210854715202004e-14 64.06895251212717 64.06895251212717 
gen 186 134340 64.06895251212718 1.4210854715202004e-14 64.06895251212717 64.06895251212717 
gen 187 135060 64.06895251212718 1.4210854715202004e-14 64.06895251212717 64.06895251212717 
gen 188 135780 64.06895251212718 1.4210854715202004e-14 64.06895251212717 64.06895251212717 
gen 189 136500 64.06895251212718 1.4210854715202004e-14 64.06895251212717 64.06895251212717 
gen 190 137220 64.06895251212718 1.4210854715202004e-14 64.06895251212717 64.06895251212717 
gen 191 137940 64.06895251212718 1.4210854715202004e-14 64.06895251212717 64.06895251212717 
gen 192 138660 64.06895251212718 1.4210854715202004e-14 64.06895251212717 64.06895251212717 
gen 193 139380 64.06895251212718 1.4210854715202004e-14 64.06895251212717 64.06895251212717 
gen 194 140100 64.06895251212718 1.4210854715202004e-14 64.06895251212717 64.06895251212717 
gen 195 140820 64.06895251212718 1.4210854715202004e-14 64.06895251212717 64.06895251212717 
gen 196 141540 64.06895251212718 1.4210854715202004e-14 64.06895251212717 64.06895251212717 
gen 197 142260 64.06895251212718 1.4210854715202004e-14 64.06895251212717 64.06895251212717 
gen 198 142980 64.06895251212718 1.4210854715202004e-14 64.06895251212717 64.06895251212717 
gen 199 143700 64.06895251212718 1.4210854715202004e-14 64.06895251212717 64.06895251212717 
gen 200 144420 64.06895251212718 1.4210854715202004e-14 64.06895251212717 64.06895251212717 
gen 201 145140 64.06895251212718 1.4210854715202004e-14 64.06895251212717 64.06895251212717 
gen 202 145860 64.06895251212718 1.4210854715202004e-14 64.06895251212717 64.06895251212717 
gen 203 146580 64.06895251212718 1.4210854715202004e-14 64.06895251212717 64.06895251212717 
gen 204 147300 64.06895251212718 1.4210854715202004e-14 64.06895251212717 64.06895251212717 
gen 205 148020 64.06895251212718 1.4210854715202004e-14 64.06895251212717 64.06895251212717 
gen 206 148740 64.06895251212718 1.4210854715202004e-14 64.06895251212717 64.06895251212717 
gen 207 149460 64.06895251212718 1.4210854715202004e-14 64.06895251212717 64.06895251212717 
gen 208 150180 64.06895251212718 1.4210854715202004e-14 64.06895251212717 64.06895251212717 
gen 209 150900 64.06895251212718 1.4210854715202004e-14 64.06895251212717 64.06895251212717 
gen 210 151620 64.06895251212718 1.4210854715202004e-14 64.06895251212717 64.06895251212717 
gen 211 152340 64.06895251212718 1.4210854715202004e-14 64.06895251212717 64.06895251212717 
gen 212 153060 64.06895251212718 1.4210854715202004e-14 64.06895251212717 64.06895251212717 
gen 213 153780 64.06895251212718 1.4210854715202004e-14 64.06895251212717 64.06895251212717 
gen 214 154500 64.06895251212718 1.4210854715202004e-14 64.06895251212717 64.06895251212717 
gen 215 155220 64.06895251212718 1.4210854715202004e-14 64.06895251212717 64.06895251212717 
gen 216 155940 64.06895251212718 1.4210854715202004e-14 64.06895251212717 64.06895251212717 
gen 217 156660 64.06895251212718 1.4210854715202004e-14 64.06895251212717 64.06895251212717 
gen 218 157380 64.06895251212718 1.4210854715202004e-14 64.06895251212717 64.06895251212717 
gen 219 158100 64.06895251212718 1.4210854715202004e-14 64.06895251212717 64.06895251212717 
gen 220 158820 64.06895251212718 1.4210854715202004e-14 64.06895251212717 64.06895251212717 
gen 221 159540 64.06895251212718 1.4210854715202004e-14 64.06895251212717 64.06895251212717 
gen 222 160260 64.06895251212718 1.4210854715202004e-14 64.06895251212717 64.06895251212717 
gen 223 160980 64.06895251212718 1.4210854715202004e-14 64.06895251212717 64.06895251212717 
gen 224 161700 64.06895251212718 1.4210854715202004e-14 64.06895251212717 64.06895251212717 
gen 225 162420 64.06895251212718 1.4210854715202004e-14 64.06895251212717 64.06895251212717 
gen 226 163140 64.06895251212718 1.4210854715202004e-14 64.06895251212717 64.06895251212717 
gen 227 163860 64.06895251212718 1.4210854715202004e-14 64.06895251212717 64.06895251212717 
gen 228 164580 64.06895251212718 1.4210854715202004e-14 64.06895251212717 64.06895251212717 
gen 229 165300 64.06895251212718 1.4210854715202004e-14 64.06895251212717 64.06895251212717 
gen 230 166020 64.06895251212718 1.4210854715202004e-14 64.06895251212717 64.06895251212717 
gen 231 166740 64.06895251212718 1.4210854715202004e-14 64.06895251212717 64.06895251212717 
gen 232 167460 64.06895251212718 1.4210854715202004e-14 64.06895251212717 64.06895251212717 
gen 233 168180 64.06895251212718 1.4210854715202004e-14 64.06895251212717 64.06895251212717 
gen 234 168900 64.06895251212718 1.4210854715202004e-14 64.06895251212717 64.06895251212717 
gen 235 169620 64.06895251212718 1.4210854715202004e-14 64.06895251212717 64.06895251212717 
gen 236 170340 64.06895251212718 1.4210854715202004e-14 64.06895251212717 64.06895251212717 
gen 237 171060 64.06895251212718 1.4210854715202004e-14 64.06895251212717 64.06895251212717 
gen 238 171780 64.06895251212718 1.4210854715202004e-14 64.06895251212717 64.06895251212717 
gen 239 172500 64.06895251212718 1.4210854715202004e-14 64.06895251212717 64.06895251212717 
gen 240 173220 64.06895251212718 1.4210854715202004e-14 64.06895251212717 64.06895251212717 
gen 241 173940 64.06895251212718 1.4210854715202004e-14 64.06895251212717 64.06895251212717 
gen 242 174660 64.06895251212718 1.4210854715202004e-14 64.06895251212717 64.06895251212717 
gen 243 175380 64.06895251212718 1.4210854715202004e-14 64.06895251212717 64.06895251212717 
gen 244 176100 64.06895251212718 1.4210854715202004e-14 64.06895251212717 64.06895251212717 
gen 245 176820 64.06895251212718 1.4210854715202004e-14 64.06895251212717 64.06895251212717 
gen 246 177540 64.06895251212718 1.4210854715202004e-14 64.06895251212717 64.06895251212717 
gen 247 178260 64.06895251212718 1.4210854715202004e-14 64.06895251212717 64.06895251212717 
gen 248 178980 64.06895251212718 1.4210854715202004e-14 64.06895251212717 64.06895251212717 
gen 249 179700 64.06895251212718 1.4210854715202004e-14 64.06895251212717 64.06895251212717 
gen 250 180420 64.06895251212718 1.4210854715202004e-14 64.06895251212717 64.06895251212717 
gen 251 181140 64.06895251212718 1.4210854715202004e-14 64.06895251212717 64.06895251212717 
gen 252 181860 64.06895251212718 1.4210854715202004e-14 64.06895251212717 64.06895251212717 
gen 253 182580 64.06895251212718 1.4210854715202004e-14 64.06895251212717 64.06895251212717 
gen 254 183300 64.06895251212718 1.4210854715202004e-14 64.06895251212717 64.06895251212717 
gen 255 184020 64.06895251212718 1.4210854715202004e-14 64.06895251212717 64.06895251212717 
gen 256 184740 64.06895251212718 1.4210854715202004e-14 64.06895251212717 64.06895251212717 
gen 257 185460 64.06895251212718 1.4210854715202004e-14 64.06895251212717 64.06895251212717 
gen 258 186180 64.06895251212718 1.4210854715202004e-14 64.06895251212717 64.06895251212717 
gen 259 186900 64.06895251212718 1.4210854715202004e-14 64.06895251212717 64.06895251212717 
gen 260 187620 64.06895251212718 1.4210854715202004e-14 64.06895251212717 64.06895251212717 
gen 261 188340 64.06895251212718 1.4210854715202004e-14 64.06895251212717 64.06895251212717 
gen 262 189060 64.06895251212718 1.4210854715202004e-14 64.06895251212717 64.06895251212717 
gen 263 189780 64.06895251212718 1.4210854715202004e-14 64.06895251212717 64.06895251212717 
gen 264 190500 64.06895251212718 1.4210854715202004e-14 64.06895251212717 64.06895251212717 
gen 265 191220 64.06895251212718 1.4210854715202004e-14 64.06895251212717 64.06895251212717 
gen 266 191940 64.06895251212718 1.4210854715202004e-14 64.06895251212717 64.06895251212717 
gen 267 192660 64.06895251212718 1.4210854715202004e-14 64.06895251212717 64.06895251212717 
gen 268 193380 64.06895251212718 1.4210854715202004e-14 64.06895251212717 64.06895251212717 
gen 269 194100 64.06895251212718 1.4210854715202004e-14 64.06895251212717 64.06895251212717 
gen 270 194820 64.06895251212718 1.4210854715202004e-14 64.06895251212717 64.06895251212717 
gen 271 195540 64.06895251212718 1.4210854715202004e-14 64.06895251212717 64.06895251212717 
gen 272 196260 64.06895251212718 1.4210854715202004e-14 64.06895251212717 64.06895251212717 
gen 273 196980 64.06895251212718 1.4210854715202004e-14 64.06895251212717 64.06895251212717 
gen 274 197700 64.06895251212718 1.4210854715202004e-14 64.06895251212717 64.06895251212717 
gen 275 198420 64.06895251212718 1.4210854715202004e-14 64.06895251212717 64.06895251212717 
gen 276 199140 64.06895251212718 1.4210854715202004e-14 64.06895251212717 64.06895251212717 
gen 277 199860 64.06895251212718 1.4210854715202004e-14 64.06895251212717 64.06895251212717 
gen 278 200580 64.06895251212718 1.4210854715202004e-14 64.06895251212717 64.06895251212717 
gen 279 201300 64.06895251212718 1.4210854715202004e-14 64.06895251212717 64.06895251212717 
gen 280 202020 64.06895251212718 1.4210854715202004e-14 64.06895251212717 64.06895251212717 
gen 281 202740 64.06895251212718 1.4210854715202004e-14 64.06895251212717 64.06895251212717 
gen 282 203460 64.06895251212718 1.4210854715202004e-14 64.06895251212717 64.06895251212717 
gen 283 204180 64.06895251212718 1.4210854715202004e-14 64.06895251212717 64.06895251212717 
gen 284 204900 64.06895251212718 1.4210854715202004e-14 64.06895251212717 64.06895251212717 
gen 285 205620 64.06895251212718 1.4210854715202004e-14 64.06895251212717 64.06895251212717 
gen 286 206340 64.06895251212718 1.4210854715202004e-14 64.06895251212717 64.06895251212717 
gen 287 207060 64.06895251212718 1.4210854715202004e-14 64.06895251212717 64.06895251212717 
gen 288 207780 64.06895251212718 1.4210854715202004e-14 64.06895251212717 64.06895251212717 
gen 289 208500 64.06895251212718 1.4210854715202004e-14 64.06895251212717 64.06895251212717 
gen 290 209220 64.06895251212718 1.4210854715202004e-14 64.06895251212717 64.06895251212717 
gen 291 209940 64.06895251212718 1.4210854715202004e-14 64.06895251212717 64.06895251212717 
gen 292 210660 64.06895251212718 1.4210854715202004e-14 64.06895251212717 64.06895251212717 
gen 293 211380 64.06895251212718 1.4210854715202004e-14 64.06895251212717 64.06895251212717 
gen 294 212100 64.06895251212718 1.4210854715202004e-14 64.06895251212717 64.06895251212717 
gen 295 212820 64.06895251212718 1.4210854715202004e-14 64.06895251212717 64.06895251212717 
gen 296 213540 64.06895251212718 1.4210854715202004e-14 64.06895251212717 64.06895251212717 
gen 297 214260 64.06895251212718 1.4210854715202004e-14 64.06895251212717 64.06895251212717 
gen 298 214980 64.06895251212718 1.4210854715202004e-14 64.06895251212717 64.06895251212717 
gen 299 215700 64.06895251212718 1.4210854715202004e-14 64.06895251212717 64.06895251212717 
gen 300 216420 64.06895251212718 1.4210854715202004e-14 64.06895251212717 64.06895251212717 
gen 301 217140 64.06895251212718 1.4210854715202004e-14 64.06895251212717 64.06895251212717 
gen 302 217860 64.06895251212718 1.4210854715202004e-14 64.06895251212717 64.06895251212717 
gen 303 218580 64.06895251212718 1.4210854715202004e-14 64.06895251212717 64.06895251212717 
gen 304 219300 64.06895251212718 1.4210854715202004e-14 64.06895251212717 64.06895251212717 
gen 305 220020 64.06895251212718 1.4210854715202004e-14 64.06895251212717 64.06895251212717 
gen 306 220740 64.06895251212718 1.4210854715202004e-14 64.06895251212717 64.06895251212717 
gen 307 221460 64.06895251212718 1.4210854715202004e-14 64.06895251212717 64.06895251212717 
gen 308 222180 64.06895251212718 1.4210854715202004e-14 64.06895251212717 64.06895251212717 
gen 309 222900 64.06895251212718 1.4210854715202004e-14 64.06895251212717 64.06895251212717 
gen 310 223620 64.06895251212718 1.4210854715202004e-14 64.06895251212717 64.06895251212717 
gen 311 224340 64.06895251212718 1.4210854715202004e-14 64.06895251212717 64.06895251212717 
gen 312 225060 64.06895251212718 1.4210854715202004e-14 64.06895251212717 64.06895251212717 
gen 313 225780 64.06895251212718 1.4210854715202004e-14 64.06895251212717 64.06895251212717 
gen 314 226500 64.06895251212718 1.4210854715202004e-14 64.06895251212717 64.06895251212717 
gen 315 227220 64.06895251212718 1.4210854715202004e-14 64.06895251212717 64.06895251212717 
gen 316 227940 64.06895251212718 1.4210854715202004e-14 64.06895251212717 64.06895251212717 
gen 317 228660 64.06895251212718 1.4210854715202004e-14 64.06895251212717 64.06895251212717 
gen 318 229380 64.06895251212718 1.4210854715202004e-14 64.06895251212717 64.06895251212717 
gen 319 230100 64.06895251212718 1.4210854715202004e-14 64.06895251212717 64.06895251212717 
gen 320 230820 64.06895251212718 1.4210854715202004e-14 64.06895251212717 64.06895251212717 
gen 321 231540 64.06895251212718 1.4210854715202004e-14 64.06895251212717 64.06895251212717 
gen 322 232260 64.06895251212718 1.4210854715202004e-14 64.06895251212717 64.06895251212717 
gen 323 232980 64.06895251212718 1.4210854715202004e-14 64.06895251212717 64.06895251212717 
gen 324 233700 64.06895251212718 1.4210854715202004e-14 64.06895251212717 64.06895251212717 
gen 325 234420 64.06895251212718 1.4210854715202004e-14 64.06895251212717 64.06895251212717 
gen 326 235140 64.06895251212718 1.4210854715202004e-14 64.06895251212717 64.06895251212717 
gen 327 235860 64.06895251212718 1.4210854715202004e-14 64.06895251212717 64.06895251212717 
gen 328 236580 64.06895251212718 1.4210854715202004e-14 64.06895251212717 64.06895251212717 
gen 329 237300 64.06895251212718 1.4210854715202004e-14 64.06895251212717 64.06895251212717 
gen 330 238020 64.06895251212718 1.4210854715202004e-14 64.06895251212717 64.06895251212717 
gen 331 238740 64.06895251212718 1.4210854715202004e-14 64.06895251212717 64.06895251212717 
gen 332 239460 64.06895251212718 1.4210854715202004e-14 64.06895251212717 64.06895251212717 
gen 333 240180 64.06895251212718 1.4210854715202004e-14 64.06895251212717 64.06895251212717 
gen 334 240900 64.06895251212718 1.4210854715202004e-14 64.06895251212717 64.06895251212717 
gen 335 241620 64.06895251212718 1.4210854715202004e-14 64.06895251212717 64.06895251212717 
gen 336 242340 64.06895251212718 1.4210854715202004e-14 64.06895251212717 64.06895251212717 
gen 337 243060 64.06895251212718 1.4210854715202004e-14 64.06895251212717 64.06895251212717 
gen 338 243780 64.06895251212718 1.4210854715202004e-14 64.06895251212717 64.06895251212717 
gen 339 244500 64.06895251212718 1.4210854715202004e-14 64.06895251212717 64.06895251212717 
gen 340 245220 64.06895251212718 1.4210854715202004e-14 64.06895251212717 64.06895251212717 
gen 341 245940 64.06895251212718 1.4210854715202004e-14 64.06895251212717 64.06895251212717 
gen 342 246660 64.06895251212718 1.4210854715202004e-14 64.06895251212717 64.06895251212717 
gen 343 247380 64.06895251212718 1.4210854715202004e-14 64.06895251212717 64.06895251212717 
gen 344 248100 64.06895251212718 1.4210854715202004e-14 64.06895251212717 64.06895251212717 
gen 345 248820 64.06895251212718 1.4210854715202004e-14 64.06895251212717 64.06895251212717 
gen 346 249540 64.06895251212718 1.4210854715202004e-14 64.06895251212717 64.06895251212717 
gen 347 250260 64.06895251212718 1.4210854715202004e-14 64.06895251212717 64.06895251212717 
gen 348 250980 64.06895251212718 1.4210854715202004e-14 64.06895251212717 64.06895251212717 
gen 349 251700 64.06895251212718 1.4210854715202004e-14 64.06895251212717 64.06895251212717 
gen 350 252420 64.06895251212718 1.4210854715202004e-14 64.06895251212717 64.06895251212717 
[5, 2, 6, 4, 14, 3, 13, 15, 0, 11, 17, 8, 16, 7, 9, 10, 1, 12, 14, 12, 9, 11, 1, 15, 6, 16, 4, 7, 0, 3, 17, 2, 10, 13, 5, 8, 4, 15, 3, 2, 17, 13, 14, 11, 1, 8, 12, 10, 16, 9, 0, 5, 6, 7, 16, 1, 17, 8, 7, 4, 13, 12, 11, 5, 2, 3, 6, 0, 10, 15, 14, 9, 4, 6, 0, 16, 11, 9, 2, 14, 5, 8, 1, 13, 17, 10, 15, 7, 12, 3, 10, 0, 14, 9, 2, 3, 13, 7, 4, 1, 5, 12, 11, 15, 6, 8, 16, 17, 17, 10, 5, 11, 14, 15, 3, 9, 13, 4, 16, 2, 0, 6, 1, 7, 12, 8, 0, 17, 15, 7, 11, 10, 14, 6, 8, 5, 9, 16, 4, 13, 12, 3, 1, 2, 8, 6, 13, 9, 11, 12, 16, 15, 10, 0, 14, 2, 3, 7, 4, 1, 5, 17, 13, 6, 11, 5, 0, 10, 8, 4, 2, 9, 17, 16, 15, 3, 12, 1, 7, 14, 14, 7, 10, 5, 17, 16, 9, 2, 8, 1, 6, 0, 15, 11, 12, 3, 13, 4, 15, 10, 0, 14, 9, 2, 13, 12, 3, 7, 8, 4, 1, 11, 6, 5, 16, 17, 14, 10, 15, 4, 6, 2, 11, 8, 7, 1, 9, 3, 5, 12, 13, 0, 16, 17, 7, 4, 12, 15, 11, 3, 16, 2, 10, 8, 1, 6, 13, 5, 9, 14, 0, 17, 7, 0, 4, 5, 13, 15, 16, 12, 2, 11, 17, 14, 3, 6, 10, 1, 8, 9, 4, 1, 10, 2, 16, 15, 8, 7, 13, 3, 14, 11, 5, 6, 9, 0, 12, 17, 1, 2, 4, 8, 17, 13, 14, 9, 12, 7, 6, 11, 3, 15, 0, 5, 10, 16, 9, 2, 8, 12, 11, 13, 15, 5, 3, 17, 14, 6, 0, 10, 1, 4, 16, 7, 7, 17, 11, 5, 3, 13, 10, 16, 12, 6, 4, 1, 2, 14, 15, 9, 0, 8, 10, 13, 8, 0, 5, 16, 1, 7, 11, 4, 17, 12, 9, 15, 14, 6, 3, 2]
min  64.06895251212717
NFE 252420
LSNFE 60
VLSNFE 6
runTime 659.807324886322
