gen 0 360 65.59070845846622 0.37765291927325834 64.68852077882322 66.8580447868118 
gen 1 1080 65.18783378206405 0.1883146826596586 64.62122704221746 65.42871925882845 
gen 2 1800 64.97393410716631 0.13814453570861962 64.49160908297722 65.14810688399413 
gen 3 2520 64.81493305057249 0.10602523942088234 64.4426512769797 64.9599429390471 
gen 4 3240 64.68717409266824 0.09041314364920672 64.36768027547114 64.80341687393116 
gen 5 3960 64.59097186242735 0.07176454802083437 64.36768027547114 64.68214769480154 
gen 6 4680 64.51868156034645 0.057722798237994026 64.33211963483922 64.59813501890294 
gen 7 5400 64.46411925436554 0.04781614849937544 64.30967206416693 64.52663059939678 
gen 8 6140 64.4213409627941 0.04018951554200656 64.24478789595824 64.47076039955502 
gen 9 6860 64.38874666992048 0.03369090470182678 64.24478789595824 64.43013444153404 
gen 10 7580 64.3611943372298 0.029166243185566577 64.24478789595824 64.40013809690765 
gen 11 8300 64.33735477656023 0.024843587000406505 64.23053953965501 64.36768027547114 
gen 12 9020 64.31779398146003 0.021525480464641703 64.23053953965501 64.34508992297923 
gen 13 9740 64.301230365506 0.01940018014086086 64.22410215141566 64.32535660496546 
gen 14 10460 64.28877038983718 0.017333298468624414 64.22360625645412 64.31067445229493 
gen 15 11180 64.2775418167227 0.0173193703621081 64.20309267577744 64.29803746750768 
gen 16 11920 64.26760934183737 0.016851559736899047 64.16591845534111 64.2879642580062 
gen 17 12640 64.25970201560921 0.01565839589397856 64.16591845534111 64.27728356429225 
gen 18 13360 64.25343077471993 0.015056647695287062 64.16591845534111 64.27003581465051 
gen 19 14080 64.2474331202144 0.014468012074183885 64.16591845534111 64.26326125064469 
gen 20 14800 64.24238232724018 0.014788219526751039 64.16591845534111 64.25812848024657 
gen 21 15520 64.23743938735592 0.014347330750379013 64.16591845534111 64.25273642026546 
gen 22 16240 64.23383034901495 0.014253046611920011 64.16591845534111 64.24782935805857 
gen 23 16960 64.22957913655122 0.014091586122711218 64.16591845534111 64.24474900578218 
gen 24 17680 64.22602807778644 0.01396935242921113 64.1648815125485 64.24130409880674 
gen 25 18400 64.22226504443843 0.013577457285410006 64.1648815125485 64.23708236339655 
gen 26 19120 64.21845451483979 0.013246195391854737 64.1648815125485 64.2333857751614 
gen 27 19850 64.21476381925993 0.012455056830620294 64.15728163402974 64.22978583416894 
gen 28 20570 64.21074211601851 0.012464917504613642 64.15728163402974 64.22567316194846 
gen 29 21290 64.20692110768238 0.011932297573316854 64.15728163402974 64.22108413772989 
gen 30 22010 64.2034682285588 0.01190897885246932 64.15728163402974 64.21765480452551 
gen 31 22730 64.2008152226638 0.012031777119023108 64.1497525266827 64.21467661090634 
gen 32 23450 64.19834235118215 0.011642146152139708 64.1497525266827 64.21176886329022 
gen 33 24170 64.19500157517062 0.01168633926828224 64.1497525266827 64.20850142695747 
gen 34 24890 64.19151472946007 0.011367712215940604 64.14954492597826 64.20461377190792 
gen 35 25610 64.188439432171 0.011244783700784194 64.14954492597826 64.20158464698511 
gen 36 26330 64.1849147449636 0.011011779229806496 64.14371390486235 64.19847971788434 
gen 37 27050 64.18169294856298 0.010663090221850639 64.14291481264934 64.19340380633177 
gen 38 27770 64.17895864554482 0.010147789132941367 64.13746785336319 64.19056052568364 
gen 39 28490 64.1759604324376 0.009774817346712063 64.13746785336319 64.18759118624737 
gen 40 29220 64.17280646472507 0.00960551726338238 64.13185743180871 64.18495440573928 
gen 41 29940 64.17072162783381 0.00916979916543613 64.13185743180871 64.18160960923151 
gen 42 30660 64.16893713803229 0.009086075504404423 64.13185743180871 64.17970483973268 
gen 43 31380 64.16641050080727 0.009145450272462231 64.12692447384771 64.177132977409 
gen 44 32100 64.16383062792019 0.008975515526932766 64.12692447384771 64.17443425232912 
gen 45 32820 64.16155235713224 0.00847048117295382 64.12692447384771 64.17197640959508 
gen 46 33550 64.15892222453527 0.008637837537421261 64.11198241715853 64.16938486428813 
gen 47 34270 64.15668678053035 0.008562806927246897 64.11198241715853 64.16672287370638 
gen 48 34990 64.15422697447704 0.00848516830058638 64.11198241715853 64.16442002007254 
gen 49 35720 64.15216514405829 0.008742618844444515 64.10892250583909 64.16168398998715 
gen 50 36440 64.15011474008976 0.008754557016445254 64.10892250583909 64.15975861576301 
gen 51 37160 64.14754645989329 0.008763144460819427 64.10892250583909 64.15738884084526 
gen 52 37880 64.14507802422405 0.00873357618409479 64.10674708340906 64.15511599874515 
gen 53 38600 64.14291267305636 0.00879058222106139 64.10674708340906 64.15311826654845 
gen 54 39320 64.14072275045758 0.008315104879756834 64.10674708340906 64.1504868041243 
gen 55 40040 64.13843552411794 0.008319772242255318 64.10674708340906 64.1481077338032 
gen 56 40760 64.13632749680582 0.008091713065673642 64.10674708340906 64.1461555497393 
gen 57 41480 64.13459213116776 0.007740187871107212 64.10674708340906 64.14420929270122 
gen 58 42200 64.13240566912584 0.007337628510237991 64.10187881625907 64.14193626816053 
gen 59 42920 64.13109402764847 0.007298220274090745 64.10187881625907 64.14000008375031 
gen 60 43640 64.12995562454469 0.007108927530057652 64.10187881625907 64.13840181026241 
gen 61 44360 64.12836010130694 0.007112841635289568 64.10046405448261 64.13666413657582 
gen 62 45080 64.12697829588355 0.007094605725938931 64.10046405448261 64.13505235929384 
gen 63 45800 64.12559632144927 0.006838964974562591 64.10046405448261 64.1336271356389 
gen 64 46520 64.12434859014651 0.006586306884081081 64.10046405448261 64.13225967702292 
gen 65 47240 64.12333460847265 0.006488308966720876 64.10046405448261 64.1309140956706 
gen 66 47960 64.12211491902713 0.0062451646240570926 64.10046405448261 64.1296587174639 
gen 67 48680 64.1210204942638 0.005967164499373566 64.10046405448261 64.1281632116531 
gen 68 49400 64.11988088711466 0.005798737770445273 64.10046405448261 64.12722303813734 
gen 69 50120 64.11896893335347 0.005538736601123184 64.10046405448261 64.12621891653183 
gen 70 50840 64.11814131704756 0.005517904562478509 64.09938751164186 64.12512568237781 
gen 71 51560 64.11741770207962 0.005295145577955753 64.09938751164186 64.12412306796621 
gen 72 52280 64.11600985849256 0.005275530213773567 64.09068507525653 64.12274274850549 
gen 73 53000 64.11534726704743 0.004901369422587945 64.09068507525653 64.12165981064993 
gen 74 53720 64.11456462199658 0.004691957734754393 64.09068507525653 64.12068064460738 
gen 75 54440 64.11387048331494 0.004433612309425626 64.09068507525653 64.11954335990545 
gen 76 55160 64.11345908849958 0.0042714304615350425 64.09068507525653 64.11893817861808 
gen 77 55880 64.1127738951655 0.0041281301291186435 64.09068507525653 64.11814247292412 
gen 78 56600 64.11184189870905 0.003972857500460511 64.09068507525653 64.11697179062774 
gen 79 57320 64.11107676126056 0.003968210021691823 64.09068507525653 64.11584619189242 
gen 80 58040 64.11054912589302 0.003874271800641727 64.09068507525653 64.11524113455935 
gen 81 58760 64.10993196744215 0.003928552591056874 64.0901790219714 64.11467072670288 
gen 82 59480 64.10938226221586 0.003836048221344931 64.0901790219714 64.1139802864498 
gen 83 60200 64.10868545008609 0.003769433637235888 64.0901790219714 64.11321176081971 
gen 84 60920 64.10831678909358 0.0036934717006367633 64.0901790219714 64.11276029487053 
gen 85 61640 64.10777312828785 0.0036119583955939965 64.0901790219714 64.11212443328628 
gen 86 62360 64.10718573681122 0.0036205090261108483 64.0901790219714 64.1116406841801 
gen 87 63080 64.10648653491529 0.0035543428780814073 64.0901790219714 64.11075452241579 
gen 88 63800 64.10563969667987 0.003773091786137826 64.08763774997219 64.10969341237791 
gen 89 64520 64.10492516737482 0.003840285222337405 64.08727513789736 64.10902114266483 
gen 90 65240 64.10427751109845 0.0038113013258563744 64.08727513789736 64.10840321368156 
gen 91 65960 64.10328755751974 0.003897383950151835 64.08701675087315 64.10757356594571 
gen 92 66680 64.10230988284158 0.003967124235714163 64.08701675087315 64.106807009521 
gen 93 67400 64.10113309787516 0.003877093524333876 64.08588157695513 64.10558116367139 
gen 94 68120 64.10034415286592 0.004069380311814088 64.08508690315657 64.10471744453213 
gen 95 68840 64.09946445400536 0.004173239702631921 64.08508690315657 64.10382626012044 
gen 96 69560 64.09859413078236 0.0041153234052171365 64.08508690315657 64.10291716725555 
gen 97 70280 64.09735389634918 0.0042193202704557 64.08500781255636 64.10196618478844 
gen 98 71000 64.09614351828274 0.0042744716174516195 64.0814480654938 64.10070841941383 
gen 99 71720 64.09473811436854 0.004285628686326674 64.08115355329174 64.09948460814674 
gen 100 72440 64.09344133970065 0.004112110231000944 64.08115094524952 64.09825827399136 
gen 101 73160 64.09201388424819 0.003804874386652304 64.07758971338338 64.09711109524014 
gen 102 73880 64.09048852655673 0.0033094711996077054 64.07758971338338 64.09506896590067 
gen 103 74600 64.08880632447026 0.0028199601869439935 64.07758971338338 64.09276727171132 
gen 104 75320 64.08762767442128 0.0025388739003654446 64.07758971338338 64.09077003837547 
gen 105 76040 64.08654113078106 0.0024574412578127493 64.07758971338338 64.08965021964369 
gen 106 76760 64.085616066645 0.002297886701640374 64.07758971338338 64.0885079714772 
gen 107 77480 64.08464821294265 0.0021952313075562792 64.07758971338338 64.08741214796498 
gen 108 78200 64.08395802439425 0.0020652852639251288 64.07707430479581 64.08658709186834 
gen 109 78920 64.08325736402413 0.0018265609481343211 64.07707430479581 64.08569183551992 
gen 110 79640 64.08256051681415 0.0016867389884656187 64.07612273061186 64.0848420531275 
gen 111 80360 64.08209038425865 0.0015180894243577115 64.07612273061186 64.08415025058626 
gen 112 81080 64.08158549412407 0.00136538840652602 64.07612273061186 64.08337291593466 
gen 113 81800 64.08112186316778 0.0013225953444441984 64.07612273061186 64.08266541203731 
gen 114 82520 64.08069090243087 0.0013260114794937435 64.07540308360278 64.08220939385566 
gen 115 83240 64.08029077275087 0.0013392570528668213 64.07540308360278 64.0818181685941 
gen 116 83960 64.07994770277745 0.0013365065371324532 64.07540308360278 64.08147756912312 
gen 117 84680 64.0796315915151 0.0012651952303961266 64.07540308360278 64.08117035479425 
gen 118 85400 64.07929506699753 0.0012350777876493342 64.07540308360278 64.08085597770169 
gen 119 86120 64.07877905950694 0.0011207878923324818 64.0750926235577 64.08025677492813 
gen 120 86840 64.07846665862657 0.0010150331870790344 64.0750926235577 64.07980090312627 
gen 121 87560 64.07809690074488 0.000920800670361102 64.0750926235577 64.07932941331191 
gen 122 88280 64.07781594751947 0.0008277047352688543 64.0750926235577 64.07897672609221 
gen 123 89000 64.07755329660795 0.0007190877186575133 64.0750926235577 64.07852291854417 
gen 124 89720 64.077380177581 0.0006673967015947633 64.0750926235577 64.07824044002746 
gen 125 90440 64.07716592117829 0.0006292288340047055 64.0750926235577 64.07792363763748 
gen 126 91160 64.0770714237566 0.0005920133758601442 64.0750926235577 64.07782404517366 
gen 127 91880 64.07691846824545 0.0006029051808060631 64.07477547111033 64.07763414728674 
gen 128 92600 64.07679931626515 0.0005723112802799664 64.07477547111033 64.07749924547464 
gen 129 93320 64.07669470236799 0.0005414295754461169 64.07477547111033 64.0774206632265 
gen 130 94040 64.07653697241284 0.0005000450949246365 64.07477547111033 64.07715352212229 
gen 131 94760 64.07641540109202 0.00047990576022444376 64.07477547111033 64.07698311670302 
gen 132 95480 64.0762537393732 0.00045005427306830026 64.07477547111033 64.07684536994253 
gen 133 96200 64.0761540883256 0.000410607499991471 64.07477547111033 64.07674507888737 
gen 134 96920 64.07605549472704 0.0003776393932303225 64.07477547111033 64.07657930627165 
gen 135 97640 64.07598082412929 0.0003603661874914254 64.07477547111033 64.07638929829463 
gen 136 98360 64.07585872796353 0.0003737724213144743 64.07477547111033 64.07627703016135 
gen 137 99080 64.07573912338388 0.00036682744417099053 64.0741318836397 64.07623997449998 
gen 138 99800 64.07564806868037 0.00035017600671449127 64.0741318836397 64.0761063198615 
gen 139 100520 64.07554861777325 0.0003251308709107498 64.0741318836397 64.07605005318574 
gen 140 101240 64.07546273648566 0.0002941530389302513 64.0741318836397 64.075942847618 
gen 141 101960 64.07537665963297 0.00023817126305338208 64.0741318836397 64.07586005345578 
gen 142 102680 64.07529622723642 0.00021257911526988672 64.0741318836397 64.07545641238801 
gen 143 103400 64.07526982602687 0.00021611305088682623 64.0741318836397 64.07545641238801 
gen 144 104120 64.07522870914954 0.00021895692268509472 64.0741318836397 64.07543298434825 
gen 145 104840 64.07519744852718 0.00022123292675796312 64.0741318836397 64.07540308360278 
gen 146 105560 64.07514977389044 0.00021762403740184757 64.0741318836397 64.07540308360278 
gen 147 106280 64.07508104946236 0.0001973567170860085 64.0741318836397 64.07540308360278 
gen 148 107000 64.07498456005254 9.711923114471253e-05 64.0741318836397 64.07540308360278 
gen 149 107720 64.07495828878803 5.1092402451821636e-05 64.0741318836397 64.07496242147081 
gen 150 108440 64.07495828878803 5.1092402451821636e-05 64.0741318836397 64.07496242147081 
gen 151 109160 64.07495828878803 5.1092402451821636e-05 64.0741318836397 64.07496242147081 
gen 152 109880 64.07495828878803 5.1092402451821636e-05 64.0741318836397 64.07496242147081 
gen 153 110600 64.07495828878803 5.1092402451821636e-05 64.0741318836397 64.07496242147081 
gen 154 111320 64.07495776948146 5.198996247820536e-05 64.0741318836397 64.07496242147081 
gen 155 112040 64.07495329751455 7.902350756538385e-05 64.0741318836397 64.07496242147081 
gen 156 112760 64.07495329751455 7.902350756538385e-05 64.0741318836397 64.07496242147081 
gen 157 113480 64.074952778208 7.95742003167371e-05 64.0741318836397 64.07496242147081 
gen 158 114200 64.07495047115846 9.054461785408362e-05 64.0741318836397 64.07496242147081 
gen 159 114920 64.07495047115846 9.054461785408362e-05 64.0741318836397 64.07496242147081 
gen 160 115640 64.07494712549583 0.00010108131353714909 64.0741318836397 64.07496242147081 
gen 161 116360 64.07494712549583 0.00010108131353714909 64.0741318836397 64.07496242147081 
gen 162 117080 64.07494402761954 0.00010689479069392892 64.0741318836397 64.07496242147081 
gen 163 117800 64.07494172057 0.00011511904560820476 64.0741318836397 64.07496242147081 
gen 164 118520 64.07494172057 0.00011511904560820476 64.0741318836397 64.07496242147081 
gen 165 119240 64.07494172057 0.00011511904560820476 64.0741318836397 64.07496242147081 
gen 166 119960 64.07494172057 0.00011511904560820476 64.0741318836397 64.07496242147081 
gen 167 120680 64.07494172057 0.00011511904560820476 64.0741318836397 64.07496242147081 
gen 168 121400 64.07493687142869 0.00012845133813605737 64.0741318836397 64.07496242147081 
gen 169 122120 64.07492964467623 0.00014539287765866104 64.0741318836397 64.07496242147081 
gen 170 122840 64.07492912536969 0.00014560858949226667 64.0741318836397 64.07496242147081 
gen 171 123560 64.0749226477471 0.00015544954336127134 64.0741318836397 64.07496242147081 
gen 172 124280 64.07491642171749 0.00016549813539203407 64.0741318836397 64.07496242147081 
gen 173 125000 64.07491138998446 0.00017334480367190005 64.0741318836397 64.07496242147081 
gen 174 125720 64.07490512646797 0.00018350034163592424 64.0741318836397 64.07496242147081 
gen 175 126440 64.07489408538069 0.00019875531512094147 64.0741318836397 64.07496242147081 
gen 176 127160 64.07487658603296 0.00021914733248705733 64.0741318836397 64.07496242147081 
gen 177 127880 64.07486384291644 0.00022985717312984865 64.0741318836397 64.07496242147081 
gen 178 128600 64.07484106788229 0.00024845617219796957 64.0741318836397 64.07496242147081 
gen 179 129320 64.07481386106546 0.00027284187981649934 64.07368945504967 64.07496242147081 
gen 180 130040 64.07477246668499 0.00029992633885886615 64.07368945504967 64.07496242147081 
gen 181 130760 64.07467450790463 0.00033656182678998265 64.07368945504967 64.07496242147081 
gen 182 131480 64.07450572597149 0.0003294145671738147 64.07368945504967 64.07496242147081 
gen 183 132200 64.0742666957128 0.00021806123292950454 64.07368945504967 64.07449214386165 
gen 184 132920 64.07410208803938 0.00013718288919378503 64.07368945504967 64.07418305121537 
gen 185 133640 64.07404708482659 0.0001741452859210625 64.07368945504967 64.0741318836397 
gen 186 134360 64.07396351498181 0.0002148094573148442 64.07368945504967 64.0741318836397 
gen 187 135080 64.0738012911655 0.00019228150777387046 64.07368945504967 64.0741318836397 
gen 188 135800 64.07368945504969 1.4210854715202004e-14 64.07368945504967 64.07368945504967 
gen 189 136520 64.07368945504969 1.4210854715202004e-14 64.07368945504967 64.07368945504967 
gen 190 137240 64.07368945504969 1.4210854715202004e-14 64.07368945504967 64.07368945504967 
gen 191 137960 64.07368945504969 1.4210854715202004e-14 64.07368945504967 64.07368945504967 
gen 192 138680 64.07368945504969 1.4210854715202004e-14 64.07368945504967 64.07368945504967 
gen 193 139400 64.07368945504969 1.4210854715202004e-14 64.07368945504967 64.07368945504967 
gen 194 140120 64.07368945504969 1.4210854715202004e-14 64.07368945504967 64.07368945504967 
gen 195 140840 64.07368945504969 1.4210854715202004e-14 64.07368945504967 64.07368945504967 
gen 196 141560 64.07368945504969 1.4210854715202004e-14 64.07368945504967 64.07368945504967 
gen 197 142280 64.07368945504969 1.4210854715202004e-14 64.07368945504967 64.07368945504967 
gen 198 143000 64.07368945504969 1.4210854715202004e-14 64.07368945504967 64.07368945504967 
gen 199 143720 64.07368945504969 1.4210854715202004e-14 64.07368945504967 64.07368945504967 
gen 200 144440 64.07368945504969 1.4210854715202004e-14 64.07368945504967 64.07368945504967 
gen 201 145160 64.07368945504969 1.4210854715202004e-14 64.07368945504967 64.07368945504967 
gen 202 145880 64.07368945504969 1.4210854715202004e-14 64.07368945504967 64.07368945504967 
gen 203 146600 64.07368945504969 1.4210854715202004e-14 64.07368945504967 64.07368945504967 
gen 204 147320 64.07368945504969 1.4210854715202004e-14 64.07368945504967 64.07368945504967 
gen 205 148040 64.07368945504969 1.4210854715202004e-14 64.07368945504967 64.07368945504967 
gen 206 148760 64.07368945504969 1.4210854715202004e-14 64.07368945504967 64.07368945504967 
gen 207 149480 64.07368945504969 1.4210854715202004e-14 64.07368945504967 64.07368945504967 
gen 208 150200 64.07368945504969 1.4210854715202004e-14 64.07368945504967 64.07368945504967 
gen 209 150920 64.07368945504969 1.4210854715202004e-14 64.07368945504967 64.07368945504967 
gen 210 151640 64.07368945504969 1.4210854715202004e-14 64.07368945504967 64.07368945504967 
gen 211 152360 64.07368945504969 1.4210854715202004e-14 64.07368945504967 64.07368945504967 
gen 212 153080 64.07368945504969 1.4210854715202004e-14 64.07368945504967 64.07368945504967 
gen 213 153800 64.07368945504969 1.4210854715202004e-14 64.07368945504967 64.07368945504967 
gen 214 154520 64.07368945504969 1.4210854715202004e-14 64.07368945504967 64.07368945504967 
gen 215 155240 64.07368945504969 1.4210854715202004e-14 64.07368945504967 64.07368945504967 
gen 216 155960 64.07368945504969 1.4210854715202004e-14 64.07368945504967 64.07368945504967 
gen 217 156680 64.07368945504969 1.4210854715202004e-14 64.07368945504967 64.07368945504967 
gen 218 157400 64.07368945504969 1.4210854715202004e-14 64.07368945504967 64.07368945504967 
gen 219 158120 64.07368945504969 1.4210854715202004e-14 64.07368945504967 64.07368945504967 
gen 220 158840 64.07368945504969 1.4210854715202004e-14 64.07368945504967 64.07368945504967 
gen 221 159560 64.07368945504969 1.4210854715202004e-14 64.07368945504967 64.07368945504967 
gen 222 160280 64.07368945504969 1.4210854715202004e-14 64.07368945504967 64.07368945504967 
gen 223 161000 64.07368945504969 1.4210854715202004e-14 64.07368945504967 64.07368945504967 
gen 224 161720 64.07368945504969 1.4210854715202004e-14 64.07368945504967 64.07368945504967 
gen 225 162440 64.07368945504969 1.4210854715202004e-14 64.07368945504967 64.07368945504967 
gen 226 163160 64.07368945504969 1.4210854715202004e-14 64.07368945504967 64.07368945504967 
gen 227 163880 64.07368945504969 1.4210854715202004e-14 64.07368945504967 64.07368945504967 
gen 228 164600 64.07368945504969 1.4210854715202004e-14 64.07368945504967 64.07368945504967 
gen 229 165320 64.07368945504969 1.4210854715202004e-14 64.07368945504967 64.07368945504967 
gen 230 166040 64.07368945504969 1.4210854715202004e-14 64.07368945504967 64.07368945504967 
gen 231 166760 64.07368945504969 1.4210854715202004e-14 64.07368945504967 64.07368945504967 
gen 232 167480 64.07368945504969 1.4210854715202004e-14 64.07368945504967 64.07368945504967 
gen 233 168200 64.07368945504969 1.4210854715202004e-14 64.07368945504967 64.07368945504967 
gen 234 168920 64.07368945504969 1.4210854715202004e-14 64.07368945504967 64.07368945504967 
gen 235 169640 64.07368945504969 1.4210854715202004e-14 64.07368945504967 64.07368945504967 
gen 236 170360 64.07368945504969 1.4210854715202004e-14 64.07368945504967 64.07368945504967 
gen 237 171080 64.07368945504969 1.4210854715202004e-14 64.07368945504967 64.07368945504967 
gen 238 171800 64.07368945504969 1.4210854715202004e-14 64.07368945504967 64.07368945504967 
gen 239 172520 64.07368945504969 1.4210854715202004e-14 64.07368945504967 64.07368945504967 
gen 240 173240 64.07368945504969 1.4210854715202004e-14 64.07368945504967 64.07368945504967 
gen 241 173960 64.07368945504969 1.4210854715202004e-14 64.07368945504967 64.07368945504967 
gen 242 174680 64.07368945504969 1.4210854715202004e-14 64.07368945504967 64.07368945504967 
gen 243 175400 64.07368945504969 1.4210854715202004e-14 64.07368945504967 64.07368945504967 
gen 244 176120 64.07368945504969 1.4210854715202004e-14 64.07368945504967 64.07368945504967 
gen 245 176840 64.07368945504969 1.4210854715202004e-14 64.07368945504967 64.07368945504967 
gen 246 177560 64.07368945504969 1.4210854715202004e-14 64.07368945504967 64.07368945504967 
gen 247 178280 64.07368945504969 1.4210854715202004e-14 64.07368945504967 64.07368945504967 
gen 248 179000 64.07368945504969 1.4210854715202004e-14 64.07368945504967 64.07368945504967 
gen 249 179720 64.07368945504969 1.4210854715202004e-14 64.07368945504967 64.07368945504967 
gen 250 180440 64.07368945504969 1.4210854715202004e-14 64.07368945504967 64.07368945504967 
gen 251 181160 64.07368945504969 1.4210854715202004e-14 64.07368945504967 64.07368945504967 
gen 252 181880 64.07368945504969 1.4210854715202004e-14 64.07368945504967 64.07368945504967 
gen 253 182600 64.07368945504969 1.4210854715202004e-14 64.07368945504967 64.07368945504967 
gen 254 183320 64.07368945504969 1.4210854715202004e-14 64.07368945504967 64.07368945504967 
gen 255 184040 64.07368945504969 1.4210854715202004e-14 64.07368945504967 64.07368945504967 
gen 256 184760 64.07368945504969 1.4210854715202004e-14 64.07368945504967 64.07368945504967 
gen 257 185480 64.07368945504969 1.4210854715202004e-14 64.07368945504967 64.07368945504967 
gen 258 186200 64.07368945504969 1.4210854715202004e-14 64.07368945504967 64.07368945504967 
gen 259 186920 64.07368945504969 1.4210854715202004e-14 64.07368945504967 64.07368945504967 
gen 260 187640 64.07368945504969 1.4210854715202004e-14 64.07368945504967 64.07368945504967 
gen 261 188360 64.07368945504969 1.4210854715202004e-14 64.07368945504967 64.07368945504967 
gen 262 189080 64.07368945504969 1.4210854715202004e-14 64.07368945504967 64.07368945504967 
gen 263 189800 64.07368945504969 1.4210854715202004e-14 64.07368945504967 64.07368945504967 
gen 264 190520 64.07368945504969 1.4210854715202004e-14 64.07368945504967 64.07368945504967 
gen 265 191240 64.07368945504969 1.4210854715202004e-14 64.07368945504967 64.07368945504967 
gen 266 191960 64.07368945504969 1.4210854715202004e-14 64.07368945504967 64.07368945504967 
gen 267 192680 64.07368945504969 1.4210854715202004e-14 64.07368945504967 64.07368945504967 
gen 268 193400 64.07368945504969 1.4210854715202004e-14 64.07368945504967 64.07368945504967 
gen 269 194120 64.07368945504969 1.4210854715202004e-14 64.07368945504967 64.07368945504967 
gen 270 194840 64.07368945504969 1.4210854715202004e-14 64.07368945504967 64.07368945504967 
gen 271 195560 64.07368945504969 1.4210854715202004e-14 64.07368945504967 64.07368945504967 
gen 272 196280 64.07368945504969 1.4210854715202004e-14 64.07368945504967 64.07368945504967 
gen 273 197000 64.07368945504969 1.4210854715202004e-14 64.07368945504967 64.07368945504967 
gen 274 197720 64.07368945504969 1.4210854715202004e-14 64.07368945504967 64.07368945504967 
gen 275 198440 64.07368945504969 1.4210854715202004e-14 64.07368945504967 64.07368945504967 
gen 276 199160 64.07368945504969 1.4210854715202004e-14 64.07368945504967 64.07368945504967 
gen 277 199880 64.07368945504969 1.4210854715202004e-14 64.07368945504967 64.07368945504967 
gen 278 200600 64.07368945504969 1.4210854715202004e-14 64.07368945504967 64.07368945504967 
gen 279 201320 64.07368945504969 1.4210854715202004e-14 64.07368945504967 64.07368945504967 
gen 280 202040 64.07368945504969 1.4210854715202004e-14 64.07368945504967 64.07368945504967 
gen 281 202760 64.07368945504969 1.4210854715202004e-14 64.07368945504967 64.07368945504967 
gen 282 203480 64.07368945504969 1.4210854715202004e-14 64.07368945504967 64.07368945504967 
gen 283 204200 64.07368945504969 1.4210854715202004e-14 64.07368945504967 64.07368945504967 
gen 284 204920 64.07368945504969 1.4210854715202004e-14 64.07368945504967 64.07368945504967 
gen 285 205640 64.07368945504969 1.4210854715202004e-14 64.07368945504967 64.07368945504967 
gen 286 206360 64.07368945504969 1.4210854715202004e-14 64.07368945504967 64.07368945504967 
gen 287 207080 64.07368945504969 1.4210854715202004e-14 64.07368945504967 64.07368945504967 
gen 288 207800 64.07368945504969 1.4210854715202004e-14 64.07368945504967 64.07368945504967 
gen 289 208520 64.07368945504969 1.4210854715202004e-14 64.07368945504967 64.07368945504967 
gen 290 209240 64.07368945504969 1.4210854715202004e-14 64.07368945504967 64.07368945504967 
gen 291 209960 64.07368945504969 1.4210854715202004e-14 64.07368945504967 64.07368945504967 
gen 292 210680 64.07368945504969 1.4210854715202004e-14 64.07368945504967 64.07368945504967 
gen 293 211400 64.07368945504969 1.4210854715202004e-14 64.07368945504967 64.07368945504967 
gen 294 212120 64.07368945504969 1.4210854715202004e-14 64.07368945504967 64.07368945504967 
gen 295 212840 64.07368945504969 1.4210854715202004e-14 64.07368945504967 64.07368945504967 
gen 296 213560 64.07368945504969 1.4210854715202004e-14 64.07368945504967 64.07368945504967 
gen 297 214280 64.07368945504969 1.4210854715202004e-14 64.07368945504967 64.07368945504967 
gen 298 215000 64.07368945504969 1.4210854715202004e-14 64.07368945504967 64.07368945504967 
gen 299 215720 64.07368945504969 1.4210854715202004e-14 64.07368945504967 64.07368945504967 
gen 300 216440 64.07368945504969 1.4210854715202004e-14 64.07368945504967 64.07368945504967 
gen 301 217160 64.07368945504969 1.4210854715202004e-14 64.07368945504967 64.07368945504967 
gen 302 217880 64.07368945504969 1.4210854715202004e-14 64.07368945504967 64.07368945504967 
gen 303 218600 64.07368945504969 1.4210854715202004e-14 64.07368945504967 64.07368945504967 
gen 304 219320 64.07368945504969 1.4210854715202004e-14 64.07368945504967 64.07368945504967 
gen 305 220040 64.07368945504969 1.4210854715202004e-14 64.07368945504967 64.07368945504967 
gen 306 220760 64.07368945504969 1.4210854715202004e-14 64.07368945504967 64.07368945504967 
gen 307 221480 64.07368945504969 1.4210854715202004e-14 64.07368945504967 64.07368945504967 
gen 308 222200 64.07368945504969 1.4210854715202004e-14 64.07368945504967 64.07368945504967 
gen 309 222920 64.07368945504969 1.4210854715202004e-14 64.07368945504967 64.07368945504967 
gen 310 223640 64.07368945504969 1.4210854715202004e-14 64.07368945504967 64.07368945504967 
gen 311 224360 64.07368945504969 1.4210854715202004e-14 64.07368945504967 64.07368945504967 
gen 312 225080 64.07368945504969 1.4210854715202004e-14 64.07368945504967 64.07368945504967 
gen 313 225800 64.07368945504969 1.4210854715202004e-14 64.07368945504967 64.07368945504967 
gen 314 226520 64.07368945504969 1.4210854715202004e-14 64.07368945504967 64.07368945504967 
gen 315 227240 64.07368945504969 1.4210854715202004e-14 64.07368945504967 64.07368945504967 
gen 316 227960 64.07368945504969 1.4210854715202004e-14 64.07368945504967 64.07368945504967 
gen 317 228680 64.07368945504969 1.4210854715202004e-14 64.07368945504967 64.07368945504967 
gen 318 229400 64.07368945504969 1.4210854715202004e-14 64.07368945504967 64.07368945504967 
gen 319 230120 64.07368945504969 1.4210854715202004e-14 64.07368945504967 64.07368945504967 
gen 320 230840 64.07368945504969 1.4210854715202004e-14 64.07368945504967 64.07368945504967 
gen 321 231560 64.07368945504969 1.4210854715202004e-14 64.07368945504967 64.07368945504967 
gen 322 232280 64.07368945504969 1.4210854715202004e-14 64.07368945504967 64.07368945504967 
gen 323 233000 64.07368945504969 1.4210854715202004e-14 64.07368945504967 64.07368945504967 
gen 324 233720 64.07368945504969 1.4210854715202004e-14 64.07368945504967 64.07368945504967 
gen 325 234440 64.07368945504969 1.4210854715202004e-14 64.07368945504967 64.07368945504967 
gen 326 235160 64.07368945504969 1.4210854715202004e-14 64.07368945504967 64.07368945504967 
gen 327 235880 64.07368945504969 1.4210854715202004e-14 64.07368945504967 64.07368945504967 
gen 328 236600 64.07368945504969 1.4210854715202004e-14 64.07368945504967 64.07368945504967 
gen 329 237320 64.07368945504969 1.4210854715202004e-14 64.07368945504967 64.07368945504967 
gen 330 238040 64.07368945504969 1.4210854715202004e-14 64.07368945504967 64.07368945504967 
gen 331 238760 64.07368945504969 1.4210854715202004e-14 64.07368945504967 64.07368945504967 
gen 332 239480 64.07368945504969 1.4210854715202004e-14 64.07368945504967 64.07368945504967 
gen 333 240200 64.07368945504969 1.4210854715202004e-14 64.07368945504967 64.07368945504967 
gen 334 240920 64.07368945504969 1.4210854715202004e-14 64.07368945504967 64.07368945504967 
gen 335 241640 64.07368945504969 1.4210854715202004e-14 64.07368945504967 64.07368945504967 
gen 336 242360 64.07368945504969 1.4210854715202004e-14 64.07368945504967 64.07368945504967 
gen 337 243080 64.07368945504969 1.4210854715202004e-14 64.07368945504967 64.07368945504967 
gen 338 243800 64.07368945504969 1.4210854715202004e-14 64.07368945504967 64.07368945504967 
gen 339 244520 64.07368945504969 1.4210854715202004e-14 64.07368945504967 64.07368945504967 
gen 340 245240 64.07368945504969 1.4210854715202004e-14 64.07368945504967 64.07368945504967 
gen 341 245960 64.07368945504969 1.4210854715202004e-14 64.07368945504967 64.07368945504967 
gen 342 246680 64.07368945504969 1.4210854715202004e-14 64.07368945504967 64.07368945504967 
gen 343 247400 64.07368945504969 1.4210854715202004e-14 64.07368945504967 64.07368945504967 
gen 344 248120 64.07368945504969 1.4210854715202004e-14 64.07368945504967 64.07368945504967 
gen 345 248840 64.07368945504969 1.4210854715202004e-14 64.07368945504967 64.07368945504967 
gen 346 249560 64.07368945504969 1.4210854715202004e-14 64.07368945504967 64.07368945504967 
gen 347 250280 64.07368945504969 1.4210854715202004e-14 64.07368945504967 64.07368945504967 
gen 348 251000 64.07368945504969 1.4210854715202004e-14 64.07368945504967 64.07368945504967 
gen 349 251720 64.07368945504969 1.4210854715202004e-14 64.07368945504967 64.07368945504967 
gen 350 252440 64.07368945504969 1.4210854715202004e-14 64.07368945504967 64.07368945504967 
[17, 5, 9, 8, 3, 11, 16, 7, 10, 0, 12, 1, 15, 2, 4, 14, 6, 13, 7, 17, 1, 10, 16, 5, 8, 6, 14, 15, 13, 3, 4, 12, 11, 9, 0, 2, 14, 5, 16, 17, 0, 2, 9, 3, 15, 10, 4, 13, 12, 1, 8, 6, 11, 7, 15, 13, 10, 5, 3, 9, 7, 17, 2, 0, 4, 16, 12, 6, 8, 1, 11, 14, 10, 1, 0, 6, 7, 12, 3, 5, 9, 11, 4, 14, 8, 16, 13, 2, 17, 15, 0, 2, 13, 12, 7, 10, 11, 3, 4, 9, 16, 14, 1, 15, 5, 8, 6, 17, 2, 6, 4, 15, 12, 8, 11, 7, 0, 10, 17, 16, 14, 13, 3, 9, 5, 1, 16, 7, 13, 17, 2, 4, 1, 15, 11, 8, 5, 14, 9, 6, 0, 12, 3, 10, 8, 6, 13, 9, 11, 12, 15, 14, 16, 0, 2, 7, 10, 3, 4, 1, 5, 17, 10, 16, 7, 15, 4, 3, 8, 14, 2, 12, 9, 5, 0, 17, 11, 1, 13, 6, 3, 4, 1, 13, 15, 17, 12, 5, 11, 9, 8, 10, 14, 16, 2, 7, 6, 0, 14, 16, 6, 12, 15, 0, 2, 7, 10, 3, 4, 1, 13, 5, 8, 17, 9, 11, 8, 11, 6, 9, 3, 4, 1, 10, 0, 12, 15, 5, 7, 2, 14, 17, 13, 16, 3, 4, 1, 12, 2, 6, 0, 13, 10, 7, 14, 5, 16, 11, 15, 17, 9, 8, 10, 16, 5, 7, 15, 2, 0, 1, 6, 9, 14, 13, 12, 8, 3, 4, 11, 17, 7, 14, 1, 12, 2, 17, 6, 9, 8, 10, 3, 15, 16, 11, 13, 5, 0, 4, 1, 17, 4, 8, 15, 14, 6, 16, 13, 2, 3, 12, 10, 9, 5, 11, 0, 7, 14, 12, 6, 8, 16, 3, 7, 1, 5, 17, 4, 10, 0, 15, 2, 13, 11, 9, 11, 2, 17, 6, 5, 9, 4, 15, 3, 12, 14, 16, 10, 0, 1, 13, 7, 8, 15, 11, 8, 17, 4, 14, 7, 13, 5, 6, 3, 2, 16, 10, 1, 9, 12, 0]
min  64.07368945504967
NFE 252440
LSNFE 80
VLSNFE 10
runTime 657.7989354133606
