gen 0 64 1093750000002217.4 3121091305536438.5 1196.399248140189 1e+16 
gen 1 512 1530.38398076488 209.54790302750328 1012.8719802680541 1832.5051573930014 
gen 2 1070 1318.3372353462437 173.48397138847713 883.7136341111125 1537.6440332666136 
gen 3 1598 1209.3548771330602 134.72389876569906 883.7136341111125 1401.5795367940734 
gen 4 2166 1121.651203892343 110.64284222939952 812.7744669107635 1270.618175899825 
gen 5 2604 1070.9780628283756 88.16611298817499 812.7744669107635 1197.3420687907178 
gen 6 3102 1029.2071577593808 74.96555369682285 812.7744669107635 1139.8639446016127 
gen 7 3640 990.4123944557268 68.68397433727469 799.8987744699231 1088.2724566265365 
gen 8 4108 961.2490371080225 54.757651272267196 799.8987744699231 1042.7427012370442 
gen 9 4676 935.5209693302509 47.69140735064341 799.8987744699231 999.1511238091714 
gen 10 5214 918.4764977175846 42.55113163146413 799.8987744699231 977.1319251825753 
gen 11 5862 901.2998314672429 39.771102120640975 799.8987744699231 960.1219691258159 
gen 12 6390 883.7332395367987 36.52960214523597 799.8987744699231 931.9211975374966 
gen 13 6908 871.8563749923783 35.188286069883496 799.8987744699231 920.7473212672962 
gen 14 7396 860.6015167124492 33.689563722701294 799.8987744699231 908.4876512264115 
gen 15 7874 844.8796409944058 26.97918415489337 789.4223887957552 887.8971903579769 
gen 16 8342 837.5081249664808 26.39146430090867 766.2137127308174 875.5926514524433 
gen 17 8920 825.9397464717135 22.090921849605646 766.2137127308174 862.6728019966843 
gen 18 9428 818.1340509725126 20.087332175692012 766.2137127308174 854.4014386278682 
gen 19 9926 813.3633550921196 19.52792749304642 757.3302485211118 848.5617133573908 
gen 20 10444 808.4790571643283 18.356264213375674 738.1851056489047 836.6605484272529 
gen 21 10902 805.4903964277023 18.09195429046549 738.1851056489047 831.8953110278337 
gen 22 11390 798.4875786136968 20.149447087044898 730.0467430305429 822.586478994147 
gen 23 11918 791.9732170917996 21.15147470997331 727.4324211347307 816.9557947333126 
gen 24 12426 786.0495352724188 21.94255757283491 727.4324211347307 812.5373424218194 
gen 25 12904 779.9934554816654 21.003442455318343 727.4324211347307 806.5646531590154 
gen 26 13502 774.0989982428663 21.560275915974984 723.5155669870628 799.9411211324935 
gen 27 13970 770.0089359963886 21.02838203333188 723.5155669870628 795.9122236338062 
gen 28 14468 763.1977944947887 19.317232982513026 712.7457357082639 787.5046768947608 
gen 29 15006 758.8110944600422 18.61611584259061 712.5727393328789 781.9151557676782 
gen 30 15524 755.975405331908 17.933600914681627 710.3757134854598 780.4089064304328 
gen 31 15992 751.4585604813044 16.727508802555615 708.1860935117877 774.483866272881 
gen 32 16520 746.5050031718756 15.72447897135711 708.1860935117877 768.1494113789778 
gen 33 16878 745.4115023285642 15.159449329266918 708.1860935117877 766.306621112225 
gen 34 17426 741.9823866554607 14.891499380711748 708.1860935117877 763.3005862024968 
gen 35 17944 738.2716564355578 13.027108857896541 708.1860935117877 756.3114234091765 
gen 36 18462 732.7139341171085 10.246248043799962 703.2115265165672 748.4753833755265 
gen 37 18910 729.1418466833627 8.772036996146465 703.2115265165672 741.3725454031355 
gen 38 19338 725.3689302663181 6.97601457672084 702.0158352866872 735.4427401083694 
gen 39 19806 721.7351649056117 6.76291323218562 702.0158352866872 730.9275434295498 
gen 40 20324 718.1466173551703 5.345649343369427 702.0158352866872 724.9590605677159 
gen 41 20752 714.9231761601791 5.767644527121102 696.6618242029492 722.6209842544013 
gen 42 21300 712.5678627227321 4.505256720495319 696.6618242029492 717.9317264076833 
gen 43 21778 710.2433152372721 4.18566687973079 696.6618242029492 714.5880184192376 
gen 44 22316 708.1332387209138 4.547195103458577 690.063656913815 713.0671513782738 
gen 45 22754 705.8077006283839 4.2813074079550875 690.063656913815 710.872209572339 
gen 46 23212 702.5061951766866 3.934043134338603 690.063656913815 707.9608169013421 
gen 47 23790 701.1338053842585 3.760729877033624 690.063656913815 705.936550012369 
gen 48 24238 699.0809080977391 3.261134616388087 690.063656913815 703.0908761408074 
gen 49 24806 697.1418439287598 3.2119418629036502 690.063656913815 701.5796421039348 
gen 50 25384 695.0533260479467 2.9855231208992628 682.2593921993071 699.2575948084786 
gen 51 25902 693.7295773166816 2.7031491326717494 682.2593921993071 697.6385026692215 
gen 52 26430 691.7807924196768 3.399328930283827 682.2593921993071 695.1428379439031 
gen 53 26898 690.0943629248302 3.5069362039531367 678.5667719565001 694.4029259525561 
gen 54 27486 688.7301227668258 3.328587743397529 678.5667719565001 692.4919452776437 
gen 55 27924 687.5498734828384 3.325032250243616 678.5667719565001 691.3099415019792 
gen 56 28462 686.351125388977 2.9667434915914366 678.5667719565001 690.6159700425268 
gen 57 29050 684.7483300348433 2.5086350822397616 678.5667719565001 688.2447398040446 
gen 58 29608 682.8674051899302 2.387558857257553 678.1880976438094 686.5206503422203 
gen 59 30136 680.875551982494 1.623547814727739 677.3029666288262 682.7446130718084 
gen 60 30624 679.1892228455757 1.787680602134385 673.9288261938584 681.1853661059408 
gen 61 31152 677.3865532985005 1.5601063371589023 673.9288261938584 679.9503062425197 
gen 62 31720 676.2839724177333 1.5519731056500916 671.5298360453446 678.5667719565001 
gen 63 32238 674.9828646832918 1.0769031138681753 671.5298360453446 675.8226407767726 
gen 64 32626 674.1554156576124 0.9983202860639009 671.5298360453446 675.8226407767726 
gen 65 33114 673.4216479979445 0.8744521822953769 671.5298360453446 673.9288261938584 
gen 66 33742 673.0145883284869 1.011460844773455 671.5298360453446 673.7276255193368 
gen 67 34180 672.5893888119996 1.0735809319806706 671.5298360453446 673.7276255193368 
gen 68 34698 671.6359683974317 0.36457660194107033 671.5298360453446 672.8883301520611 
gen 69 35266 671.5298360453445 1.1368683772161603e-13 671.5298360453446 671.5298360453446 
gen 70 35924 671.5298360453445 1.1368683772161603e-13 671.5298360453446 671.5298360453446 
gen 71 36442 671.5298360453445 1.1368683772161603e-13 671.5298360453446 671.5298360453446 
gen 72 37030 671.5298360453445 1.1368683772161603e-13 671.5298360453446 671.5298360453446 
gen 73 37468 671.5252168636466 0.036663618099463786 671.2342084166817 671.5298360453446 
gen 74 37976 671.5252168636466 0.036663618099463786 671.2342084166817 671.5298360453446 
gen 75 38424 671.5252168636466 0.036663618099463786 671.2342084166817 671.5298360453446 
gen 76 38932 671.5252168636466 0.036663618099463786 671.2342084166817 671.5298360453446 
gen 77 39370 671.5205976819489 0.051437030485546084 671.2342084166817 671.5298360453446 
gen 78 39958 671.4741887927144 0.3358099975485126 668.8552947630014 671.5298360453446 
gen 79 40386 671.423160721782 0.46795807501182307 668.8552947630014 671.5298360453446 
gen 80 41074 671.3490367423605 0.5648036816204487 668.8552947630014 671.5298360453446 
gen 81 41582 671.0798217703492 0.9084331334012271 668.8552947630014 671.5298360453446 
gen 82 42130 670.3836884318323 1.1879044950382107 668.8552947630014 671.5298360453446 
gen 83 42648 668.8552947630014 0.0 668.8552947630014 668.8552947630014 
gen 84 43176 668.8552947630014 0.0 668.8552947630014 668.8552947630014 
gen 85 43744 668.8552947630014 0.0 668.8552947630014 668.8552947630014 
gen 86 44292 668.8552947630014 0.0 668.8552947630014 668.8552947630014 
gen 87 44900 668.8552947630014 0.0 668.8552947630014 668.8552947630014 
[6, 7, 5, 4, 2, 0, 1, 3, 6, 7, 1, 0, 4, 5, 2, 3, 1, 0, 4, 6, 5, 7, 2, 3, 1, 0, 4, 5, 2, 7, 6, 3, 6, 7, 1, 5, 0, 4, 2, 3, 1, 0, 4, 5, 2, 7, 3, 6, 6, 7, 5, 4, 1, 2, 0, 3, 1, 0, 4, 5, 2, 3, 6, 7]
min  668.8552947630014
NFE 44900
LSNFE 33700
VLSNFE 4368
runTime 68.76355457305908
