gen 0 121 747.9289675758905 135.78721015000625 516.5343560869591 1126.3585080800526 
gen 1 1845 580.6298736080921 34.58814835264448 428.2636651301842 626.211837268592 
gen 2 3649 537.79145088641 26.650938576328958 428.2636651301842 570.6943786412769 
gen 3 5173 511.64698568184866 23.971016388495418 428.2636651301842 539.6918346449944 
gen 4 6857 492.56428534307213 22.83637520308328 405.6255737417701 519.3139744315839 
gen 5 8631 478.1592734190941 19.04860792509541 399.2620174052084 501.9460081465512 
gen 6 10385 462.09423842839493 20.61567516522312 398.35520495004033 487.3809658425317 
gen 7 12129 445.1035710441876 17.762758481301407 396.456779644689 470.29285641076564 
gen 8 13753 434.3070415871192 16.10505038497029 396.29636480041796 455.2362918597623 
gen 9 15427 424.2334749896435 13.496721451552716 388.8405922169594 442.32262838274073 
gen 10 17191 417.3111869173157 13.945907608426436 360.5537354363656 433.9397033201228 
gen 11 18885 409.14714980235823 12.959094220749128 360.5537354363656 425.1662897903392 
gen 12 20439 403.3866580216956 10.451993595722815 360.5537354363656 417.84237291341293 
gen 13 22003 398.93135393244614 10.464337031757049 351.15869811439603 411.9864780295984 
gen 14 23927 394.57786298239114 10.077011092851397 351.15869811439603 409.1709049428055 
gen 15 25671 390.94453406710585 8.592193226391739 351.15869811439603 401.82534606160095 
gen 16 27335 387.4741102578587 8.790236561686905 351.15869811439603 397.80784829269766 
gen 17 29029 384.8272812998987 9.054177696910662 351.15869811439603 395.3965882143309 
gen 18 30813 381.5353338754434 8.869392659794821 340.156251440104 392.6169224160103 
gen 19 32597 378.53886230939696 8.642075859192781 339.59162284407154 388.2383424269377 
gen 20 34431 375.2008557563568 9.221620815498836 333.67851293291375 385.8218051040062 
gen 21 35985 372.86466499348296 9.205528859838397 333.67851293291375 383.0795370810754 
gen 22 37699 370.6396099950111 9.415076466586871 333.67851293291375 380.9759567712621 
gen 23 39233 368.29023740153207 8.992958354496947 333.67851293291375 378.1963753586262 
gen 24 40787 365.92214478247524 8.752864531955078 333.67851293291375 376.2226612220327 
gen 25 42421 364.2567059389567 8.310455712050068 333.67851293291375 374.3443518672737 
gen 26 44055 361.5775821082468 7.419251587924474 333.67851293291375 370.82947992246255 
gen 27 45669 359.09067079972993 6.414723756681839 333.67851293291375 366.8637907693703 
gen 28 47303 357.1559911960072 5.978987550338827 329.8762670223541 363.9455168517358 
gen 29 48917 354.9728156547449 6.61400487434701 329.8762670223541 361.37813406110644 
gen 30 50611 353.42536663351234 6.887753782899406 329.54885159240064 360.19081652151783 
gen 31 52375 351.16484398896927 6.556163030932569 329.54885159240064 358.41919237560177 
gen 32 54069 348.88136384121856 5.7303316373861035 329.54885159240064 355.6509439195486 
gen 33 55923 346.55334137208945 5.274097642798138 327.8319736326547 352.76332372150114 
gen 34 57477 345.19952256762895 5.0092344421653205 327.8319736326547 350.8462294326617 
gen 35 59231 343.5589685250683 4.316141746212732 327.8319736326547 348.4617250108296 
gen 36 60985 341.4138267364245 3.5550516969818657 327.8319736326547 345.2700182497816 
gen 37 62649 339.8684666146013 3.6481594102031507 326.5637731704257 343.022774864853 
gen 38 64563 338.3179937023898 3.600639453158244 324.95691203123476 342.0806434347777 
gen 39 66127 337.16777359852625 3.631259975509767 321.4915748372329 340.3480239007408 
gen 40 67841 335.7420399029593 3.698898819552504 321.4915748372329 339.4066363570394 
gen 41 69485 334.420606000671 3.6861232479203605 321.4915748372329 338.1058051221314 
gen 42 71269 332.89236476559 4.071968810819358 316.67384179560264 336.8827757128968 
gen 43 73133 332.0572289559153 3.855930627659135 316.67384179560264 335.9675307336275 
gen 44 74817 330.79512269889585 4.276794028787396 315.2530689630537 335.2242993762713 
gen 45 76551 329.79674722037174 4.089154746874701 315.2530689630537 334.51969326132917 
gen 46 78135 328.1642032359929 3.9694858923494234 314.1243850217393 332.5630861867933 
gen 47 79909 326.8093154363563 3.6082981059944648 314.1243850217393 331.0023476763987 
gen 48 81663 325.60698391621264 3.5713360829189242 314.1243850217393 329.894022571255 
gen 49 83207 324.61906765448913 3.3735567241471545 314.1243850217393 328.93446275216104 
gen 50 84981 323.5530416993238 2.97772907277498 314.1243850217393 327.99517445769493 
[2, 10, 6, 8, 0, 5, 4, 3, 7, 1, 9, 3, 0, 9, 10, 4, 8, 7, 2, 1, 5, 6, 4, 7, 1, 0, 5, 3, 6, 10, 9, 8, 2, 8, 1, 7, 3, 4, 9, 2, 0, 10, 5, 6, 3, 0, 1, 2, 10, 9, 4, 5, 8, 7, 6, 0, 9, 4, 8, 7, 3, 2, 5, 6, 1, 10, 0, 4, 1, 2, 6, 8, 10, 3, 9, 5, 7, 0, 9, 8, 6, 5, 7, 4, 3, 10, 2, 1, 3, 2, 9, 6, 8, 5, 4, 10, 7, 1, 0, 3, 6, 5, 2, 4, 7, 0, 10, 8, 1, 9, 10, 7, 9, 4, 5, 6, 2, 3, 8, 0, 1]
min  314.1243850217393
NFE 84981
LSNFE 60660
VLSNFE 13032
runTime 160.28971910476685
