gen 0 400 400000000000471.5 1959591794226446.2 356.95288684778563 1e+16 
gen 1 8400 416.88254427100105 19.088956917345328 351.0049358020768 440.5240844886676 
gen 2 16200 390.73034938680837 15.00751069001911 335.450036035492 410.48137177446836 
gen 3 24140 374.86853405524516 13.028857973428495 319.5548975697651 390.29301488776554 
gen 4 31860 364.4219649892953 12.86222996527662 309.6714708804735 379.1216062185961 
gen 5 39590 353.325989975924 14.249146866128825 290.1593689878744 369.75330577963183 
gen 6 47270 345.1516079657681 13.6894833981886 290.1593689878744 361.6369742463413 
gen 7 55250 338.45376300655226 12.943094795518762 290.1593689878744 353.7699844727213 
gen 8 63380 332.62822715974363 12.263351395404985 287.8586951540095 347.4669538730312 
gen 9 71790 327.2821992815015 11.785804578539386 284.2854006898819 341.9515548400098 
gen 10 79770 321.14331996763644 12.149939889072417 275.899104745811 336.021861665704 
gen 11 87850 315.87591007441097 11.146476576032715 275.899104745811 329.79639761558735 
gen 12 96050 312.72850085741294 10.260862219814069 275.899104745811 325.12853712544717 
gen 13 104120 309.52857544179074 9.99370033318286 271.11485383527724 322.27944719624065 
gen 14 112030 306.4538330735709 9.922708422372574 260.6494027382656 318.76095863328123 
gen 15 120210 303.33261273109076 9.610038079689026 260.6494027382656 314.9900223093361 
gen 16 127920 300.947238460044 9.364592633110757 260.6494027382656 312.01427351111954 
gen 17 135760 298.02900403926316 9.322976400347798 260.6494027382656 309.2761718816585 
gen 18 143810 294.3601306280416 9.894709606053505 248.56214568652317 305.01945888990366 
gen 19 152140 291.2227639974219 9.884363264232716 248.56214568652317 301.9189180570113 
gen 20 159540 287.5063013384396 9.796797561621817 248.56214568652317 298.6979619855221 
gen 21 167560 284.85222336594734 9.269532058365598 248.56214568652317 295.59397789859156 
gen 22 175560 281.6487917825847 9.101412100474253 248.56214568652317 292.43656745834426 
gen 23 183390 279.58919133777124 8.70987903270042 248.56214568652317 290.4431920680026 
gen 24 190940 276.4815059331322 8.509387668395508 236.48662735130563 287.1461387689932 
gen 25 198760 274.20142307119653 8.676294377455495 228.82687783247454 284.56883790310286 
gen 26 206700 272.13871620450766 8.616393393639708 228.82687783247454 282.71569082059955 
gen 27 214460 269.85655248092814 8.47220723087553 228.82687783247454 279.9853801254048 
gen 28 222410 268.09179736141243 8.11196724651184 228.82687783247454 277.7930829822233 
gen 29 230540 266.4373033479991 8.237047415626288 228.82687783247454 276.381580915439 
gen 30 238720 264.6167001598111 8.020466948256736 228.82687783247454 274.6340161230864 
gen 31 246370 263.3012150386437 8.19154873363655 228.82687783247454 272.83361127081355 
gen 32 254390 261.95992973900235 7.974636998939804 228.82687783247454 271.67953596360184 
gen 33 262410 260.4752743787221 7.857655387861273 228.82687783247454 270.1851418884405 
gen 34 270570 258.88675824882444 7.867604507298293 228.82687783247454 268.57369615735143 
gen 35 278590 257.6040715312268 7.574219236367625 228.82687783247454 266.9946087610893 
gen 36 286590 256.3169711980838 7.287318598320279 226.93402231145714 265.0827461666963 
[16, 7, 1, 3, 6, 17, 12, 2, 15, 5, 0, 11, 8, 13, 19, 9, 4, 10, 14, 18, 12, 7, 9, 6, 16, 17, 5, 14, 19, 18, 2, 13, 1, 0, 10, 3, 4, 8, 15, 11, 10, 17, 16, 18, 3, 9, 11, 14, 19, 0, 7, 6, 5, 12, 1, 4, 2, 13, 8, 15, 11, 19, 9, 6, 13, 18, 17, 4, 16, 5, 15, 3, 14, 8, 10, 12, 0, 1, 2, 7, 3, 12, 7, 5, 13, 9, 14, 16, 19, 11, 15, 4, 6, 10, 17, 8, 1, 18, 2, 0, 2, 5, 17, 9, 0, 1, 16, 8, 11, 19, 15, 10, 3, 14, 18, 13, 12, 7, 6, 4, 19, 1, 11, 13, 15, 6, 18, 0, 14, 12, 8, 7, 5, 2, 10, 17, 3, 4, 9, 16, 4, 19, 6, 8, 11, 13, 3, 14, 1, 9, 5, 12, 18, 7, 10, 17, 2, 0, 15, 16, 19, 18, 6, 4, 3, 17, 14, 7, 15, 8, 5, 9, 12, 1, 0, 16, 11, 13, 2, 10, 4, 11, 10, 2, 7, 19, 14, 17, 9, 16, 8, 0, 18, 13, 3, 6, 12, 1, 15, 5, 11, 12, 13, 8, 0, 6, 7, 3, 10, 18, 15, 9, 5, 2, 17, 1, 19, 14, 16, 4, 13, 16, 14, 3, 15, 18, 11, 1, 17, 6, 2, 9, 4, 12, 7, 5, 10, 19, 8, 0, 16, 18, 4, 17, 11, 13, 9, 14, 1, 10, 15, 12, 6, 0, 19, 7, 8, 2, 3, 5, 0, 2, 10, 18, 5, 9, 6, 11, 16, 7, 12, 15, 1, 19, 13, 14, 3, 8, 4, 17, 2, 1, 0, 18, 17, 8, 9, 15, 6, 10, 13, 4, 7, 5, 16, 11, 19, 12, 3, 14, 8, 2, 3, 12, 7, 1, 13, 0, 6, 4, 15, 19, 14, 10, 5, 9, 11, 18, 16, 17, 9, 11, 10, 5, 6, 14, 4, 18, 16, 19, 17, 3, 15, 7, 8, 1, 0, 2, 13, 12, 3, 9, 18, 2, 12, 15, 7, 6, 19, 17, 14, 11, 5, 1, 13, 4, 0, 8, 16, 10, 13, 14, 11, 5, 8, 0, 1, 17, 3, 4, 16, 9, 12, 6, 10, 7, 19, 2, 15, 18, 10, 9, 14, 5, 6, 17, 3, 8, 7, 12, 18, 13, 19, 4, 11, 15, 2, 0, 1, 16]
min  226.93402231145714
NFE 286590
LSNFE 199790
VLSNFE 37115
runTime 1434.5244929790497
