gen 0 400 400000000000472.25 1959591794226446.2 350.6928967890206 1e+16 
gen 1 8560 417.0764184613376 17.704432028481456 337.51522230107275 437.9776826214818 
gen 2 16710 390.911427853537 16.086664965298137 306.17096398924707 409.78696107023785 
gen 3 24580 374.40299890616524 14.519276424514807 303.4484408990551 391.47360746885505 
gen 4 32620 363.4649394490544 13.876797408160249 303.4484408990551 379.2046994505411 
gen 5 40420 355.0526045770796 13.448491400280552 303.4484408990551 370.34584515656417 
gen 6 48280 348.4133479201191 12.919162364445697 303.4484408990551 364.1054326629118 
gen 7 56330 342.4319787945746 12.259405966321031 286.85455282050975 357.73984491457736 
gen 8 64200 337.3913235171324 11.867276424796035 286.85455282050975 351.72526283124785 
gen 9 72320 332.55554061138815 11.286809095746921 286.85455282050975 346.84513026351215 
gen 10 80260 328.04383051122414 11.692644243268656 278.4572947067268 342.07853655107067 
gen 11 88160 323.83013322602756 11.714912798665049 258.4683238156481 337.51522230107275 
gen 12 96050 320.4451518866608 11.610020195487923 258.4683238156481 333.9438430523852 
gen 13 103930 316.98980588283325 11.130528472668756 258.4683238156481 330.0507963641048 
gen 14 111810 313.8921188534243 10.970675188024916 258.4683238156481 326.8217987191664 
gen 15 119780 310.9058379649126 10.841189748790175 258.4683238156481 324.13443945173225 
gen 16 127670 308.2551603255162 10.368843687139195 258.4683238156481 321.1133953116668 
gen 17 135880 305.31954778368515 10.470155867997356 258.4683238156481 318.14540038656816 
gen 18 143540 303.57434250426587 10.376581793521932 258.4683238156481 316.2465682780921 
gen 19 151360 300.26703833516785 10.000092969696157 258.4683238156481 312.8192882797774 
gen 20 159160 298.30008733273667 9.733871692335164 258.4683238156481 310.05188532751185 
gen 21 167350 296.79439933969263 9.68827606149111 258.4683238156481 307.7571284722609 
gen 22 175260 294.759459929192 9.805334387646198 256.29851571984966 305.57592398968296 
gen 23 183910 293.19795055668544 9.960600899588853 256.29851571984966 304.59686302773844 
gen 24 192160 291.7795801983038 9.902269428007157 256.29851571984966 303.37279157024733 
gen 25 199970 290.43036730299275 9.74127462047701 256.29851571984966 301.9030916867964 
gen 26 208250 288.58510687937087 9.717318672662689 256.29851571984966 300.18176442327456 
gen 27 216280 287.4261648472405 9.590549314887374 251.72513499200107 298.8427166830097 
gen 28 224480 286.1957996737467 9.598302758131828 251.72513499200107 297.614433976703 
gen 29 232590 284.99104268898435 9.274918002930063 251.72513499200107 296.2444073358251 
gen 30 240340 283.1841106693503 9.32219834006803 245.07499343482058 294.47567031771166 
gen 31 248140 281.7690160688819 9.094088808231653 245.07499343482058 292.7297726407288 
gen 32 256180 280.4935780020531 8.928002705168852 245.07499343482058 291.20207290796395 
gen 33 263990 279.4372001361329 8.749622152310458 245.07499343482058 289.8437427790136 
gen 34 272140 278.1166224168235 8.926113516793885 226.6321206467986 288.72821233909946 
gen 35 280190 276.4338550207898 9.127397679527295 226.6321206467986 287.3975007230755 
[16, 6, 7, 8, 11, 18, 1, 4, 14, 3, 12, 17, 19, 10, 9, 2, 0, 5, 13, 15, 12, 4, 2, 14, 16, 5, 9, 13, 17, 1, 0, 15, 10, 19, 3, 8, 18, 7, 6, 11, 2, 0, 6, 5, 11, 4, 10, 17, 3, 16, 13, 12, 1, 9, 7, 8, 14, 18, 15, 19, 3, 5, 15, 11, 14, 8, 10, 12, 1, 16, 13, 2, 9, 7, 0, 6, 17, 19, 4, 18, 6, 12, 17, 18, 4, 1, 8, 13, 7, 9, 10, 11, 5, 14, 0, 3, 16, 19, 2, 15, 2, 15, 12, 7, 11, 1, 3, 5, 18, 19, 9, 8, 10, 6, 13, 0, 17, 4, 16, 14, 10, 18, 5, 19, 16, 15, 8, 14, 2, 4, 17, 11, 3, 6, 13, 0, 7, 1, 9, 12, 8, 10, 14, 18, 15, 5, 19, 0, 1, 6, 7, 17, 12, 4, 3, 11, 16, 2, 9, 13, 19, 9, 17, 5, 11, 16, 10, 4, 3, 7, 1, 14, 0, 8, 2, 15, 18, 12, 6, 13, 14, 8, 4, 16, 3, 18, 12, 10, 6, 11, 5, 7, 0, 1, 13, 17, 15, 2, 9, 19, 8, 0, 18, 14, 3, 12, 6, 10, 15, 16, 17, 19, 9, 5, 4, 13, 7, 11, 1, 2, 16, 2, 8, 4, 11, 9, 17, 10, 18, 6, 14, 5, 19, 7, 3, 15, 13, 1, 0, 12, 10, 5, 3, 18, 15, 9, 4, 13, 6, 19, 7, 16, 8, 14, 1, 2, 0, 12, 11, 17, 4, 18, 5, 10, 8, 2, 0, 13, 9, 12, 11, 14, 6, 7, 15, 16, 19, 17, 1, 3, 1, 11, 5, 3, 18, 16, 17, 19, 0, 10, 15, 6, 9, 13, 4, 2, 8, 7, 14, 12, 4, 14, 13, 6, 19, 3, 10, 8, 9, 12, 18, 15, 2, 17, 5, 11, 16, 7, 0, 1, 11, 3, 6, 2, 12, 17, 13, 9, 1, 5, 8, 14, 10, 19, 15, 7, 16, 18, 0, 4, 5, 7, 0, 18, 16, 4, 15, 12, 14, 13, 19, 17, 8, 11, 9, 1, 10, 3, 2, 6, 6, 13, 10, 11, 17, 19, 0, 12, 16, 3, 14, 15, 7, 8, 1, 5, 18, 2, 9, 4, 18, 2, 6, 12, 9, 0, 11, 7, 1, 13, 10, 19, 5, 4, 8, 3, 17, 15, 16, 14]
min  226.6321206467986
NFE 280190
LSNFE 195790
VLSNFE 38360
runTime 1419.3298361301422
