gen 0 25 800000000003504.4 2712931993249074.0 1685.6763438600574 1e+16 
gen 1 76 2325.264865359147 317.62581353416994 1685.6763438600574 2825.643671485298 
gen 2 130 1954.8044736424138 141.37996705657855 1685.6763438600574 2202.753547547811 
gen 3 182 1853.3713557738834 91.3740080688275 1600.4755765701534 1977.0134870183117 
gen 4 233 1740.171348381025 112.56686813070567 1518.3696069582993 1873.7544022244865 
gen 5 287 1691.0276436999607 94.6445202331994 1518.3696069582993 1803.6972990373963 
gen 6 342 1608.3533738922747 71.15142194381741 1458.2760808458238 1715.0403676977573 
gen 7 394 1557.1859771853717 53.66083982196112 1458.2760808458238 1617.4786144494585 
gen 8 444 1519.9964235311677 52.451164863031146 1384.9027085312887 1600.4755765701534 
gen 9 495 1500.5577937319053 51.62418555949812 1384.9027085312887 1540.9150943188486 
gen 10 547 1463.9832132306092 56.021491596693856 1351.4491589459344 1540.9150943188486 
gen 11 598 1409.920008834515 34.447579509467765 1351.4491589459344 1467.875463216193 
gen 12 648 1365.3423847766178 31.97840246384035 1270.8010172488825 1393.8242563122333 
gen 13 698 1345.108544784621 22.08564977753132 1270.8010172488825 1364.0598415680322 
gen 14 748 1328.3078018539504 33.681557047152445 1270.8010172488825 1351.4491589459344 
gen 15 799 1288.360907227835 25.528377790873527 1241.6802257877146 1340.314326497977 
gen 16 850 1267.3065222735424 9.463137128156944 1241.6802257877146 1270.8010172488825 
gen 17 900 1255.6582056890752 14.548742750941697 1241.6802257877146 1270.8010172488825 
gen 18 950 1241.6802257877146 0.0 1241.6802257877146 1241.6802257877146 
gen 19 1000 1241.6802257877146 0.0 1241.6802257877146 1241.6802257877146 
gen 20 1053 1241.6802257877146 0.0 1241.6802257877146 1241.6802257877146 
gen 21 1103 1241.6802257877146 0.0 1241.6802257877146 1241.6802257877146 
gen 22 1154 1241.6802257877146 0.0 1241.6802257877146 1241.6802257877146 
gen 23 1205 1241.6802257877146 0.0 1241.6802257877146 1241.6802257877146 
gen 24 1255 1241.6802257877146 0.0 1241.6802257877146 1241.6802257877146 
gen 25 1306 1241.6802257877146 0.0 1241.6802257877146 1241.6802257877146 
gen 26 1356 1241.6802257877146 0.0 1241.6802257877146 1241.6802257877146 
gen 27 1406 1241.6802257877146 0.0 1241.6802257877146 1241.6802257877146 
gen 28 1457 1241.6802257877146 0.0 1241.6802257877146 1241.6802257877146 
gen 29 1507 1241.6802257877146 0.0 1241.6802257877146 1241.6802257877146 
gen 30 1558 1241.6802257877146 0.0 1241.6802257877146 1241.6802257877146 
gen 31 1608 1241.6802257877146 0.0 1241.6802257877146 1241.6802257877146 
gen 32 1660 1241.6802257877146 0.0 1241.6802257877146 1241.6802257877146 
gen 33 1711 1241.6802257877146 0.0 1241.6802257877146 1241.6802257877146 
gen 34 1762 1241.6802257877146 0.0 1241.6802257877146 1241.6802257877146 
gen 35 1813 1241.6802257877146 0.0 1241.6802257877146 1241.6802257877146 
gen 36 1863 1241.6802257877146 0.0 1241.6802257877146 1241.6802257877146 
gen 37 1913 1241.6802257877146 0.0 1241.6802257877146 1241.6802257877146 
gen 38 1963 1241.6802257877146 0.0 1241.6802257877146 1241.6802257877146 
gen 39 2014 1241.6802257877146 0.0 1241.6802257877146 1241.6802257877146 
gen 40 2064 1241.6802257877146 0.0 1241.6802257877146 1241.6802257877146 
gen 41 2118 1241.6802257877146 0.0 1241.6802257877146 1241.6802257877146 
gen 42 2168 1241.6802257877146 0.0 1241.6802257877146 1241.6802257877146 
gen 43 2218 1241.6802257877146 0.0 1241.6802257877146 1241.6802257877146 
gen 44 2268 1241.6802257877146 0.0 1241.6802257877146 1241.6802257877146 
gen 45 2318 1241.6802257877146 0.0 1241.6802257877146 1241.6802257877146 
gen 46 2368 1241.6802257877146 0.0 1241.6802257877146 1241.6802257877146 
gen 47 2418 1241.6802257877146 0.0 1241.6802257877146 1241.6802257877146 
gen 48 2468 1241.6802257877146 0.0 1241.6802257877146 1241.6802257877146 
gen 49 2518 1241.6802257877146 0.0 1241.6802257877146 1241.6802257877146 
gen 50 2570 1241.6802257877146 0.0 1241.6802257877146 1241.6802257877146 
gen 51 2620 1241.6802257877146 0.0 1241.6802257877146 1241.6802257877146 
gen 52 2670 1241.6802257877146 0.0 1241.6802257877146 1241.6802257877146 
gen 53 2721 1241.6802257877146 0.0 1241.6802257877146 1241.6802257877146 
gen 54 2771 1241.6802257877146 0.0 1241.6802257877146 1241.6802257877146 
gen 55 2821 1241.6802257877146 0.0 1241.6802257877146 1241.6802257877146 
gen 56 2871 1241.6802257877146 0.0 1241.6802257877146 1241.6802257877146 
gen 57 2922 1241.6802257877146 0.0 1241.6802257877146 1241.6802257877146 
gen 58 2973 1241.6802257877146 0.0 1241.6802257877146 1241.6802257877146 
gen 59 3023 1241.6802257877146 0.0 1241.6802257877146 1241.6802257877146 
gen 60 3073 1241.6802257877146 0.0 1241.6802257877146 1241.6802257877146 
gen 61 3125 1241.6802257877146 0.0 1241.6802257877146 1241.6802257877146 
gen 62 3175 1241.6802257877146 0.0 1241.6802257877146 1241.6802257877146 
gen 63 3226 1241.6802257877146 0.0 1241.6802257877146 1241.6802257877146 
gen 64 3277 1241.521854331967 0.7758585128075368 1237.7209393940207 1241.6802257877146 
gen 65 3327 1241.0467399647234 1.4514983677688822 1237.7209393940207 1241.6802257877146 
gen 66 3378 1239.9381397744892 1.9653380806701355 1237.7209393940207 1241.6802257877146 
gen 67 3428 1237.7209393940207 0.0 1237.7209393940207 1237.7209393940207 
gen 68 3480 1237.7209393940207 0.0 1237.7209393940207 1237.7209393940207 
gen 69 3531 1237.7209393940207 0.0 1237.7209393940207 1237.7209393940207 
gen 70 3581 1237.7209393940207 0.0 1237.7209393940207 1237.7209393940207 
gen 71 3631 1237.7209393940207 0.0 1237.7209393940207 1237.7209393940207 
gen 72 3683 1237.7209393940207 0.0 1237.7209393940207 1237.7209393940207 
gen 73 3735 1237.7209393940207 0.0 1237.7209393940207 1237.7209393940207 
gen 74 3785 1237.7209393940207 0.0 1237.7209393940207 1237.7209393940207 
gen 75 3836 1237.7209393940207 0.0 1237.7209393940207 1237.7209393940207 
gen 76 3887 1237.7209393940207 0.0 1237.7209393940207 1237.7209393940207 
gen 77 3937 1237.7209393940207 0.0 1237.7209393940207 1237.7209393940207 
gen 78 3987 1237.7209393940207 0.0 1237.7209393940207 1237.7209393940207 
gen 79 4037 1237.7209393940207 0.0 1237.7209393940207 1237.7209393940207 
gen 80 4088 1237.7209393940207 0.0 1237.7209393940207 1237.7209393940207 
gen 81 4139 1237.7209393940207 0.0 1237.7209393940207 1237.7209393940207 
gen 82 4189 1237.7209393940207 0.0 1237.7209393940207 1237.7209393940207 
gen 83 4239 1237.7209393940207 0.0 1237.7209393940207 1237.7209393940207 
gen 84 4289 1237.7209393940207 0.0 1237.7209393940207 1237.7209393940207 
gen 85 4339 1237.7209393940207 0.0 1237.7209393940207 1237.7209393940207 
gen 86 4389 1237.7209393940207 0.0 1237.7209393940207 1237.7209393940207 
gen 87 4440 1237.7209393940207 0.0 1237.7209393940207 1237.7209393940207 
gen 88 4490 1237.7209393940207 0.0 1237.7209393940207 1237.7209393940207 
gen 89 4541 1237.7209393940207 0.0 1237.7209393940207 1237.7209393940207 
gen 90 4591 1237.7209393940207 0.0 1237.7209393940207 1237.7209393940207 
gen 91 4641 1237.7209393940207 0.0 1237.7209393940207 1237.7209393940207 
gen 92 4693 1237.7209393940207 0.0 1237.7209393940207 1237.7209393940207 
gen 93 4744 1237.7209393940207 0.0 1237.7209393940207 1237.7209393940207 
gen 94 4795 1237.7209393940207 0.0 1237.7209393940207 1237.7209393940207 
gen 95 4845 1237.7209393940207 0.0 1237.7209393940207 1237.7209393940207 
gen 96 4895 1237.7209393940207 0.0 1237.7209393940207 1237.7209393940207 
gen 97 4945 1237.7209393940207 0.0 1237.7209393940207 1237.7209393940207 
gen 98 4997 1237.7209393940207 0.0 1237.7209393940207 1237.7209393940207 
gen 99 5047 1237.7209393940207 0.0 1237.7209393940207 1237.7209393940207 
gen 100 5097 1237.7209393940207 0.0 1237.7209393940207 1237.7209393940207 
gen 101 5148 1237.7209393940207 0.0 1237.7209393940207 1237.7209393940207 
gen 102 5198 1237.7209393940207 0.0 1237.7209393940207 1237.7209393940207 
gen 103 5249 1237.7209393940207 0.0 1237.7209393940207 1237.7209393940207 
gen 104 5299 1237.7209393940207 0.0 1237.7209393940207 1237.7209393940207 
gen 105 5350 1237.7209393940207 0.0 1237.7209393940207 1237.7209393940207 
gen 106 5400 1237.7209393940207 0.0 1237.7209393940207 1237.7209393940207 
gen 107 5450 1237.7209393940207 0.0 1237.7209393940207 1237.7209393940207 
gen 108 5500 1237.7209393940207 0.0 1237.7209393940207 1237.7209393940207 
gen 109 5551 1237.7209393940207 0.0 1237.7209393940207 1237.7209393940207 
gen 110 5601 1237.7209393940207 0.0 1237.7209393940207 1237.7209393940207 
gen 111 5652 1237.7209393940207 0.0 1237.7209393940207 1237.7209393940207 
gen 112 5703 1237.7209393940207 0.0 1237.7209393940207 1237.7209393940207 
gen 113 5753 1237.7209393940207 0.0 1237.7209393940207 1237.7209393940207 
gen 114 5804 1237.7209393940207 0.0 1237.7209393940207 1237.7209393940207 
gen 115 5856 1237.7209393940207 0.0 1237.7209393940207 1237.7209393940207 
gen 116 5908 1237.7209393940207 0.0 1237.7209393940207 1237.7209393940207 
gen 117 5959 1237.7209393940207 0.0 1237.7209393940207 1237.7209393940207 
gen 118 6009 1237.7209393940207 0.0 1237.7209393940207 1237.7209393940207 
gen 119 6060 1237.7209393940207 0.0 1237.7209393940207 1237.7209393940207 
gen 120 6110 1237.7209393940207 0.0 1237.7209393940207 1237.7209393940207 
gen 121 6160 1237.7209393940207 0.0 1237.7209393940207 1237.7209393940207 
gen 122 6211 1237.7209393940207 0.0 1237.7209393940207 1237.7209393940207 
gen 123 6262 1237.7209393940207 0.0 1237.7209393940207 1237.7209393940207 
gen 124 6312 1237.7209393940207 0.0 1237.7209393940207 1237.7209393940207 
gen 125 6362 1237.7209393940207 0.0 1237.7209393940207 1237.7209393940207 
gen 126 6413 1237.7209393940207 0.0 1237.7209393940207 1237.7209393940207 
gen 127 6463 1237.7209393940207 0.0 1237.7209393940207 1237.7209393940207 
gen 128 6513 1237.7209393940207 0.0 1237.7209393940207 1237.7209393940207 
gen 129 6565 1237.7209393940207 0.0 1237.7209393940207 1237.7209393940207 
gen 130 6615 1237.7209393940207 0.0 1237.7209393940207 1237.7209393940207 
gen 131 6666 1237.7209393940207 0.0 1237.7209393940207 1237.7209393940207 
gen 132 6716 1237.7209393940207 0.0 1237.7209393940207 1237.7209393940207 
gen 133 6767 1237.7209393940207 0.0 1237.7209393940207 1237.7209393940207 
gen 134 6817 1237.7209393940207 0.0 1237.7209393940207 1237.7209393940207 
gen 135 6867 1237.7209393940207 0.0 1237.7209393940207 1237.7209393940207 
gen 136 6919 1237.7209393940207 0.0 1237.7209393940207 1237.7209393940207 
gen 137 6969 1237.7209393940207 0.0 1237.7209393940207 1237.7209393940207 
gen 138 7019 1237.7209393940207 0.0 1237.7209393940207 1237.7209393940207 
gen 139 7069 1237.7209393940207 0.0 1237.7209393940207 1237.7209393940207 
gen 140 7119 1237.7209393940207 0.0 1237.7209393940207 1237.7209393940207 
gen 141 7169 1237.7209393940207 0.0 1237.7209393940207 1237.7209393940207 
gen 142 7219 1237.7209393940207 0.0 1237.7209393940207 1237.7209393940207 
gen 143 7269 1237.7209393940207 0.0 1237.7209393940207 1237.7209393940207 
gen 144 7319 1237.7209393940207 0.0 1237.7209393940207 1237.7209393940207 
gen 145 7370 1237.7209393940207 0.0 1237.7209393940207 1237.7209393940207 
gen 146 7420 1237.7209393940207 0.0 1237.7209393940207 1237.7209393940207 
gen 147 7470 1237.7209393940207 0.0 1237.7209393940207 1237.7209393940207 
gen 148 7520 1237.7209393940207 0.0 1237.7209393940207 1237.7209393940207 
gen 149 7573 1237.1683319874353 2.7072123484340485 1223.905754229385 1237.7209393940207 
gen 150 7623 1234.4052949545082 5.900232522764719 1223.905754229385 1237.7209393940207 
gen 151 7673 1227.7740060754832 6.203002754509095 1223.905754229385 1237.7209393940207 
gen 152 7724 1223.905754229385 0.0 1223.905754229385 1223.905754229385 
gen 153 7774 1223.905754229385 0.0 1223.905754229385 1223.905754229385 
gen 154 7825 1223.905754229385 0.0 1223.905754229385 1223.905754229385 
gen 155 7877 1223.905754229385 0.0 1223.905754229385 1223.905754229385 
gen 156 7927 1223.905754229385 0.0 1223.905754229385 1223.905754229385 
gen 157 7977 1223.905754229385 0.0 1223.905754229385 1223.905754229385 
gen 158 8029 1223.905754229385 0.0 1223.905754229385 1223.905754229385 
gen 159 8080 1223.905754229385 0.0 1223.905754229385 1223.905754229385 
gen 160 8131 1223.905754229385 0.0 1223.905754229385 1223.905754229385 
gen 161 8182 1223.905754229385 0.0 1223.905754229385 1223.905754229385 
gen 162 8233 1223.905754229385 0.0 1223.905754229385 1223.905754229385 
gen 163 8284 1223.905754229385 0.0 1223.905754229385 1223.905754229385 
gen 164 8336 1223.905754229385 0.0 1223.905754229385 1223.905754229385 
gen 165 8386 1223.905754229385 0.0 1223.905754229385 1223.905754229385 
gen 166 8437 1223.905754229385 0.0 1223.905754229385 1223.905754229385 
gen 167 8488 1223.905754229385 0.0 1223.905754229385 1223.905754229385 
gen 168 8538 1223.905754229385 0.0 1223.905754229385 1223.905754229385 
gen 169 8588 1223.905754229385 0.0 1223.905754229385 1223.905754229385 
gen 170 8639 1223.905754229385 0.0 1223.905754229385 1223.905754229385 
gen 171 8689 1223.905754229385 0.0 1223.905754229385 1223.905754229385 
gen 172 8741 1223.905754229385 0.0 1223.905754229385 1223.905754229385 
gen 173 8793 1223.905754229385 0.0 1223.905754229385 1223.905754229385 
gen 174 8844 1223.905754229385 0.0 1223.905754229385 1223.905754229385 
gen 175 8894 1223.905754229385 0.0 1223.905754229385 1223.905754229385 
gen 176 8945 1223.905754229385 0.0 1223.905754229385 1223.905754229385 
gen 177 8995 1223.905754229385 0.0 1223.905754229385 1223.905754229385 
gen 178 9047 1223.905754229385 0.0 1223.905754229385 1223.905754229385 
gen 179 9098 1223.905754229385 0.0 1223.905754229385 1223.905754229385 
gen 180 9148 1223.905754229385 0.0 1223.905754229385 1223.905754229385 
gen 181 9198 1223.905754229385 0.0 1223.905754229385 1223.905754229385 
gen 182 9248 1223.905754229385 0.0 1223.905754229385 1223.905754229385 
gen 183 9299 1223.905754229385 0.0 1223.905754229385 1223.905754229385 
gen 184 9349 1223.905754229385 0.0 1223.905754229385 1223.905754229385 
gen 185 9399 1223.905754229385 0.0 1223.905754229385 1223.905754229385 
gen 186 9450 1223.905754229385 0.0 1223.905754229385 1223.905754229385 
gen 187 9500 1223.905754229385 0.0 1223.905754229385 1223.905754229385 
gen 188 9551 1223.905754229385 0.0 1223.905754229385 1223.905754229385 
gen 189 9602 1223.905754229385 0.0 1223.905754229385 1223.905754229385 
gen 190 9652 1223.905754229385 0.0 1223.905754229385 1223.905754229385 
gen 191 9702 1223.905754229385 0.0 1223.905754229385 1223.905754229385 
gen 192 9752 1223.905754229385 0.0 1223.905754229385 1223.905754229385 
gen 193 9802 1223.905754229385 0.0 1223.905754229385 1223.905754229385 
gen 194 9853 1223.905754229385 0.0 1223.905754229385 1223.905754229385 
gen 195 9905 1223.905754229385 0.0 1223.905754229385 1223.905754229385 
gen 196 9957 1223.905754229385 0.0 1223.905754229385 1223.905754229385 
gen 197 10007 1223.905754229385 0.0 1223.905754229385 1223.905754229385 
gen 198 10059 1223.905754229385 0.0 1223.905754229385 1223.905754229385 
gen 199 10109 1223.905754229385 0.0 1223.905754229385 1223.905754229385 
gen 200 10162 1223.905754229385 0.0 1223.905754229385 1223.905754229385 
gen 201 10212 1223.905754229385 0.0 1223.905754229385 1223.905754229385 
gen 202 10263 1223.905754229385 0.0 1223.905754229385 1223.905754229385 
gen 203 10313 1223.905754229385 0.0 1223.905754229385 1223.905754229385 
gen 204 10364 1223.905754229385 0.0 1223.905754229385 1223.905754229385 
gen 205 10414 1223.905754229385 0.0 1223.905754229385 1223.905754229385 
gen 206 10465 1223.905754229385 0.0 1223.905754229385 1223.905754229385 
gen 207 10515 1223.905754229385 0.0 1223.905754229385 1223.905754229385 
gen 208 10565 1223.905754229385 0.0 1223.905754229385 1223.905754229385 
gen 209 10616 1223.905754229385 0.0 1223.905754229385 1223.905754229385 
gen 210 10666 1223.905754229385 0.0 1223.905754229385 1223.905754229385 
gen 211 10717 1223.905754229385 0.0 1223.905754229385 1223.905754229385 
gen 212 10767 1223.905754229385 0.0 1223.905754229385 1223.905754229385 
gen 213 10817 1223.905754229385 0.0 1223.905754229385 1223.905754229385 
gen 214 10868 1223.905754229385 0.0 1223.905754229385 1223.905754229385 
gen 215 10918 1223.905754229385 0.0 1223.905754229385 1223.905754229385 
gen 216 10968 1223.905754229385 0.0 1223.905754229385 1223.905754229385 
gen 217 11018 1223.905754229385 0.0 1223.905754229385 1223.905754229385 
gen 218 11068 1223.905754229385 0.0 1223.905754229385 1223.905754229385 
gen 219 11119 1223.905754229385 0.0 1223.905754229385 1223.905754229385 
gen 220 11169 1223.905754229385 0.0 1223.905754229385 1223.905754229385 
gen 221 11219 1223.905754229385 0.0 1223.905754229385 1223.905754229385 
gen 222 11269 1223.905754229385 0.0 1223.905754229385 1223.905754229385 
gen 223 11319 1223.905754229385 0.0 1223.905754229385 1223.905754229385 
gen 224 11369 1223.905754229385 0.0 1223.905754229385 1223.905754229385 
gen 225 11419 1223.905754229385 0.0 1223.905754229385 1223.905754229385 
gen 226 11470 1223.905754229385 0.0 1223.905754229385 1223.905754229385 
gen 227 11521 1223.905754229385 0.0 1223.905754229385 1223.905754229385 
gen 228 11572 1223.905754229385 0.0 1223.905754229385 1223.905754229385 
gen 229 11622 1223.905754229385 0.0 1223.905754229385 1223.905754229385 
gen 230 11673 1223.905754229385 0.0 1223.905754229385 1223.905754229385 
gen 231 11723 1223.905754229385 0.0 1223.905754229385 1223.905754229385 
gen 232 11775 1223.905754229385 0.0 1223.905754229385 1223.905754229385 
gen 233 11825 1223.905754229385 0.0 1223.905754229385 1223.905754229385 
gen 234 11876 1223.905754229385 0.0 1223.905754229385 1223.905754229385 
gen 235 11926 1223.905754229385 0.0 1223.905754229385 1223.905754229385 
gen 236 11976 1223.905754229385 0.0 1223.905754229385 1223.905754229385 
gen 237 12026 1223.905754229385 0.0 1223.905754229385 1223.905754229385 
gen 238 12076 1223.905754229385 0.0 1223.905754229385 1223.905754229385 
gen 239 12126 1223.905754229385 0.0 1223.905754229385 1223.905754229385 
gen 240 12177 1223.905754229385 0.0 1223.905754229385 1223.905754229385 
gen 241 12227 1223.905754229385 0.0 1223.905754229385 1223.905754229385 
gen 242 12277 1223.905754229385 0.0 1223.905754229385 1223.905754229385 
gen 243 12328 1223.905754229385 0.0 1223.905754229385 1223.905754229385 
gen 244 12380 1223.905754229385 0.0 1223.905754229385 1223.905754229385 
gen 245 12430 1223.905754229385 0.0 1223.905754229385 1223.905754229385 
gen 246 12480 1223.905754229385 0.0 1223.905754229385 1223.905754229385 
gen 247 12532 1223.905754229385 0.0 1223.905754229385 1223.905754229385 
gen 248 12582 1223.905754229385 0.0 1223.905754229385 1223.905754229385 
gen 249 12632 1223.905754229385 0.0 1223.905754229385 1223.905754229385 
gen 250 12683 1223.905754229385 0.0 1223.905754229385 1223.905754229385 
gen 251 12733 1223.905754229385 0.0 1223.905754229385 1223.905754229385 
gen 252 12783 1223.905754229385 0.0 1223.905754229385 1223.905754229385 
gen 253 12833 1223.905754229385 0.0 1223.905754229385 1223.905754229385 
gen 254 12883 1223.905754229385 0.0 1223.905754229385 1223.905754229385 
gen 255 12933 1223.905754229385 0.0 1223.905754229385 1223.905754229385 
gen 256 12983 1223.905754229385 0.0 1223.905754229385 1223.905754229385 
gen 257 13035 1223.905754229385 0.0 1223.905754229385 1223.905754229385 
gen 258 13088 1223.905754229385 0.0 1223.905754229385 1223.905754229385 
gen 259 13138 1223.905754229385 0.0 1223.905754229385 1223.905754229385 
gen 260 13188 1223.905754229385 0.0 1223.905754229385 1223.905754229385 
gen 261 13238 1223.905754229385 0.0 1223.905754229385 1223.905754229385 
gen 262 13288 1223.905754229385 0.0 1223.905754229385 1223.905754229385 
gen 263 13338 1223.905754229385 0.0 1223.905754229385 1223.905754229385 
gen 264 13389 1223.905754229385 0.0 1223.905754229385 1223.905754229385 
gen 265 13439 1223.905754229385 0.0 1223.905754229385 1223.905754229385 
gen 266 13491 1223.905754229385 0.0 1223.905754229385 1223.905754229385 
gen 267 13542 1223.905754229385 0.0 1223.905754229385 1223.905754229385 
gen 268 13592 1223.905754229385 0.0 1223.905754229385 1223.905754229385 
gen 269 13643 1223.905754229385 0.0 1223.905754229385 1223.905754229385 
gen 270 13693 1223.905754229385 0.0 1223.905754229385 1223.905754229385 
gen 271 13744 1223.905754229385 0.0 1223.905754229385 1223.905754229385 
gen 272 13795 1223.905754229385 0.0 1223.905754229385 1223.905754229385 
gen 273 13845 1223.905754229385 0.0 1223.905754229385 1223.905754229385 
gen 274 13896 1223.905754229385 0.0 1223.905754229385 1223.905754229385 
gen 275 13946 1223.905754229385 0.0 1223.905754229385 1223.905754229385 
gen 276 13997 1223.905754229385 0.0 1223.905754229385 1223.905754229385 
gen 277 14048 1223.905754229385 0.0 1223.905754229385 1223.905754229385 
gen 278 14098 1223.905754229385 0.0 1223.905754229385 1223.905754229385 
gen 279 14149 1223.905754229385 0.0 1223.905754229385 1223.905754229385 
gen 280 14201 1223.905754229385 0.0 1223.905754229385 1223.905754229385 
gen 281 14251 1223.905754229385 0.0 1223.905754229385 1223.905754229385 
gen 282 14301 1223.905754229385 0.0 1223.905754229385 1223.905754229385 
gen 283 14351 1223.905754229385 0.0 1223.905754229385 1223.905754229385 
gen 284 14401 1223.905754229385 0.0 1223.905754229385 1223.905754229385 
gen 285 14452 1223.905754229385 0.0 1223.905754229385 1223.905754229385 
gen 286 14504 1223.905754229385 0.0 1223.905754229385 1223.905754229385 
gen 287 14554 1223.905754229385 0.0 1223.905754229385 1223.905754229385 
gen 288 14604 1223.905754229385 0.0 1223.905754229385 1223.905754229385 
gen 289 14654 1223.905754229385 0.0 1223.905754229385 1223.905754229385 
gen 290 14705 1223.905754229385 0.0 1223.905754229385 1223.905754229385 
gen 291 14756 1223.905754229385 0.0 1223.905754229385 1223.905754229385 
gen 292 14807 1223.905754229385 0.0 1223.905754229385 1223.905754229385 
gen 293 14857 1223.905754229385 0.0 1223.905754229385 1223.905754229385 
gen 294 14907 1223.905754229385 0.0 1223.905754229385 1223.905754229385 
gen 295 14957 1223.905754229385 0.0 1223.905754229385 1223.905754229385 
gen 296 15007 1223.905754229385 0.0 1223.905754229385 1223.905754229385 
gen 297 15057 1223.905754229385 0.0 1223.905754229385 1223.905754229385 
gen 298 15107 1223.905754229385 0.0 1223.905754229385 1223.905754229385 
gen 299 15157 1223.905754229385 0.0 1223.905754229385 1223.905754229385 
gen 300 15208 1223.905754229385 0.0 1223.905754229385 1223.905754229385 
gen 301 15258 1223.905754229385 0.0 1223.905754229385 1223.905754229385 
gen 302 15310 1223.905754229385 0.0 1223.905754229385 1223.905754229385 
gen 303 15361 1223.905754229385 0.0 1223.905754229385 1223.905754229385 
gen 304 15411 1223.905754229385 0.0 1223.905754229385 1223.905754229385 
gen 305 15461 1223.905754229385 0.0 1223.905754229385 1223.905754229385 
gen 306 15511 1223.905754229385 0.0 1223.905754229385 1223.905754229385 
gen 307 15561 1223.905754229385 0.0 1223.905754229385 1223.905754229385 
gen 308 15612 1223.905754229385 0.0 1223.905754229385 1223.905754229385 
gen 309 15664 1223.905754229385 0.0 1223.905754229385 1223.905754229385 
gen 310 15714 1223.905754229385 0.0 1223.905754229385 1223.905754229385 
gen 311 15765 1223.905754229385 0.0 1223.905754229385 1223.905754229385 
gen 312 15815 1223.905754229385 0.0 1223.905754229385 1223.905754229385 
gen 313 15866 1223.905754229385 0.0 1223.905754229385 1223.905754229385 
gen 314 15917 1223.905754229385 0.0 1223.905754229385 1223.905754229385 
gen 315 15968 1223.905754229385 0.0 1223.905754229385 1223.905754229385 
gen 316 16019 1223.905754229385 0.0 1223.905754229385 1223.905754229385 
gen 317 16069 1223.905754229385 0.0 1223.905754229385 1223.905754229385 
gen 318 16119 1223.905754229385 0.0 1223.905754229385 1223.905754229385 
gen 319 16170 1223.905754229385 0.0 1223.905754229385 1223.905754229385 
gen 320 16223 1223.905754229385 0.0 1223.905754229385 1223.905754229385 
gen 321 16273 1223.905754229385 0.0 1223.905754229385 1223.905754229385 
gen 322 16323 1223.905754229385 0.0 1223.905754229385 1223.905754229385 
gen 323 16374 1223.905754229385 0.0 1223.905754229385 1223.905754229385 
gen 324 16424 1223.905754229385 0.0 1223.905754229385 1223.905754229385 
gen 325 16474 1223.905754229385 0.0 1223.905754229385 1223.905754229385 
gen 326 16525 1223.905754229385 0.0 1223.905754229385 1223.905754229385 
gen 327 16575 1223.905754229385 0.0 1223.905754229385 1223.905754229385 
gen 328 16625 1223.905754229385 0.0 1223.905754229385 1223.905754229385 
gen 329 16675 1223.905754229385 0.0 1223.905754229385 1223.905754229385 
gen 330 16725 1223.905754229385 0.0 1223.905754229385 1223.905754229385 
gen 331 16775 1223.905754229385 0.0 1223.905754229385 1223.905754229385 
gen 332 16825 1223.905754229385 0.0 1223.905754229385 1223.905754229385 
gen 333 16875 1223.905754229385 0.0 1223.905754229385 1223.905754229385 
gen 334 16925 1223.905754229385 0.0 1223.905754229385 1223.905754229385 
gen 335 16976 1223.905754229385 0.0 1223.905754229385 1223.905754229385 
gen 336 17028 1223.905754229385 0.0 1223.905754229385 1223.905754229385 
gen 337 17079 1223.905754229385 0.0 1223.905754229385 1223.905754229385 
gen 338 17129 1223.905754229385 0.0 1223.905754229385 1223.905754229385 
gen 339 17179 1223.905754229385 0.0 1223.905754229385 1223.905754229385 
gen 340 17229 1223.905754229385 0.0 1223.905754229385 1223.905754229385 
gen 341 17280 1223.905754229385 0.0 1223.905754229385 1223.905754229385 
gen 342 17330 1223.905754229385 0.0 1223.905754229385 1223.905754229385 
gen 343 17381 1223.905754229385 0.0 1223.905754229385 1223.905754229385 
gen 344 17431 1223.905754229385 0.0 1223.905754229385 1223.905754229385 
gen 345 17482 1223.905754229385 0.0 1223.905754229385 1223.905754229385 
gen 346 17532 1223.905754229385 0.0 1223.905754229385 1223.905754229385 
[4, 3, 0, 1, 2, 4, 3, 0, 1, 2, 4, 0, 1, 2, 3, 4, 3, 0, 1, 2, 4, 3, 0, 1, 2]
min  1223.905754229385
NFE 17532
LSNFE 0
VLSNFE 0
runTime 15.201200008392334
