gen 0 25 1600000000004609.0 3666060555962660.5 1809.6656763065562 1e+16 
gen 1 77 2314.63341139314 349.839744687407 1732.402917570861 2872.3110040637634 
gen 2 128 2042.3575670560124 184.66593517938063 1732.402917570861 2348.0805132572677 
gen 3 178 1884.3576610077766 160.36660291678828 1506.2017423044135 2110.8897500157927 
gen 4 230 1773.444014656107 105.25142088592511 1506.2017423044135 1968.6777642572804 
gen 5 284 1698.5793121773845 99.98768396145158 1430.6855401344478 1809.6656763065562 
gen 6 337 1671.2371808670798 88.1190559897367 1430.6855401344478 1760.59926255653 
gen 7 388 1640.2780878195083 82.88446398801223 1430.6855401344478 1735.6131446276931 
gen 8 440 1600.5716169090977 72.56460938801374 1430.6855401344478 1705.928006011873 
gen 9 492 1533.4704606247426 73.46773012962792 1392.1840887839296 1625.5660850236075 
gen 10 543 1507.6480424195925 53.47690323797909 1392.1840887839296 1569.6187294498864 
gen 11 595 1481.4068814551813 49.42616983066781 1372.128573877022 1541.7540103840392 
gen 12 649 1434.798439517696 39.009286347817486 1369.5007012936637 1504.973094189787 
gen 13 700 1400.5466940853187 25.741477422857585 1337.9832578261023 1442.9463162262118 
gen 14 751 1375.1121913801744 17.77773843136284 1334.1869219112878 1392.1840887839296 
gen 15 802 1351.4342866257887 26.23222269756842 1261.6314126844522 1379.0034095845333 
gen 16 852 1331.3638869461313 25.244711469926045 1261.6314126844522 1355.302125788316 
gen 17 904 1300.9073439336078 28.258686646104366 1206.943539256796 1334.1869219112878 
gen 18 957 1279.6336405519694 28.733587705340188 1206.943539256796 1308.517264280847 
gen 19 1010 1242.7612519380243 23.32882870566505 1186.5385810415153 1276.8751702267887 
gen 20 1061 1221.042862818735 12.186317053638613 1186.5385810415153 1243.6671178464198 
gen 21 1112 1204.6743546541456 13.169178874614683 1186.5385810415153 1220.7503448810307 
gen 22 1163 1190.1078671089363 4.75904808989475 1186.5385810415153 1196.4532645621293 
gen 23 1213 1186.538581041515 2.2737367544323206e-13 1186.5385810415153 1186.5385810415153 
gen 24 1263 1186.538581041515 2.2737367544323206e-13 1186.5385810415153 1186.5385810415153 
gen 25 1314 1186.538581041515 2.2737367544323206e-13 1186.5385810415153 1186.5385810415153 
gen 26 1364 1186.538581041515 2.2737367544323206e-13 1186.5385810415153 1186.5385810415153 
gen 27 1415 1186.538581041515 2.2737367544323206e-13 1186.5385810415153 1186.5385810415153 
gen 28 1466 1186.538581041515 2.2737367544323206e-13 1186.5385810415153 1186.5385810415153 
gen 29 1516 1186.538581041515 2.2737367544323206e-13 1186.5385810415153 1186.5385810415153 
gen 30 1566 1186.538581041515 2.2737367544323206e-13 1186.5385810415153 1186.5385810415153 
gen 31 1616 1186.538581041515 2.2737367544323206e-13 1186.5385810415153 1186.5385810415153 
gen 32 1666 1186.538581041515 2.2737367544323206e-13 1186.5385810415153 1186.5385810415153 
gen 33 1717 1186.538581041515 2.2737367544323206e-13 1186.5385810415153 1186.5385810415153 
gen 34 1767 1186.538581041515 2.2737367544323206e-13 1186.5385810415153 1186.5385810415153 
gen 35 1818 1186.538581041515 2.2737367544323206e-13 1186.5385810415153 1186.5385810415153 
gen 36 1868 1186.538581041515 2.2737367544323206e-13 1186.5385810415153 1186.5385810415153 
gen 37 1919 1186.538581041515 2.2737367544323206e-13 1186.5385810415153 1186.5385810415153 
gen 38 1969 1186.538581041515 2.2737367544323206e-13 1186.5385810415153 1186.5385810415153 
gen 39 2020 1186.538581041515 2.2737367544323206e-13 1186.5385810415153 1186.5385810415153 
gen 40 2071 1186.538581041515 2.2737367544323206e-13 1186.5385810415153 1186.5385810415153 
gen 41 2121 1186.538581041515 2.2737367544323206e-13 1186.5385810415153 1186.5385810415153 
gen 42 2172 1186.538581041515 2.2737367544323206e-13 1186.5385810415153 1186.5385810415153 
gen 43 2222 1186.538581041515 2.2737367544323206e-13 1186.5385810415153 1186.5385810415153 
gen 44 2272 1186.538581041515 2.2737367544323206e-13 1186.5385810415153 1186.5385810415153 
gen 45 2322 1186.538581041515 2.2737367544323206e-13 1186.5385810415153 1186.5385810415153 
gen 46 2373 1186.538581041515 2.2737367544323206e-13 1186.5385810415153 1186.5385810415153 
gen 47 2423 1186.538581041515 2.2737367544323206e-13 1186.5385810415153 1186.5385810415153 
gen 48 2473 1186.538581041515 2.2737367544323206e-13 1186.5385810415153 1186.5385810415153 
gen 49 2523 1186.538581041515 2.2737367544323206e-13 1186.5385810415153 1186.5385810415153 
gen 50 2573 1186.538581041515 2.2737367544323206e-13 1186.5385810415153 1186.5385810415153 
gen 51 2623 1186.538581041515 2.2737367544323206e-13 1186.5385810415153 1186.5385810415153 
gen 52 2673 1186.538581041515 2.2737367544323206e-13 1186.5385810415153 1186.5385810415153 
gen 53 2723 1186.538581041515 2.2737367544323206e-13 1186.5385810415153 1186.5385810415153 
gen 54 2773 1186.538581041515 2.2737367544323206e-13 1186.5385810415153 1186.5385810415153 
gen 55 2823 1186.538581041515 2.2737367544323206e-13 1186.5385810415153 1186.5385810415153 
gen 56 2875 1186.538581041515 2.2737367544323206e-13 1186.5385810415153 1186.5385810415153 
gen 57 2926 1186.538581041515 2.2737367544323206e-13 1186.5385810415153 1186.5385810415153 
gen 58 2976 1186.538581041515 2.2737367544323206e-13 1186.5385810415153 1186.5385810415153 
gen 59 3026 1186.538581041515 2.2737367544323206e-13 1186.5385810415153 1186.5385810415153 
gen 60 3076 1186.538581041515 2.2737367544323206e-13 1186.5385810415153 1186.5385810415153 
gen 61 3127 1186.538581041515 2.2737367544323206e-13 1186.5385810415153 1186.5385810415153 
gen 62 3177 1186.538581041515 2.2737367544323206e-13 1186.5385810415153 1186.5385810415153 
gen 63 3227 1186.538581041515 2.2737367544323206e-13 1186.5385810415153 1186.5385810415153 
gen 64 3277 1186.538581041515 2.2737367544323206e-13 1186.5385810415153 1186.5385810415153 
gen 65 3331 1186.538581041515 2.2737367544323206e-13 1186.5385810415153 1186.5385810415153 
gen 66 3382 1186.538581041515 2.2737367544323206e-13 1186.5385810415153 1186.5385810415153 
gen 67 3432 1186.538581041515 2.2737367544323206e-13 1186.5385810415153 1186.5385810415153 
gen 68 3482 1186.538581041515 2.2737367544323206e-13 1186.5385810415153 1186.5385810415153 
gen 69 3532 1186.538581041515 2.2737367544323206e-13 1186.5385810415153 1186.5385810415153 
gen 70 3582 1186.538581041515 2.2737367544323206e-13 1186.5385810415153 1186.5385810415153 
gen 71 3634 1186.538581041515 2.2737367544323206e-13 1186.5385810415153 1186.5385810415153 
gen 72 3684 1186.538581041515 2.2737367544323206e-13 1186.5385810415153 1186.5385810415153 
gen 73 3735 1186.538581041515 2.2737367544323206e-13 1186.5385810415153 1186.5385810415153 
gen 74 3786 1186.538581041515 2.2737367544323206e-13 1186.5385810415153 1186.5385810415153 
gen 75 3836 1186.538581041515 2.2737367544323206e-13 1186.5385810415153 1186.5385810415153 
gen 76 3886 1186.538581041515 2.2737367544323206e-13 1186.5385810415153 1186.5385810415153 
gen 77 3937 1186.538581041515 2.2737367544323206e-13 1186.5385810415153 1186.5385810415153 
gen 78 3987 1186.538581041515 2.2737367544323206e-13 1186.5385810415153 1186.5385810415153 
gen 79 4038 1186.538581041515 2.2737367544323206e-13 1186.5385810415153 1186.5385810415153 
gen 80 4089 1186.538581041515 2.2737367544323206e-13 1186.5385810415153 1186.5385810415153 
gen 81 4139 1186.538581041515 2.2737367544323206e-13 1186.5385810415153 1186.5385810415153 
gen 82 4189 1186.538581041515 2.2737367544323206e-13 1186.5385810415153 1186.5385810415153 
gen 83 4239 1186.538581041515 2.2737367544323206e-13 1186.5385810415153 1186.5385810415153 
gen 84 4289 1186.538581041515 2.2737367544323206e-13 1186.5385810415153 1186.5385810415153 
gen 85 4339 1186.538581041515 2.2737367544323206e-13 1186.5385810415153 1186.5385810415153 
gen 86 4390 1186.538581041515 2.2737367544323206e-13 1186.5385810415153 1186.5385810415153 
gen 87 4440 1186.538581041515 2.2737367544323206e-13 1186.5385810415153 1186.5385810415153 
gen 88 4490 1186.538581041515 2.2737367544323206e-13 1186.5385810415153 1186.5385810415153 
gen 89 4542 1186.538581041515 2.2737367544323206e-13 1186.5385810415153 1186.5385810415153 
gen 90 4592 1186.538581041515 2.2737367544323206e-13 1186.5385810415153 1186.5385810415153 
gen 91 4642 1186.538581041515 2.2737367544323206e-13 1186.5385810415153 1186.5385810415153 
gen 92 4693 1186.538581041515 2.2737367544323206e-13 1186.5385810415153 1186.5385810415153 
gen 93 4744 1186.538581041515 2.2737367544323206e-13 1186.5385810415153 1186.5385810415153 
gen 94 4794 1186.538581041515 2.2737367544323206e-13 1186.5385810415153 1186.5385810415153 
gen 95 4844 1186.538581041515 2.2737367544323206e-13 1186.5385810415153 1186.5385810415153 
gen 96 4894 1186.538581041515 2.2737367544323206e-13 1186.5385810415153 1186.5385810415153 
gen 97 4944 1186.538581041515 2.2737367544323206e-13 1186.5385810415153 1186.5385810415153 
gen 98 4995 1186.538581041515 2.2737367544323206e-13 1186.5385810415153 1186.5385810415153 
gen 99 5045 1186.538581041515 2.2737367544323206e-13 1186.5385810415153 1186.5385810415153 
gen 100 5095 1186.538581041515 2.2737367544323206e-13 1186.5385810415153 1186.5385810415153 
gen 101 5149 1186.538581041515 2.2737367544323206e-13 1186.5385810415153 1186.5385810415153 
gen 102 5199 1186.538581041515 2.2737367544323206e-13 1186.5385810415153 1186.5385810415153 
gen 103 5249 1186.538581041515 2.2737367544323206e-13 1186.5385810415153 1186.5385810415153 
gen 104 5303 1186.538581041515 2.2737367544323206e-13 1186.5385810415153 1186.5385810415153 
gen 105 5354 1186.538581041515 2.2737367544323206e-13 1186.5385810415153 1186.5385810415153 
gen 106 5404 1186.538581041515 2.2737367544323206e-13 1186.5385810415153 1186.5385810415153 
gen 107 5454 1186.538581041515 2.2737367544323206e-13 1186.5385810415153 1186.5385810415153 
gen 108 5504 1186.538581041515 2.2737367544323206e-13 1186.5385810415153 1186.5385810415153 
gen 109 5554 1186.538581041515 2.2737367544323206e-13 1186.5385810415153 1186.5385810415153 
gen 110 5604 1186.538581041515 2.2737367544323206e-13 1186.5385810415153 1186.5385810415153 
gen 111 5656 1186.538581041515 2.2737367544323206e-13 1186.5385810415153 1186.5385810415153 
gen 112 5706 1186.538581041515 2.2737367544323206e-13 1186.5385810415153 1186.5385810415153 
gen 113 5756 1186.538581041515 2.2737367544323206e-13 1186.5385810415153 1186.5385810415153 
gen 114 5807 1186.538581041515 2.2737367544323206e-13 1186.5385810415153 1186.5385810415153 
gen 115 5857 1186.538581041515 2.2737367544323206e-13 1186.5385810415153 1186.5385810415153 
gen 116 5908 1186.538581041515 2.2737367544323206e-13 1186.5385810415153 1186.5385810415153 
gen 117 5959 1186.538581041515 2.2737367544323206e-13 1186.5385810415153 1186.5385810415153 
gen 118 6009 1186.538581041515 2.2737367544323206e-13 1186.5385810415153 1186.5385810415153 
gen 119 6060 1186.538581041515 2.2737367544323206e-13 1186.5385810415153 1186.5385810415153 
gen 120 6111 1186.538581041515 2.2737367544323206e-13 1186.5385810415153 1186.5385810415153 
gen 121 6162 1186.538581041515 2.2737367544323206e-13 1186.5385810415153 1186.5385810415153 
gen 122 6214 1186.538581041515 2.2737367544323206e-13 1186.5385810415153 1186.5385810415153 
gen 123 6264 1186.538581041515 2.2737367544323206e-13 1186.5385810415153 1186.5385810415153 
gen 124 6314 1186.538581041515 2.2737367544323206e-13 1186.5385810415153 1186.5385810415153 
gen 125 6364 1186.538581041515 2.2737367544323206e-13 1186.5385810415153 1186.5385810415153 
gen 126 6414 1186.538581041515 2.2737367544323206e-13 1186.5385810415153 1186.5385810415153 
gen 127 6465 1186.538581041515 2.2737367544323206e-13 1186.5385810415153 1186.5385810415153 
gen 128 6515 1186.538581041515 2.2737367544323206e-13 1186.5385810415153 1186.5385810415153 
gen 129 6566 1186.538581041515 2.2737367544323206e-13 1186.5385810415153 1186.5385810415153 
gen 130 6617 1186.538581041515 2.2737367544323206e-13 1186.5385810415153 1186.5385810415153 
gen 131 6668 1186.538581041515 2.2737367544323206e-13 1186.5385810415153 1186.5385810415153 
gen 132 6720 1186.538581041515 2.2737367544323206e-13 1186.5385810415153 1186.5385810415153 
gen 133 6770 1186.538581041515 2.2737367544323206e-13 1186.5385810415153 1186.5385810415153 
gen 134 6820 1186.538581041515 2.2737367544323206e-13 1186.5385810415153 1186.5385810415153 
gen 135 6872 1186.538581041515 2.2737367544323206e-13 1186.5385810415153 1186.5385810415153 
gen 136 6923 1186.538581041515 2.2737367544323206e-13 1186.5385810415153 1186.5385810415153 
gen 137 6973 1186.538581041515 2.2737367544323206e-13 1186.5385810415153 1186.5385810415153 
gen 138 7023 1186.538581041515 2.2737367544323206e-13 1186.5385810415153 1186.5385810415153 
gen 139 7074 1186.538581041515 2.2737367544323206e-13 1186.5385810415153 1186.5385810415153 
gen 140 7124 1186.538581041515 2.2737367544323206e-13 1186.5385810415153 1186.5385810415153 
gen 141 7174 1186.538581041515 2.2737367544323206e-13 1186.5385810415153 1186.5385810415153 
gen 142 7224 1186.538581041515 2.2737367544323206e-13 1186.5385810415153 1186.5385810415153 
gen 143 7274 1186.538581041515 2.2737367544323206e-13 1186.5385810415153 1186.5385810415153 
gen 144 7324 1186.538581041515 2.2737367544323206e-13 1186.5385810415153 1186.5385810415153 
gen 145 7374 1186.538581041515 2.2737367544323206e-13 1186.5385810415153 1186.5385810415153 
gen 146 7425 1186.538581041515 2.2737367544323206e-13 1186.5385810415153 1186.5385810415153 
gen 147 7475 1186.538581041515 2.2737367544323206e-13 1186.5385810415153 1186.5385810415153 
gen 148 7525 1186.538581041515 2.2737367544323206e-13 1186.5385810415153 1186.5385810415153 
gen 149 7575 1186.538581041515 2.2737367544323206e-13 1186.5385810415153 1186.5385810415153 
gen 150 7625 1186.538581041515 2.2737367544323206e-13 1186.5385810415153 1186.5385810415153 
gen 151 7675 1186.538581041515 2.2737367544323206e-13 1186.5385810415153 1186.5385810415153 
gen 152 7726 1186.538581041515 2.2737367544323206e-13 1186.5385810415153 1186.5385810415153 
gen 153 7776 1186.538581041515 2.2737367544323206e-13 1186.5385810415153 1186.5385810415153 
gen 154 7826 1186.538581041515 2.2737367544323206e-13 1186.5385810415153 1186.5385810415153 
gen 155 7876 1186.538581041515 2.2737367544323206e-13 1186.5385810415153 1186.5385810415153 
gen 156 7926 1186.538581041515 2.2737367544323206e-13 1186.5385810415153 1186.5385810415153 
gen 157 7976 1186.538581041515 2.2737367544323206e-13 1186.5385810415153 1186.5385810415153 
gen 158 8026 1186.538581041515 2.2737367544323206e-13 1186.5385810415153 1186.5385810415153 
gen 159 8078 1186.538581041515 2.2737367544323206e-13 1186.5385810415153 1186.5385810415153 
gen 160 8131 1186.538581041515 2.2737367544323206e-13 1186.5385810415153 1186.5385810415153 
gen 161 8182 1186.538581041515 2.2737367544323206e-13 1186.5385810415153 1186.5385810415153 
gen 162 8232 1186.538581041515 2.2737367544323206e-13 1186.5385810415153 1186.5385810415153 
gen 163 8283 1186.538581041515 2.2737367544323206e-13 1186.5385810415153 1186.5385810415153 
gen 164 8333 1186.538581041515 2.2737367544323206e-13 1186.5385810415153 1186.5385810415153 
gen 165 8384 1186.538581041515 2.2737367544323206e-13 1186.5385810415153 1186.5385810415153 
gen 166 8434 1186.538581041515 2.2737367544323206e-13 1186.5385810415153 1186.5385810415153 
gen 167 8485 1186.538581041515 2.2737367544323206e-13 1186.5385810415153 1186.5385810415153 
gen 168 8536 1186.538581041515 2.2737367544323206e-13 1186.5385810415153 1186.5385810415153 
gen 169 8586 1186.538581041515 2.2737367544323206e-13 1186.5385810415153 1186.5385810415153 
gen 170 8637 1186.538581041515 2.2737367544323206e-13 1186.5385810415153 1186.5385810415153 
gen 171 8688 1186.538581041515 2.2737367544323206e-13 1186.5385810415153 1186.5385810415153 
gen 172 8739 1186.538581041515 2.2737367544323206e-13 1186.5385810415153 1186.5385810415153 
gen 173 8790 1186.538581041515 2.2737367544323206e-13 1186.5385810415153 1186.5385810415153 
gen 174 8840 1186.538581041515 2.2737367544323206e-13 1186.5385810415153 1186.5385810415153 
gen 175 8891 1186.538581041515 2.2737367544323206e-13 1186.5385810415153 1186.5385810415153 
gen 176 8941 1186.538581041515 2.2737367544323206e-13 1186.5385810415153 1186.5385810415153 
gen 177 8991 1186.538581041515 2.2737367544323206e-13 1186.5385810415153 1186.5385810415153 
gen 178 9043 1186.538581041515 2.2737367544323206e-13 1186.5385810415153 1186.5385810415153 
gen 179 9094 1186.538581041515 2.2737367544323206e-13 1186.5385810415153 1186.5385810415153 
gen 180 9145 1186.538581041515 2.2737367544323206e-13 1186.5385810415153 1186.5385810415153 
gen 181 9195 1186.538581041515 2.2737367544323206e-13 1186.5385810415153 1186.5385810415153 
gen 182 9245 1186.538581041515 2.2737367544323206e-13 1186.5385810415153 1186.5385810415153 
gen 183 9296 1186.538581041515 2.2737367544323206e-13 1186.5385810415153 1186.5385810415153 
gen 184 9347 1186.538581041515 2.2737367544323206e-13 1186.5385810415153 1186.5385810415153 
gen 185 9397 1186.538581041515 2.2737367544323206e-13 1186.5385810415153 1186.5385810415153 
gen 186 9447 1186.538581041515 2.2737367544323206e-13 1186.5385810415153 1186.5385810415153 
gen 187 9497 1186.538581041515 2.2737367544323206e-13 1186.5385810415153 1186.5385810415153 
gen 188 9548 1186.538581041515 2.2737367544323206e-13 1186.5385810415153 1186.5385810415153 
gen 189 9599 1186.538581041515 2.2737367544323206e-13 1186.5385810415153 1186.5385810415153 
gen 190 9649 1186.538581041515 2.2737367544323206e-13 1186.5385810415153 1186.5385810415153 
gen 191 9699 1186.538581041515 2.2737367544323206e-13 1186.5385810415153 1186.5385810415153 
gen 192 9749 1186.538581041515 2.2737367544323206e-13 1186.5385810415153 1186.5385810415153 
gen 193 9799 1186.538581041515 2.2737367544323206e-13 1186.5385810415153 1186.5385810415153 
gen 194 9849 1186.538581041515 2.2737367544323206e-13 1186.5385810415153 1186.5385810415153 
gen 195 9899 1186.538581041515 2.2737367544323206e-13 1186.5385810415153 1186.5385810415153 
gen 196 9949 1186.538581041515 2.2737367544323206e-13 1186.5385810415153 1186.5385810415153 
gen 197 10000 1186.538581041515 2.2737367544323206e-13 1186.5385810415153 1186.5385810415153 
gen 198 10050 1186.538581041515 2.2737367544323206e-13 1186.5385810415153 1186.5385810415153 
gen 199 10102 1186.538581041515 2.2737367544323206e-13 1186.5385810415153 1186.5385810415153 
gen 200 10153 1186.538581041515 2.2737367544323206e-13 1186.5385810415153 1186.5385810415153 
gen 201 10205 1186.538581041515 2.2737367544323206e-13 1186.5385810415153 1186.5385810415153 
gen 202 10255 1186.538581041515 2.2737367544323206e-13 1186.5385810415153 1186.5385810415153 
gen 203 10305 1186.538581041515 2.2737367544323206e-13 1186.5385810415153 1186.5385810415153 
gen 204 10355 1186.538581041515 2.2737367544323206e-13 1186.5385810415153 1186.5385810415153 
gen 205 10406 1186.538581041515 2.2737367544323206e-13 1186.5385810415153 1186.5385810415153 
gen 206 10457 1186.538581041515 2.2737367544323206e-13 1186.5385810415153 1186.5385810415153 
gen 207 10508 1186.538581041515 2.2737367544323206e-13 1186.5385810415153 1186.5385810415153 
gen 208 10559 1186.538581041515 2.2737367544323206e-13 1186.5385810415153 1186.5385810415153 
gen 209 10609 1186.538581041515 2.2737367544323206e-13 1186.5385810415153 1186.5385810415153 
gen 210 10660 1186.538581041515 2.2737367544323206e-13 1186.5385810415153 1186.5385810415153 
gen 211 10710 1186.538581041515 2.2737367544323206e-13 1186.5385810415153 1186.5385810415153 
gen 212 10760 1186.538581041515 2.2737367544323206e-13 1186.5385810415153 1186.5385810415153 
gen 213 10810 1186.538581041515 2.2737367544323206e-13 1186.5385810415153 1186.5385810415153 
gen 214 10860 1186.538581041515 2.2737367544323206e-13 1186.5385810415153 1186.5385810415153 
gen 215 10911 1186.538581041515 2.2737367544323206e-13 1186.5385810415153 1186.5385810415153 
gen 216 10961 1186.538581041515 2.2737367544323206e-13 1186.5385810415153 1186.5385810415153 
gen 217 11012 1186.538581041515 2.2737367544323206e-13 1186.5385810415153 1186.5385810415153 
gen 218 11062 1186.538581041515 2.2737367544323206e-13 1186.5385810415153 1186.5385810415153 
gen 219 11112 1186.538581041515 2.2737367544323206e-13 1186.5385810415153 1186.5385810415153 
gen 220 11163 1186.538581041515 2.2737367544323206e-13 1186.5385810415153 1186.5385810415153 
gen 221 11213 1186.538581041515 2.2737367544323206e-13 1186.5385810415153 1186.5385810415153 
gen 222 11263 1186.538581041515 2.2737367544323206e-13 1186.5385810415153 1186.5385810415153 
gen 223 11313 1186.538581041515 2.2737367544323206e-13 1186.5385810415153 1186.5385810415153 
gen 224 11363 1186.538581041515 2.2737367544323206e-13 1186.5385810415153 1186.5385810415153 
gen 225 11413 1186.538581041515 2.2737367544323206e-13 1186.5385810415153 1186.5385810415153 
gen 226 11465 1186.538581041515 2.2737367544323206e-13 1186.5385810415153 1186.5385810415153 
gen 227 11515 1186.538581041515 2.2737367544323206e-13 1186.5385810415153 1186.5385810415153 
gen 228 11566 1186.538581041515 2.2737367544323206e-13 1186.5385810415153 1186.5385810415153 
gen 229 11616 1186.538581041515 2.2737367544323206e-13 1186.5385810415153 1186.5385810415153 
gen 230 11666 1186.538581041515 2.2737367544323206e-13 1186.5385810415153 1186.5385810415153 
gen 231 11717 1186.538581041515 2.2737367544323206e-13 1186.5385810415153 1186.5385810415153 
gen 232 11768 1186.538581041515 2.2737367544323206e-13 1186.5385810415153 1186.5385810415153 
gen 233 11819 1186.538581041515 2.2737367544323206e-13 1186.5385810415153 1186.5385810415153 
gen 234 11870 1186.538581041515 2.2737367544323206e-13 1186.5385810415153 1186.5385810415153 
gen 235 11921 1186.538581041515 2.2737367544323206e-13 1186.5385810415153 1186.5385810415153 
gen 236 11972 1186.538581041515 2.2737367544323206e-13 1186.5385810415153 1186.5385810415153 
gen 237 12022 1186.538581041515 2.2737367544323206e-13 1186.5385810415153 1186.5385810415153 
gen 238 12072 1186.538581041515 2.2737367544323206e-13 1186.5385810415153 1186.5385810415153 
gen 239 12123 1186.538581041515 2.2737367544323206e-13 1186.5385810415153 1186.5385810415153 
gen 240 12173 1186.538581041515 2.2737367544323206e-13 1186.5385810415153 1186.5385810415153 
gen 241 12224 1186.538581041515 2.2737367544323206e-13 1186.5385810415153 1186.5385810415153 
gen 242 12274 1186.538581041515 2.2737367544323206e-13 1186.5385810415153 1186.5385810415153 
gen 243 12325 1186.538581041515 2.2737367544323206e-13 1186.5385810415153 1186.5385810415153 
gen 244 12376 1186.538581041515 2.2737367544323206e-13 1186.5385810415153 1186.5385810415153 
gen 245 12426 1186.538581041515 2.2737367544323206e-13 1186.5385810415153 1186.5385810415153 
gen 246 12476 1186.538581041515 2.2737367544323206e-13 1186.5385810415153 1186.5385810415153 
gen 247 12526 1186.538581041515 2.2737367544323206e-13 1186.5385810415153 1186.5385810415153 
gen 248 12576 1186.538581041515 2.2737367544323206e-13 1186.5385810415153 1186.5385810415153 
gen 249 12626 1186.538581041515 2.2737367544323206e-13 1186.5385810415153 1186.5385810415153 
gen 250 12676 1186.538581041515 2.2737367544323206e-13 1186.5385810415153 1186.5385810415153 
gen 251 12728 1186.538581041515 2.2737367544323206e-13 1186.5385810415153 1186.5385810415153 
gen 252 12781 1186.538581041515 2.2737367544323206e-13 1186.5385810415153 1186.5385810415153 
gen 253 12831 1186.538581041515 2.2737367544323206e-13 1186.5385810415153 1186.5385810415153 
gen 254 12882 1186.538581041515 2.2737367544323206e-13 1186.5385810415153 1186.5385810415153 
gen 255 12932 1186.538581041515 2.2737367544323206e-13 1186.5385810415153 1186.5385810415153 
gen 256 12982 1186.538581041515 2.2737367544323206e-13 1186.5385810415153 1186.5385810415153 
gen 257 13032 1186.538581041515 2.2737367544323206e-13 1186.5385810415153 1186.5385810415153 
gen 258 13082 1186.538581041515 2.2737367544323206e-13 1186.5385810415153 1186.5385810415153 
gen 259 13132 1186.538581041515 2.2737367544323206e-13 1186.5385810415153 1186.5385810415153 
gen 260 13182 1186.538581041515 2.2737367544323206e-13 1186.5385810415153 1186.5385810415153 
gen 261 13232 1186.538581041515 2.2737367544323206e-13 1186.5385810415153 1186.5385810415153 
gen 262 13282 1186.538581041515 2.2737367544323206e-13 1186.5385810415153 1186.5385810415153 
gen 263 13332 1186.538581041515 2.2737367544323206e-13 1186.5385810415153 1186.5385810415153 
gen 264 13383 1186.538581041515 2.2737367544323206e-13 1186.5385810415153 1186.5385810415153 
gen 265 13435 1186.538581041515 2.2737367544323206e-13 1186.5385810415153 1186.5385810415153 
gen 266 13485 1186.538581041515 2.2737367544323206e-13 1186.5385810415153 1186.5385810415153 
gen 267 13535 1186.538581041515 2.2737367544323206e-13 1186.5385810415153 1186.5385810415153 
gen 268 13585 1186.538581041515 2.2737367544323206e-13 1186.5385810415153 1186.5385810415153 
gen 269 13637 1186.538581041515 2.2737367544323206e-13 1186.5385810415153 1186.5385810415153 
gen 270 13688 1186.538581041515 2.2737367544323206e-13 1186.5385810415153 1186.5385810415153 
gen 271 13738 1186.538581041515 2.2737367544323206e-13 1186.5385810415153 1186.5385810415153 
gen 272 13788 1186.538581041515 2.2737367544323206e-13 1186.5385810415153 1186.5385810415153 
gen 273 13838 1186.538581041515 2.2737367544323206e-13 1186.5385810415153 1186.5385810415153 
gen 274 13890 1186.538581041515 2.2737367544323206e-13 1186.5385810415153 1186.5385810415153 
gen 275 13941 1186.538581041515 2.2737367544323206e-13 1186.5385810415153 1186.5385810415153 
gen 276 13992 1186.538581041515 2.2737367544323206e-13 1186.5385810415153 1186.5385810415153 
gen 277 14045 1186.538581041515 2.2737367544323206e-13 1186.5385810415153 1186.5385810415153 
gen 278 14095 1186.538581041515 2.2737367544323206e-13 1186.5385810415153 1186.5385810415153 
gen 279 14145 1186.538581041515 2.2737367544323206e-13 1186.5385810415153 1186.5385810415153 
gen 280 14196 1186.538581041515 2.2737367544323206e-13 1186.5385810415153 1186.5385810415153 
gen 281 14246 1186.538581041515 2.2737367544323206e-13 1186.5385810415153 1186.5385810415153 
gen 282 14296 1186.538581041515 2.2737367544323206e-13 1186.5385810415153 1186.5385810415153 
gen 283 14346 1186.538581041515 2.2737367544323206e-13 1186.5385810415153 1186.5385810415153 
gen 284 14398 1186.538581041515 2.2737367544323206e-13 1186.5385810415153 1186.5385810415153 
gen 285 14448 1186.538581041515 2.2737367544323206e-13 1186.5385810415153 1186.5385810415153 
gen 286 14498 1186.538581041515 2.2737367544323206e-13 1186.5385810415153 1186.5385810415153 
gen 287 14550 1186.538581041515 2.2737367544323206e-13 1186.5385810415153 1186.5385810415153 
gen 288 14600 1186.538581041515 2.2737367544323206e-13 1186.5385810415153 1186.5385810415153 
gen 289 14650 1186.538581041515 2.2737367544323206e-13 1186.5385810415153 1186.5385810415153 
gen 290 14701 1186.538581041515 2.2737367544323206e-13 1186.5385810415153 1186.5385810415153 
gen 291 14752 1186.538581041515 2.2737367544323206e-13 1186.5385810415153 1186.5385810415153 
gen 292 14802 1186.538581041515 2.2737367544323206e-13 1186.5385810415153 1186.5385810415153 
gen 293 14853 1186.538581041515 2.2737367544323206e-13 1186.5385810415153 1186.5385810415153 
gen 294 14905 1186.538581041515 2.2737367544323206e-13 1186.5385810415153 1186.5385810415153 
gen 295 14955 1186.538581041515 2.2737367544323206e-13 1186.5385810415153 1186.5385810415153 
gen 296 15006 1186.538581041515 2.2737367544323206e-13 1186.5385810415153 1186.5385810415153 
gen 297 15056 1186.538581041515 2.2737367544323206e-13 1186.5385810415153 1186.5385810415153 
gen 298 15107 1186.538581041515 2.2737367544323206e-13 1186.5385810415153 1186.5385810415153 
gen 299 15157 1186.538581041515 2.2737367544323206e-13 1186.5385810415153 1186.5385810415153 
gen 300 15207 1186.538581041515 2.2737367544323206e-13 1186.5385810415153 1186.5385810415153 
gen 301 15258 1186.538581041515 2.2737367544323206e-13 1186.5385810415153 1186.5385810415153 
gen 302 15309 1186.538581041515 2.2737367544323206e-13 1186.5385810415153 1186.5385810415153 
gen 303 15360 1186.538581041515 2.2737367544323206e-13 1186.5385810415153 1186.5385810415153 
gen 304 15411 1186.538581041515 2.2737367544323206e-13 1186.5385810415153 1186.5385810415153 
gen 305 15462 1186.538581041515 2.2737367544323206e-13 1186.5385810415153 1186.5385810415153 
gen 306 15512 1186.538581041515 2.2737367544323206e-13 1186.5385810415153 1186.5385810415153 
gen 307 15563 1186.538581041515 2.2737367544323206e-13 1186.5385810415153 1186.5385810415153 
gen 308 15614 1186.538581041515 2.2737367544323206e-13 1186.5385810415153 1186.5385810415153 
gen 309 15665 1186.538581041515 2.2737367544323206e-13 1186.5385810415153 1186.5385810415153 
gen 310 15718 1186.538581041515 2.2737367544323206e-13 1186.5385810415153 1186.5385810415153 
gen 311 15769 1186.538581041515 2.2737367544323206e-13 1186.5385810415153 1186.5385810415153 
gen 312 15819 1186.538581041515 2.2737367544323206e-13 1186.5385810415153 1186.5385810415153 
gen 313 15869 1186.538581041515 2.2737367544323206e-13 1186.5385810415153 1186.5385810415153 
gen 314 15921 1186.538581041515 2.2737367544323206e-13 1186.5385810415153 1186.5385810415153 
gen 315 15972 1186.538581041515 2.2737367544323206e-13 1186.5385810415153 1186.5385810415153 
gen 316 16023 1186.538581041515 2.2737367544323206e-13 1186.5385810415153 1186.5385810415153 
gen 317 16074 1186.538581041515 2.2737367544323206e-13 1186.5385810415153 1186.5385810415153 
gen 318 16124 1186.538581041515 2.2737367544323206e-13 1186.5385810415153 1186.5385810415153 
gen 319 16175 1186.538581041515 2.2737367544323206e-13 1186.5385810415153 1186.5385810415153 
gen 320 16227 1186.538581041515 2.2737367544323206e-13 1186.5385810415153 1186.5385810415153 
gen 321 16277 1186.538581041515 2.2737367544323206e-13 1186.5385810415153 1186.5385810415153 
gen 322 16327 1186.538581041515 2.2737367544323206e-13 1186.5385810415153 1186.5385810415153 
gen 323 16378 1186.538581041515 2.2737367544323206e-13 1186.5385810415153 1186.5385810415153 
gen 324 16428 1186.538581041515 2.2737367544323206e-13 1186.5385810415153 1186.5385810415153 
gen 325 16480 1186.538581041515 2.2737367544323206e-13 1186.5385810415153 1186.5385810415153 
gen 326 16531 1186.538581041515 2.2737367544323206e-13 1186.5385810415153 1186.5385810415153 
gen 327 16582 1186.538581041515 2.2737367544323206e-13 1186.5385810415153 1186.5385810415153 
gen 328 16632 1186.538581041515 2.2737367544323206e-13 1186.5385810415153 1186.5385810415153 
gen 329 16683 1186.538581041515 2.2737367544323206e-13 1186.5385810415153 1186.5385810415153 
gen 330 16734 1186.538581041515 2.2737367544323206e-13 1186.5385810415153 1186.5385810415153 
gen 331 16785 1186.538581041515 2.2737367544323206e-13 1186.5385810415153 1186.5385810415153 
gen 332 16835 1186.538581041515 2.2737367544323206e-13 1186.5385810415153 1186.5385810415153 
gen 333 16885 1186.538581041515 2.2737367544323206e-13 1186.5385810415153 1186.5385810415153 
gen 334 16936 1186.538581041515 2.2737367544323206e-13 1186.5385810415153 1186.5385810415153 
gen 335 16986 1186.538581041515 2.2737367544323206e-13 1186.5385810415153 1186.5385810415153 
gen 336 17036 1186.538581041515 2.2737367544323206e-13 1186.5385810415153 1186.5385810415153 
gen 337 17086 1186.538581041515 2.2737367544323206e-13 1186.5385810415153 1186.5385810415153 
gen 338 17136 1186.538581041515 2.2737367544323206e-13 1186.5385810415153 1186.5385810415153 
gen 339 17186 1186.538581041515 2.2737367544323206e-13 1186.5385810415153 1186.5385810415153 
gen 340 17237 1186.538581041515 2.2737367544323206e-13 1186.5385810415153 1186.5385810415153 
gen 341 17288 1186.538581041515 2.2737367544323206e-13 1186.5385810415153 1186.5385810415153 
gen 342 17338 1186.538581041515 2.2737367544323206e-13 1186.5385810415153 1186.5385810415153 
gen 343 17388 1186.538581041515 2.2737367544323206e-13 1186.5385810415153 1186.5385810415153 
gen 344 17439 1186.538581041515 2.2737367544323206e-13 1186.5385810415153 1186.5385810415153 
gen 345 17489 1186.538581041515 2.2737367544323206e-13 1186.5385810415153 1186.5385810415153 
gen 346 17539 1186.538581041515 2.2737367544323206e-13 1186.5385810415153 1186.5385810415153 
[0, 2, 1, 4, 3, 2, 1, 4, 0, 3, 0, 2, 1, 4, 3, 0, 2, 1, 4, 3, 0, 2, 1, 4, 3]
min  1186.5385810415153
NFE 17539
LSNFE 0
VLSNFE 0
runTime 15.468655824661255
