gen 0 25 1200000000003344.8 3249615361853149.0 1430.7450486721 1e+16 
gen 1 78 2078.6449688328853 328.42450638925243 1430.7450486721 2592.8014820416956 
gen 2 132 1853.4924160255416 162.79369688562636 1430.7450486721 2074.110955062854 
gen 3 184 1763.3829225266295 149.86455486581826 1419.0268831349294 1949.494422512641 
gen 4 235 1695.6269905882664 122.39251301959447 1419.0268831349294 1830.1914724923656 
gen 5 288 1652.0753245361514 133.77325285165557 1278.2706120761284 1782.4775167371781 
gen 6 340 1575.1956773889337 118.34568010252798 1278.2706120761284 1707.9753553875921 
gen 7 391 1496.942735465386 99.97586951569647 1278.2706120761284 1644.844622673371 
gen 8 447 1421.314208010123 61.39098268263182 1278.2706120761284 1510.385717452262 
gen 9 501 1369.1726688652352 44.57005206832218 1273.7616170009132 1430.7450486721 
gen 10 553 1330.5193159878115 38.33153571174999 1257.0710427021447 1376.2511814372594 
gen 11 605 1290.3730312166115 25.997553773928065 1238.4387219848327 1328.4724534801512 
gen 12 656 1269.1506355792633 24.812819476687356 1207.779688583208 1299.316112563019 
gen 13 710 1248.3207506121842 13.486241014261054 1207.779688583208 1262.3874948231942 
gen 14 762 1236.243001005225 7.10278682721522 1207.779688583208 1242.6465691869935 
gen 15 812 1233.5283141002637 12.385473433136454 1183.2115766201052 1238.4387219848327 
gen 16 862 1225.528238354263 18.732479399192503 1183.2115766201052 1238.4387219848327 
gen 17 912 1202.3914552717802 17.54629386968547 1183.2115766201052 1235.6279952991174 
gen 18 963 1187.8159729196318 1.3577623946291397 1183.2115766201052 1188.2163552065472 
gen 19 1014 1187.2153994892587 2.0019114345767774 1183.2115766201052 1188.2163552065472 
gen 20 1064 1186.7201071588784 2.2107073913196262 1183.2115766201052 1188.2163552065472 
gen 21 1114 1183.6697849852808 1.2408341186702496 1183.2115766201052 1187.029979663234 
gen 22 1165 1183.2115766201052 0.0 1183.2115766201052 1183.2115766201052 
gen 23 1216 1183.2115766201052 0.0 1183.2115766201052 1183.2115766201052 
gen 24 1268 1183.2115766201052 0.0 1183.2115766201052 1183.2115766201052 
gen 25 1320 1183.2115766201052 0.0 1183.2115766201052 1183.2115766201052 
gen 26 1370 1183.2115766201052 0.0 1183.2115766201052 1183.2115766201052 
gen 27 1421 1183.2115766201052 0.0 1183.2115766201052 1183.2115766201052 
gen 28 1471 1183.2115766201052 0.0 1183.2115766201052 1183.2115766201052 
gen 29 1522 1183.2115766201052 0.0 1183.2115766201052 1183.2115766201052 
gen 30 1572 1183.2115766201052 0.0 1183.2115766201052 1183.2115766201052 
gen 31 1622 1183.2115766201052 0.0 1183.2115766201052 1183.2115766201052 
gen 32 1672 1183.2115766201052 0.0 1183.2115766201052 1183.2115766201052 
gen 33 1723 1183.2115766201052 0.0 1183.2115766201052 1183.2115766201052 
gen 34 1775 1183.2115766201052 0.0 1183.2115766201052 1183.2115766201052 
gen 35 1825 1183.2115766201052 0.0 1183.2115766201052 1183.2115766201052 
gen 36 1875 1183.2115766201052 0.0 1183.2115766201052 1183.2115766201052 
gen 37 1925 1183.2115766201052 0.0 1183.2115766201052 1183.2115766201052 
gen 38 1975 1183.2115766201052 0.0 1183.2115766201052 1183.2115766201052 
gen 39 2025 1183.2115766201052 0.0 1183.2115766201052 1183.2115766201052 
gen 40 2075 1183.2115766201052 0.0 1183.2115766201052 1183.2115766201052 
gen 41 2125 1183.2115766201052 0.0 1183.2115766201052 1183.2115766201052 
gen 42 2175 1183.2115766201052 0.0 1183.2115766201052 1183.2115766201052 
gen 43 2226 1183.2115766201052 0.0 1183.2115766201052 1183.2115766201052 
gen 44 2277 1183.2115766201052 0.0 1183.2115766201052 1183.2115766201052 
gen 45 2327 1183.2115766201052 0.0 1183.2115766201052 1183.2115766201052 
gen 46 2378 1183.2115766201052 0.0 1183.2115766201052 1183.2115766201052 
gen 47 2429 1183.2115766201052 0.0 1183.2115766201052 1183.2115766201052 
gen 48 2480 1183.2115766201052 0.0 1183.2115766201052 1183.2115766201052 
gen 49 2531 1183.2115766201052 0.0 1183.2115766201052 1183.2115766201052 
gen 50 2583 1183.2115766201052 0.0 1183.2115766201052 1183.2115766201052 
gen 51 2635 1183.2115766201052 0.0 1183.2115766201052 1183.2115766201052 
gen 52 2685 1183.2115766201052 0.0 1183.2115766201052 1183.2115766201052 
gen 53 2736 1183.2115766201052 0.0 1183.2115766201052 1183.2115766201052 
gen 54 2789 1183.2115766201052 0.0 1183.2115766201052 1183.2115766201052 
gen 55 2839 1183.2115766201052 0.0 1183.2115766201052 1183.2115766201052 
gen 56 2890 1183.2115766201052 0.0 1183.2115766201052 1183.2115766201052 
gen 57 2940 1183.2115766201052 0.0 1183.2115766201052 1183.2115766201052 
gen 58 2990 1183.2115766201052 0.0 1183.2115766201052 1183.2115766201052 
gen 59 3040 1183.2115766201052 0.0 1183.2115766201052 1183.2115766201052 
gen 60 3091 1183.2115766201052 0.0 1183.2115766201052 1183.2115766201052 
gen 61 3141 1183.2115766201052 0.0 1183.2115766201052 1183.2115766201052 
gen 62 3192 1183.2115766201052 0.0 1183.2115766201052 1183.2115766201052 
gen 63 3242 1183.2115766201052 0.0 1183.2115766201052 1183.2115766201052 
gen 64 3293 1183.2115766201052 0.0 1183.2115766201052 1183.2115766201052 
gen 65 3344 1183.2115766201052 0.0 1183.2115766201052 1183.2115766201052 
gen 66 3395 1183.2115766201052 0.0 1183.2115766201052 1183.2115766201052 
gen 67 3445 1183.2115766201052 0.0 1183.2115766201052 1183.2115766201052 
gen 68 3495 1183.2115766201052 0.0 1183.2115766201052 1183.2115766201052 
gen 69 3545 1183.2115766201052 0.0 1183.2115766201052 1183.2115766201052 
gen 70 3595 1183.2115766201052 0.0 1183.2115766201052 1183.2115766201052 
gen 71 3645 1183.2115766201052 0.0 1183.2115766201052 1183.2115766201052 
gen 72 3695 1183.2115766201052 0.0 1183.2115766201052 1183.2115766201052 
gen 73 3746 1183.2115766201052 0.0 1183.2115766201052 1183.2115766201052 
gen 74 3796 1183.2115766201052 0.0 1183.2115766201052 1183.2115766201052 
gen 75 3847 1183.2115766201052 0.0 1183.2115766201052 1183.2115766201052 
gen 76 3897 1183.2115766201052 0.0 1183.2115766201052 1183.2115766201052 
gen 77 3947 1183.2115766201052 0.0 1183.2115766201052 1183.2115766201052 
gen 78 3998 1183.2115766201052 0.0 1183.2115766201052 1183.2115766201052 
gen 79 4048 1183.2115766201052 0.0 1183.2115766201052 1183.2115766201052 
gen 80 4098 1183.2115766201052 0.0 1183.2115766201052 1183.2115766201052 
gen 81 4148 1183.2115766201052 0.0 1183.2115766201052 1183.2115766201052 
gen 82 4198 1183.2115766201052 0.0 1183.2115766201052 1183.2115766201052 
gen 83 4248 1183.2115766201052 0.0 1183.2115766201052 1183.2115766201052 
gen 84 4298 1183.2115766201052 0.0 1183.2115766201052 1183.2115766201052 
gen 85 4349 1183.2115766201052 0.0 1183.2115766201052 1183.2115766201052 
gen 86 4399 1183.2115766201052 0.0 1183.2115766201052 1183.2115766201052 
gen 87 4450 1183.2115766201052 0.0 1183.2115766201052 1183.2115766201052 
gen 88 4500 1183.2115766201052 0.0 1183.2115766201052 1183.2115766201052 
gen 89 4552 1183.2115766201052 0.0 1183.2115766201052 1183.2115766201052 
gen 90 4602 1183.2115766201052 0.0 1183.2115766201052 1183.2115766201052 
gen 91 4652 1183.2115766201052 0.0 1183.2115766201052 1183.2115766201052 
gen 92 4702 1183.2115766201052 0.0 1183.2115766201052 1183.2115766201052 
gen 93 4752 1183.2115766201052 0.0 1183.2115766201052 1183.2115766201052 
gen 94 4803 1183.2115766201052 0.0 1183.2115766201052 1183.2115766201052 
gen 95 4855 1183.2115766201052 0.0 1183.2115766201052 1183.2115766201052 
gen 96 4907 1183.2115766201052 0.0 1183.2115766201052 1183.2115766201052 
gen 97 4957 1183.2115766201052 0.0 1183.2115766201052 1183.2115766201052 
gen 98 5007 1183.2115766201052 0.0 1183.2115766201052 1183.2115766201052 
gen 99 5058 1183.2115766201052 0.0 1183.2115766201052 1183.2115766201052 
gen 100 5108 1183.2115766201052 0.0 1183.2115766201052 1183.2115766201052 
gen 101 5159 1183.2115766201052 0.0 1183.2115766201052 1183.2115766201052 
gen 102 5209 1183.2115766201052 0.0 1183.2115766201052 1183.2115766201052 
gen 103 5259 1183.2115766201052 0.0 1183.2115766201052 1183.2115766201052 
gen 104 5309 1183.2115766201052 0.0 1183.2115766201052 1183.2115766201052 
gen 105 5359 1183.2115766201052 0.0 1183.2115766201052 1183.2115766201052 
gen 106 5409 1183.2115766201052 0.0 1183.2115766201052 1183.2115766201052 
gen 107 5459 1183.2115766201052 0.0 1183.2115766201052 1183.2115766201052 
gen 108 5510 1183.2115766201052 0.0 1183.2115766201052 1183.2115766201052 
gen 109 5560 1183.2115766201052 0.0 1183.2115766201052 1183.2115766201052 
gen 110 5610 1183.2115766201052 0.0 1183.2115766201052 1183.2115766201052 
gen 111 5660 1183.2115766201052 0.0 1183.2115766201052 1183.2115766201052 
gen 112 5711 1183.2115766201052 0.0 1183.2115766201052 1183.2115766201052 
gen 113 5761 1183.2115766201052 0.0 1183.2115766201052 1183.2115766201052 
gen 114 5811 1183.2115766201052 0.0 1183.2115766201052 1183.2115766201052 
gen 115 5861 1183.2115766201052 0.0 1183.2115766201052 1183.2115766201052 
gen 116 5912 1183.2115766201052 0.0 1183.2115766201052 1183.2115766201052 
gen 117 5963 1183.2115766201052 0.0 1183.2115766201052 1183.2115766201052 
gen 118 6014 1183.2115766201052 0.0 1183.2115766201052 1183.2115766201052 
gen 119 6064 1183.2115766201052 0.0 1183.2115766201052 1183.2115766201052 
gen 120 6115 1183.2115766201052 0.0 1183.2115766201052 1183.2115766201052 
gen 121 6167 1183.2115766201052 0.0 1183.2115766201052 1183.2115766201052 
gen 122 6218 1183.2115766201052 0.0 1183.2115766201052 1183.2115766201052 
gen 123 6268 1183.2115766201052 0.0 1183.2115766201052 1183.2115766201052 
gen 124 6319 1183.2115766201052 0.0 1183.2115766201052 1183.2115766201052 
gen 125 6369 1183.2115766201052 0.0 1183.2115766201052 1183.2115766201052 
gen 126 6419 1183.2115766201052 0.0 1183.2115766201052 1183.2115766201052 
gen 127 6470 1183.2115766201052 0.0 1183.2115766201052 1183.2115766201052 
gen 128 6520 1183.2115766201052 0.0 1183.2115766201052 1183.2115766201052 
gen 129 6571 1183.2115766201052 0.0 1183.2115766201052 1183.2115766201052 
gen 130 6621 1183.2115766201052 0.0 1183.2115766201052 1183.2115766201052 
gen 131 6672 1183.2115766201052 0.0 1183.2115766201052 1183.2115766201052 
gen 132 6723 1183.2115766201052 0.0 1183.2115766201052 1183.2115766201052 
gen 133 6774 1183.2115766201052 0.0 1183.2115766201052 1183.2115766201052 
gen 134 6825 1183.2115766201052 0.0 1183.2115766201052 1183.2115766201052 
gen 135 6875 1183.2115766201052 0.0 1183.2115766201052 1183.2115766201052 
gen 136 6926 1183.2115766201052 0.0 1183.2115766201052 1183.2115766201052 
gen 137 6976 1183.2115766201052 0.0 1183.2115766201052 1183.2115766201052 
gen 138 7026 1183.2115766201052 0.0 1183.2115766201052 1183.2115766201052 
gen 139 7077 1183.2115766201052 0.0 1183.2115766201052 1183.2115766201052 
gen 140 7128 1183.2115766201052 0.0 1183.2115766201052 1183.2115766201052 
gen 141 7178 1183.2115766201052 0.0 1183.2115766201052 1183.2115766201052 
gen 142 7229 1183.2115766201052 0.0 1183.2115766201052 1183.2115766201052 
gen 143 7279 1183.2115766201052 0.0 1183.2115766201052 1183.2115766201052 
gen 144 7329 1183.2115766201052 0.0 1183.2115766201052 1183.2115766201052 
gen 145 7379 1183.2115766201052 0.0 1183.2115766201052 1183.2115766201052 
gen 146 7429 1183.2115766201052 0.0 1183.2115766201052 1183.2115766201052 
gen 147 7479 1183.2115766201052 0.0 1183.2115766201052 1183.2115766201052 
gen 148 7529 1183.2115766201052 0.0 1183.2115766201052 1183.2115766201052 
gen 149 7580 1183.2115766201052 0.0 1183.2115766201052 1183.2115766201052 
gen 150 7630 1183.2115766201052 0.0 1183.2115766201052 1183.2115766201052 
gen 151 7680 1183.2115766201052 0.0 1183.2115766201052 1183.2115766201052 
gen 152 7731 1183.2115766201052 0.0 1183.2115766201052 1183.2115766201052 
gen 153 7781 1183.2115766201052 0.0 1183.2115766201052 1183.2115766201052 
gen 154 7831 1183.2115766201052 0.0 1183.2115766201052 1183.2115766201052 
gen 155 7881 1183.2115766201052 0.0 1183.2115766201052 1183.2115766201052 
gen 156 7933 1183.2115766201052 0.0 1183.2115766201052 1183.2115766201052 
gen 157 7983 1183.2115766201052 0.0 1183.2115766201052 1183.2115766201052 
gen 158 8034 1183.2115766201052 0.0 1183.2115766201052 1183.2115766201052 
gen 159 8084 1183.2115766201052 0.0 1183.2115766201052 1183.2115766201052 
gen 160 8135 1183.2115766201052 0.0 1183.2115766201052 1183.2115766201052 
gen 161 8185 1183.2115766201052 0.0 1183.2115766201052 1183.2115766201052 
gen 162 8236 1183.2115766201052 0.0 1183.2115766201052 1183.2115766201052 
gen 163 8287 1183.2115766201052 0.0 1183.2115766201052 1183.2115766201052 
gen 164 8337 1183.2115766201052 0.0 1183.2115766201052 1183.2115766201052 
gen 165 8387 1183.2115766201052 0.0 1183.2115766201052 1183.2115766201052 
gen 166 8439 1183.2115766201052 0.0 1183.2115766201052 1183.2115766201052 
gen 167 8489 1183.2115766201052 0.0 1183.2115766201052 1183.2115766201052 
gen 168 8539 1183.2115766201052 0.0 1183.2115766201052 1183.2115766201052 
gen 169 8589 1183.2115766201052 0.0 1183.2115766201052 1183.2115766201052 
gen 170 8642 1183.2115766201052 0.0 1183.2115766201052 1183.2115766201052 
gen 171 8692 1183.2115766201052 0.0 1183.2115766201052 1183.2115766201052 
gen 172 8742 1183.2115766201052 0.0 1183.2115766201052 1183.2115766201052 
gen 173 8793 1183.2115766201052 0.0 1183.2115766201052 1183.2115766201052 
gen 174 8843 1183.2115766201052 0.0 1183.2115766201052 1183.2115766201052 
gen 175 8895 1183.2115766201052 0.0 1183.2115766201052 1183.2115766201052 
gen 176 8945 1183.2115766201052 0.0 1183.2115766201052 1183.2115766201052 
gen 177 8995 1183.2115766201052 0.0 1183.2115766201052 1183.2115766201052 
gen 178 9045 1183.2115766201052 0.0 1183.2115766201052 1183.2115766201052 
gen 179 9095 1183.2115766201052 0.0 1183.2115766201052 1183.2115766201052 
gen 180 9145 1183.2115766201052 0.0 1183.2115766201052 1183.2115766201052 
gen 181 9196 1183.2115766201052 0.0 1183.2115766201052 1183.2115766201052 
gen 182 9246 1183.2115766201052 0.0 1183.2115766201052 1183.2115766201052 
gen 183 9297 1183.2115766201052 0.0 1183.2115766201052 1183.2115766201052 
gen 184 9347 1183.2115766201052 0.0 1183.2115766201052 1183.2115766201052 
gen 185 9397 1183.2115766201052 0.0 1183.2115766201052 1183.2115766201052 
gen 186 9447 1183.2115766201052 0.0 1183.2115766201052 1183.2115766201052 
gen 187 9497 1183.2115766201052 0.0 1183.2115766201052 1183.2115766201052 
gen 188 9547 1183.2115766201052 0.0 1183.2115766201052 1183.2115766201052 
gen 189 9597 1183.2115766201052 0.0 1183.2115766201052 1183.2115766201052 
gen 190 9647 1183.2115766201052 0.0 1183.2115766201052 1183.2115766201052 
gen 191 9697 1183.2115766201052 0.0 1183.2115766201052 1183.2115766201052 
gen 192 9747 1183.2115766201052 0.0 1183.2115766201052 1183.2115766201052 
gen 193 9797 1183.2115766201052 0.0 1183.2115766201052 1183.2115766201052 
gen 194 9848 1183.2115766201052 0.0 1183.2115766201052 1183.2115766201052 
gen 195 9898 1183.2115766201052 0.0 1183.2115766201052 1183.2115766201052 
gen 196 9948 1183.2115766201052 0.0 1183.2115766201052 1183.2115766201052 
gen 197 9999 1183.2115766201052 0.0 1183.2115766201052 1183.2115766201052 
gen 198 10049 1183.2115766201052 0.0 1183.2115766201052 1183.2115766201052 
gen 199 10101 1183.2115766201052 0.0 1183.2115766201052 1183.2115766201052 
gen 200 10151 1183.2115766201052 0.0 1183.2115766201052 1183.2115766201052 
gen 201 10203 1183.2115766201052 0.0 1183.2115766201052 1183.2115766201052 
gen 202 10253 1183.2115766201052 0.0 1183.2115766201052 1183.2115766201052 
gen 203 10303 1183.2115766201052 0.0 1183.2115766201052 1183.2115766201052 
gen 204 10353 1183.2115766201052 0.0 1183.2115766201052 1183.2115766201052 
gen 205 10407 1183.2115766201052 0.0 1183.2115766201052 1183.2115766201052 
gen 206 10458 1183.2115766201052 0.0 1183.2115766201052 1183.2115766201052 
gen 207 10509 1183.2115766201052 0.0 1183.2115766201052 1183.2115766201052 
gen 208 10560 1183.2115766201052 0.0 1183.2115766201052 1183.2115766201052 
gen 209 10610 1183.2115766201052 0.0 1183.2115766201052 1183.2115766201052 
gen 210 10660 1183.2115766201052 0.0 1183.2115766201052 1183.2115766201052 
gen 211 10711 1183.2115766201052 0.0 1183.2115766201052 1183.2115766201052 
gen 212 10763 1183.2115766201052 0.0 1183.2115766201052 1183.2115766201052 
gen 213 10813 1183.2115766201052 0.0 1183.2115766201052 1183.2115766201052 
gen 214 10863 1183.2115766201052 0.0 1183.2115766201052 1183.2115766201052 
gen 215 10913 1183.2115766201052 0.0 1183.2115766201052 1183.2115766201052 
gen 216 10965 1183.2115766201052 0.0 1183.2115766201052 1183.2115766201052 
gen 217 11015 1183.2115766201052 0.0 1183.2115766201052 1183.2115766201052 
gen 218 11066 1183.2115766201052 0.0 1183.2115766201052 1183.2115766201052 
gen 219 11118 1183.2115766201052 0.0 1183.2115766201052 1183.2115766201052 
gen 220 11168 1183.2115766201052 0.0 1183.2115766201052 1183.2115766201052 
gen 221 11219 1183.2115766201052 0.0 1183.2115766201052 1183.2115766201052 
gen 222 11272 1183.2115766201052 0.0 1183.2115766201052 1183.2115766201052 
gen 223 11323 1183.2115766201052 0.0 1183.2115766201052 1183.2115766201052 
gen 224 11374 1183.2115766201052 0.0 1183.2115766201052 1183.2115766201052 
gen 225 11425 1183.2115766201052 0.0 1183.2115766201052 1183.2115766201052 
gen 226 11476 1183.2115766201052 0.0 1183.2115766201052 1183.2115766201052 
gen 227 11526 1183.2115766201052 0.0 1183.2115766201052 1183.2115766201052 
gen 228 11576 1183.2115766201052 0.0 1183.2115766201052 1183.2115766201052 
gen 229 11626 1183.2115766201052 0.0 1183.2115766201052 1183.2115766201052 
gen 230 11678 1183.2115766201052 0.0 1183.2115766201052 1183.2115766201052 
gen 231 11728 1183.2115766201052 0.0 1183.2115766201052 1183.2115766201052 
gen 232 11778 1183.2115766201052 0.0 1183.2115766201052 1183.2115766201052 
gen 233 11828 1183.2115766201052 0.0 1183.2115766201052 1183.2115766201052 
gen 234 11878 1183.2115766201052 0.0 1183.2115766201052 1183.2115766201052 
gen 235 11930 1183.2115766201052 0.0 1183.2115766201052 1183.2115766201052 
gen 236 11982 1183.2115766201052 0.0 1183.2115766201052 1183.2115766201052 
gen 237 12034 1183.2115766201052 0.0 1183.2115766201052 1183.2115766201052 
gen 238 12084 1183.2115766201052 0.0 1183.2115766201052 1183.2115766201052 
gen 239 12134 1183.2115766201052 0.0 1183.2115766201052 1183.2115766201052 
gen 240 12185 1183.2115766201052 0.0 1183.2115766201052 1183.2115766201052 
gen 241 12235 1183.2115766201052 0.0 1183.2115766201052 1183.2115766201052 
gen 242 12285 1183.2115766201052 0.0 1183.2115766201052 1183.2115766201052 
gen 243 12336 1183.2115766201052 0.0 1183.2115766201052 1183.2115766201052 
gen 244 12386 1183.2115766201052 0.0 1183.2115766201052 1183.2115766201052 
gen 245 12437 1183.2115766201052 0.0 1183.2115766201052 1183.2115766201052 
gen 246 12487 1183.2115766201052 0.0 1183.2115766201052 1183.2115766201052 
gen 247 12537 1183.2115766201052 0.0 1183.2115766201052 1183.2115766201052 
gen 248 12587 1183.2115766201052 0.0 1183.2115766201052 1183.2115766201052 
gen 249 12637 1183.2115766201052 0.0 1183.2115766201052 1183.2115766201052 
gen 250 12688 1183.2115766201052 0.0 1183.2115766201052 1183.2115766201052 
gen 251 12738 1183.2115766201052 0.0 1183.2115766201052 1183.2115766201052 
gen 252 12788 1183.2115766201052 0.0 1183.2115766201052 1183.2115766201052 
gen 253 12839 1183.2115766201052 0.0 1183.2115766201052 1183.2115766201052 
gen 254 12890 1183.2115766201052 0.0 1183.2115766201052 1183.2115766201052 
gen 255 12940 1183.2115766201052 0.0 1183.2115766201052 1183.2115766201052 
gen 256 12990 1183.2115766201052 0.0 1183.2115766201052 1183.2115766201052 
gen 257 13043 1183.2115766201052 0.0 1183.2115766201052 1183.2115766201052 
gen 258 13093 1183.2115766201052 0.0 1183.2115766201052 1183.2115766201052 
gen 259 13145 1183.2115766201052 0.0 1183.2115766201052 1183.2115766201052 
gen 260 13196 1183.2115766201052 0.0 1183.2115766201052 1183.2115766201052 
gen 261 13246 1183.2115766201052 0.0 1183.2115766201052 1183.2115766201052 
gen 262 13296 1183.2115766201052 0.0 1183.2115766201052 1183.2115766201052 
gen 263 13346 1183.2115766201052 0.0 1183.2115766201052 1183.2115766201052 
gen 264 13397 1183.2115766201052 0.0 1183.2115766201052 1183.2115766201052 
gen 265 13448 1183.2115766201052 0.0 1183.2115766201052 1183.2115766201052 
gen 266 13499 1183.2115766201052 0.0 1183.2115766201052 1183.2115766201052 
gen 267 13552 1183.2115766201052 0.0 1183.2115766201052 1183.2115766201052 
gen 268 13602 1183.2115766201052 0.0 1183.2115766201052 1183.2115766201052 
gen 269 13653 1183.2115766201052 0.0 1183.2115766201052 1183.2115766201052 
gen 270 13703 1183.2115766201052 0.0 1183.2115766201052 1183.2115766201052 
gen 271 13753 1183.2115766201052 0.0 1183.2115766201052 1183.2115766201052 
gen 272 13803 1183.2115766201052 0.0 1183.2115766201052 1183.2115766201052 
gen 273 13853 1183.2115766201052 0.0 1183.2115766201052 1183.2115766201052 
gen 274 13903 1183.2115766201052 0.0 1183.2115766201052 1183.2115766201052 
gen 275 13953 1183.2115766201052 0.0 1183.2115766201052 1183.2115766201052 
gen 276 14004 1183.2115766201052 0.0 1183.2115766201052 1183.2115766201052 
gen 277 14055 1183.2115766201052 0.0 1183.2115766201052 1183.2115766201052 
gen 278 14106 1183.2115766201052 0.0 1183.2115766201052 1183.2115766201052 
gen 279 14157 1183.2115766201052 0.0 1183.2115766201052 1183.2115766201052 
gen 280 14208 1183.2115766201052 0.0 1183.2115766201052 1183.2115766201052 
gen 281 14258 1183.2115766201052 0.0 1183.2115766201052 1183.2115766201052 
gen 282 14309 1183.2115766201052 0.0 1183.2115766201052 1183.2115766201052 
gen 283 14359 1183.2115766201052 0.0 1183.2115766201052 1183.2115766201052 
gen 284 14410 1183.2115766201052 0.0 1183.2115766201052 1183.2115766201052 
gen 285 14461 1183.2115766201052 0.0 1183.2115766201052 1183.2115766201052 
gen 286 14512 1183.2115766201052 0.0 1183.2115766201052 1183.2115766201052 
gen 287 14562 1183.2115766201052 0.0 1183.2115766201052 1183.2115766201052 
gen 288 14612 1183.2115766201052 0.0 1183.2115766201052 1183.2115766201052 
gen 289 14663 1183.2115766201052 0.0 1183.2115766201052 1183.2115766201052 
gen 290 14714 1183.2115766201052 0.0 1183.2115766201052 1183.2115766201052 
gen 291 14766 1183.2115766201052 0.0 1183.2115766201052 1183.2115766201052 
gen 292 14817 1183.2115766201052 0.0 1183.2115766201052 1183.2115766201052 
gen 293 14868 1183.2115766201052 0.0 1183.2115766201052 1183.2115766201052 
gen 294 14919 1183.2115766201052 0.0 1183.2115766201052 1183.2115766201052 
gen 295 14970 1183.2115766201052 0.0 1183.2115766201052 1183.2115766201052 
gen 296 15020 1183.2115766201052 0.0 1183.2115766201052 1183.2115766201052 
gen 297 15071 1183.2115766201052 0.0 1183.2115766201052 1183.2115766201052 
gen 298 15121 1183.2115766201052 0.0 1183.2115766201052 1183.2115766201052 
gen 299 15172 1183.2115766201052 0.0 1183.2115766201052 1183.2115766201052 
gen 300 15224 1183.2115766201052 0.0 1183.2115766201052 1183.2115766201052 
gen 301 15274 1183.2115766201052 0.0 1183.2115766201052 1183.2115766201052 
gen 302 15324 1183.2115766201052 0.0 1183.2115766201052 1183.2115766201052 
gen 303 15374 1183.2115766201052 0.0 1183.2115766201052 1183.2115766201052 
gen 304 15424 1183.2115766201052 0.0 1183.2115766201052 1183.2115766201052 
gen 305 15474 1183.2115766201052 0.0 1183.2115766201052 1183.2115766201052 
gen 306 15524 1183.2115766201052 0.0 1183.2115766201052 1183.2115766201052 
gen 307 15574 1183.2115766201052 0.0 1183.2115766201052 1183.2115766201052 
gen 308 15625 1183.2115766201052 0.0 1183.2115766201052 1183.2115766201052 
gen 309 15675 1183.2115766201052 0.0 1183.2115766201052 1183.2115766201052 
gen 310 15726 1183.2115766201052 0.0 1183.2115766201052 1183.2115766201052 
gen 311 15776 1183.2115766201052 0.0 1183.2115766201052 1183.2115766201052 
gen 312 15828 1183.2115766201052 0.0 1183.2115766201052 1183.2115766201052 
gen 313 15881 1183.2115766201052 0.0 1183.2115766201052 1183.2115766201052 
gen 314 15931 1183.2115766201052 0.0 1183.2115766201052 1183.2115766201052 
gen 315 15981 1183.2115766201052 0.0 1183.2115766201052 1183.2115766201052 
gen 316 16033 1183.2115766201052 0.0 1183.2115766201052 1183.2115766201052 
gen 317 16083 1183.2115766201052 0.0 1183.2115766201052 1183.2115766201052 
gen 318 16133 1183.2115766201052 0.0 1183.2115766201052 1183.2115766201052 
gen 319 16183 1183.2115766201052 0.0 1183.2115766201052 1183.2115766201052 
gen 320 16234 1183.2115766201052 0.0 1183.2115766201052 1183.2115766201052 
gen 321 16284 1183.2115766201052 0.0 1183.2115766201052 1183.2115766201052 
gen 322 16334 1183.2115766201052 0.0 1183.2115766201052 1183.2115766201052 
gen 323 16386 1183.2115766201052 0.0 1183.2115766201052 1183.2115766201052 
gen 324 16436 1183.2115766201052 0.0 1183.2115766201052 1183.2115766201052 
gen 325 16486 1183.2115766201052 0.0 1183.2115766201052 1183.2115766201052 
gen 326 16536 1183.2115766201052 0.0 1183.2115766201052 1183.2115766201052 
gen 327 16587 1183.2115766201052 0.0 1183.2115766201052 1183.2115766201052 
gen 328 16637 1183.2115766201052 0.0 1183.2115766201052 1183.2115766201052 
gen 329 16687 1183.2115766201052 0.0 1183.2115766201052 1183.2115766201052 
gen 330 16737 1183.2115766201052 0.0 1183.2115766201052 1183.2115766201052 
gen 331 16787 1183.2115766201052 0.0 1183.2115766201052 1183.2115766201052 
gen 332 16837 1183.2115766201052 0.0 1183.2115766201052 1183.2115766201052 
gen 333 16887 1183.2115766201052 0.0 1183.2115766201052 1183.2115766201052 
gen 334 16939 1183.2115766201052 0.0 1183.2115766201052 1183.2115766201052 
gen 335 16989 1183.2115766201052 0.0 1183.2115766201052 1183.2115766201052 
gen 336 17039 1183.2115766201052 0.0 1183.2115766201052 1183.2115766201052 
gen 337 17090 1183.2115766201052 0.0 1183.2115766201052 1183.2115766201052 
gen 338 17141 1183.2115766201052 0.0 1183.2115766201052 1183.2115766201052 
gen 339 17191 1183.2115766201052 0.0 1183.2115766201052 1183.2115766201052 
gen 340 17242 1183.2115766201052 0.0 1183.2115766201052 1183.2115766201052 
gen 341 17293 1183.2115766201052 0.0 1183.2115766201052 1183.2115766201052 
gen 342 17344 1183.2115766201052 0.0 1183.2115766201052 1183.2115766201052 
gen 343 17395 1183.2115766201052 0.0 1183.2115766201052 1183.2115766201052 
gen 344 17445 1183.2115766201052 0.0 1183.2115766201052 1183.2115766201052 
gen 345 17496 1183.2115766201052 0.0 1183.2115766201052 1183.2115766201052 
gen 346 17546 1183.2115766201052 0.0 1183.2115766201052 1183.2115766201052 
[4, 3, 0, 1, 2, 4, 3, 0, 1, 2, 4, 3, 0, 1, 2, 4, 0, 1, 2, 3, 4, 3, 0, 1, 2]
min  1183.2115766201052
NFE 17546
LSNFE 0
VLSNFE 0
runTime 15.209112167358398
