gen 0 360 65.62130182498922 0.36873480079706084 64.50035121297728 66.70776318438422 
gen 1 36360 64.65417802847483 0.0756065693301533 64.39262413984346 64.75346513050008 
gen 2 72380 64.38938148084532 0.028476856552148544 64.29380471712163 64.42323661554651 
gen 3 108380 64.27902879928585 0.01662231593284762 64.19886350652027 64.29744347782304 
gen 4 144380 64.22625717595642 0.011395805374073878 64.15341227926415 64.23753325727996 
gen 5 180390 64.1950033151564 0.009187607333450021 64.15341227926415 64.20518060333565 
gen 6 216390 64.17358519429793 0.008101300492451443 64.13757989278206 64.18268965595264 
gen 7 252390 64.15579141299484 0.007232279178708055 64.12673457446954 64.16380696692381 
[3, 0, 13, 7, 9, 14, 11, 10, 4, 8, 6, 1, 16, 2, 5, 17, 12, 15, 14, 3, 0, 12, 2, 9, 10, 1, 16, 5, 17, 6, 11, 7, 4, 15, 13, 8, 3, 2, 15, 6, 16, 12, 9, 11, 8, 1, 0, 7, 17, 13, 4, 5, 10, 14, 9, 11, 10, 15, 16, 13, 7, 1, 12, 4, 17, 14, 3, 5, 8, 6, 0, 2, 14, 12, 9, 1, 11, 15, 5, 7, 17, 8, 4, 10, 13, 3, 2, 0, 6, 16, 8, 13, 14, 11, 10, 9, 16, 15, 0, 3, 12, 2, 17, 4, 7, 5, 1, 6, 8, 17, 15, 4, 0, 3, 5, 13, 6, 1, 2, 12, 14, 11, 9, 7, 16, 10, 3, 15, 16, 9, 8, 4, 11, 5, 13, 2, 17, 0, 7, 12, 10, 14, 1, 6, 8, 6, 13, 9, 11, 15, 12, 14, 16, 10, 7, 0, 1, 2, 3, 17, 5, 4, 15, 14, 6, 17, 16, 2, 12, 5, 1, 11, 7, 8, 3, 9, 0, 10, 4, 13, 16, 5, 15, 9, 4, 6, 3, 8, 0, 2, 12, 11, 7, 13, 17, 14, 10, 1, 8, 12, 9, 14, 16, 10, 15, 7, 1, 3, 17, 6, 0, 4, 11, 5, 2, 13, 7, 16, 1, 0, 2, 9, 11, 17, 5, 12, 4, 6, 15, 8, 3, 14, 13, 10, 13, 0, 15, 11, 1, 9, 8, 14, 16, 2, 12, 7, 6, 10, 3, 5, 17, 4, 12, 5, 16, 9, 7, 3, 4, 17, 8, 0, 1, 2, 15, 6, 11, 14, 13, 10, 5, 11, 4, 8, 15, 16, 14, 1, 9, 3, 0, 10, 12, 13, 17, 7, 6, 2, 6, 0, 13, 11, 8, 10, 17, 2, 15, 4, 14, 9, 16, 1, 3, 5, 12, 7, 17, 12, 7, 15, 5, 6, 1, 3, 13, 9, 10, 0, 16, 14, 4, 2, 8, 11, 6, 16, 8, 4, 1, 3, 17, 15, 5, 9, 2, 13, 10, 11, 12, 7, 14, 0, 9, 4, 5, 16, 6, 11, 8, 14, 10, 0, 15, 12, 7, 2, 13, 17, 1, 3]
min  64.12673457446954
NFE 252390
LSNFE 30
VLSNFE 1
runTime 686.5936620235443
