gen 0 360 65.62678763303032 0.3742856826439306 64.62360874120827 66.57790602234572 
gen 1 36360 64.67424218088529 0.0715784981490171 64.4237926898953 64.76637904145386 
gen 2 72360 64.39167663574173 0.03713777731431056 64.25881730406805 64.4341471936424 
gen 3 108360 64.26947040704512 0.015108968054777966 64.21597780531484 64.28685314876333 
gen 4 144360 64.21893752660738 0.009628923219155138 64.17349673197273 64.22997061619242 
gen 5 180360 64.19161959658729 0.008249796365496023 64.16338741501221 64.20166976945625 
gen 6 216360 64.17185355855241 0.006921586906762027 64.14039242682499 64.17997807298991 
gen 7 252380 64.15720782946417 0.006663571870276921 64.12097157304981 64.16413967870271 
[6, 12, 16, 0, 9, 3, 15, 4, 10, 8, 2, 11, 5, 17, 7, 13, 14, 1, 17, 14, 4, 13, 10, 3, 11, 9, 12, 5, 0, 16, 7, 8, 6, 2, 15, 1, 7, 15, 12, 9, 6, 0, 1, 13, 16, 10, 3, 4, 14, 11, 17, 2, 5, 8, 7, 11, 4, 17, 8, 13, 6, 1, 10, 14, 0, 15, 9, 12, 5, 16, 3, 2, 10, 12, 16, 1, 15, 4, 3, 11, 6, 2, 14, 0, 8, 13, 9, 7, 17, 5, 13, 16, 10, 6, 7, 9, 2, 15, 8, 11, 0, 4, 5, 14, 17, 1, 3, 12, 4, 6, 17, 3, 11, 1, 2, 8, 16, 9, 7, 10, 5, 14, 13, 12, 0, 15, 0, 16, 8, 15, 4, 12, 10, 14, 3, 11, 9, 17, 6, 7, 2, 5, 13, 1, 8, 6, 13, 9, 11, 12, 15, 16, 14, 10, 2, 0, 3, 1, 7, 4, 5, 17, 9, 6, 8, 0, 1, 15, 17, 3, 12, 2, 14, 13, 5, 11, 7, 16, 10, 4, 17, 7, 15, 10, 1, 9, 14, 16, 5, 0, 11, 12, 2, 3, 6, 8, 4, 13, 16, 14, 12, 11, 15, 10, 7, 4, 2, 0, 13, 6, 8, 9, 3, 5, 17, 1, 12, 15, 7, 8, 4, 2, 13, 3, 17, 11, 9, 0, 10, 16, 14, 6, 1, 5, 4, 0, 2, 5, 10, 7, 11, 17, 1, 16, 14, 8, 13, 15, 3, 9, 12, 6, 7, 1, 5, 4, 14, 16, 3, 11, 15, 13, 0, 6, 8, 9, 12, 2, 17, 10, 10, 8, 0, 5, 2, 6, 13, 3, 7, 4, 15, 17, 16, 1, 9, 11, 14, 12, 8, 16, 6, 3, 1, 15, 2, 7, 17, 12, 9, 11, 13, 14, 10, 0, 5, 4, 13, 17, 3, 14, 10, 2, 4, 15, 9, 8, 16, 7, 12, 11, 1, 5, 0, 6, 10, 5, 13, 8, 7, 6, 14, 11, 2, 12, 0, 3, 9, 17, 15, 16, 1, 4, 3, 11, 14, 10, 17, 16, 7, 2, 9, 15, 4, 13, 5, 8, 6, 12, 0, 1]
min  64.12097157304981
NFE 252380
LSNFE 20
VLSNFE 2
runTime 680.3530969619751
