gen 0 360 65.59070845846622 0.37765291927325834 64.68852077882322 66.8580447868118 
gen 1 36360 64.65638567459649 0.0763509299897305 64.36465788290555 64.74400196981395 
gen 2 72360 64.37564724051381 0.029390122241970042 64.27177863146406 64.40964602181164 
gen 3 108360 64.26522432997612 0.014668245969862641 64.20545683118581 64.28198295212505 
gen 4 144360 64.2162751879309 0.010903040715374443 64.16543529394596 64.22853053552915 
gen 5 180360 64.19063291699186 0.008405416608176182 64.15706761090459 64.20037414670242 
gen 6 216370 64.17370952528854 0.007335200434745768 64.13899043399948 64.18205187567303 
gen 7 252370 64.16011390266344 0.006003666805402326 64.13573913506578 64.16686159712472 
[9, 2, 7, 1, 15, 4, 12, 8, 10, 5, 17, 0, 16, 13, 11, 3, 6, 14, 14, 8, 13, 5, 16, 7, 10, 1, 12, 15, 2, 17, 4, 9, 11, 0, 6, 3, 4, 14, 15, 13, 11, 5, 2, 6, 17, 1, 10, 12, 7, 9, 0, 8, 16, 3, 1, 4, 7, 3, 6, 14, 15, 17, 11, 10, 16, 5, 9, 13, 8, 0, 12, 2, 2, 0, 6, 3, 9, 14, 15, 5, 11, 1, 7, 4, 13, 17, 16, 8, 12, 10, 15, 6, 10, 4, 1, 11, 17, 9, 16, 0, 13, 8, 5, 14, 7, 3, 2, 12, 1, 16, 17, 9, 12, 14, 11, 7, 10, 6, 15, 4, 8, 13, 3, 2, 0, 5, 15, 1, 12, 9, 17, 6, 11, 7, 2, 5, 4, 16, 8, 0, 3, 13, 10, 14, 8, 6, 13, 9, 11, 12, 16, 0, 14, 15, 2, 10, 17, 4, 1, 3, 7, 5, 3, 12, 4, 1, 9, 16, 0, 5, 8, 17, 11, 7, 6, 13, 2, 14, 15, 10, 10, 5, 15, 4, 0, 12, 7, 2, 6, 16, 3, 1, 11, 8, 13, 17, 9, 14, 14, 15, 2, 13, 12, 10, 4, 9, 1, 6, 17, 16, 7, 3, 5, 0, 8, 11, 14, 5, 4, 12, 10, 13, 17, 1, 0, 7, 6, 9, 15, 3, 8, 16, 2, 11, 4, 5, 14, 8, 12, 13, 9, 2, 3, 17, 6, 15, 16, 10, 0, 7, 11, 1, 3, 12, 9, 14, 17, 13, 4, 16, 6, 11, 15, 8, 0, 2, 5, 1, 7, 10, 11, 14, 8, 4, 3, 13, 2, 12, 7, 16, 9, 6, 10, 0, 5, 1, 17, 15, 13, 2, 5, 8, 12, 14, 15, 9, 11, 4, 10, 7, 0, 16, 3, 17, 1, 6, 2, 15, 0, 14, 5, 8, 1, 13, 7, 17, 3, 11, 16, 4, 6, 10, 9, 12, 7, 14, 6, 10, 4, 15, 8, 5, 1, 17, 16, 12, 11, 9, 13, 0, 2, 3, 13, 1, 11, 8, 10, 6, 4, 7, 0, 2, 14, 16, 17, 12, 5, 15, 9, 3]
min  64.13573913506578
NFE 252370
LSNFE 10
VLSNFE 0
runTime 687.3123252391815
