gen 0 391 9974424552429670.0 505074620412509.06 1214.9988628463786 1e+16 
gen 1 1215 9923273657289012.0 872568905842965.8 1043.1368771515756 1e+16 
gen 2 2037 9897698209718682.0 1006256551043667.4 1043.1368771515756 1e+16 
gen 3 2856 9846547314578024.0 1229218909534168.0 1043.1368771515756 1e+16 
gen 4 3668 9820971867007694.0 1325982751592240.2 1043.1368771515756 1e+16 
gen 5 4490 9744245524296706.0 1578649551100668.8 1043.1368771515756 1e+16 
gen 6 5319 9667519181585720.0 1792837050467486.0 1043.1368771515756 1e+16 
gen 7 6136 9641943734015390.0 1858052305570218.2 1043.1368771515756 1e+16 
gen 8 6948 9514066496163744.0 2150163637542821.2 1043.1368771515756 1e+16 
gen 9 7764 9335038363171440.0 2491473939223741.0 990.8607163066446 1e+16 
gen 10 8587 9207161125319790.0 2701813329154501.5 949.60562964804 1e+16 
gen 11 9404 9079283887468144.0 2891270130140325.0 949.60562964804 1e+16 
gen 12 10224 9002557544757156.0 2996586908618928.0 949.60562964804 1e+16 
gen 13 11039 8823529411764853.0 3221897397088811.5 949.60562964804 1e+16 
gen 14 11863 8670076726342876.0 3395664415509092.0 949.60562964804 1e+16 
gen 15 12686 8593350383631889.0 3476756105977353.0 949.60562964804 1e+16 
gen 16 13514 8337595907928597.0 3722963007521858.0 949.60562964804 1e+16 
gen 17 14334 8081841432225304.0 3937290106992001.5 949.60562964804 1e+16 
gen 18 15155 7749360613811025.0 4176244271498236.5 949.60562964804 1e+16 
gen 19 15973 7468030690537404.0 4348427820553340.0 949.60562964804 1e+16 
gen 20 16799 7058823529412134.0 4556450995537565.0 949.60562964804 1e+16 
gen 21 17605 6751918158568181.0 4683031365010810.0 891.0551458887123 1e+16 
gen 22 18426 6393861892583572.0 4801786024428705.0 891.0551458887123 1e+16 
gen 23 19250 5907928388747316.0 4916875638136638.0 891.0551458887123 1e+16 
gen 24 20072 5549872122762704.0 4969672086627334.0 891.0551458887123 1e+16 
gen 25 20883 4859335038363813.0 4998020945190354.0 891.0551458887123 1e+16 
gen 26 21707 4092071611253935.0 4916875638136640.0 891.0551458887123 1e+16 
gen 27 22534 3299232736573726.0 4701849712150436.0 825.0527561530075 1e+16 
gen 28 23359 1943734015346272.5 3957175537051464.5 825.0527561530075 1e+16 
gen 29 24184 383631713556178.25 1920714409771485.0 825.0527561530075 1e+16 
gen 30 25008 1194.822936168719 111.67943669085203 825.0527561530075 1393.441422602538 
gen 31 25827 1163.841950971285 91.82494524545905 825.0527561530075 1327.0367235794756 
gen 32 26649 1131.7834312556838 81.5306073587718 825.0527561530075 1247.2124863088738 
gen 33 27481 1102.3721875292417 71.20372139354787 825.0527561530075 1206.7282969330163 
gen 34 28305 1075.1150495980144 62.205109964084976 825.0527561530075 1159.547033236882 
gen 35 29129 1056.486997995469 56.402660524926574 825.0527561530075 1124.9538748260504 
gen 36 29948 1041.7666399811364 53.598219916486855 825.0527561530075 1100.8469625733926 
gen 37 30772 1025.1306381625352 51.34666955466701 809.0476550632746 1081.8196129538485 
gen 38 31586 1011.1610286627649 49.94784975578736 805.6588459828904 1062.9116225338184 
gen 39 32398 997.8538938161969 48.871871729600365 805.6588459828904 1049.3537568704687 
gen 40 33219 985.2097151442845 48.56369300473239 805.6588459828904 1037.2228166531172 
gen 41 34033 970.5440365281349 48.02390093985619 802.320772914946 1021.5616337397837 
gen 42 34860 959.9436918808174 45.38227678150229 796.801813846574 1009.433500296544 
gen 43 35682 944.2606390330853 43.97689672773859 796.801813846574 994.7960244837427 
gen 44 36511 928.1533864644532 41.84689460689077 777.4102833556768 980.3214328427944 
gen 45 37326 914.8860262357621 41.304359394540015 727.9577363411421 966.2481952817834 
gen 46 38149 896.498802255263 37.79155515060857 727.9577363411421 945.29948968502 
gen 47 38978 876.6309680360113 33.60090581880876 727.9577363411421 922.7859591606854 
gen 48 39801 855.6147771130157 30.33220496794919 727.9577363411421 896.8310263512749 
gen 49 40624 836.4099276872596 26.492824354339543 727.9577363411421 870.0191771504639 
gen 50 41445 818.6910667616498 25.810137960295883 711.2918433337059 847.5707389030424 
gen 51 42266 802.7241435092252 23.41378241733406 700.5713065200044 829.3574612568763 
gen 52 43083 786.491652000648 23.4268290378417 700.5713065200044 813.6928909666404 
gen 53 43909 770.8190612840633 21.55852727933158 696.714387143401 797.0666720870939 
gen 54 44729 754.8331100897494 20.70396666177741 681.8942179522405 779.9236570831972 
gen 55 45557 741.2216654140053 18.911510426843368 659.7603345286375 763.755541841548 
gen 56 46378 727.7150496478777 18.318101720944835 636.3932970994393 750.0957962670726 
gen 57 47188 714.1711411303033 17.75466020025301 636.3932970994393 735.3168403006954 
gen 58 48004 704.278651486641 16.909663551930503 636.3932970994393 723.271759156577 
gen 59 48820 696.6409961217097 16.236938927825925 636.3932970994393 715.5401936655986 
gen 60 49641 688.2471977699969 15.145399809479763 636.3932970994393 706.6022351470859 
gen 61 50460 679.7637918697443 14.492400146935275 615.829180294455 698.0583417326202 
gen 62 51279 673.2430563748695 13.47036134564791 615.829180294455 689.6952332254847 
gen 63 52102 666.7733196007601 12.569893528395902 615.829180294455 682.0567716691169 
gen 64 52915 661.8424581206486 12.61850934895151 594.2814415708292 676.401191224584 
gen 65 53725 656.5373235495935 12.560849576099516 594.2814415708292 671.0191485902053 
gen 66 54539 650.6785091729092 12.251661202122058 594.2814415708292 665.0683291829918 
gen 67 55369 645.3466536584965 11.890789167597042 594.2814415708292 659.0291953999609 
gen 68 56199 639.9100295442491 11.840933872370291 594.2814415708292 653.4834493275523 
gen 69 57019 634.9911780769465 11.709779172671238 584.2911305109799 649.1495855643537 
gen 70 57841 629.914341195371 11.828515049940027 574.7260448048464 643.5648251091719 
gen 71 58661 624.3695011361674 11.938109186185077 574.7260448048464 637.8609639497813 
gen 72 59481 619.6826486885852 11.725428374600474 574.7260448048464 632.5053730352848 
gen 73 60314 615.0774987887443 11.458789127299644 574.7260448048464 628.4276131801124 
gen 74 61129 611.2258209022169 11.104473386659512 564.082895314616 624.3493107207577 
gen 75 61954 607.4211042119691 10.646736444698258 564.082895314616 620.1528192039463 
gen 76 62770 603.4295981316203 10.059828387188306 564.082895314616 615.6896953456131 
gen 77 63603 599.7941144786889 9.987893834498673 556.6235227073553 612.0837745112333 
gen 78 64418 596.0353775401767 9.581222342608033 556.6235227073553 607.929069365036 
gen 79 65241 593.0837206136737 9.098553990014254 552.04533850951 603.777073826734 
gen 80 66060 590.2343075854207 9.07433000671388 552.04533850951 601.259193047615 
gen 81 66890 587.6949726690611 8.702408175245484 552.04533850951 598.0810037651527 
gen 82 67706 584.992552175822 8.36364338398955 552.04533850951 594.8911159798573 
gen 83 68526 582.5729498821668 7.861470604143753 550.9766843460648 591.5011120265062 
gen 84 69356 579.6119811048936 7.6170162567910245 550.9766843460648 588.3714581900553 
gen 85 70178 577.428955499391 7.30266788458532 550.9766843460648 585.7887390572392 
gen 86 71004 575.1540782094121 7.136451367549373 550.9766843460648 583.7258154566665 
gen 87 71825 572.7395195420196 6.9018467799442975 550.2968863485761 581.0631553601274 
gen 88 72639 570.626513106835 6.791520946244361 544.3778736525695 578.8667000129316 
gen 89 73460 569.2882870602978 6.369717653008424 544.3778736525695 577.2543623514034 
gen 90 74284 568.064920036244 6.099503137511562 544.3778736525695 575.3958581826948 
gen 91 75095 566.5232550780754 5.857589877996902 544.3778736525695 573.6464104207733 
gen 92 75918 564.9027687184775 5.811663216115326 544.3778736525695 571.8931160160687 
gen 93 76735 563.5099957579815 5.661795753812094 541.4667471733508 570.5764566277347 
gen 94 77562 562.1845218919066 5.477105280680258 541.4667471733508 569.0207857364416 
gen 95 78383 561.1233984979614 5.257089435958197 541.4667471733508 567.413449836813 
gen 96 79203 559.9604447714318 5.147049446822982 541.1652681246469 566.1840788833521 
gen 97 80023 559.0029443456722 5.094186226661928 540.2919475442588 565.0178166279954 
gen 98 80851 557.9415269388866 5.100982567317996 540.2919475442588 563.9007443828199 
gen 99 81680 556.9483488946205 5.075865224514601 540.2919475442588 562.7906582405118 
gen 100 82495 555.9866917887853 5.053985503529537 538.5888092060987 561.7243370528375 
gen 101 83318 555.0424486454785 5.045551015161934 535.0631719083466 560.9401714743151 
gen 102 84135 554.3374732806681 4.893451839748058 535.0631719083466 560.2662127171726 
gen 103 84962 553.4378127146229 4.877160975578801 527.1910198678816 559.4998795894471 
gen 104 85790 552.4104844185472 4.754398000523381 527.1910198678816 558.2174212328403 
gen 105 86615 551.6627360463925 4.692434015481006 527.1910198678816 557.1342006159656 
gen 106 87439 551.0588812491429 4.48732148487419 527.1910198678816 556.377835394028 
gen 107 88268 550.3478777999034 4.431055315966693 527.1910198678816 555.8294838621731 
gen 108 89084 549.554653658312 4.347586251891173 527.1910198678816 554.9149862213386 
gen 109 89906 548.9758134160993 4.449209249446793 522.8398881583304 554.1351286735413 
gen 110 90738 548.1927548178965 4.395893216355299 522.8398881583304 553.6266525648657 
gen 111 91556 547.6302919907675 4.27163705014333 522.8398881583304 552.812202962149 
gen 112 92384 546.7748947915547 4.080817800163027 522.8398881583304 551.7317078061277 
gen 113 93196 546.2068724721884 4.070335921072888 522.8398881583304 551.0014846908099 
gen 114 94017 545.3947052018658 3.983814057785227 522.8398881583304 550.0881325497933 
gen 115 94857 544.4291041879953 3.967019709763409 522.8398881583304 549.3249599765076 
gen 116 95674 543.9064093510777 3.960170488936677 522.8398881583304 548.7136707065126 
gen 117 96504 543.2649268979847 3.736055784637019 522.8398881583304 547.8856605981299 
gen 118 97319 542.7417392877014 3.7639931475203308 522.8398881583304 546.9489242016189 
gen 119 98141 542.2691233156111 3.6841522721070583 522.8398881583304 546.0972491391099 
gen 120 98955 541.8462017805368 3.5503168044301936 522.8398881583304 545.4609054287248 
gen 121 99777 541.3063544490614 3.4746994153119424 522.8398881583304 545.3117620898792 
gen 122 100590 540.7166054385593 3.4341069083662767 522.8398881583304 544.6050490819323 
gen 123 101407 540.0543092206876 3.3963723273264077 522.8398881583304 543.7516008877512 
gen 124 102235 539.4749559841189 3.3547902531586753 522.8398881583304 543.0595510802561 
gen 125 103062 538.5910789686401 3.531202505890056 522.2931390046379 542.2246326191638 
gen 126 103867 537.9920140532209 3.6408615332330303 515.9535351537319 541.423653367715 
gen 127 104691 537.3741957938738 3.7063684416257296 515.9535351537319 540.5885099050737 
gen 128 105517 536.7654205279342 3.577826186059384 515.9535351537319 540.0091050812865 
gen 129 106343 536.3070608756899 3.4409068753130074 515.9535351537319 539.1727456947774 
gen 130 107167 535.7931626180017 3.5516574205292994 515.1752803551191 538.6947410713148 
gen 131 107993 535.2857611399717 3.486564900110727 515.1752803551191 538.0796093215403 
gen 132 108822 534.7878153565257 3.4371282128649794 515.1752803551191 537.540003445752 
gen 133 109650 534.2977535583371 3.420438106607267 515.1752803551191 536.9746214484014 
gen 134 110459 533.9979158231654 3.396485584272374 515.1752803551191 536.6663527266811 
gen 135 111287 533.5538124380109 3.404549695631439 515.1752803551191 536.1693091830925 
gen 136 112112 532.991179739339 3.666486354813681 515.1752803551191 535.8717131523215 
gen 137 112937 532.4499646845392 3.7046811819420897 515.1752803551191 535.7074683572813 
gen 138 113762 531.7161899130268 3.637608787782834 515.1752803551191 535.3941318818382 
gen 139 114588 531.0286962506394 3.52281763235733 515.1752803551191 534.7745272798712 
gen 140 115417 530.3489064162501 3.348526457285503 515.1752803551191 533.8796142617354 
gen 141 116243 529.7358864622989 3.429549557183411 509.0953294761138 532.9112442766384 
gen 142 117067 529.2762561193322 3.3573290002766805 509.0953294761138 532.138423436049 
gen 143 117882 528.7966891323259 3.3807797584373964 509.0953294761138 531.6216732236172 
gen 144 118703 528.3609573193075 3.348960212882386 509.0953294761138 531.3388699279224 
gen 145 119520 527.8558391373817 3.2878227482345554 509.0953294761138 531.0682768943014 
gen 146 120328 527.3239552644218 3.240476638655797 509.0953294761138 530.8439050527859 
gen 147 121139 526.717627117017 3.1549529060743766 509.0953294761138 530.3959528608439 
gen 148 121958 526.0641384036234 3.105611955971365 509.0953294761138 529.4574854140212 
gen 149 122791 525.53182096805 3.1235402277085607 509.0953294761138 528.9390821500774 
gen 150 123615 524.9569778473276 2.9752668345102946 509.0953294761138 528.3830685486814 
gen 151 124432 524.3216083003477 2.8171677802315602 509.0953294761138 527.5226981572075 
gen 152 125278 523.6252500529004 2.9032324911267717 509.0953294761138 526.7875855281951 
gen 153 126102 522.936375083067 3.0025849122326775 509.0953294761138 526.2940465663074 
gen 154 126922 522.2897783864064 2.9539844344869617 509.0953294761138 525.5915266110951 
gen 155 127738 521.7436146505133 2.9807242359605697 509.0953294761138 524.9406071659556 
gen 156 128564 521.033447062903 2.8707121207341895 509.0953294761138 524.1428618723393 
gen 157 129377 520.5820503411545 2.748610508346824 509.0953294761138 523.6395933553983 
gen 158 130202 520.0713800166131 2.7821240795793014 506.315814524198 523.0717016573781 
gen 159 131036 519.5374370630781 2.720970278205373 506.315814524198 522.5306607601153 
gen 160 131868 518.9598370913117 2.6682372827691823 506.315814524198 521.9007218594996 
gen 161 132686 518.4777541085971 2.574380999956573 506.315814524198 521.42655424597 
gen 162 133502 517.8973956846219 2.54013632190175 506.315814524198 520.8801854916338 
gen 163 134321 517.2272919415628 2.3314705388414714 506.315814524198 520.1478706008442 
gen 164 135134 516.623410708837 2.226132619031104 506.315814524198 519.2164064753966 
gen 165 135950 515.9705035360454 2.1133707323175295 506.315814524198 518.42247901577 
gen 166 136773 515.3416984694995 2.0821724737547216 506.315814524198 517.8936913039205 
gen 167 137602 514.7150941973861 1.9798393362596234 506.315814524198 517.0200958204676 
gen 168 138432 514.148076260328 1.9492032334634624 501.7213901278992 515.9796217730144 
gen 169 139256 513.7007418174738 1.9134762736824191 501.7213901278992 515.1752803551191 
gen 170 140087 513.3247092269203 2.0228550119332467 501.7213901278992 515.1752803551191 
gen 171 140898 512.8956146173842 1.993381480226404 501.7213901278992 515.1752803551191 
gen 172 141714 512.3252168994055 2.1455782413748143 498.43418041060823 514.6667838529897 
gen 173 142546 511.5665601402055 2.2352185347292726 498.43418041060823 514.0325738889906 
gen 174 143362 510.80217092866866 2.2732496094315464 498.43418041060823 513.3023400988701 
gen 175 144175 510.26111366303087 2.2481216733666645 498.43418041060823 512.7457211602501 
gen 176 144987 509.5618201275952 2.3428444513182614 498.43418041060823 512.0559691635231 
gen 177 145809 508.64738251152545 2.328693828292347 498.43418041060823 511.1621075279582 
gen 178 146638 507.6689558564824 2.372829788406478 498.43418041060823 510.3732153179798 
gen 179 147452 506.66819154342016 2.2934462080703475 495.1380403606967 509.5277287860767 
gen 180 148280 505.75011679333534 2.075760615906438 495.1380403606967 508.5509088296102 
gen 181 149098 504.6362976853879 1.8327131249924713 495.1380403606967 507.1260324982653 
gen 182 149907 503.77834391563846 1.6135309209043256 495.1380403606967 505.9091547247281 
gen 183 150722 502.89737630247737 1.3673515753857577 495.1380403606967 504.52097439176845 
gen 184 151546 502.20059295501136 1.385381750315774 489.2055518020609 503.67866131050124 
gen 185 152369 501.58070976323467 1.3101396018506106 489.2055518020609 502.86068221341856 
gen 186 153191 500.88095610789 1.4883524862424702 489.2055518020609 502.15729750637274 
gen 187 154005 500.3146487148931 1.4515972534435784 489.2055518020609 501.60960331163557 
gen 188 154830 499.78435474001014 1.3436823776104267 489.2055518020609 501.0901554490181 
gen 189 155654 499.1722218054337 1.3699294447433925 489.2055518020609 500.4851283644217 
gen 190 156468 498.58544105204135 1.330678380312072 489.2055518020609 499.78477491150477 
gen 191 157293 497.92749261138135 1.4041057324816033 489.2055518020609 499.31329467013956 
gen 192 158114 497.1870499913052 1.3846720695341959 489.2055518020609 498.56944828196885 
gen 193 158930 496.3052599351648 1.395889054162459 489.2055518020609 497.7891601115983 
gen 194 159747 495.4915368733651 1.2589424760103824 489.2055518020609 497.02830238651916 
gen 195 160566 494.7115475853714 1.1425152955512585 489.2055518020609 496.04840166621506 
gen 196 161378 494.05635508222093 1.0708654115660445 489.2055518020609 495.18770872247035 
gen 197 162201 493.4854206377999 1.0251199854243644 489.2055518020609 494.6307452112641 
gen 198 163021 492.8831067102977 0.9726468272327561 489.2055518020609 493.89355701910864 
gen 199 163843 492.18211172900544 0.9242759282496631 488.27777595005216 493.32376938693204 
gen 200 164668 491.59552043407245 0.7883334700427908 488.27777595005216 492.508339925017 
gen 201 165499 491.03410887881586 0.7395381468407828 487.93902249745037 491.93936915141654 
gen 202 166322 490.536861894309 0.6513564737139523 487.93902249745037 491.3362949360958 
gen 203 167154 490.11822625670504 0.7099022216486606 487.7699239924815 490.81104096108476 
gen 204 167967 489.6301502168224 0.7903809109965215 486.6352847652706 490.41140111658075 
gen 205 168794 489.0459821488541 0.8097429095592553 486.6352847652706 490.12038958875996 
gen 206 169622 488.37255342464397 0.40976020973453636 485.5722046293703 489.2129306760183 
gen 207 170448 488.11208747084015 0.27438157140355673 485.5722046293703 488.27777595005216 
gen 208 171271 488.0129391763778 0.30876700889607894 485.2053288878197 488.27777595005216 
gen 209 172099 487.8871690563235 0.35395590147919903 485.2053288878197 488.1590330361849 
gen 210 172921 487.7971206591529 0.4288126205236509 485.2053288878197 487.9831666496255 
gen 211 173739 487.7396464177726 0.5096483317404134 485.205326887463 487.93902249745037 
gen 212 174565 487.63221793138626 0.6437883629230117 484.37860536579984 487.93902249745037 
gen 213 175388 487.44988852183565 0.7939870333893905 484.37860536579984 487.93902249745037 
gen 214 176207 487.2802999472724 0.9024027084443812 482.8305972719822 487.93902249745037 
gen 215 177023 486.98638097446724 0.9386926680565092 482.8305972719822 487.93902249745037 
gen 216 177845 486.4679201900724 0.9633324608110957 482.8305972719822 487.6678703459221 
gen 217 178670 485.9262199727845 0.8983611920007872 481.8733332817757 487.04092872793717 
gen 218 179502 485.45302283682486 0.7492679041254783 481.8733332817757 486.5605655728343 
gen 219 180319 485.0075375308902 0.6915659826263254 479.6906980355572 485.7012607372657 
gen 220 181139 484.6841701972409 0.6978239473720456 479.6906980355572 485.2053317118163 
gen 221 181965 484.42176832314885 0.755403329194389 479.6906980355572 485.15915064920716 
gen 222 182780 483.9960826531464 1.1245317489613487 472.7798194868821 484.813812971092 
gen 223 183590 483.5383707127093 1.348310266234537 472.7798194868821 484.4985888507667 
gen 224 184415 482.88681570911695 1.7114790229097483 470.0206330612326 483.991247553072 
gen 225 185238 481.8738267383627 2.261856755919055 470.0206330612326 483.6837893568743 
gen 226 186062 480.1769832208878 2.901821672113906 467.6291982301038 482.8305972719822 
gen 227 186874 477.9397105251906 2.8835592626687907 467.6291982301038 481.4694728026079 
gen 228 187693 475.7896794166463 2.4186033137433123 465.1096413361791 478.83748431013726 
gen 229 188498 474.4687576351402 2.205335887370071 464.7640462459417 477.1280997669669 
gen 230 189324 473.26787321533055 2.0127002724002967 464.7640462459417 475.64766469164414 
gen 231 190146 472.31217838387556 1.7683538274058501 464.7640462459417 474.5599098726315 
gen 232 190964 471.4281973398773 1.6560845287493922 464.5945605907315 473.3963288879846 
gen 233 191789 470.772314403963 1.635248550528728 464.5945605907315 472.5231504768675 
gen 234 192603 470.1917319281553 1.6472301436579875 463.0774766163574 471.85345331452453 
gen 235 193421 469.6000900294188 1.7376851534447624 462.4000476520168 471.21165528544856 
gen 236 194252 468.84770281318157 1.9082797466270738 460.7294563583879 470.8054209566613 
gen 237 195076 467.9894371793922 1.8603151085688512 460.7294563583879 470.12403916733194 
gen 238 195909 467.0865452616843 1.7039902479811406 460.55767892286264 469.2466931680836 
gen 239 196728 466.1995696460384 1.5487476612535531 460.55767892286264 468.10349351186113 
gen 240 197549 465.32565281515576 1.355177728932844 460.2120723378382 467.0615257126856 
gen 241 198366 464.61205273577974 1.1904131717008153 460.2120723378382 466.0259868662529 
gen 242 199196 464.11476192308254 1.171976356219532 460.2120723378382 465.376140404887 
gen 243 200027 463.4753263655133 1.1946100694894568 459.0465791351187 464.8029514681515 
gen 244 200850 462.9157964859389 1.1058094486805832 459.0465791351187 464.29112033691064 
gen 245 201665 462.51919421223704 1.023407692592112 459.0465791351187 463.7108682740631 
gen 246 202475 462.0047362716988 1.0390706596749968 457.8798351893948 463.31618843640473 
gen 247 203301 461.55299069169166 0.9419848862092088 456.96232587439727 462.71372944912184 
gen 248 204121 461.13926695014754 0.9017708172335068 456.48213216414484 462.2381833964053 
gen 249 204939 460.7945890938978 0.87001308232089 456.48213216414484 461.89147257474997 
gen 250 205763 460.44861866031 0.8529484238251887 456.48213216414484 461.3772930222224 
gen 251 206596 460.1998823230207 0.8790088224344873 455.05438664660073 461.02666135492103 
gen 252 207423 459.98388187708434 0.9054357356160316 455.05438664660073 460.8490086655516 
gen 253 208243 459.7936855560851 0.9505713872908126 455.05438664660073 460.7272989708638 
gen 254 209052 459.45407599931985 1.1396390895143635 451.7291568369985 460.3915983497673 
gen 255 209859 459.1452395289594 1.1947111690582737 451.7291568369985 460.2120723378382 
gen 256 210683 458.80511868852716 1.256591739179468 451.7291568369985 460.04139000379433 
gen 257 211499 458.4382289298659 1.331226157007885 451.7291568369985 459.72662985764094 
gen 258 212330 457.96998167889626 1.4900340598520991 450.81401075079316 459.4495215060407 
gen 259 213153 457.3719628612412 1.625425567933819 450.81401075079316 459.0465791351187 
gen 260 213974 456.6860727908083 1.8553070003983685 445.80266710291215 458.58475610906873 
gen 261 214789 455.8456169498337 1.8912515866151767 445.80266710291215 457.9255283089644 
gen 262 215610 455.07951406842795 1.8550660699206043 445.80266710291215 457.07739974810426 
gen 263 216427 454.3754147206384 1.9932712565582493 444.71425896870477 456.55686002260484 
gen 264 217248 453.46224354503613 1.99021454604695 444.71425896870477 455.5978600335078 
gen 265 218065 452.7492052679313 2.003560840939899 444.71425896870477 455.0208964801786 
gen 266 218891 452.03348152892687 1.8518200889616374 444.71425896870477 454.2309857212081 
gen 267 219717 451.3961975846841 1.7158571042802642 444.71425896870477 453.51847935161896 
gen 268 220549 450.9075292444041 1.6137276520686934 444.71425896870477 452.8705670615477 
gen 269 221377 450.4071140752079 1.5488709637642546 444.71425896870477 452.22737206061055 
gen 270 222198 449.97637524700957 1.44470038699028 444.71425896870477 451.77322463296827 
gen 271 223020 449.6002960576479 1.403214947788653 444.71425896870477 451.17439523791603 
gen 272 223836 449.25938928802884 1.3693825612406323 444.71425896870477 450.72629586955037 
gen 273 224657 448.8275810462819 1.2827394606629283 444.71425896870477 450.4133737820272 
gen 274 225480 448.3905929932633 1.1844700352441753 444.6997141725744 450.023164845343 
gen 275 226299 447.9631844973356 1.0595877203451691 444.31521751220566 449.41627044223037 
gen 276 227106 447.6062769817457 0.9581336205260153 444.31521751220566 448.872894150338 
gen 277 227930 447.28789039899056 0.8544505255389191 443.89417892965514 448.5889910959263 
gen 278 228747 446.9947820717507 0.7714211580888457 443.89417892965514 448.0488254556369 
gen 279 229578 446.76225659085685 0.7232045589501961 443.89417892965514 447.71493016184854 
gen 280 230396 446.57221982234154 0.7305222091121527 442.264084384644 447.16129933020727 
gen 281 231213 446.48303133605435 0.7555075956341657 442.264084384644 447.0508787637336 
gen 282 232036 446.3730119540138 0.7916158044283307 442.264084384644 446.91678311872295 
gen 283 232853 446.2250369680689 0.8821864296246833 442.264084384644 446.91678311872295 
gen 284 233679 446.0522003574145 0.9152190892524058 442.264084384644 446.91678311872295 
gen 285 234498 445.796144673741 0.9129009999465528 442.264084384644 446.91678311872295 
gen 286 235322 445.40381419569985 0.7478673957149762 442.264084384644 446.6480620110102 
gen 287 236145 445.18874550127777 0.6845389951545013 442.264084384644 445.80266710291215 
gen 288 236969 444.99230517822093 0.6642847487557754 442.264084384644 445.80266710291215 
gen 289 237795 444.69949474018375 0.5532344692138178 442.264084384644 445.7992608362814 
gen 290 238631 444.49743948346156 0.38528714040406864 442.264084384644 445.00218699529705 
gen 291 239450 444.42119558603036 0.3969139122509201 442.264084384644 444.71425896870477 
gen 292 240256 444.35199598620676 0.41112550405976 442.264084384644 444.71425896870477 
gen 293 241081 444.26542623234866 0.39176186940290714 442.264084384644 444.71425896870477 
gen 294 241905 444.20517244598005 0.40551018008571393 442.264084384644 444.31521751220566 
gen 295 242732 444.1764985826568 0.45975338301641555 442.264084384644 444.31521751220566 
gen 296 243561 444.163136453281 0.47629151832122185 442.264084384644 444.31521751220566 
gen 297 244390 444.1324259014357 0.5148217919182938 442.0894733120068 444.31521751220566 
gen 298 245205 444.1046548709492 0.5462516253586556 441.6812325560857 444.31521751220566 
gen 299 246019 444.0940821491479 0.5499073270235812 441.6812325560857 444.31521751220566 
gen 300 246843 444.0694158234995 0.5714682727488101 441.6812325560857 444.31521751220566 
gen 301 247662 444.010913900251 0.6646347803937691 440.00077700285823 444.31521751220566 
gen 302 248482 443.96475096605616 0.6972606424993623 440.00077700285823 444.31521751220566 
gen 303 249292 443.88937709199234 0.7671849969572843 440.00077700285823 444.31521751220566 
gen 304 250112 443.8353100756748 0.7963489261319333 440.00077700285823 444.31521751220566 
gen 305 250941 443.7116378069291 0.8582945465399499 440.00077700285823 444.31521751220566 
gen 306 251772 443.5959989053708 0.9001601989837148 440.00077700285823 444.31521751220566 
gen 307 252588 443.43041737900046 0.9209649874949102 440.00077700285823 444.31521751220566 
gen 308 253418 443.22017060474366 0.9151974937187588 440.00077700285823 444.31521751220566 
gen 309 254242 442.9395836284967 0.818604644252528 440.00077700285823 444.30722690860733 
gen 310 255060 442.49469666174355 0.5968596679867192 440.00077700285823 443.50124437554786 
gen 311 255887 442.13446302512574 0.3939640635591594 439.5189876611926 442.4673388622186 
gen 312 256710 442.0340751897127 0.47338020768468386 439.5189876611926 442.264084384644 
gen 313 257537 441.8855429226312 0.6029563614869843 436.3060353673367 442.264084384644 
gen 314 258355 441.6628019779219 0.6306922939116677 436.3060353673367 442.264084384644 
gen 315 259181 441.3843444268965 0.6302709787611254 436.3060353673367 442.0894733120068 
gen 316 260002 441.069244420491 0.6454005313281151 436.3060353673367 441.7161992424347 
gen 317 260828 440.659830192686 0.7513850311795417 436.3060353673367 441.25896594857545 
gen 318 261645 440.3110424463626 0.7246666797009836 436.3060353673367 441.25896594857545 
gen 319 262470 439.83658336348907 0.38206123656056146 436.3060353673367 440.00077700285823 
gen 320 263296 439.7644824795014 0.3924199935409236 436.3060353673367 440.00077700285823 
gen 321 264122 439.6667434110829 0.38714237894173825 436.3060353673367 440.00077700285823 
gen 322 264933 439.5223642598882 0.3716556876502242 436.3060353673367 440.00077700285823 
gen 323 265757 439.4512440053611 0.4149560067299087 436.3060353673367 439.5189876611926 
gen 324 266578 439.4451282844773 0.4226518450153543 436.3060353673367 439.5189876611926 
gen 325 267401 439.41841583228353 0.48879570434962716 436.3060353673367 439.5189876611926 
gen 326 268215 439.38290860484307 0.5674499402810889 436.3060353673367 439.5189876611926 
gen 327 269034 439.3505272374251 0.6199627590275866 436.3060353673367 439.5189876611926 
gen 328 269870 439.2795867677563 0.7262053040568663 436.3060353673367 439.5189876611926 
gen 329 270693 439.1952715394309 0.828304055749372 435.98415601446766 439.5189876611926 
gen 330 271516 439.0927033295524 0.9206993189775032 435.98415601446766 439.5189876611926 
gen 331 272337 438.9431441850476 1.0319221096033433 435.98415601446766 439.5189876611926 
gen 332 273163 438.7323306055455 1.1444194950299662 435.22621334910934 439.5189876611926 
gen 333 273987 438.3344493649421 1.2482291395112242 435.22621334910934 439.5189876611926 
[3, 8, 21, 9, 16, 7, 18, 22, 2, 5, 13, 10, 0, 19, 6, 20, 14, 4, 15, 1, 12, 17, 11, 16, 1, 6, 7, 15, 22, 10, 3, 4, 20, 13, 18, 21, 17, 8, 5, 9, 19, 0, 14, 11, 2, 12, 13, 11, 17, 16, 14, 1, 15, 9, 18, 3, 10, 7, 21, 20, 0, 8, 19, 4, 5, 2, 12, 22, 6, 22, 0, 12, 18, 5, 7, 9, 11, 3, 15, 16, 21, 4, 1, 17, 14, 13, 10, 2, 6, 19, 20, 8, 1, 16, 18, 17, 11, 5, 6, 9, 15, 7, 4, 13, 22, 20, 14, 3, 2, 10, 0, 21, 12, 19, 8, 20, 2, 14, 6, 5, 18, 12, 17, 0, 13, 8, 4, 11, 1, 16, 7, 15, 22, 3, 21, 10, 19, 9, 13, 17, 9, 20, 3, 1, 2, 10, 22, 14, 4, 19, 0, 7, 8, 5, 6, 21, 18, 16, 15, 12, 11, 0, 18, 6, 5, 15, 9, 2, 4, 16, 17, 14, 10, 3, 7, 19, 11, 8, 20, 1, 12, 22, 13, 21, 19, 6, 7, 17, 13, 10, 15, 3, 2, 18, 4, 20, 21, 12, 8, 14, 22, 16, 11, 5, 9, 1, 0, 3, 18, 0, 2, 19, 13, 11, 10, 1, 7, 20, 4, 9, 12, 5, 21, 8, 16, 15, 17, 14, 6, 22, 2, 6, 21, 4, 3, 9, 12, 16, 7, 18, 13, 20, 10, 1, 5, 19, 17, 14, 15, 0, 22, 8, 11, 15, 17, 8, 21, 16, 10, 18, 19, 22, 2, 12, 7, 4, 9, 5, 11, 1, 0, 6, 14, 3, 13, 20, 3, 6, 8, 22, 21, 9, 15, 5, 11, 1, 14, 18, 4, 2, 16, 0, 7, 13, 20, 17, 19, 10, 12, 22, 0, 12, 1, 2, 18, 17, 16, 11, 5, 20, 9, 10, 7, 14, 6, 13, 19, 4, 15, 8, 3, 21, 13, 21, 4, 0, 22, 11, 16, 6, 9, 1, 19, 15, 17, 20, 14, 7, 10, 12, 5, 3, 2, 8, 18, 13, 3, 20, 6, 16, 8, 22, 21, 18, 2, 0, 19, 1, 9, 11, 4, 10, 17, 14, 5, 12, 7, 15, 11, 2, 21, 12, 17, 14, 6, 1, 9, 13, 4, 20, 19, 10, 18, 22, 7, 3, 15, 16, 8, 0, 5]
min  435.22621334910934
NFE 273987
LSNFE 0
VLSNFE 0
runTime 1053.8814535140991
