gen 0 510 133335636.2743308 1146976434.4451354 1315.8198683608339 9999999999.0 
gen 1 720 666669835.2195987 2494437410.7519383 1315.8198683608339 9999999999.0 
gen 2 930 566669228.1217551 2312045123.1416545 1315.8198683608339 9999999999.0 
gen 3 1140 633336293.2239091 2435614598.3656306 1315.8198683608339 9999999999.0 
gen 4 1350 1200003338.418722 3249614128.6938634 1315.8198683608339 9999999999.0 
gen 5 1560 1166669163.7829509 3210225806.1732802 1315.8198683608339 9999999999.0 
gen 6 1770 1266669568.4914165 3325990810.0306444 1315.8198683608339 9999999999.0 
gen 7 1980 500003224.4269041 2179448731.80854 1315.8198683608339 9999999999.0 
gen 8 2190 900003003.8822312 2861816659.260123 1315.8198683608339 9999999999.0 
gen 9 2400 800002910.3302485 2712931134.7467847 1315.8198683608339 9999999999.0 
gen 10 2610 800002936.2422724 2712931127.1060433 1315.8198683608339 9999999999.0 
gen 11 2820 800003151.4975079 2712931063.6309986 1315.8198683608339 9999999999.0 
gen 12 3030 1466669114.49369 3537732094.483104 1315.8198683608339 9999999999.0 
gen 13 3240 733335819.7732048 2606827939.7217617 1315.8198683608339 9999999999.0 
gen 14 3450 533335637.9686183 2246972725.5903544 1315.8198683608339 9999999999.0 
gen 15 3660 1433335488.7216895 3504123671.796548 1315.8198683608339 9999999999.0 
gen 16 3870 1233336133.3553126 3288193320.50926 1315.8198683608339 9999999999.0 
gen 17 4080 866669847.6061689 2813458732.627867 1315.8198683608339 9999999999.0 
gen 18 4290 2666669075.2906365 4422164934.083444 1315.8198683608339 9999999999.0 
gen 19 4500 766670010.4560301 2660617176.56296 1315.8198683608339 9999999999.0 
gen 20 4710 1300002806.925706 3363033258.742072 1315.8198683608339 9999999999.0 
gen 21 4920 1533336039.4874094 3603083945.773311 1315.8198683608339 9999999999.0 
gen 22 5130 1366670178.1920474 3434949677.657615 1315.8198683608339 9999999999.0 
gen 23 5340 533336024.16116315 2246972633.9257464 1315.8198683608339 9999999999.0 
gen 24 5550 1300002513.6164126 3363033372.1213856 1315.8198683608339 9999999999.0 
gen 25 5760 833335939.2653182 2763853205.944164 1315.8198683608339 9999999999.0 
gen 26 5970 133336636.13832384 1146976318.2223055 1315.8198683608339 9999999999.0 
gen 27 6180 366669799.1176725 1879420103.2383642 1315.8198683608339 9999999999.0 
gen 28 6390 1733336746.6907923 3785350320.971848 1315.8198683608339 9999999999.0 
gen 29 6600 1400003382.8456028 3469868949.291326 1315.8198683608339 9999999999.0 
gen 30 6810 900002487.4858389 2861816821.6589055 1315.8198683608339 9999999999.0 
gen 31 7020 233336087.17137694 1509598490.758927 1315.8198683608339 9999999999.0 
gen 32 7230 166669559.08750412 1280190581.288138 1315.8198683608339 9999999999.0 
gen 33 7440 966669801.8145272 2955032344.8338356 1315.8198683608339 9999999999.0 
gen 34 7650 633335738.3888987 2435614742.6378307 1315.8198683608339 9999999999.0 
gen 35 7860 866669546.5945865 2813458825.3528028 1315.8198683608339 9999999999.0 
gen 36 8070 966669853.707583 2955032327.8583765 1315.8198683608339 9999999999.0 
gen 37 8280 833336002.0866095 2763853187.002774 1315.8198683608339 9999999999.0 
gen 38 8490 1700002492.0039153 3756326865.941473 1315.8198683608339 9999999999.0 
gen 39 8700 800003658.9106364 2712930914.0036426 1315.8198683608339 9999999999.0 
gen 40 8910 1366669727.6572053 3434949856.905703 1315.8198683608339 9999999999.0 
gen 41 9120 1033335877.4098792 3043936644.5007906 1315.8198683608339 9999999999.0 
gen 42 9330 2500002518.9901547 4330125564.006153 1315.8198683608339 9999999999.0 
gen 43 9540 1166669192.268565 3210225795.8211637 1315.8198683608339 9999999999.0 
gen 44 9750 1866669409.0116014 3896435804.733741 1315.8198683608339 9999999999.0 
gen 45 9960 1833336680.5068815 3869394002.3732305 1315.8198683608339 9999999999.0 
gen 46 10170 500002468.2082855 2179448905.295925 1315.8198683608339 9999999999.0 
gen 47 10380 1133336155.548435 3169997238.107693 1315.8198683608339 9999999999.0 
gen 48 10590 1066668879.9175 3086889075.615828 1315.8198683608339 9999999999.0 
gen 49 10800 1766669237.4631958 3813862408.183433 1315.8198683608339 9999999999.0 
gen 50 11010 1200003272.8756316 3249614152.8974466 1315.8198683608339 9999999999.0 
gen 51 11220 433335715.7821795 2036063233.277722 1315.8198683608339 9999999999.0 
gen 52 11430 800002754.8333055 2712931180.600533 1315.8198683608339 9999999999.0 
gen 53 11640 733335819.4482285 2606827939.8132567 1315.8198683608339 9999999999.0 
gen 54 11850 400002224.4579653 1959591339.957344 1238.624220597715 9999999999.0 
gen 55 12060 833335869.7089676 2763853226.9173594 1238.624220597715 9999999999.0 
gen 56 12270 766669622.1967217 2660617288.4407196 1238.624220597715 9999999999.0 
gen 57 12480 933335888.680861 2908989077.0472455 1238.624220597715 9999999999.0 
gen 58 12690 1366669381.959942 3434949994.4486833 1238.624220597715 9999999999.0 
gen 59 12900 766669771.4230618 2660617245.44645 1238.624220597715 9999999999.0 
gen 60 13110 1400002755.0762663 3469869202.5773716 1238.624220597715 9999999999.0 
gen 61 13320 1133336251.3700845 3169997203.8495154 1238.624220597715 9999999999.0 
gen 62 13530 1700003377.3984678 3756326465.2405896 1238.624220597715 9999999999.0 
gen 63 13740 1700002318.8423536 3756326944.3088765 1238.624220597715 9999999999.0 
gen 64 13950 633335624.5821991 2435614772.231361 1238.624220597715 9999999999.0 
gen 65 14160 1000002531.8419434 2999999155.720285 1238.624220597715 9999999999.0 
gen 66 14370 1166669627.1751933 3210225637.76731 1238.624220597715 9999999999.0 
gen 67 14580 1266669616.5478327 3325990791.728948 1238.624220597715 9999999999.0 
gen 68 14790 1100002940.9890585 3128896535.144214 1238.624220597715 9999999999.0 
gen 69 15000 1600003000.9900863 3666059245.7927885 1238.624220597715 9999999999.0 
gen 70 15210 600003062.9294705 2374867643.320836 1238.624220597715 9999999999.0 
gen 71 15420 466669223.19206357 2109238370.0922184 1238.624220597715 9999999999.0 
gen 72 15630 133335785.66762662 1146976417.0793877 1238.624220597715 9999999999.0 
gen 73 15840 866669491.3879486 2813458842.358548 1238.624220597715 9999999999.0 
gen 74 16050 1200002679.1163347 3249614372.1565156 1238.624220597715 9999999999.0 
gen 75 16260 800003170.7052137 2712931057.967063 1238.624220597715 9999999999.0 
gen 76 16470 1966669660.8151212 3974780133.2887883 1238.624220597715 9999999999.0 
gen 77 16680 1133336651.5192335 3169997060.7963867 1238.624220597715 9999999999.0 
gen 78 16890 1700003214.9837701 3756326538.744262 1238.624220597715 9999999999.0 
gen 79 17100 1133336405.065644 3169997148.90143 1238.624220597715 9999999999.0 
gen 80 17310 1433335925.730415 3504123493.0423274 1238.624220597715 9999999999.0 
[4, 3, 1, 2, 0, 4, 3, 2, 0, 1, 4, 1, 3, 2, 0, 4, 3, 1, 2, 0, 3, 1, 2, 4, 0]
min  1238.624220597715
NFE 17520
runTime 57.94125556945801
