gen 0 64 2031250000001994.2 4023247871743909.5 886.8763524635027 1e+16 
gen 1 242 1635.611874846797 258.26429345082164 834.7365557570014 1990.9561153801285 
gen 2 370 1441.2016534125469 213.68645730244683 834.7365557570014 1709.5608008267054 
gen 3 498 1282.40011109962 173.0979300238849 834.7365557570014 1504.4197384252016 
gen 4 626 1196.843425448447 149.70965656432534 834.7365557570014 1392.2031848678869 
gen 5 754 1109.6405924322426 124.94328009371678 834.7365557570014 1291.2221032658877 
gen 6 892 1038.71355489679 85.98891995347603 834.7365557570014 1168.4692015944204 
gen 7 1050 990.6377891280777 73.16666521318415 807.2160388077598 1082.770084831704 
gen 8 1178 939.9147521613841 54.711529095340246 807.2160388077598 1022.1886548357761 
gen 9 1306 917.6606872478267 43.37567427811219 807.2160388077598 976.8344258613009 
gen 10 1434 894.8450312844774 39.616341065305924 801.6709923584558 944.0377666582186 
gen 11 1562 874.6282850145625 32.6180899469194 801.6709923584558 920.0751820362877 
gen 12 1690 858.3193553160529 30.04607745729015 794.6791355282709 900.7209916897684 
gen 13 1858 848.2278524481328 28.09144321189966 763.3530063805497 887.3591135094682 
gen 14 1986 833.2364736548508 25.2020088737867 763.3530063805497 868.215121690522 
gen 15 2154 823.0083745534096 22.864479548853847 737.4123029936045 853.0379476985456 
gen 16 2282 815.061856812923 20.92301329747449 737.4123029936045 842.7989078726007 
gen 17 2410 807.3163679489508 20.75262079910979 737.4123029936045 833.341822230835 
gen 18 2538 798.6606952077395 17.399653230344967 737.4123029936045 820.8679756752696 
gen 19 2666 791.908493719651 16.487167380128337 737.4123029936045 813.3141053818138 
gen 20 2834 780.24220569206 15.400827038703998 723.0629342396476 799.0304634808489 
gen 21 2962 772.5397529634297 13.941930852888273 723.0629342396476 793.4183983179341 
gen 22 3090 763.5625427820981 14.218194508994547 723.0629342396476 782.1991955707513 
gen 23 3218 756.0414372394991 14.888894618934524 721.2563460256318 772.6792993561792 
gen 24 3346 746.6097616130926 15.898760142118904 703.7761042080369 766.5279064455283 
gen 25 3474 738.3591631635786 13.244668889056532 703.7761042080369 757.2417727309207 
gen 26 3602 733.8539696433573 10.378337414729645 703.7761042080369 746.6426140383483 
gen 27 3730 727.656452411296 11.795643006159109 693.5295042308821 739.5893568335478 
gen 28 3858 721.5572158396694 11.934688567654623 688.806965190451 735.4780701199495 
gen 29 3986 714.6498051265675 10.81946573416652 686.4823122629938 730.5378139528867 
gen 30 4114 708.7739153060559 8.674051540724708 686.4823122629938 722.1510197196577 
gen 31 4242 701.677300344998 7.724438950554879 678.4377996534043 713.2131816362603 
gen 32 4380 694.2503155231822 6.879734854279098 675.6936099139334 703.4987659924412 
gen 33 4508 686.8292809219824 4.582102477476546 675.6936099139334 693.6235940336962 
gen 34 4636 681.8863606349635 3.351108358537875 675.6936099139334 686.4823122629938 
gen 35 4764 678.2118448677018 1.5037134706195192 674.9108842553068 682.5371289221791 
gen 36 4892 676.7744120810606 1.0857538243277023 674.9108842553068 677.9408563743234 
gen 37 5020 675.6813798255174 0.09707331738353168 674.9108842553068 675.6936099139334 
gen 38 5148 675.6813798255174 0.09707331738353168 674.9108842553068 675.6936099139334 
gen 39 5276 675.6691497371014 0.1361885008741905 674.9108842553068 675.6936099139334 
gen 40 5414 675.6691497371014 0.1361885008741905 674.9108842553068 675.6936099139334 
gen 41 5542 675.6691497371014 0.1361885008741905 674.9108842553068 675.6936099139334 
gen 42 5670 675.6446895602693 0.1894677150318894 674.9108842553068 675.6936099139334 
gen 43 5798 675.5957692066052 0.25886217968941794 674.9108842553068 675.6936099139334 
gen 44 5926 675.571309029773 0.2842015725478341 674.9108842553068 675.6936099139334 
gen 45 6054 675.5346187645248 0.314909934022979 674.9108842553068 675.6936099139334 
gen 46 6182 675.290016996204 0.3911716875049432 674.9108842553068 675.6936099139334 
gen 47 6310 674.9108842553068 0.0 674.9108842553068 674.9108842553068 
gen 48 6438 674.9108842553068 0.0 674.9108842553068 674.9108842553068 
gen 49 6566 674.9108842553068 0.0 674.9108842553068 674.9108842553068 
gen 50 6694 674.9108842553068 0.0 674.9108842553068 674.9108842553068 
gen 51 6822 674.9108842553068 0.0 674.9108842553068 674.9108842553068 
gen 52 6950 674.9108842553068 0.0 674.9108842553068 674.9108842553068 
gen 53 7078 674.9108842553068 0.0 674.9108842553068 674.9108842553068 
gen 54 7206 674.9108842553068 0.0 674.9108842553068 674.9108842553068 
gen 55 7334 674.9108842553068 0.0 674.9108842553068 674.9108842553068 
gen 56 7462 674.9108842553068 0.0 674.9108842553068 674.9108842553068 
gen 57 7600 674.9108842553068 0.0 674.9108842553068 674.9108842553068 
gen 58 7728 674.9108842553068 0.0 674.9108842553068 674.9108842553068 
gen 59 7856 674.9108842553068 0.0 674.9108842553068 674.9108842553068 
gen 60 7984 674.9108842553068 0.0 674.9108842553068 674.9108842553068 
gen 61 8112 674.9108842553068 0.0 674.9108842553068 674.9108842553068 
gen 62 8240 674.9108842553068 0.0 674.9108842553068 674.9108842553068 
gen 63 8368 674.9108842553068 0.0 674.9108842553068 674.9108842553068 
gen 64 8496 674.9108842553068 0.0 674.9108842553068 674.9108842553068 
gen 65 8634 674.9108842553068 0.0 674.9108842553068 674.9108842553068 
gen 66 8762 674.9108842553068 0.0 674.9108842553068 674.9108842553068 
gen 67 8890 674.9108842553068 0.0 674.9108842553068 674.9108842553068 
gen 68 9018 674.9108842553068 0.0 674.9108842553068 674.9108842553068 
gen 69 9156 674.9108842553068 0.0 674.9108842553068 674.9108842553068 
gen 70 9294 674.9108842553068 0.0 674.9108842553068 674.9108842553068 
gen 71 9422 674.9108842553068 0.0 674.9108842553068 674.9108842553068 
gen 72 9560 674.9108842553068 0.0 674.9108842553068 674.9108842553068 
gen 73 9688 674.9108842553068 0.0 674.9108842553068 674.9108842553068 
gen 74 9816 674.9108842553068 0.0 674.9108842553068 674.9108842553068 
gen 75 9944 674.9108842553068 0.0 674.9108842553068 674.9108842553068 
gen 76 10072 674.9108842553068 0.0 674.9108842553068 674.9108842553068 
gen 77 10210 674.9108842553068 0.0 674.9108842553068 674.9108842553068 
gen 78 10358 674.8710996593306 0.31578044089269597 672.3646701128293 674.9108842553068 
gen 79 10486 674.7915304673782 0.5381960387156476 672.3646701128293 674.9108842553068 
gen 80 10614 674.6721766794495 0.7421720142882009 672.3646701128293 674.9108842553068 
gen 81 10742 674.1549769317588 1.1633168252142922 672.3646701128293 674.9108842553068 
gen 82 10870 672.4044547088054 0.315780440892696 672.3646701128293 674.9108842553068 
gen 83 10998 672.3646701128292 1.1368683772161603e-13 672.3646701128293 672.3646701128293 
gen 84 11126 672.3646701128292 1.1368683772161603e-13 672.3646701128293 672.3646701128293 
gen 85 11254 672.3646701128292 1.1368683772161603e-13 672.3646701128293 672.3646701128293 
gen 86 11382 672.3646701128292 1.1368683772161603e-13 672.3646701128293 672.3646701128293 
gen 87 11510 672.3646701128292 1.1368683772161603e-13 672.3646701128293 672.3646701128293 
gen 88 11648 672.3646701128292 1.1368683772161603e-13 672.3646701128293 672.3646701128293 
gen 89 11776 672.3646701128292 1.1368683772161603e-13 672.3646701128293 672.3646701128293 
gen 90 11904 672.3646701128292 1.1368683772161603e-13 672.3646701128293 672.3646701128293 
gen 91 12032 672.3646701128292 1.1368683772161603e-13 672.3646701128293 672.3646701128293 
gen 92 12160 672.3646701128292 1.1368683772161603e-13 672.3646701128293 672.3646701128293 
gen 93 12288 672.3646701128292 1.1368683772161603e-13 672.3646701128293 672.3646701128293 
gen 94 12416 672.3646701128292 1.1368683772161603e-13 672.3646701128293 672.3646701128293 
gen 95 12544 672.3646701128292 1.1368683772161603e-13 672.3646701128293 672.3646701128293 
gen 96 12672 672.3646701128292 1.1368683772161603e-13 672.3646701128293 672.3646701128293 
gen 97 12810 672.3646701128292 1.1368683772161603e-13 672.3646701128293 672.3646701128293 
gen 98 12938 672.3646701128292 1.1368683772161603e-13 672.3646701128293 672.3646701128293 
gen 99 13076 672.3646701128292 1.1368683772161603e-13 672.3646701128293 672.3646701128293 
gen 100 13204 672.3646701128292 1.1368683772161603e-13 672.3646701128293 672.3646701128293 
gen 101 13332 672.3646701128292 1.1368683772161603e-13 672.3646701128293 672.3646701128293 
gen 102 13470 672.3646701128292 1.1368683772161603e-13 672.3646701128293 672.3646701128293 
gen 103 13598 672.3646701128292 1.1368683772161603e-13 672.3646701128293 672.3646701128293 
gen 104 13726 672.3646701128292 1.1368683772161603e-13 672.3646701128293 672.3646701128293 
gen 105 13854 672.3646701128292 1.1368683772161603e-13 672.3646701128293 672.3646701128293 
gen 106 13982 672.3646701128292 1.1368683772161603e-13 672.3646701128293 672.3646701128293 
gen 107 14110 672.3646701128292 1.1368683772161603e-13 672.3646701128293 672.3646701128293 
gen 108 14238 672.3646701128292 1.1368683772161603e-13 672.3646701128293 672.3646701128293 
gen 109 14376 672.3646701128292 1.1368683772161603e-13 672.3646701128293 672.3646701128293 
gen 110 14504 672.3646701128292 1.1368683772161603e-13 672.3646701128293 672.3646701128293 
gen 111 14642 672.3646701128292 1.1368683772161603e-13 672.3646701128293 672.3646701128293 
gen 112 14780 672.3646701128292 1.1368683772161603e-13 672.3646701128293 672.3646701128293 
gen 113 14908 672.3646701128292 1.1368683772161603e-13 672.3646701128293 672.3646701128293 
gen 114 15036 672.3646701128292 1.1368683772161603e-13 672.3646701128293 672.3646701128293 
gen 115 15164 672.3646701128292 1.1368683772161603e-13 672.3646701128293 672.3646701128293 
gen 116 15292 672.3646701128292 1.1368683772161603e-13 672.3646701128293 672.3646701128293 
gen 117 15420 672.3646701128292 1.1368683772161603e-13 672.3646701128293 672.3646701128293 
gen 118 15558 672.3646701128292 1.1368683772161603e-13 672.3646701128293 672.3646701128293 
gen 119 15686 672.3646701128292 1.1368683772161603e-13 672.3646701128293 672.3646701128293 
gen 120 15814 672.3646701128292 1.1368683772161603e-13 672.3646701128293 672.3646701128293 
gen 121 15942 672.3646701128292 1.1368683772161603e-13 672.3646701128293 672.3646701128293 
gen 122 16070 672.3646701128292 1.1368683772161603e-13 672.3646701128293 672.3646701128293 
gen 123 16208 672.3646701128292 1.1368683772161603e-13 672.3646701128293 672.3646701128293 
gen 124 16336 672.3646701128292 1.1368683772161603e-13 672.3646701128293 672.3646701128293 
gen 125 16464 672.3646701128292 1.1368683772161603e-13 672.3646701128293 672.3646701128293 
gen 126 16592 672.3646701128292 1.1368683772161603e-13 672.3646701128293 672.3646701128293 
gen 127 16720 672.3646701128292 1.1368683772161603e-13 672.3646701128293 672.3646701128293 
gen 128 16848 672.3646701128292 1.1368683772161603e-13 672.3646701128293 672.3646701128293 
gen 129 16976 672.3646701128292 1.1368683772161603e-13 672.3646701128293 672.3646701128293 
gen 130 17104 672.3646701128292 1.1368683772161603e-13 672.3646701128293 672.3646701128293 
gen 131 17232 672.3646701128292 1.1368683772161603e-13 672.3646701128293 672.3646701128293 
gen 132 17360 672.3646701128292 1.1368683772161603e-13 672.3646701128293 672.3646701128293 
gen 133 17488 672.3646701128292 1.1368683772161603e-13 672.3646701128293 672.3646701128293 
gen 134 17616 672.3646701128292 1.1368683772161603e-13 672.3646701128293 672.3646701128293 
gen 135 17744 672.3646701128292 1.1368683772161603e-13 672.3646701128293 672.3646701128293 
gen 136 17872 672.3646701128292 1.1368683772161603e-13 672.3646701128293 672.3646701128293 
gen 137 18000 672.3646701128292 1.1368683772161603e-13 672.3646701128293 672.3646701128293 
gen 138 18128 672.3646701128292 1.1368683772161603e-13 672.3646701128293 672.3646701128293 
gen 139 18266 672.3646701128292 1.1368683772161603e-13 672.3646701128293 672.3646701128293 
gen 140 18394 672.3646701128292 1.1368683772161603e-13 672.3646701128293 672.3646701128293 
gen 141 18522 672.3646701128292 1.1368683772161603e-13 672.3646701128293 672.3646701128293 
gen 142 18650 672.3646701128292 1.1368683772161603e-13 672.3646701128293 672.3646701128293 
gen 143 18778 672.3646701128292 1.1368683772161603e-13 672.3646701128293 672.3646701128293 
gen 144 18906 672.3646701128292 1.1368683772161603e-13 672.3646701128293 672.3646701128293 
gen 145 19034 672.3646701128292 1.1368683772161603e-13 672.3646701128293 672.3646701128293 
gen 146 19172 672.3646701128292 1.1368683772161603e-13 672.3646701128293 672.3646701128293 
gen 147 19300 672.3646701128292 1.1368683772161603e-13 672.3646701128293 672.3646701128293 
gen 148 19428 672.3646701128292 1.1368683772161603e-13 672.3646701128293 672.3646701128293 
gen 149 19556 672.3646701128292 1.1368683772161603e-13 672.3646701128293 672.3646701128293 
gen 150 19694 672.3646701128292 1.1368683772161603e-13 672.3646701128293 672.3646701128293 
gen 151 19822 672.3646701128292 1.1368683772161603e-13 672.3646701128293 672.3646701128293 
gen 152 19950 672.3646701128292 1.1368683772161603e-13 672.3646701128293 672.3646701128293 
gen 153 20088 672.3646701128292 1.1368683772161603e-13 672.3646701128293 672.3646701128293 
gen 154 20216 672.3646701128292 1.1368683772161603e-13 672.3646701128293 672.3646701128293 
gen 155 20354 672.3646701128292 1.1368683772161603e-13 672.3646701128293 672.3646701128293 
gen 156 20482 672.3646701128292 1.1368683772161603e-13 672.3646701128293 672.3646701128293 
gen 157 20610 672.3646701128292 1.1368683772161603e-13 672.3646701128293 672.3646701128293 
gen 158 20738 672.3646701128292 1.1368683772161603e-13 672.3646701128293 672.3646701128293 
gen 159 20866 672.3646701128292 1.1368683772161603e-13 672.3646701128293 672.3646701128293 
gen 160 20994 672.3646701128292 1.1368683772161603e-13 672.3646701128293 672.3646701128293 
gen 161 21122 672.3646701128292 1.1368683772161603e-13 672.3646701128293 672.3646701128293 
gen 162 21260 672.3646701128292 1.1368683772161603e-13 672.3646701128293 672.3646701128293 
gen 163 21388 672.3646701128292 1.1368683772161603e-13 672.3646701128293 672.3646701128293 
gen 164 21516 672.3646701128292 1.1368683772161603e-13 672.3646701128293 672.3646701128293 
gen 165 21654 672.3646701128292 1.1368683772161603e-13 672.3646701128293 672.3646701128293 
gen 166 21782 672.3646701128292 1.1368683772161603e-13 672.3646701128293 672.3646701128293 
gen 167 21930 672.3148663937909 0.3953047648243806 669.1772320943785 672.3646701128293 
gen 168 22058 672.3148663937909 0.3953047648243806 669.1772320943785 672.3646701128293 
gen 169 22186 672.2152589557143 0.6737322232892713 669.1772320943785 672.3646701128293 
gen 170 22324 672.165455236676 0.7715558976580315 669.1772320943785 672.3646701128293 
gen 171 22462 671.8666329224463 1.157333846487047 669.1772320943785 672.3646701128293 
gen 172 22590 671.2689882939867 1.5139019906724243 669.1772320943785 672.3646701128293 
gen 173 22718 669.5258581276464 0.9948285086325713 669.1772320943785 672.3646701128293 
gen 174 22846 669.1772320943784 1.1368683772161603e-13 669.1772320943785 669.1772320943785 
gen 175 22974 669.1772320943784 1.1368683772161603e-13 669.1772320943785 669.1772320943785 
gen 176 23112 669.1772320943784 1.1368683772161603e-13 669.1772320943785 669.1772320943785 
gen 177 23240 669.1772320943784 1.1368683772161603e-13 669.1772320943785 669.1772320943785 
gen 178 23368 669.1772320943784 1.1368683772161603e-13 669.1772320943785 669.1772320943785 
gen 179 23516 669.1253001403265 0.41219710655677116 665.8535870350578 669.1772320943785 
gen 180 23644 669.0733681862746 0.5782897661244353 665.8535870350578 669.1772320943785 
gen 181 23772 669.0733681862746 0.5782897661244353 665.8535870350578 669.1772320943785 
gen 182 23900 668.8137084160153 1.0373399697337597 665.8535870350578 669.1772320943785 
gen 183 24028 668.1905249673925 1.5185102282034075 665.8535870350578 669.1772320943785 
gen 184 24156 666.632566345836 1.407921152252746 665.8535870350578 669.1772320943785 
gen 185 24294 665.8535870350578 0.0 665.8535870350578 665.8535870350578 
gen 186 24422 665.8535870350578 0.0 665.8535870350578 665.8535870350578 
gen 187 24550 665.8535870350578 0.0 665.8535870350578 665.8535870350578 
gen 188 24678 665.8535870350578 0.0 665.8535870350578 665.8535870350578 
gen 189 24806 665.8535870350578 0.0 665.8535870350578 665.8535870350578 
gen 190 24934 665.8535870350578 0.0 665.8535870350578 665.8535870350578 
gen 191 25062 665.8535870350578 0.0 665.8535870350578 665.8535870350578 
gen 192 25190 665.8535870350578 0.0 665.8535870350578 665.8535870350578 
gen 193 25318 665.8535870350578 0.0 665.8535870350578 665.8535870350578 
gen 194 25446 665.8535870350578 0.0 665.8535870350578 665.8535870350578 
gen 195 25574 665.8535870350578 0.0 665.8535870350578 665.8535870350578 
gen 196 25702 665.8535870350578 0.0 665.8535870350578 665.8535870350578 
gen 197 25830 665.8535870350578 0.0 665.8535870350578 665.8535870350578 
gen 198 25958 665.8535870350578 0.0 665.8535870350578 665.8535870350578 
gen 199 26086 665.8535870350578 0.0 665.8535870350578 665.8535870350578 
gen 200 26224 665.8535870350578 0.0 665.8535870350578 665.8535870350578 
gen 201 26352 665.8535870350578 0.0 665.8535870350578 665.8535870350578 
gen 202 26480 665.8535870350578 0.0 665.8535870350578 665.8535870350578 
gen 203 26608 665.8535870350578 0.0 665.8535870350578 665.8535870350578 
gen 204 26736 665.8535870350578 0.0 665.8535870350578 665.8535870350578 
gen 205 26864 665.8535870350578 0.0 665.8535870350578 665.8535870350578 
gen 206 26992 665.8535870350578 0.0 665.8535870350578 665.8535870350578 
gen 207 27130 665.8535870350578 0.0 665.8535870350578 665.8535870350578 
gen 208 27258 665.8535870350578 0.0 665.8535870350578 665.8535870350578 
gen 209 27386 665.8535870350578 0.0 665.8535870350578 665.8535870350578 
gen 210 27514 665.8535870350578 0.0 665.8535870350578 665.8535870350578 
gen 211 27642 665.8535870350578 0.0 665.8535870350578 665.8535870350578 
gen 212 27770 665.8535870350578 0.0 665.8535870350578 665.8535870350578 
gen 213 27898 665.8535870350578 0.0 665.8535870350578 665.8535870350578 
gen 214 28026 665.8535870350578 0.0 665.8535870350578 665.8535870350578 
gen 215 28154 665.8535870350578 0.0 665.8535870350578 665.8535870350578 
gen 216 28292 665.8535870350578 0.0 665.8535870350578 665.8535870350578 
gen 217 28420 665.8535870350578 0.0 665.8535870350578 665.8535870350578 
gen 218 28558 665.8535870350578 0.0 665.8535870350578 665.8535870350578 
gen 219 28696 665.8535870350578 0.0 665.8535870350578 665.8535870350578 
gen 220 28824 665.8535870350578 0.0 665.8535870350578 665.8535870350578 
gen 221 28952 665.8535870350578 0.0 665.8535870350578 665.8535870350578 
gen 222 29090 665.8535870350578 0.0 665.8535870350578 665.8535870350578 
gen 223 29218 665.8535870350578 0.0 665.8535870350578 665.8535870350578 
gen 224 29346 665.8535870350578 0.0 665.8535870350578 665.8535870350578 
gen 225 29484 665.8535870350578 0.0 665.8535870350578 665.8535870350578 
gen 226 29612 665.8535870350578 0.0 665.8535870350578 665.8535870350578 
gen 227 29740 665.8535870350578 0.0 665.8535870350578 665.8535870350578 
gen 228 29868 665.8535870350578 0.0 665.8535870350578 665.8535870350578 
gen 229 29996 665.8535870350578 0.0 665.8535870350578 665.8535870350578 
gen 230 30124 665.8535870350578 0.0 665.8535870350578 665.8535870350578 
gen 231 30252 665.8535870350578 0.0 665.8535870350578 665.8535870350578 
gen 232 30380 665.8535870350578 0.0 665.8535870350578 665.8535870350578 
gen 233 30518 665.8535870350578 0.0 665.8535870350578 665.8535870350578 
gen 234 30646 665.8535870350578 0.0 665.8535870350578 665.8535870350578 
gen 235 30774 665.8535870350578 0.0 665.8535870350578 665.8535870350578 
gen 236 30912 665.8535870350578 0.0 665.8535870350578 665.8535870350578 
gen 237 31040 665.8535870350578 0.0 665.8535870350578 665.8535870350578 
gen 238 31168 665.8535870350578 0.0 665.8535870350578 665.8535870350578 
gen 239 31296 665.8535870350578 0.0 665.8535870350578 665.8535870350578 
gen 240 31424 665.8535870350578 0.0 665.8535870350578 665.8535870350578 
gen 241 31552 665.8535870350578 0.0 665.8535870350578 665.8535870350578 
gen 242 31680 665.8535870350578 0.0 665.8535870350578 665.8535870350578 
gen 243 31808 665.8535870350578 0.0 665.8535870350578 665.8535870350578 
gen 244 31936 665.8535870350578 0.0 665.8535870350578 665.8535870350578 
gen 245 32064 665.8535870350578 0.0 665.8535870350578 665.8535870350578 
gen 246 32192 665.8535870350578 0.0 665.8535870350578 665.8535870350578 
gen 247 32320 665.8535870350578 0.0 665.8535870350578 665.8535870350578 
gen 248 32448 665.8535870350578 0.0 665.8535870350578 665.8535870350578 
gen 249 32576 665.8535870350578 0.0 665.8535870350578 665.8535870350578 
gen 250 32704 665.8535870350578 0.0 665.8535870350578 665.8535870350578 
gen 251 32832 665.8535870350578 0.0 665.8535870350578 665.8535870350578 
gen 252 32960 665.8535870350578 0.0 665.8535870350578 665.8535870350578 
gen 253 33088 665.8535870350578 0.0 665.8535870350578 665.8535870350578 
gen 254 33216 665.8535870350578 0.0 665.8535870350578 665.8535870350578 
gen 255 33354 665.8535870350578 0.0 665.8535870350578 665.8535870350578 
gen 256 33482 665.8535870350578 0.0 665.8535870350578 665.8535870350578 
gen 257 33610 665.8535870350578 0.0 665.8535870350578 665.8535870350578 
gen 258 33738 665.8535870350578 0.0 665.8535870350578 665.8535870350578 
gen 259 33876 665.8535870350578 0.0 665.8535870350578 665.8535870350578 
gen 260 34004 665.8535870350578 0.0 665.8535870350578 665.8535870350578 
gen 261 34132 665.8535870350578 0.0 665.8535870350578 665.8535870350578 
gen 262 34260 665.8535870350578 0.0 665.8535870350578 665.8535870350578 
gen 263 34388 665.8535870350578 0.0 665.8535870350578 665.8535870350578 
gen 264 34526 665.8535870350578 0.0 665.8535870350578 665.8535870350578 
gen 265 34654 665.8535870350578 0.0 665.8535870350578 665.8535870350578 
gen 266 34782 665.8535870350578 0.0 665.8535870350578 665.8535870350578 
gen 267 34910 665.8535870350578 0.0 665.8535870350578 665.8535870350578 
gen 268 35048 665.8535870350578 0.0 665.8535870350578 665.8535870350578 
gen 269 35176 665.8535870350578 0.0 665.8535870350578 665.8535870350578 
gen 270 35304 665.8535870350578 0.0 665.8535870350578 665.8535870350578 
gen 271 35442 665.8535870350578 0.0 665.8535870350578 665.8535870350578 
gen 272 35580 665.8535870350578 0.0 665.8535870350578 665.8535870350578 
gen 273 35718 665.8535870350578 0.0 665.8535870350578 665.8535870350578 
gen 274 35846 665.8535870350578 0.0 665.8535870350578 665.8535870350578 
gen 275 35974 665.8535870350578 0.0 665.8535870350578 665.8535870350578 
gen 276 36102 665.8535870350578 0.0 665.8535870350578 665.8535870350578 
gen 277 36230 665.8535870350578 0.0 665.8535870350578 665.8535870350578 
gen 278 36358 665.8535870350578 0.0 665.8535870350578 665.8535870350578 
gen 279 36486 665.8535870350578 0.0 665.8535870350578 665.8535870350578 
gen 280 36614 665.8535870350578 0.0 665.8535870350578 665.8535870350578 
gen 281 36742 665.8535870350578 0.0 665.8535870350578 665.8535870350578 
gen 282 36880 665.8535870350578 0.0 665.8535870350578 665.8535870350578 
gen 283 37008 665.8535870350578 0.0 665.8535870350578 665.8535870350578 
gen 284 37136 665.8535870350578 0.0 665.8535870350578 665.8535870350578 
gen 285 37264 665.8535870350578 0.0 665.8535870350578 665.8535870350578 
gen 286 37392 665.8535870350578 0.0 665.8535870350578 665.8535870350578 
gen 287 37520 665.8535870350578 0.0 665.8535870350578 665.8535870350578 
gen 288 37648 665.8535870350578 0.0 665.8535870350578 665.8535870350578 
gen 289 37786 665.8535870350578 0.0 665.8535870350578 665.8535870350578 
gen 290 37914 665.8535870350578 0.0 665.8535870350578 665.8535870350578 
gen 291 38042 665.8535870350578 0.0 665.8535870350578 665.8535870350578 
gen 292 38170 665.8535870350578 0.0 665.8535870350578 665.8535870350578 
gen 293 38318 665.828167460241 0.20176162019347446 664.226734246793 665.8535870350578 
gen 294 38446 665.7519087357912 0.3937983597300519 664.226734246793 665.8535870350578 
gen 295 38584 665.5993912868914 0.5906975395950781 664.226734246793 665.8535870350578 
gen 296 38712 665.2435172394585 0.7875967194601039 664.226734246793 665.8535870350578 
gen 297 38850 664.226734246793 0.0 664.226734246793 664.226734246793 
gen 298 38978 664.226734246793 0.0 664.226734246793 664.226734246793 
gen 299 39106 664.226734246793 0.0 664.226734246793 664.226734246793 
gen 300 39234 664.226734246793 0.0 664.226734246793 664.226734246793 
gen 301 39362 664.226734246793 0.0 664.226734246793 664.226734246793 
gen 302 39500 664.226734246793 0.0 664.226734246793 664.226734246793 
gen 303 39628 664.226734246793 0.0 664.226734246793 664.226734246793 
gen 304 39766 664.226734246793 0.0 664.226734246793 664.226734246793 
gen 305 39904 664.226734246793 0.0 664.226734246793 664.226734246793 
gen 306 40032 664.226734246793 0.0 664.226734246793 664.226734246793 
gen 307 40160 664.226734246793 0.0 664.226734246793 664.226734246793 
gen 308 40288 664.226734246793 0.0 664.226734246793 664.226734246793 
gen 309 40416 664.226734246793 0.0 664.226734246793 664.226734246793 
gen 310 40544 664.226734246793 0.0 664.226734246793 664.226734246793 
gen 311 40672 664.226734246793 0.0 664.226734246793 664.226734246793 
gen 312 40810 664.226734246793 0.0 664.226734246793 664.226734246793 
gen 313 40938 664.226734246793 0.0 664.226734246793 664.226734246793 
gen 314 41066 664.226734246793 0.0 664.226734246793 664.226734246793 
gen 315 41194 664.226734246793 0.0 664.226734246793 664.226734246793 
gen 316 41322 664.226734246793 0.0 664.226734246793 664.226734246793 
gen 317 41450 664.226734246793 0.0 664.226734246793 664.226734246793 
gen 318 41588 664.226734246793 0.0 664.226734246793 664.226734246793 
gen 319 41716 664.226734246793 0.0 664.226734246793 664.226734246793 
gen 320 41854 664.226734246793 0.0 664.226734246793 664.226734246793 
gen 321 41982 664.226734246793 0.0 664.226734246793 664.226734246793 
gen 322 42120 664.226734246793 0.0 664.226734246793 664.226734246793 
gen 323 42248 664.226734246793 0.0 664.226734246793 664.226734246793 
gen 324 42376 664.226734246793 0.0 664.226734246793 664.226734246793 
gen 325 42514 664.226734246793 0.0 664.226734246793 664.226734246793 
gen 326 42642 664.226734246793 0.0 664.226734246793 664.226734246793 
gen 327 42770 664.226734246793 0.0 664.226734246793 664.226734246793 
gen 328 42898 664.226734246793 0.0 664.226734246793 664.226734246793 
gen 329 43026 664.226734246793 0.0 664.226734246793 664.226734246793 
gen 330 43154 664.226734246793 0.0 664.226734246793 664.226734246793 
gen 331 43282 664.226734246793 0.0 664.226734246793 664.226734246793 
gen 332 43410 664.226734246793 0.0 664.226734246793 664.226734246793 
gen 333 43538 664.226734246793 0.0 664.226734246793 664.226734246793 
gen 334 43676 664.226734246793 0.0 664.226734246793 664.226734246793 
gen 335 43814 664.226734246793 0.0 664.226734246793 664.226734246793 
gen 336 43942 664.226734246793 0.0 664.226734246793 664.226734246793 
gen 337 44070 664.226734246793 0.0 664.226734246793 664.226734246793 
gen 338 44198 664.226734246793 0.0 664.226734246793 664.226734246793 
gen 339 44326 664.226734246793 0.0 664.226734246793 664.226734246793 
gen 340 44464 664.226734246793 0.0 664.226734246793 664.226734246793 
gen 341 44592 664.226734246793 0.0 664.226734246793 664.226734246793 
gen 342 44720 664.226734246793 0.0 664.226734246793 664.226734246793 
gen 343 44848 664.226734246793 0.0 664.226734246793 664.226734246793 
[1, 0, 7, 6, 2, 5, 4, 3, 6, 3, 5, 2, 7, 0, 1, 4, 6, 3, 5, 2, 7, 4, 1, 0, 1, 5, 2, 3, 6, 0, 7, 4, 1, 0, 5, 2, 3, 7, 6, 4, 3, 5, 1, 2, 0, 7, 6, 4, 6, 1, 0, 7, 4, 3, 2, 5, 6, 3, 5, 7, 4, 1, 2, 0]
min  664.226734246793
NFE 44848
LSNFE 880
VLSNFE 23
runTime 143.98455786705017
