gen 0 64 1250000000002338.0 3307189138829854.5 991.9066716915426 1e+16 
gen 1 192 1654.1163604374256 263.8909558599093 991.9066716915426 2081.1678150307125 
gen 2 330 1466.8507271703152 186.46386560309392 962.779630641057 1714.925917312332 
gen 3 458 1348.104810726582 168.4700696205552 921.3490946468512 1548.4691252303273 
gen 4 586 1283.638933136695 149.27900308936577 921.3490946468512 1487.7054135777619 
gen 5 714 1200.2457837074815 134.97293592769927 921.3490946468512 1370.24047164168 
gen 6 842 1119.1212260597088 110.59926856769731 921.3490946468512 1302.4289770553812 
gen 7 970 1042.8265812685418 72.94993568358483 882.9617554891024 1159.7601271024873 
gen 8 1098 988.517671549474 58.88771257906231 846.2659427751901 1073.9631272231682 
gen 9 1226 963.6681174966634 48.36483440469534 846.2659427751901 1039.3113680980541 
gen 10 1424 934.7349502967843 41.43932407629064 775.7337363646654 994.4212274956072 
gen 11 1572 917.0611803254566 33.42909615892657 768.2074856508157 955.9919493643063 
gen 12 1700 907.2070973551687 31.655734310227174 768.2074856508157 945.8083964832913 
gen 13 1828 892.4474183654645 36.750318569333075 768.2074856508157 930.5826169577056 
gen 14 1956 878.5787404205073 34.236512211099075 768.2074856508157 919.9337477064635 
gen 15 2084 867.4918150468053 32.39345367575035 768.2074856508157 908.9378531603079 
gen 16 2262 855.6439873419503 31.234855872158317 729.7818888071379 889.8938902372437 
gen 17 2390 845.4471829652853 31.77041245576938 729.7818888071379 877.7872324811481 
gen 18 2518 838.8802017180359 28.95508210919843 729.7818888071379 869.9944636545993 
gen 19 2646 830.9055982339191 27.218827361150616 729.7818888071379 861.3393199094386 
gen 20 2774 827.2276184865543 25.710086696683366 729.7818888071379 855.9741974518067 
gen 21 2902 822.8318662134088 23.33174422952748 729.7818888071379 848.8791799562042 
gen 22 3030 817.720911655335 22.01252311146957 729.7818888071379 843.7808340256181 
gen 23 3158 812.1390228450309 22.31106128950428 729.7818888071379 838.3634408050146 
gen 24 3286 807.0541522149464 22.248397873801373 729.7818888071379 832.8888489077519 
gen 25 3414 801.7505280318273 21.05102008605779 729.7818888071379 827.2210262193411 
gen 26 3552 796.3502671745653 20.485661849177298 729.7818888071379 822.0522739203464 
gen 27 3690 789.8872592441372 20.5695738009087 729.7818888071379 814.8068400328659 
gen 28 3838 781.2458572487719 20.467437316887548 721.224665539844 804.9833961197199 
gen 29 3966 771.8308604912822 21.108694244044052 714.2867428013108 796.7176789264811 
gen 30 4104 759.8348797533208 18.24978905286836 714.2867428013108 783.2003997086337 
gen 31 4232 748.011395001758 13.827444150778845 714.2867428013108 767.6841470673337 
gen 32 4380 734.9208195052342 9.81558406381394 706.7871112186185 749.203552373223 
gen 33 4518 727.7638440702217 7.001436002141117 706.7871112186185 738.2006053122643 
gen 34 4646 722.9724105829082 5.615014365493746 706.7871112186185 730.6246802064481 
gen 35 4774 719.3615575494559 4.436862062516024 706.7871112186185 725.7058749358779 
gen 36 4902 715.8217149919797 3.541637776325688 705.4083429851238 720.5924840859279 
gen 37 5030 712.8195341980247 3.0517122774779195 705.4083429851238 717.2371062255074 
gen 38 5158 710.0158112752607 2.8688534656162332 704.9977957257129 714.1149451525481 
gen 39 5286 707.3527337168725 1.3360769680686562 703.3314679845489 709.3628891775677 
gen 40 5424 706.1085993790708 0.9684619094830851 703.3314679845489 707.3258520066961 
gen 41 5572 705.0137334096951 1.5922271505556216 692.8104561124051 705.5365365137905 
gen 42 5700 704.6311043027556 1.522007720728493 692.8104561124051 705.5365365137905 
gen 43 5828 704.2720737537489 1.611717046576912 692.8104561124051 704.6013176684844 
gen 44 5956 704.0481526729766 1.9310518372235441 692.8104561124051 704.6013176684844 
gen 45 6084 703.4541114014279 2.7026877907274716 692.8104561124051 704.6013176684844 
gen 46 6212 702.4206118845891 3.4049025404217814 692.3416763136272 704.6013176684844 
gen 47 6340 700.7042465243314 2.85734363549059 692.3416763136272 704.6013176684844 
gen 48 6478 699.1455012515461 3.091182082155781 692.3416763136272 701.4872705148615 
gen 49 6616 698.0109647404649 2.8570972014310914 692.3416763136272 701.4872705148615 
gen 50 6754 696.0456945065507 2.2690695949411976 688.471667932498 699.053704835858 
gen 51 6902 693.7128613014424 1.9206987145641146 683.636218325068 696.4984628062938 
gen 52 7030 692.9737861536346 1.466282440637638 683.636218325068 693.4488791541855 
gen 53 7158 692.6546666542106 1.619424092083793 683.636218325068 693.4488791541855 
gen 54 7286 692.1124419267292 1.7782213387027812 683.636218325068 693.4488791541855 
gen 55 7424 690.7854964035624 2.10801400144078 683.636218325068 692.3416763136272 
gen 56 7552 688.8142879105573 1.693210367931021 683.636218325068 691.1241008149415 
gen 57 7700 686.7472761647277 1.9514023058780405 682.4828198010766 689.0744708183246 
gen 58 7828 684.4149216598591 1.2686993984242727 680.3270479794473 686.2556724641875 
gen 59 7956 683.5359078637243 0.7208292185379743 679.8756742264081 684.0037351527712 
gen 60 8084 683.0353364557548 1.2251166310061568 679.8756742264081 683.636218325068 
gen 61 8212 682.1892189012436 1.5453309210112263 679.8756742264081 683.636218325068 
gen 62 8340 680.2706262603175 0.14927783736045308 679.8756742264081 680.3270479794473 
gen 63 8468 680.2353626858612 0.18159884912765026 679.8756742264081 680.3270479794473 
gen 64 8596 680.0943083880366 0.22557665093231064 679.8756742264081 680.3270479794473 
gen 65 8724 679.8756742264081 0.0 679.8756742264081 679.8756742264081 
gen 66 8852 679.8756742264081 0.0 679.8756742264081 679.8756742264081 
gen 67 8980 679.8756742264081 0.0 679.8756742264081 679.8756742264081 
gen 68 9108 679.8756742264081 0.0 679.8756742264081 679.8756742264081 
gen 69 9236 679.8756742264081 0.0 679.8756742264081 679.8756742264081 
gen 70 9364 679.8756742264081 0.0 679.8756742264081 679.8756742264081 
gen 71 9492 679.8756742264081 0.0 679.8756742264081 679.8756742264081 
gen 72 9620 679.8756742264081 0.0 679.8756742264081 679.8756742264081 
gen 73 9748 679.8756742264081 0.0 679.8756742264081 679.8756742264081 
gen 74 9876 679.8756742264081 0.0 679.8756742264081 679.8756742264081 
gen 75 10004 679.8756742264081 0.0 679.8756742264081 679.8756742264081 
gen 76 10142 679.8756742264081 0.0 679.8756742264081 679.8756742264081 
gen 77 10270 679.8756742264081 0.0 679.8756742264081 679.8756742264081 
gen 78 10398 679.8756742264081 0.0 679.8756742264081 679.8756742264081 
gen 79 10536 679.8756742264081 0.0 679.8756742264081 679.8756742264081 
gen 80 10674 679.8756742264081 0.0 679.8756742264081 679.8756742264081 
gen 81 10802 679.8756742264081 0.0 679.8756742264081 679.8756742264081 
gen 82 10930 679.8756742264081 0.0 679.8756742264081 679.8756742264081 
gen 83 11058 679.8756742264081 0.0 679.8756742264081 679.8756742264081 
gen 84 11196 679.8756742264081 0.0 679.8756742264081 679.8756742264081 
gen 85 11324 679.8756742264081 0.0 679.8756742264081 679.8756742264081 
gen 86 11452 679.8756742264081 0.0 679.8756742264081 679.8756742264081 
gen 87 11580 679.8756742264081 0.0 679.8756742264081 679.8756742264081 
gen 88 11708 679.8756742264081 0.0 679.8756742264081 679.8756742264081 
gen 89 11836 679.8756742264081 0.0 679.8756742264081 679.8756742264081 
gen 90 11964 679.8756742264081 0.0 679.8756742264081 679.8756742264081 
gen 91 12092 679.8756742264081 0.0 679.8756742264081 679.8756742264081 
gen 92 12230 679.8756742264081 0.0 679.8756742264081 679.8756742264081 
gen 93 12358 679.8756742264081 0.0 679.8756742264081 679.8756742264081 
gen 94 12486 679.8756742264081 0.0 679.8756742264081 679.8756742264081 
gen 95 12614 679.8756742264081 0.0 679.8756742264081 679.8756742264081 
gen 96 12742 679.8756742264081 0.0 679.8756742264081 679.8756742264081 
gen 97 12880 679.8756742264081 0.0 679.8756742264081 679.8756742264081 
gen 98 13018 679.8756742264081 0.0 679.8756742264081 679.8756742264081 
gen 99 13156 679.8756742264081 0.0 679.8756742264081 679.8756742264081 
gen 100 13284 679.8756742264081 0.0 679.8756742264081 679.8756742264081 
gen 101 13412 679.8756742264081 0.0 679.8756742264081 679.8756742264081 
gen 102 13540 679.8756742264081 0.0 679.8756742264081 679.8756742264081 
gen 103 13668 679.8756742264081 0.0 679.8756742264081 679.8756742264081 
gen 104 13806 679.8756742264081 0.0 679.8756742264081 679.8756742264081 
gen 105 13934 679.8756742264081 0.0 679.8756742264081 679.8756742264081 
gen 106 14062 679.8756742264081 0.0 679.8756742264081 679.8756742264081 
gen 107 14190 679.8756742264081 0.0 679.8756742264081 679.8756742264081 
gen 108 14318 679.8756742264081 0.0 679.8756742264081 679.8756742264081 
gen 109 14446 679.8756742264081 0.0 679.8756742264081 679.8756742264081 
gen 110 14574 679.8756742264081 0.0 679.8756742264081 679.8756742264081 
gen 111 14702 679.8756742264081 0.0 679.8756742264081 679.8756742264081 
gen 112 14830 679.8756742264081 0.0 679.8756742264081 679.8756742264081 
gen 113 14958 679.8756742264081 0.0 679.8756742264081 679.8756742264081 
gen 114 15086 679.8756742264081 0.0 679.8756742264081 679.8756742264081 
gen 115 15214 679.8756742264081 0.0 679.8756742264081 679.8756742264081 
gen 116 15352 679.8756742264081 0.0 679.8756742264081 679.8756742264081 
gen 117 15490 679.8756742264081 0.0 679.8756742264081 679.8756742264081 
gen 118 15618 679.8756742264081 0.0 679.8756742264081 679.8756742264081 
gen 119 15746 679.8756742264081 0.0 679.8756742264081 679.8756742264081 
gen 120 15884 679.8756742264081 0.0 679.8756742264081 679.8756742264081 
gen 121 16012 679.8756742264081 0.0 679.8756742264081 679.8756742264081 
gen 122 16140 679.8756742264081 0.0 679.8756742264081 679.8756742264081 
gen 123 16268 679.8756742264081 0.0 679.8756742264081 679.8756742264081 
gen 124 16396 679.8756742264081 0.0 679.8756742264081 679.8756742264081 
gen 125 16524 679.8756742264081 0.0 679.8756742264081 679.8756742264081 
gen 126 16652 679.8756742264081 0.0 679.8756742264081 679.8756742264081 
gen 127 16780 679.8756742264081 0.0 679.8756742264081 679.8756742264081 
gen 128 16918 679.8756742264081 0.0 679.8756742264081 679.8756742264081 
gen 129 17046 679.8756742264081 0.0 679.8756742264081 679.8756742264081 
gen 130 17174 679.8756742264081 0.0 679.8756742264081 679.8756742264081 
gen 131 17302 679.8756742264081 0.0 679.8756742264081 679.8756742264081 
gen 132 17430 679.8756742264081 0.0 679.8756742264081 679.8756742264081 
gen 133 17558 679.8756742264081 0.0 679.8756742264081 679.8756742264081 
gen 134 17686 679.8756742264081 0.0 679.8756742264081 679.8756742264081 
gen 135 17814 679.8756742264081 0.0 679.8756742264081 679.8756742264081 
gen 136 17942 679.8756742264081 0.0 679.8756742264081 679.8756742264081 
gen 137 18080 679.8756742264081 0.0 679.8756742264081 679.8756742264081 
gen 138 18218 679.8756742264081 0.0 679.8756742264081 679.8756742264081 
gen 139 18346 679.8756742264081 0.0 679.8756742264081 679.8756742264081 
gen 140 18474 679.8756742264081 0.0 679.8756742264081 679.8756742264081 
gen 141 18602 679.8756742264081 0.0 679.8756742264081 679.8756742264081 
gen 142 18730 679.8756742264081 0.0 679.8756742264081 679.8756742264081 
gen 143 18858 679.8756742264081 0.0 679.8756742264081 679.8756742264081 
gen 144 18986 679.8756742264081 0.0 679.8756742264081 679.8756742264081 
gen 145 19124 679.8756742264081 0.0 679.8756742264081 679.8756742264081 
gen 146 19262 679.8756742264081 0.0 679.8756742264081 679.8756742264081 
gen 147 19390 679.8756742264081 0.0 679.8756742264081 679.8756742264081 
gen 148 19518 679.8756742264081 0.0 679.8756742264081 679.8756742264081 
gen 149 19656 679.8756742264081 0.0 679.8756742264081 679.8756742264081 
gen 150 19794 679.8756742264081 0.0 679.8756742264081 679.8756742264081 
gen 151 19922 679.8756742264081 0.0 679.8756742264081 679.8756742264081 
gen 152 20050 679.8756742264081 0.0 679.8756742264081 679.8756742264081 
gen 153 20178 679.8756742264081 0.0 679.8756742264081 679.8756742264081 
gen 154 20306 679.8756742264081 0.0 679.8756742264081 679.8756742264081 
gen 155 20434 679.8756742264081 0.0 679.8756742264081 679.8756742264081 
gen 156 20562 679.8756742264081 0.0 679.8756742264081 679.8756742264081 
gen 157 20690 679.8756742264081 0.0 679.8756742264081 679.8756742264081 
gen 158 20828 679.8756742264081 0.0 679.8756742264081 679.8756742264081 
gen 159 20956 679.8756742264081 0.0 679.8756742264081 679.8756742264081 
gen 160 21094 679.8756742264081 0.0 679.8756742264081 679.8756742264081 
gen 161 21222 679.8756742264081 0.0 679.8756742264081 679.8756742264081 
gen 162 21350 679.8756742264081 0.0 679.8756742264081 679.8756742264081 
gen 163 21488 679.8756742264081 0.0 679.8756742264081 679.8756742264081 
gen 164 21616 679.8756742264081 0.0 679.8756742264081 679.8756742264081 
gen 165 21744 679.8756742264081 0.0 679.8756742264081 679.8756742264081 
gen 166 21872 679.8756742264081 0.0 679.8756742264081 679.8756742264081 
gen 167 22000 679.8756742264081 0.0 679.8756742264081 679.8756742264081 
gen 168 22128 679.8756742264081 0.0 679.8756742264081 679.8756742264081 
gen 169 22256 679.8756742264081 0.0 679.8756742264081 679.8756742264081 
gen 170 22384 679.8756742264081 0.0 679.8756742264081 679.8756742264081 
gen 171 22522 679.8756742264081 0.0 679.8756742264081 679.8756742264081 
gen 172 22650 679.8756742264081 0.0 679.8756742264081 679.8756742264081 
gen 173 22778 679.8756742264081 0.0 679.8756742264081 679.8756742264081 
gen 174 22906 679.8756742264081 0.0 679.8756742264081 679.8756742264081 
gen 175 23034 679.8756742264081 0.0 679.8756742264081 679.8756742264081 
gen 176 23162 679.8756742264081 0.0 679.8756742264081 679.8756742264081 
gen 177 23290 679.8756742264081 0.0 679.8756742264081 679.8756742264081 
gen 178 23418 679.8756742264081 0.0 679.8756742264081 679.8756742264081 
gen 179 23546 679.8756742264081 0.0 679.8756742264081 679.8756742264081 
gen 180 23684 679.8756742264081 0.0 679.8756742264081 679.8756742264081 
gen 181 23812 679.8756742264081 0.0 679.8756742264081 679.8756742264081 
gen 182 23940 679.8756742264081 0.0 679.8756742264081 679.8756742264081 
gen 183 24068 679.8756742264081 0.0 679.8756742264081 679.8756742264081 
gen 184 24196 679.8756742264081 0.0 679.8756742264081 679.8756742264081 
gen 185 24334 679.8756742264081 0.0 679.8756742264081 679.8756742264081 
gen 186 24462 679.8756742264081 0.0 679.8756742264081 679.8756742264081 
gen 187 24590 679.8756742264081 0.0 679.8756742264081 679.8756742264081 
gen 188 24728 679.8756742264081 0.0 679.8756742264081 679.8756742264081 
gen 189 24856 679.8756742264081 0.0 679.8756742264081 679.8756742264081 
gen 190 24984 679.8756742264081 0.0 679.8756742264081 679.8756742264081 
gen 191 25122 679.8756742264081 0.0 679.8756742264081 679.8756742264081 
gen 192 25250 679.8756742264081 0.0 679.8756742264081 679.8756742264081 
gen 193 25378 679.8756742264081 0.0 679.8756742264081 679.8756742264081 
gen 194 25516 679.8756742264081 0.0 679.8756742264081 679.8756742264081 
gen 195 25654 679.8756742264081 0.0 679.8756742264081 679.8756742264081 
gen 196 25782 679.8756742264081 0.0 679.8756742264081 679.8756742264081 
gen 197 25920 679.8756742264081 0.0 679.8756742264081 679.8756742264081 
gen 198 26048 679.8756742264081 0.0 679.8756742264081 679.8756742264081 
gen 199 26176 679.8756742264081 0.0 679.8756742264081 679.8756742264081 
gen 200 26304 679.8756742264081 0.0 679.8756742264081 679.8756742264081 
gen 201 26432 679.8756742264081 0.0 679.8756742264081 679.8756742264081 
gen 202 26570 679.8756742264081 0.0 679.8756742264081 679.8756742264081 
gen 203 26708 679.8756742264081 0.0 679.8756742264081 679.8756742264081 
gen 204 26836 679.8756742264081 0.0 679.8756742264081 679.8756742264081 
gen 205 26964 679.8756742264081 0.0 679.8756742264081 679.8756742264081 
gen 206 27092 679.8756742264081 0.0 679.8756742264081 679.8756742264081 
gen 207 27220 679.8756742264081 0.0 679.8756742264081 679.8756742264081 
gen 208 27348 679.8756742264081 0.0 679.8756742264081 679.8756742264081 
gen 209 27486 679.8756742264081 0.0 679.8756742264081 679.8756742264081 
gen 210 27624 679.8756742264081 0.0 679.8756742264081 679.8756742264081 
gen 211 27752 679.8756742264081 0.0 679.8756742264081 679.8756742264081 
gen 212 27880 679.8756742264081 0.0 679.8756742264081 679.8756742264081 
gen 213 28008 679.8756742264081 0.0 679.8756742264081 679.8756742264081 
gen 214 28136 679.8756742264081 0.0 679.8756742264081 679.8756742264081 
gen 215 28264 679.8756742264081 0.0 679.8756742264081 679.8756742264081 
gen 216 28412 679.8399643212006 0.28343858556255025 677.5902402931254 679.8756742264081 
gen 217 28540 679.804254415993 0.3976486752291961 677.5902402931254 679.8756742264081 
gen 218 28678 679.6971247003704 0.6133377636587046 677.5902402931254 679.8756742264081 
gen 219 28806 679.0900563118423 1.0854871408067996 677.5902402931254 679.8756742264081 
gen 220 28944 677.5902402931252 1.1368683772161603e-13 677.5902402931254 677.5902402931254 
gen 221 29082 677.5902402931252 1.1368683772161603e-13 677.5902402931254 677.5902402931254 
gen 222 29230 677.5627643503769 0.2180835346470648 675.8317799572349 677.5902402931254 
gen 223 29358 677.5352884076287 0.30595914973816435 675.8317799572349 677.5902402931254 
gen 224 29496 677.4253846366355 0.5125570657085191 675.8317799572349 677.5902402931254 
gen 225 29634 677.2605289801459 0.6863488298686983 675.8317799572349 677.5902402931254 
gen 226 29762 676.4912025831937 0.8513109494837778 675.8317799572349 677.5902402931254 
gen 227 29890 675.831779957235 1.1368683772161603e-13 675.8317799572349 675.8317799572349 
gen 228 30018 675.831779957235 1.1368683772161603e-13 675.8317799572349 675.8317799572349 
gen 229 30156 675.831779957235 1.1368683772161603e-13 675.8317799572349 675.8317799572349 
gen 230 30284 675.831779957235 1.1368683772161603e-13 675.8317799572349 675.8317799572349 
gen 231 30412 675.831779957235 1.1368683772161603e-13 675.8317799572349 675.8317799572349 
gen 232 30550 675.831779957235 1.1368683772161603e-13 675.8317799572349 675.8317799572349 
gen 233 30678 675.831779957235 1.1368683772161603e-13 675.8317799572349 675.8317799572349 
gen 234 30806 675.831779957235 1.1368683772161603e-13 675.8317799572349 675.8317799572349 
gen 235 30934 675.831779957235 1.1368683772161603e-13 675.8317799572349 675.8317799572349 
gen 236 31062 675.831779957235 1.1368683772161603e-13 675.8317799572349 675.8317799572349 
gen 237 31190 675.831779957235 1.1368683772161603e-13 675.8317799572349 675.8317799572349 
gen 238 31318 675.831779957235 1.1368683772161603e-13 675.8317799572349 675.8317799572349 
gen 239 31446 675.831779957235 1.1368683772161603e-13 675.8317799572349 675.8317799572349 
gen 240 31574 675.831779957235 1.1368683772161603e-13 675.8317799572349 675.8317799572349 
gen 241 31702 675.831779957235 1.1368683772161603e-13 675.8317799572349 675.8317799572349 
gen 242 31830 675.831779957235 1.1368683772161603e-13 675.8317799572349 675.8317799572349 
gen 243 31968 675.831779957235 1.1368683772161603e-13 675.8317799572349 675.8317799572349 
gen 244 32096 675.831779957235 1.1368683772161603e-13 675.8317799572349 675.8317799572349 
gen 245 32234 675.831779957235 1.1368683772161603e-13 675.8317799572349 675.8317799572349 
gen 246 32362 675.831779957235 1.1368683772161603e-13 675.8317799572349 675.8317799572349 
gen 247 32490 675.831779957235 1.1368683772161603e-13 675.8317799572349 675.8317799572349 
gen 248 32628 675.831779957235 1.1368683772161603e-13 675.8317799572349 675.8317799572349 
gen 249 32756 675.831779957235 1.1368683772161603e-13 675.8317799572349 675.8317799572349 
gen 250 32884 675.831779957235 1.1368683772161603e-13 675.8317799572349 675.8317799572349 
gen 251 33012 675.831779957235 1.1368683772161603e-13 675.8317799572349 675.8317799572349 
gen 252 33140 675.831779957235 1.1368683772161603e-13 675.8317799572349 675.8317799572349 
gen 253 33268 675.831779957235 1.1368683772161603e-13 675.8317799572349 675.8317799572349 
gen 254 33396 675.831779957235 1.1368683772161603e-13 675.8317799572349 675.8317799572349 
gen 255 33524 675.831779957235 1.1368683772161603e-13 675.8317799572349 675.8317799572349 
gen 256 33652 675.831779957235 1.1368683772161603e-13 675.8317799572349 675.8317799572349 
gen 257 33780 675.831779957235 1.1368683772161603e-13 675.8317799572349 675.8317799572349 
gen 258 33908 675.831779957235 1.1368683772161603e-13 675.8317799572349 675.8317799572349 
gen 259 34036 675.831779957235 1.1368683772161603e-13 675.8317799572349 675.8317799572349 
gen 260 34164 675.831779957235 1.1368683772161603e-13 675.8317799572349 675.8317799572349 
gen 261 34292 675.831779957235 1.1368683772161603e-13 675.8317799572349 675.8317799572349 
gen 262 34420 675.831779957235 1.1368683772161603e-13 675.8317799572349 675.8317799572349 
gen 263 34548 675.831779957235 1.1368683772161603e-13 675.8317799572349 675.8317799572349 
gen 264 34686 675.831779957235 1.1368683772161603e-13 675.8317799572349 675.8317799572349 
gen 265 34814 675.831779957235 1.1368683772161603e-13 675.8317799572349 675.8317799572349 
gen 266 34942 675.831779957235 1.1368683772161603e-13 675.8317799572349 675.8317799572349 
gen 267 35070 675.831779957235 1.1368683772161603e-13 675.8317799572349 675.8317799572349 
gen 268 35198 675.831779957235 1.1368683772161603e-13 675.8317799572349 675.8317799572349 
gen 269 35326 675.831779957235 1.1368683772161603e-13 675.8317799572349 675.8317799572349 
gen 270 35454 675.831779957235 1.1368683772161603e-13 675.8317799572349 675.8317799572349 
gen 271 35582 675.831779957235 1.1368683772161603e-13 675.8317799572349 675.8317799572349 
gen 272 35710 675.831779957235 1.1368683772161603e-13 675.8317799572349 675.8317799572349 
gen 273 35838 675.831779957235 1.1368683772161603e-13 675.8317799572349 675.8317799572349 
gen 274 35966 675.831779957235 1.1368683772161603e-13 675.8317799572349 675.8317799572349 
gen 275 36094 675.831779957235 1.1368683772161603e-13 675.8317799572349 675.8317799572349 
gen 276 36232 675.831779957235 1.1368683772161603e-13 675.8317799572349 675.8317799572349 
gen 277 36360 675.831779957235 1.1368683772161603e-13 675.8317799572349 675.8317799572349 
gen 278 36498 675.831779957235 1.1368683772161603e-13 675.8317799572349 675.8317799572349 
gen 279 36626 675.831779957235 1.1368683772161603e-13 675.8317799572349 675.8317799572349 
gen 280 36754 675.831779957235 1.1368683772161603e-13 675.8317799572349 675.8317799572349 
gen 281 36892 675.831779957235 1.1368683772161603e-13 675.8317799572349 675.8317799572349 
gen 282 37030 675.831779957235 1.1368683772161603e-13 675.8317799572349 675.8317799572349 
gen 283 37158 675.831779957235 1.1368683772161603e-13 675.8317799572349 675.8317799572349 
gen 284 37286 675.831779957235 1.1368683772161603e-13 675.8317799572349 675.8317799572349 
gen 285 37414 675.831779957235 1.1368683772161603e-13 675.8317799572349 675.8317799572349 
gen 286 37542 675.831779957235 1.1368683772161603e-13 675.8317799572349 675.8317799572349 
gen 287 37670 675.831779957235 1.1368683772161603e-13 675.8317799572349 675.8317799572349 
gen 288 37798 675.831779957235 1.1368683772161603e-13 675.8317799572349 675.8317799572349 
gen 289 37926 675.831779957235 1.1368683772161603e-13 675.8317799572349 675.8317799572349 
gen 290 38054 675.831779957235 1.1368683772161603e-13 675.8317799572349 675.8317799572349 
gen 291 38182 675.831779957235 1.1368683772161603e-13 675.8317799572349 675.8317799572349 
gen 292 38310 675.831779957235 1.1368683772161603e-13 675.8317799572349 675.8317799572349 
gen 293 38438 675.831779957235 1.1368683772161603e-13 675.8317799572349 675.8317799572349 
gen 294 38566 675.831779957235 1.1368683772161603e-13 675.8317799572349 675.8317799572349 
gen 295 38694 675.831779957235 1.1368683772161603e-13 675.8317799572349 675.8317799572349 
gen 296 38832 675.831779957235 1.1368683772161603e-13 675.8317799572349 675.8317799572349 
gen 297 38960 675.831779957235 1.1368683772161603e-13 675.8317799572349 675.8317799572349 
gen 298 39088 675.831779957235 1.1368683772161603e-13 675.8317799572349 675.8317799572349 
gen 299 39216 675.831779957235 1.1368683772161603e-13 675.8317799572349 675.8317799572349 
gen 300 39344 675.831779957235 1.1368683772161603e-13 675.8317799572349 675.8317799572349 
gen 301 39472 675.831779957235 1.1368683772161603e-13 675.8317799572349 675.8317799572349 
gen 302 39600 675.831779957235 1.1368683772161603e-13 675.8317799572349 675.8317799572349 
gen 303 39728 675.831779957235 1.1368683772161603e-13 675.8317799572349 675.8317799572349 
gen 304 39856 675.831779957235 1.1368683772161603e-13 675.8317799572349 675.8317799572349 
gen 305 39994 675.831779957235 1.1368683772161603e-13 675.8317799572349 675.8317799572349 
gen 306 40132 675.831779957235 1.1368683772161603e-13 675.8317799572349 675.8317799572349 
gen 307 40260 675.831779957235 1.1368683772161603e-13 675.8317799572349 675.8317799572349 
gen 308 40388 675.831779957235 1.1368683772161603e-13 675.8317799572349 675.8317799572349 
gen 309 40516 675.831779957235 1.1368683772161603e-13 675.8317799572349 675.8317799572349 
gen 310 40644 675.831779957235 1.1368683772161603e-13 675.8317799572349 675.8317799572349 
gen 311 40772 675.831779957235 1.1368683772161603e-13 675.8317799572349 675.8317799572349 
gen 312 40900 675.831779957235 1.1368683772161603e-13 675.8317799572349 675.8317799572349 
gen 313 41028 675.831779957235 1.1368683772161603e-13 675.8317799572349 675.8317799572349 
gen 314 41156 675.831779957235 1.1368683772161603e-13 675.8317799572349 675.8317799572349 
gen 315 41284 675.831779957235 1.1368683772161603e-13 675.8317799572349 675.8317799572349 
gen 316 41412 675.831779957235 1.1368683772161603e-13 675.8317799572349 675.8317799572349 
gen 317 41550 675.831779957235 1.1368683772161603e-13 675.8317799572349 675.8317799572349 
gen 318 41678 675.831779957235 1.1368683772161603e-13 675.8317799572349 675.8317799572349 
gen 319 41806 675.831779957235 1.1368683772161603e-13 675.8317799572349 675.8317799572349 
gen 320 41934 675.831779957235 1.1368683772161603e-13 675.8317799572349 675.8317799572349 
gen 321 42072 675.831779957235 1.1368683772161603e-13 675.8317799572349 675.8317799572349 
gen 322 42210 675.831779957235 1.1368683772161603e-13 675.8317799572349 675.8317799572349 
gen 323 42338 675.831779957235 1.1368683772161603e-13 675.8317799572349 675.8317799572349 
gen 324 42466 675.831779957235 1.1368683772161603e-13 675.8317799572349 675.8317799572349 
gen 325 42604 675.831779957235 1.1368683772161603e-13 675.8317799572349 675.8317799572349 
gen 326 42742 675.831779957235 1.1368683772161603e-13 675.8317799572349 675.8317799572349 
gen 327 42870 675.831779957235 1.1368683772161603e-13 675.8317799572349 675.8317799572349 
gen 328 43008 675.831779957235 1.1368683772161603e-13 675.8317799572349 675.8317799572349 
gen 329 43136 675.831779957235 1.1368683772161603e-13 675.8317799572349 675.8317799572349 
gen 330 43264 675.831779957235 1.1368683772161603e-13 675.8317799572349 675.8317799572349 
gen 331 43392 675.831779957235 1.1368683772161603e-13 675.8317799572349 675.8317799572349 
gen 332 43520 675.831779957235 1.1368683772161603e-13 675.8317799572349 675.8317799572349 
gen 333 43648 675.831779957235 1.1368683772161603e-13 675.8317799572349 675.8317799572349 
gen 334 43776 675.831779957235 1.1368683772161603e-13 675.8317799572349 675.8317799572349 
gen 335 43904 675.831779957235 1.1368683772161603e-13 675.8317799572349 675.8317799572349 
gen 336 44042 675.831779957235 1.1368683772161603e-13 675.8317799572349 675.8317799572349 
gen 337 44180 675.831779957235 1.1368683772161603e-13 675.8317799572349 675.8317799572349 
gen 338 44308 675.831779957235 1.1368683772161603e-13 675.8317799572349 675.8317799572349 
gen 339 44436 675.831779957235 1.1368683772161603e-13 675.8317799572349 675.8317799572349 
gen 340 44564 675.831779957235 1.1368683772161603e-13 675.8317799572349 675.8317799572349 
gen 341 44692 675.831779957235 1.1368683772161603e-13 675.8317799572349 675.8317799572349 
gen 342 44830 675.831779957235 1.1368683772161603e-13 675.8317799572349 675.8317799572349 
[1, 0, 7, 5, 2, 6, 4, 3, 6, 7, 5, 0, 2, 1, 3, 4, 1, 0, 4, 6, 5, 7, 2, 3, 6, 1, 0, 4, 5, 7, 2, 3, 1, 0, 4, 7, 5, 2, 3, 6, 1, 7, 5, 4, 0, 2, 3, 6, 6, 0, 4, 5, 7, 1, 2, 3, 6, 7, 1, 0, 5, 2, 3, 4]
min  675.8317799572349
NFE 44830
LSNFE 990
VLSNFE 22
runTime 100.1582772731781
