gen 0 64 1562500000002183.5 3630921887068513.5 1142.5425135002681 1e+16 
gen 1 192 1666.6743115196864 252.98792663971162 987.2001359203518 2035.6056381957983 
gen 2 320 1477.9537333474475 178.9596894960731 987.2001359203518 1734.3833559606298 
gen 3 448 1394.0976367281564 158.36253398753672 937.7045367941275 1572.2855350610496 
gen 4 576 1308.3214665164928 146.91581892222092 937.7045367941275 1490.7756025841416 
gen 5 704 1221.5004406943422 128.35002225996368 894.8392068875318 1384.5488278912703 
gen 6 832 1168.8755417114198 114.76704814321194 886.7427314983582 1332.5123979246064 
gen 7 960 1090.5955335421895 98.0035092379886 886.7427314983582 1228.4915404197377 
gen 8 1088 1034.126860551341 90.55690139476347 814.1205608715388 1150.0856123095418 
gen 9 1216 971.4992517392482 73.64062250541993 814.1205608715388 1081.8672108742082 
gen 10 1344 933.0637731581229 52.278029036627274 814.1205608715388 1014.2333981218161 
gen 11 1472 911.8225912351706 43.66940437855807 814.1205608715388 974.8805564851582 
gen 12 1600 896.1577382114792 37.33845443275631 814.1205608715388 945.5694221352787 
gen 13 1738 887.4806651188057 33.69952719291531 814.1205608715388 935.415073404631 
gen 14 1866 875.8561019736329 31.016917311487582 784.9133002259425 916.6607611287989 
gen 15 1994 867.6024294911639 27.68975048662464 784.9133002259425 901.9478586567561 
gen 16 2122 859.2986259755573 26.522042912265714 773.5297921098813 892.7065391208486 
gen 17 2260 853.3690543141872 24.212656310401375 773.5297921098813 883.2682452873441 
gen 18 2388 846.7905926733571 25.690821835867784 752.8587240210475 875.0998667634088 
gen 19 2516 837.2203161762569 23.748268350753825 752.8587240210475 866.2968090907473 
gen 20 2644 829.2913605689721 21.108832788033734 752.8587240210475 854.7713767590517 
gen 21 2772 813.4252773683419 21.805003758264014 751.2078941481465 839.5727310117563 
gen 22 2920 805.1687623174391 19.86893034583413 742.2150785701962 831.2756816714073 
gen 23 3048 794.2756906862815 16.195240386521412 742.2150785701962 812.7232652413172 
gen 24 3176 784.6635968497362 15.227542121645087 742.2150785701962 803.8420974670565 
gen 25 3324 777.1373290810236 13.098616634776402 735.0086734626826 791.7013610007878 
gen 26 3452 772.5998854401125 13.267384617966764 735.0086734626826 786.919881227202 
gen 27 3580 758.8489254465431 11.298918186617433 725.2927755783879 776.3442978811086 
gen 28 3708 746.2844569157196 8.853427166860937 725.2927755783879 759.4903576667728 
gen 29 3866 736.6702787894973 6.062792920823559 715.1645339926911 743.3285017841525 
gen 30 3994 731.873617232146 4.248905352149988 715.1645339926911 737.3876568257473 
gen 31 4122 727.9705839969829 3.163584360332506 715.1645339926911 732.752556834792 
gen 32 4250 725.0702047258598 2.4888007030893067 715.1645339926911 728.4048219885785 
gen 33 4378 723.2559499148892 2.3367858717278254 714.3590266753351 725.2927755783879 
gen 34 4506 721.4261001856914 2.686586493771435 711.871257691736 723.1296454710204 
gen 35 4644 720.3802438084595 2.941144855174947 711.871257691736 722.9934768992507 
gen 36 4772 718.1697857066727 2.4812238508021425 711.871257691736 721.0561054891057 
gen 37 4900 715.6236548694437 1.4089685356313233 711.871257691736 719.0316228386295 
gen 38 5028 714.5005426722835 1.1872085784386104 708.9966798168649 715.1645339926911 
gen 39 5156 713.8770038157991 1.3190683945116082 708.9966798168649 715.1645339926911 
gen 40 5284 712.4574528884441 0.5002789633115776 708.9966798168649 713.4881640872268 
gen 41 5432 712.3813310407061 0.6641478935441119 707.3586943526086 712.526589449543 
gen 42 5560 712.3608519232746 0.6694356714786301 707.3586943526086 712.526589449543 
gen 43 5688 712.267214813709 0.7918445937436102 707.3586943526086 712.526589449543 
gen 44 5816 711.8342699012837 1.273663727434645 707.3586943526086 712.526589449543 
gen 45 5944 711.2964915326402 1.4977432524275185 707.3586943526086 712.526589449543 
gen 46 6072 710.1101336488936 1.3863045286060904 707.3586943526086 711.871257691736 
gen 47 6210 708.8870750680301 0.823369864436054 707.3586943526086 710.0170035836989 
gen 48 6338 708.170776999676 0.8146729151525658 707.3279538333225 708.9966798168649 
gen 49 6476 707.3577337113811 0.0053486239930107425 707.3279538333225 707.3586943526086 
gen 50 6614 707.3572533907673 0.006497656827784812 707.3279538333225 707.3586943526086 
gen 51 6742 707.354851787698 0.010166471150518925 707.3279538333225 707.3586943526086 
gen 52 6880 707.3457256960348 0.015181475033522941 707.3279538333225 707.3586943526086 
gen 53 7018 707.3279538333226 1.1368683772161603e-13 707.3279538333225 707.3279538333225 
gen 54 7146 707.3279538333226 1.1368683772161603e-13 707.3279538333225 707.3279538333225 
gen 55 7274 707.3279538333226 1.1368683772161603e-13 707.3279538333225 707.3279538333225 
gen 56 7402 707.3279538333226 1.1368683772161603e-13 707.3279538333225 707.3279538333225 
gen 57 7530 707.3279538333226 1.1368683772161603e-13 707.3279538333225 707.3279538333225 
gen 58 7658 707.3279538333226 1.1368683772161603e-13 707.3279538333225 707.3279538333225 
gen 59 7786 707.3279538333226 1.1368683772161603e-13 707.3279538333225 707.3279538333225 
gen 60 7914 707.3279538333226 1.1368683772161603e-13 707.3279538333225 707.3279538333225 
gen 61 8042 707.3279538333226 1.1368683772161603e-13 707.3279538333225 707.3279538333225 
gen 62 8170 707.3279538333226 1.1368683772161603e-13 707.3279538333225 707.3279538333225 
gen 63 8298 707.3279538333226 1.1368683772161603e-13 707.3279538333225 707.3279538333225 
gen 64 8426 707.3279538333226 1.1368683772161603e-13 707.3279538333225 707.3279538333225 
gen 65 8564 707.3279538333226 1.1368683772161603e-13 707.3279538333225 707.3279538333225 
gen 66 8692 707.3279538333226 1.1368683772161603e-13 707.3279538333225 707.3279538333225 
gen 67 8820 707.3279538333226 1.1368683772161603e-13 707.3279538333225 707.3279538333225 
gen 68 8948 707.3279538333226 1.1368683772161603e-13 707.3279538333225 707.3279538333225 
gen 69 9076 707.3279538333226 1.1368683772161603e-13 707.3279538333225 707.3279538333225 
gen 70 9214 707.3279538333226 1.1368683772161603e-13 707.3279538333225 707.3279538333225 
gen 71 9342 707.3279538333226 1.1368683772161603e-13 707.3279538333225 707.3279538333225 
gen 72 9470 707.3279538333226 1.1368683772161603e-13 707.3279538333225 707.3279538333225 
gen 73 9598 707.3279538333226 1.1368683772161603e-13 707.3279538333225 707.3279538333225 
gen 74 9726 707.3279538333226 1.1368683772161603e-13 707.3279538333225 707.3279538333225 
gen 75 9854 707.3279538333226 1.1368683772161603e-13 707.3279538333225 707.3279538333225 
gen 76 9982 707.3279538333226 1.1368683772161603e-13 707.3279538333225 707.3279538333225 
gen 77 10110 707.3279538333226 1.1368683772161603e-13 707.3279538333225 707.3279538333225 
gen 78 10238 707.3279538333226 1.1368683772161603e-13 707.3279538333225 707.3279538333225 
gen 79 10366 707.3279538333226 1.1368683772161603e-13 707.3279538333225 707.3279538333225 
gen 80 10504 707.3279538333226 1.1368683772161603e-13 707.3279538333225 707.3279538333225 
gen 81 10632 707.3279538333226 1.1368683772161603e-13 707.3279538333225 707.3279538333225 
gen 82 10760 707.3279538333226 1.1368683772161603e-13 707.3279538333225 707.3279538333225 
gen 83 10888 707.3279538333226 1.1368683772161603e-13 707.3279538333225 707.3279538333225 
gen 84 11026 707.3279538333226 1.1368683772161603e-13 707.3279538333225 707.3279538333225 
gen 85 11154 707.3279538333226 1.1368683772161603e-13 707.3279538333225 707.3279538333225 
gen 86 11282 707.3279538333226 1.1368683772161603e-13 707.3279538333225 707.3279538333225 
gen 87 11420 707.3279538333226 1.1368683772161603e-13 707.3279538333225 707.3279538333225 
gen 88 11548 707.3279538333226 1.1368683772161603e-13 707.3279538333225 707.3279538333225 
gen 89 11676 707.3279538333226 1.1368683772161603e-13 707.3279538333225 707.3279538333225 
gen 90 11804 707.3279538333226 1.1368683772161603e-13 707.3279538333225 707.3279538333225 
gen 91 11932 707.3279538333226 1.1368683772161603e-13 707.3279538333225 707.3279538333225 
gen 92 12060 707.3279538333226 1.1368683772161603e-13 707.3279538333225 707.3279538333225 
gen 93 12188 707.3279538333226 1.1368683772161603e-13 707.3279538333225 707.3279538333225 
gen 94 12326 707.3279538333226 1.1368683772161603e-13 707.3279538333225 707.3279538333225 
gen 95 12454 707.3279538333226 1.1368683772161603e-13 707.3279538333225 707.3279538333225 
gen 96 12582 707.3279538333226 1.1368683772161603e-13 707.3279538333225 707.3279538333225 
gen 97 12720 707.3279538333226 1.1368683772161603e-13 707.3279538333225 707.3279538333225 
gen 98 12848 707.3279538333226 1.1368683772161603e-13 707.3279538333225 707.3279538333225 
gen 99 12986 707.3279538333226 1.1368683772161603e-13 707.3279538333225 707.3279538333225 
gen 100 13114 707.3279538333226 1.1368683772161603e-13 707.3279538333225 707.3279538333225 
gen 101 13242 707.3279538333226 1.1368683772161603e-13 707.3279538333225 707.3279538333225 
gen 102 13380 707.3279538333226 1.1368683772161603e-13 707.3279538333225 707.3279538333225 
gen 103 13508 707.3279538333226 1.1368683772161603e-13 707.3279538333225 707.3279538333225 
gen 104 13636 707.3279538333226 1.1368683772161603e-13 707.3279538333225 707.3279538333225 
gen 105 13774 707.3279538333226 1.1368683772161603e-13 707.3279538333225 707.3279538333225 
gen 106 13902 707.3279538333226 1.1368683772161603e-13 707.3279538333225 707.3279538333225 
gen 107 14030 707.3279538333226 1.1368683772161603e-13 707.3279538333225 707.3279538333225 
gen 108 14158 707.3279538333226 1.1368683772161603e-13 707.3279538333225 707.3279538333225 
gen 109 14286 707.3279538333226 1.1368683772161603e-13 707.3279538333225 707.3279538333225 
gen 110 14414 707.3279538333226 1.1368683772161603e-13 707.3279538333225 707.3279538333225 
gen 111 14542 707.3279538333226 1.1368683772161603e-13 707.3279538333225 707.3279538333225 
gen 112 14670 707.3279538333226 1.1368683772161603e-13 707.3279538333225 707.3279538333225 
gen 113 14808 707.3279538333226 1.1368683772161603e-13 707.3279538333225 707.3279538333225 
gen 114 14936 707.3279538333226 1.1368683772161603e-13 707.3279538333225 707.3279538333225 
gen 115 15074 707.3279538333226 1.1368683772161603e-13 707.3279538333225 707.3279538333225 
gen 116 15202 707.3279538333226 1.1368683772161603e-13 707.3279538333225 707.3279538333225 
gen 117 15350 707.2695256430184 0.46375938330171657 703.5885496538511 707.3279538333225 
gen 118 15478 707.0942410721057 0.9051656319894242 703.5885496538511 707.3279538333225 
gen 119 15606 706.7436719302801 1.357748447984136 703.5885496538511 707.3279538333225 
gen 120 15734 705.8088208854123 1.8365421806105213 703.5885496538511 707.3279538333225 
gen 121 15872 703.5885496538511 0.0 703.5885496538511 703.5885496538511 
gen 122 16000 703.5885496538511 0.0 703.5885496538511 703.5885496538511 
gen 123 16128 703.5885496538511 0.0 703.5885496538511 703.5885496538511 
gen 124 16266 703.5885496538511 0.0 703.5885496538511 703.5885496538511 
gen 125 16394 703.5885496538511 0.0 703.5885496538511 703.5885496538511 
gen 126 16522 703.5885496538511 0.0 703.5885496538511 703.5885496538511 
gen 127 16650 703.5885496538511 0.0 703.5885496538511 703.5885496538511 
gen 128 16778 703.5885496538511 0.0 703.5885496538511 703.5885496538511 
gen 129 16906 703.5885496538511 0.0 703.5885496538511 703.5885496538511 
gen 130 17034 703.5885496538511 0.0 703.5885496538511 703.5885496538511 
gen 131 17162 703.5885496538511 0.0 703.5885496538511 703.5885496538511 
gen 132 17290 703.5885496538511 0.0 703.5885496538511 703.5885496538511 
gen 133 17418 703.5885496538511 0.0 703.5885496538511 703.5885496538511 
gen 134 17546 703.5885496538511 0.0 703.5885496538511 703.5885496538511 
gen 135 17674 703.5885496538511 0.0 703.5885496538511 703.5885496538511 
gen 136 17802 703.5885496538511 0.0 703.5885496538511 703.5885496538511 
gen 137 17930 703.5885496538511 0.0 703.5885496538511 703.5885496538511 
gen 138 18058 703.5885496538511 0.0 703.5885496538511 703.5885496538511 
gen 139 18186 703.5885496538511 0.0 703.5885496538511 703.5885496538511 
gen 140 18314 703.5885496538511 0.0 703.5885496538511 703.5885496538511 
gen 141 18442 703.5885496538511 0.0 703.5885496538511 703.5885496538511 
gen 142 18570 703.5885496538511 0.0 703.5885496538511 703.5885496538511 
gen 143 18698 703.5885496538511 0.0 703.5885496538511 703.5885496538511 
gen 144 18836 703.5885496538511 0.0 703.5885496538511 703.5885496538511 
gen 145 18964 703.5885496538511 0.0 703.5885496538511 703.5885496538511 
gen 146 19092 703.5885496538511 0.0 703.5885496538511 703.5885496538511 
gen 147 19220 703.5885496538511 0.0 703.5885496538511 703.5885496538511 
gen 148 19348 703.5885496538511 0.0 703.5885496538511 703.5885496538511 
gen 149 19476 703.5885496538511 0.0 703.5885496538511 703.5885496538511 
gen 150 19614 703.5885496538511 0.0 703.5885496538511 703.5885496538511 
gen 151 19742 703.5885496538511 0.0 703.5885496538511 703.5885496538511 
gen 152 19890 703.5218868207044 0.5291198345917039 699.3221283324606 703.5885496538511 
gen 153 20018 703.5218868207044 0.5291198345917039 699.3221283324606 703.5885496538511 
gen 154 20146 703.4552239875577 0.7423258934392678 699.3221283324606 703.5885496538511 
gen 155 20274 703.2552354881175 1.144971759620643 699.3221283324606 703.5885496538511 
gen 156 20402 702.3219558240634 1.9492467753704044 699.3221283324606 703.5885496538511 
gen 157 20530 699.3221283324606 0.0 699.3221283324606 699.3221283324606 
gen 158 20678 699.2691463494666 0.42053145290734806 695.9312814208461 699.3221283324606 
gen 159 20806 699.2691463494666 0.42053145290734806 695.9312814208461 699.3221283324606 
gen 160 20934 699.2161643664726 0.5899823935718609 695.9312814208461 699.3221283324606 
gen 161 21062 698.8982724685086 1.1214172077529283 695.9312814208461 699.3221283324606 
gen 162 21190 697.9445967746171 1.6653544474706763 695.9312814208461 699.3221283324606 
gen 163 21318 695.9312814208461 0.0 695.9312814208461 695.9312814208461 
gen 164 21446 695.9312814208461 0.0 695.9312814208461 695.9312814208461 
gen 165 21574 695.9312814208461 0.0 695.9312814208461 695.9312814208461 
gen 166 21702 695.9312814208461 0.0 695.9312814208461 695.9312814208461 
gen 167 21830 695.9312814208461 0.0 695.9312814208461 695.9312814208461 
gen 168 21958 695.9312814208461 0.0 695.9312814208461 695.9312814208461 
gen 169 22086 695.9312814208461 0.0 695.9312814208461 695.9312814208461 
gen 170 22214 695.9312814208461 0.0 695.9312814208461 695.9312814208461 
gen 171 22342 695.9312814208461 0.0 695.9312814208461 695.9312814208461 
gen 172 22470 695.9312814208461 0.0 695.9312814208461 695.9312814208461 
gen 173 22598 695.9312814208461 0.0 695.9312814208461 695.9312814208461 
gen 174 22726 695.9312814208461 0.0 695.9312814208461 695.9312814208461 
gen 175 22854 695.9312814208461 0.0 695.9312814208461 695.9312814208461 
gen 176 22992 695.9312814208461 0.0 695.9312814208461 695.9312814208461 
gen 177 23120 695.9312814208461 0.0 695.9312814208461 695.9312814208461 
gen 178 23248 695.9312814208461 0.0 695.9312814208461 695.9312814208461 
gen 179 23376 695.9312814208461 0.0 695.9312814208461 695.9312814208461 
gen 180 23504 695.9312814208461 0.0 695.9312814208461 695.9312814208461 
gen 181 23632 695.9312814208461 0.0 695.9312814208461 695.9312814208461 
gen 182 23770 695.9312814208461 0.0 695.9312814208461 695.9312814208461 
gen 183 23898 695.9312814208461 0.0 695.9312814208461 695.9312814208461 
gen 184 24026 695.9312814208461 0.0 695.9312814208461 695.9312814208461 
gen 185 24154 695.9312814208461 0.0 695.9312814208461 695.9312814208461 
gen 186 24282 695.9312814208461 0.0 695.9312814208461 695.9312814208461 
gen 187 24410 695.9312814208461 0.0 695.9312814208461 695.9312814208461 
gen 188 24538 695.9312814208461 0.0 695.9312814208461 695.9312814208461 
gen 189 24666 695.9312814208461 0.0 695.9312814208461 695.9312814208461 
gen 190 24794 695.9312814208461 0.0 695.9312814208461 695.9312814208461 
gen 191 24922 695.9312814208461 0.0 695.9312814208461 695.9312814208461 
gen 192 25050 695.9312814208461 0.0 695.9312814208461 695.9312814208461 
gen 193 25178 695.9312814208461 0.0 695.9312814208461 695.9312814208461 
gen 194 25306 695.9312814208461 0.0 695.9312814208461 695.9312814208461 
gen 195 25434 695.9312814208461 0.0 695.9312814208461 695.9312814208461 
gen 196 25562 695.9312814208461 0.0 695.9312814208461 695.9312814208461 
gen 197 25700 695.9312814208461 0.0 695.9312814208461 695.9312814208461 
gen 198 25838 695.9312814208461 0.0 695.9312814208461 695.9312814208461 
gen 199 25966 695.9312814208461 0.0 695.9312814208461 695.9312814208461 
gen 200 26094 695.9312814208461 0.0 695.9312814208461 695.9312814208461 
gen 201 26222 695.9312814208461 0.0 695.9312814208461 695.9312814208461 
gen 202 26350 695.9312814208461 0.0 695.9312814208461 695.9312814208461 
gen 203 26478 695.9312814208461 0.0 695.9312814208461 695.9312814208461 
gen 204 26606 695.9312814208461 0.0 695.9312814208461 695.9312814208461 
gen 205 26734 695.9312814208461 0.0 695.9312814208461 695.9312814208461 
gen 206 26862 695.9312814208461 0.0 695.9312814208461 695.9312814208461 
gen 207 26990 695.9312814208461 0.0 695.9312814208461 695.9312814208461 
gen 208 27128 695.9312814208461 0.0 695.9312814208461 695.9312814208461 
gen 209 27256 695.9312814208461 0.0 695.9312814208461 695.9312814208461 
gen 210 27384 695.9312814208461 0.0 695.9312814208461 695.9312814208461 
gen 211 27512 695.9312814208461 0.0 695.9312814208461 695.9312814208461 
gen 212 27640 695.9312814208461 0.0 695.9312814208461 695.9312814208461 
gen 213 27768 695.9312814208461 0.0 695.9312814208461 695.9312814208461 
gen 214 27896 695.9312814208461 0.0 695.9312814208461 695.9312814208461 
gen 215 28024 695.9312814208461 0.0 695.9312814208461 695.9312814208461 
gen 216 28152 695.9312814208461 0.0 695.9312814208461 695.9312814208461 
gen 217 28280 695.9312814208461 0.0 695.9312814208461 695.9312814208461 
gen 218 28408 695.9312814208461 0.0 695.9312814208461 695.9312814208461 
gen 219 28536 695.9312814208461 0.0 695.9312814208461 695.9312814208461 
gen 220 28664 695.9312814208461 0.0 695.9312814208461 695.9312814208461 
gen 221 28802 695.9312814208461 0.0 695.9312814208461 695.9312814208461 
gen 222 28930 695.9312814208461 0.0 695.9312814208461 695.9312814208461 
gen 223 29058 695.9312814208461 0.0 695.9312814208461 695.9312814208461 
gen 224 29186 695.9312814208461 0.0 695.9312814208461 695.9312814208461 
gen 225 29314 695.9312814208461 0.0 695.9312814208461 695.9312814208461 
gen 226 29442 695.9312814208461 0.0 695.9312814208461 695.9312814208461 
gen 227 29570 695.9312814208461 0.0 695.9312814208461 695.9312814208461 
gen 228 29698 695.9312814208461 0.0 695.9312814208461 695.9312814208461 
gen 229 29826 695.9312814208461 0.0 695.9312814208461 695.9312814208461 
gen 230 29954 695.9312814208461 0.0 695.9312814208461 695.9312814208461 
gen 231 30082 695.9312814208461 0.0 695.9312814208461 695.9312814208461 
gen 232 30210 695.9312814208461 0.0 695.9312814208461 695.9312814208461 
gen 233 30338 695.9312814208461 0.0 695.9312814208461 695.9312814208461 
gen 234 30466 695.9312814208461 0.0 695.9312814208461 695.9312814208461 
gen 235 30594 695.9312814208461 0.0 695.9312814208461 695.9312814208461 
gen 236 30722 695.9312814208461 0.0 695.9312814208461 695.9312814208461 
gen 237 30850 695.9312814208461 0.0 695.9312814208461 695.9312814208461 
gen 238 30978 695.9312814208461 0.0 695.9312814208461 695.9312814208461 
gen 239 31116 695.9312814208461 0.0 695.9312814208461 695.9312814208461 
gen 240 31244 695.9312814208461 0.0 695.9312814208461 695.9312814208461 
gen 241 31372 695.9312814208461 0.0 695.9312814208461 695.9312814208461 
gen 242 31500 695.9312814208461 0.0 695.9312814208461 695.9312814208461 
gen 243 31638 695.9312814208461 0.0 695.9312814208461 695.9312814208461 
gen 244 31776 695.9312814208461 0.0 695.9312814208461 695.9312814208461 
gen 245 31904 695.9312814208461 0.0 695.9312814208461 695.9312814208461 
gen 246 32032 695.9312814208461 0.0 695.9312814208461 695.9312814208461 
gen 247 32160 695.9312814208461 0.0 695.9312814208461 695.9312814208461 
gen 248 32288 695.9312814208461 0.0 695.9312814208461 695.9312814208461 
gen 249 32416 695.9312814208461 0.0 695.9312814208461 695.9312814208461 
gen 250 32544 695.9312814208461 0.0 695.9312814208461 695.9312814208461 
gen 251 32672 695.9312814208461 0.0 695.9312814208461 695.9312814208461 
gen 252 32810 695.9312814208461 0.0 695.9312814208461 695.9312814208461 
gen 253 32938 695.9312814208461 0.0 695.9312814208461 695.9312814208461 
gen 254 33066 695.9312814208461 0.0 695.9312814208461 695.9312814208461 
gen 255 33204 695.9312814208461 0.0 695.9312814208461 695.9312814208461 
gen 256 33332 695.9312814208461 0.0 695.9312814208461 695.9312814208461 
gen 257 33460 695.9312814208461 0.0 695.9312814208461 695.9312814208461 
gen 258 33598 695.9312814208461 0.0 695.9312814208461 695.9312814208461 
gen 259 33726 695.9312814208461 0.0 695.9312814208461 695.9312814208461 
gen 260 33854 695.9312814208461 0.0 695.9312814208461 695.9312814208461 
gen 261 33982 695.9312814208461 0.0 695.9312814208461 695.9312814208461 
gen 262 34120 695.9312814208461 0.0 695.9312814208461 695.9312814208461 
gen 263 34248 695.9312814208461 0.0 695.9312814208461 695.9312814208461 
gen 264 34376 695.9312814208461 0.0 695.9312814208461 695.9312814208461 
gen 265 34504 695.9312814208461 0.0 695.9312814208461 695.9312814208461 
gen 266 34632 695.9312814208461 0.0 695.9312814208461 695.9312814208461 
gen 267 34760 695.9312814208461 0.0 695.9312814208461 695.9312814208461 
gen 268 34888 695.9312814208461 0.0 695.9312814208461 695.9312814208461 
gen 269 35016 695.9312814208461 0.0 695.9312814208461 695.9312814208461 
gen 270 35144 695.9312814208461 0.0 695.9312814208461 695.9312814208461 
gen 271 35272 695.9312814208461 0.0 695.9312814208461 695.9312814208461 
gen 272 35400 695.9312814208461 0.0 695.9312814208461 695.9312814208461 
gen 273 35528 695.9312814208461 0.0 695.9312814208461 695.9312814208461 
gen 274 35666 695.9312814208461 0.0 695.9312814208461 695.9312814208461 
gen 275 35794 695.9312814208461 0.0 695.9312814208461 695.9312814208461 
gen 276 35922 695.9312814208461 0.0 695.9312814208461 695.9312814208461 
gen 277 36060 695.9312814208461 0.0 695.9312814208461 695.9312814208461 
gen 278 36188 695.9312814208461 0.0 695.9312814208461 695.9312814208461 
gen 279 36326 695.9312814208461 0.0 695.9312814208461 695.9312814208461 
gen 280 36454 695.9312814208461 0.0 695.9312814208461 695.9312814208461 
gen 281 36582 695.9312814208461 0.0 695.9312814208461 695.9312814208461 
gen 282 36710 695.9312814208461 0.0 695.9312814208461 695.9312814208461 
gen 283 36838 695.9312814208461 0.0 695.9312814208461 695.9312814208461 
gen 284 36966 695.9312814208461 0.0 695.9312814208461 695.9312814208461 
gen 285 37094 695.9312814208461 0.0 695.9312814208461 695.9312814208461 
gen 286 37232 695.9312814208461 0.0 695.9312814208461 695.9312814208461 
gen 287 37360 695.9312814208461 0.0 695.9312814208461 695.9312814208461 
gen 288 37488 695.9312814208461 0.0 695.9312814208461 695.9312814208461 
gen 289 37626 695.9312814208461 0.0 695.9312814208461 695.9312814208461 
gen 290 37764 695.9312814208461 0.0 695.9312814208461 695.9312814208461 
gen 291 37902 695.9312814208461 0.0 695.9312814208461 695.9312814208461 
gen 292 38030 695.9312814208461 0.0 695.9312814208461 695.9312814208461 
gen 293 38158 695.9312814208461 0.0 695.9312814208461 695.9312814208461 
gen 294 38286 695.9312814208461 0.0 695.9312814208461 695.9312814208461 
gen 295 38414 695.9312814208461 0.0 695.9312814208461 695.9312814208461 
gen 296 38542 695.9312814208461 0.0 695.9312814208461 695.9312814208461 
gen 297 38670 695.9312814208461 0.0 695.9312814208461 695.9312814208461 
gen 298 38798 695.9312814208461 0.0 695.9312814208461 695.9312814208461 
gen 299 38936 695.9312814208461 0.0 695.9312814208461 695.9312814208461 
gen 300 39064 695.9312814208461 0.0 695.9312814208461 695.9312814208461 
gen 301 39192 695.9312814208461 0.0 695.9312814208461 695.9312814208461 
gen 302 39320 695.9312814208461 0.0 695.9312814208461 695.9312814208461 
gen 303 39448 695.9312814208461 0.0 695.9312814208461 695.9312814208461 
gen 304 39576 695.9312814208461 0.0 695.9312814208461 695.9312814208461 
gen 305 39704 695.9312814208461 0.0 695.9312814208461 695.9312814208461 
gen 306 39832 695.9312814208461 0.0 695.9312814208461 695.9312814208461 
gen 307 39960 695.9312814208461 0.0 695.9312814208461 695.9312814208461 
gen 308 40088 695.9312814208461 0.0 695.9312814208461 695.9312814208461 
gen 309 40216 695.9312814208461 0.0 695.9312814208461 695.9312814208461 
gen 310 40344 695.9312814208461 0.0 695.9312814208461 695.9312814208461 
gen 311 40472 695.9312814208461 0.0 695.9312814208461 695.9312814208461 
gen 312 40600 695.9312814208461 0.0 695.9312814208461 695.9312814208461 
gen 313 40728 695.9312814208461 0.0 695.9312814208461 695.9312814208461 
gen 314 40856 695.9312814208461 0.0 695.9312814208461 695.9312814208461 
gen 315 40994 695.9312814208461 0.0 695.9312814208461 695.9312814208461 
gen 316 41122 695.9312814208461 0.0 695.9312814208461 695.9312814208461 
gen 317 41250 695.9312814208461 0.0 695.9312814208461 695.9312814208461 
gen 318 41378 695.9312814208461 0.0 695.9312814208461 695.9312814208461 
gen 319 41516 695.9312814208461 0.0 695.9312814208461 695.9312814208461 
gen 320 41644 695.9312814208461 0.0 695.9312814208461 695.9312814208461 
gen 321 41782 695.9312814208461 0.0 695.9312814208461 695.9312814208461 
gen 322 41910 695.9312814208461 0.0 695.9312814208461 695.9312814208461 
gen 323 42038 695.9312814208461 0.0 695.9312814208461 695.9312814208461 
gen 324 42176 695.9312814208461 0.0 695.9312814208461 695.9312814208461 
gen 325 42304 695.9312814208461 0.0 695.9312814208461 695.9312814208461 
gen 326 42432 695.9312814208461 0.0 695.9312814208461 695.9312814208461 
gen 327 42570 695.9312814208461 0.0 695.9312814208461 695.9312814208461 
gen 328 42698 695.9312814208461 0.0 695.9312814208461 695.9312814208461 
gen 329 42826 695.9312814208461 0.0 695.9312814208461 695.9312814208461 
gen 330 42964 695.9312814208461 0.0 695.9312814208461 695.9312814208461 
gen 331 43102 695.9312814208461 0.0 695.9312814208461 695.9312814208461 
gen 332 43230 695.9312814208461 0.0 695.9312814208461 695.9312814208461 
gen 333 43368 695.9312814208461 0.0 695.9312814208461 695.9312814208461 
gen 334 43496 695.9312814208461 0.0 695.9312814208461 695.9312814208461 
gen 335 43634 695.9312814208461 0.0 695.9312814208461 695.9312814208461 
gen 336 43772 695.9312814208461 0.0 695.9312814208461 695.9312814208461 
gen 337 43900 695.9312814208461 0.0 695.9312814208461 695.9312814208461 
gen 338 44028 695.9312814208461 0.0 695.9312814208461 695.9312814208461 
gen 339 44156 695.9312814208461 0.0 695.9312814208461 695.9312814208461 
gen 340 44284 695.9312814208461 0.0 695.9312814208461 695.9312814208461 
gen 341 44422 695.9312814208461 0.0 695.9312814208461 695.9312814208461 
gen 342 44550 695.9312814208461 0.0 695.9312814208461 695.9312814208461 
gen 343 44688 695.9312814208461 0.0 695.9312814208461 695.9312814208461 
gen 344 44816 695.9312814208461 0.0 695.9312814208461 695.9312814208461 
[6, 7, 5, 4, 1, 3, 2, 0, 0, 4, 5, 1, 6, 3, 2, 7, 1, 7, 5, 3, 2, 0, 6, 4, 1, 0, 4, 3, 6, 2, 7, 5, 6, 1, 0, 7, 5, 3, 4, 2, 1, 4, 6, 5, 7, 0, 3, 2, 6, 1, 0, 4, 5, 3, 7, 2, 6, 7, 5, 4, 3, 2, 1, 0]
min  695.9312814208461
NFE 44816
LSNFE 720
VLSNFE 10
runTime 91.54809546470642
