gen 0 64 937500000002434.5 2914805954089472.0 1011.8037020932186 1e+16 
gen 1 192 1698.8248344611816 252.8714599514516 1011.8037020932186 2050.1505480093283 
gen 2 320 1483.52990011554 193.77526829642417 1011.8037020932186 1766.251135021924 
gen 3 448 1362.4861090130316 154.6217509398448 882.3433851204151 1579.036700809329 
gen 4 576 1269.2797229762155 134.3171847538417 882.3433851204151 1447.093436272834 
gen 5 704 1186.8045355436652 117.38490394081178 882.3433851204151 1361.1480105344124 
gen 6 832 1112.8671482735676 91.60016915465293 860.8800675366357 1238.5100994455715 
gen 7 960 1061.07950922584 78.36539901766137 860.8800675366357 1171.4732249272479 
gen 8 1108 1024.108392180714 60.64073474105699 848.0258845421374 1113.5328354081944 
gen 9 1236 1003.2672103400023 52.3627821967301 848.0258845421374 1071.6994046041182 
gen 10 1364 963.6035478369317 51.176048354980914 846.8457100331821 1033.5633004965175 
gen 11 1502 939.0347784017431 41.040639495126435 846.8457100331821 996.0328389884617 
gen 12 1630 911.166424917024 35.67944504743723 824.5312411578576 964.3357825878834 
gen 13 1758 898.6677167690375 33.97401288048615 805.1150348897037 940.7977397486547 
gen 14 1886 885.4800365758958 30.990588325348185 791.937451138146 927.3555874757673 
gen 15 2054 874.6358331742563 27.751874849196945 785.6132286162891 915.6231117001453 
gen 16 2182 866.7086789069824 24.12849038613373 785.6132286162891 902.4670732683483 
gen 17 2310 857.9364178440857 28.8618236979644 743.5575930028972 889.8106448427554 
gen 18 2438 842.643440155368 27.449216870576024 743.5575930028972 873.8048229055307 
gen 19 2566 832.9693755444787 24.517732024867517 743.5575930028972 864.9539024002395 
gen 20 2724 818.5640528944684 25.621741314240047 729.7575973356948 851.0366228524338 
gen 21 2862 799.061273736741 20.06155967511439 729.7575973356948 825.7813617970025 
gen 22 3010 790.5572929085943 17.502330273457144 721.9830665511618 809.2862688121756 
gen 23 3138 781.4319011363766 16.91394614764717 721.9830665511618 801.5677932722506 
gen 24 3266 770.8556645394981 16.15883137735 721.9830665511618 790.9314669656769 
gen 25 3394 760.353287044612 14.911774106644206 716.756402298673 779.594712984558 
gen 26 3522 752.7617595533328 13.136458509197276 716.756402298673 769.8120373495291 
gen 27 3650 747.0898767704274 11.736172466378065 716.756402298673 761.2670636499414 
gen 28 3778 740.8015431438976 11.51213186705751 708.1188935896793 755.1039430077365 
gen 29 3906 735.6178956175614 10.372801680896462 708.1188935896793 750.388450153455 
gen 30 4034 730.8510348128074 9.086780127302074 701.6607423385009 743.74778826465 
gen 31 4162 725.877961981897 9.003310598080242 699.6828438515138 737.9434464173717 
gen 32 4290 720.8304630103031 8.453967183444671 698.9006509101447 730.9254925626458 
gen 33 4428 717.067822228674 7.094095353154206 698.9006509101447 725.3578573734403 
gen 34 4556 713.8806857520462 6.848867147563874 688.9741733110498 723.2095354872314 
gen 35 4694 711.8443887853753 6.483615864841904 688.9741733110498 719.4117812650843 
gen 36 4822 709.3876313206649 5.810027613653492 688.9741733110498 715.8013911389196 
gen 37 4950 707.0793454940351 4.7584900580497695 688.9741733110498 712.5628312256828 
gen 38 5078 705.2970420239112 4.011883283555139 688.9741733110498 709.305122908713 
gen 39 5206 703.2974155638724 3.7460949687228537 688.9741733110498 707.8140074244747 
gen 40 5334 702.0286334468879 3.499881554949389 688.9741733110498 706.077561180727 
gen 41 5462 700.4551690800031 3.5969262836640454 688.9741733110498 704.7162961365809 
gen 42 5590 698.0743299214862 3.5007330030863724 688.9741733110498 702.7706185467539 
gen 43 5728 695.6211013334105 3.512783347686014 687.0452095843955 700.0209118389039 
gen 44 5856 694.0002490868692 3.018359783527207 687.0452095843955 697.8294055705917 
gen 45 5984 691.3205714568601 2.2958529753475854 686.9855395107294 694.4844608688775 
gen 46 6122 688.8248444610427 1.843705954197362 684.6376331726046 691.1821144863026 
gen 47 6250 686.9852149253365 0.2971615096364997 684.6376331726046 687.0452095843955 
gen 48 6378 686.9158968172671 0.4094425270987082 684.6376331726046 687.0452095843955 
gen 49 6506 686.8754814011298 0.49627950350813954 684.6376331726046 686.9855395107294 
gen 50 6634 686.8021093280635 0.630103369751337 684.6376331726046 686.9855395107294 
gen 51 6762 686.5453070723311 0.9164168988759963 684.6376331726046 686.9855395107294 
gen 52 6900 686.2151327435322 1.1024138717801244 684.6376331726046 686.9855395107294 
gen 53 7038 684.8944354283371 0.7328030058136861 684.6376331726046 686.9855395107294 
gen 54 7166 684.6376331726046 0.0 684.6376331726046 684.6376331726046 
gen 55 7304 684.6376331726046 0.0 684.6376331726046 684.6376331726046 
gen 56 7442 684.6376331726046 0.0 684.6376331726046 684.6376331726046 
gen 57 7580 684.6376331726046 0.0 684.6376331726046 684.6376331726046 
gen 58 7718 684.6376331726046 0.0 684.6376331726046 684.6376331726046 
gen 59 7846 684.6376331726046 0.0 684.6376331726046 684.6376331726046 
gen 60 7974 684.6376331726046 0.0 684.6376331726046 684.6376331726046 
gen 61 8102 684.6376331726046 0.0 684.6376331726046 684.6376331726046 
gen 62 8230 684.6376331726046 0.0 684.6376331726046 684.6376331726046 
gen 63 8358 684.6376331726046 0.0 684.6376331726046 684.6376331726046 
gen 64 8486 684.6376331726046 0.0 684.6376331726046 684.6376331726046 
gen 65 8614 684.6376331726046 0.0 684.6376331726046 684.6376331726046 
gen 66 8742 684.6376331726046 0.0 684.6376331726046 684.6376331726046 
gen 67 8880 684.6376331726046 0.0 684.6376331726046 684.6376331726046 
gen 68 9018 684.6376331726046 0.0 684.6376331726046 684.6376331726046 
gen 69 9146 684.6376331726046 0.0 684.6376331726046 684.6376331726046 
gen 70 9284 684.6376331726046 0.0 684.6376331726046 684.6376331726046 
gen 71 9412 684.6376331726046 0.0 684.6376331726046 684.6376331726046 
gen 72 9540 684.6376331726046 0.0 684.6376331726046 684.6376331726046 
gen 73 9668 684.6376331726046 0.0 684.6376331726046 684.6376331726046 
gen 74 9796 684.6376331726046 0.0 684.6376331726046 684.6376331726046 
gen 75 9924 684.6376331726046 0.0 684.6376331726046 684.6376331726046 
gen 76 10052 684.6376331726046 0.0 684.6376331726046 684.6376331726046 
gen 77 10180 684.6376331726046 0.0 684.6376331726046 684.6376331726046 
gen 78 10308 684.6376331726046 0.0 684.6376331726046 684.6376331726046 
gen 79 10436 684.6376331726046 0.0 684.6376331726046 684.6376331726046 
gen 80 10574 684.6376331726046 0.0 684.6376331726046 684.6376331726046 
gen 81 10702 684.6376331726046 0.0 684.6376331726046 684.6376331726046 
gen 82 10830 684.6376331726046 0.0 684.6376331726046 684.6376331726046 
gen 83 10958 684.6376331726046 0.0 684.6376331726046 684.6376331726046 
gen 84 11086 684.6376331726046 0.0 684.6376331726046 684.6376331726046 
gen 85 11214 684.6376331726046 0.0 684.6376331726046 684.6376331726046 
gen 86 11342 684.6376331726046 0.0 684.6376331726046 684.6376331726046 
gen 87 11480 684.6376331726046 0.0 684.6376331726046 684.6376331726046 
gen 88 11608 684.6376331726046 0.0 684.6376331726046 684.6376331726046 
gen 89 11746 684.6376331726046 0.0 684.6376331726046 684.6376331726046 
gen 90 11874 684.6376331726046 0.0 684.6376331726046 684.6376331726046 
gen 91 12002 684.6376331726046 0.0 684.6376331726046 684.6376331726046 
gen 92 12130 684.6376331726046 0.0 684.6376331726046 684.6376331726046 
gen 93 12258 684.6376331726046 0.0 684.6376331726046 684.6376331726046 
gen 94 12386 684.6376331726046 0.0 684.6376331726046 684.6376331726046 
gen 95 12514 684.6376331726046 0.0 684.6376331726046 684.6376331726046 
gen 96 12652 684.6376331726046 0.0 684.6376331726046 684.6376331726046 
gen 97 12780 684.6376331726046 0.0 684.6376331726046 684.6376331726046 
gen 98 12908 684.6376331726046 0.0 684.6376331726046 684.6376331726046 
gen 99 13036 684.6376331726046 0.0 684.6376331726046 684.6376331726046 
gen 100 13164 684.6376331726046 0.0 684.6376331726046 684.6376331726046 
gen 101 13292 684.6376331726046 0.0 684.6376331726046 684.6376331726046 
gen 102 13420 684.6376331726046 0.0 684.6376331726046 684.6376331726046 
gen 103 13548 684.6376331726046 0.0 684.6376331726046 684.6376331726046 
gen 104 13676 684.6376331726046 0.0 684.6376331726046 684.6376331726046 
gen 105 13804 684.6376331726046 0.0 684.6376331726046 684.6376331726046 
gen 106 13942 684.6376331726046 0.0 684.6376331726046 684.6376331726046 
gen 107 14070 684.6376331726046 0.0 684.6376331726046 684.6376331726046 
gen 108 14198 684.6376331726046 0.0 684.6376331726046 684.6376331726046 
gen 109 14326 684.6376331726046 0.0 684.6376331726046 684.6376331726046 
gen 110 14454 684.6376331726046 0.0 684.6376331726046 684.6376331726046 
gen 111 14582 684.6376331726046 0.0 684.6376331726046 684.6376331726046 
gen 112 14710 684.6376331726046 0.0 684.6376331726046 684.6376331726046 
gen 113 14838 684.6376331726046 0.0 684.6376331726046 684.6376331726046 
gen 114 14966 684.6376331726046 0.0 684.6376331726046 684.6376331726046 
gen 115 15094 684.6376331726046 0.0 684.6376331726046 684.6376331726046 
gen 116 15222 684.6376331726046 0.0 684.6376331726046 684.6376331726046 
gen 117 15360 684.6376331726046 0.0 684.6376331726046 684.6376331726046 
gen 118 15488 684.6376331726046 0.0 684.6376331726046 684.6376331726046 
gen 119 15626 684.6376331726046 0.0 684.6376331726046 684.6376331726046 
gen 120 15754 684.6376331726046 0.0 684.6376331726046 684.6376331726046 
gen 121 15882 684.6376331726046 0.0 684.6376331726046 684.6376331726046 
gen 122 16030 684.5997325742122 0.30082667366044014 682.2119948754913 684.6376331726046 
gen 123 16168 684.4481301806426 0.6509641547412509 682.2119948754913 684.6376331726046 
gen 124 16306 684.2586271886805 0.8807303183102644 682.2119948754913 684.6376331726046 
gen 125 16434 683.728018811187 1.1743070910803526 682.2119948754913 684.6376331726046 
gen 126 16572 682.2119948754913 0.0 682.2119948754913 682.2119948754913 
gen 127 16700 682.2119948754913 0.0 682.2119948754913 682.2119948754913 
gen 128 16828 682.2119948754913 0.0 682.2119948754913 682.2119948754913 
gen 129 16956 682.2119948754913 0.0 682.2119948754913 682.2119948754913 
gen 130 17084 682.2119948754913 0.0 682.2119948754913 682.2119948754913 
gen 131 17222 682.2119948754913 0.0 682.2119948754913 682.2119948754913 
gen 132 17350 682.2119948754913 0.0 682.2119948754913 682.2119948754913 
gen 133 17478 682.2119948754913 0.0 682.2119948754913 682.2119948754913 
gen 134 17606 682.2119948754913 0.0 682.2119948754913 682.2119948754913 
gen 135 17734 682.2119948754913 0.0 682.2119948754913 682.2119948754913 
gen 136 17862 682.2119948754913 0.0 682.2119948754913 682.2119948754913 
gen 137 17990 682.2119948754913 0.0 682.2119948754913 682.2119948754913 
gen 138 18118 682.2119948754913 0.0 682.2119948754913 682.2119948754913 
gen 139 18246 682.2119948754913 0.0 682.2119948754913 682.2119948754913 
gen 140 18374 682.2119948754913 0.0 682.2119948754913 682.2119948754913 
gen 141 18502 682.2119948754913 0.0 682.2119948754913 682.2119948754913 
gen 142 18640 682.2119948754913 0.0 682.2119948754913 682.2119948754913 
gen 143 18768 682.2119948754913 0.0 682.2119948754913 682.2119948754913 
gen 144 18896 682.2119948754913 0.0 682.2119948754913 682.2119948754913 
gen 145 19024 682.2119948754913 0.0 682.2119948754913 682.2119948754913 
gen 146 19152 682.2119948754913 0.0 682.2119948754913 682.2119948754913 
gen 147 19280 682.2119948754913 0.0 682.2119948754913 682.2119948754913 
gen 148 19408 682.2119948754913 0.0 682.2119948754913 682.2119948754913 
gen 149 19546 682.2119948754913 0.0 682.2119948754913 682.2119948754913 
gen 150 19674 682.2119948754913 0.0 682.2119948754913 682.2119948754913 
gen 151 19802 682.2119948754913 0.0 682.2119948754913 682.2119948754913 
gen 152 19940 682.2119948754913 0.0 682.2119948754913 682.2119948754913 
gen 153 20078 682.2119948754913 0.0 682.2119948754913 682.2119948754913 
gen 154 20206 682.2119948754913 0.0 682.2119948754913 682.2119948754913 
gen 155 20334 682.2119948754913 0.0 682.2119948754913 682.2119948754913 
gen 156 20462 682.2119948754913 0.0 682.2119948754913 682.2119948754913 
gen 157 20590 682.2119948754913 0.0 682.2119948754913 682.2119948754913 
gen 158 20718 682.2119948754913 0.0 682.2119948754913 682.2119948754913 
gen 159 20846 682.2119948754913 0.0 682.2119948754913 682.2119948754913 
gen 160 20974 682.2119948754913 0.0 682.2119948754913 682.2119948754913 
gen 161 21102 682.2119948754913 0.0 682.2119948754913 682.2119948754913 
gen 162 21230 682.2119948754913 0.0 682.2119948754913 682.2119948754913 
gen 163 21358 682.2119948754913 0.0 682.2119948754913 682.2119948754913 
gen 164 21486 682.2119948754913 0.0 682.2119948754913 682.2119948754913 
gen 165 21614 682.2119948754913 0.0 682.2119948754913 682.2119948754913 
gen 166 21742 682.2119948754913 0.0 682.2119948754913 682.2119948754913 
gen 167 21870 682.2119948754913 0.0 682.2119948754913 682.2119948754913 
gen 168 21998 682.2119948754913 0.0 682.2119948754913 682.2119948754913 
gen 169 22126 682.2119948754913 0.0 682.2119948754913 682.2119948754913 
gen 170 22254 682.2119948754913 0.0 682.2119948754913 682.2119948754913 
gen 171 22392 682.2119948754913 0.0 682.2119948754913 682.2119948754913 
gen 172 22520 682.2119948754913 0.0 682.2119948754913 682.2119948754913 
gen 173 22648 682.2119948754913 0.0 682.2119948754913 682.2119948754913 
gen 174 22776 682.2119948754913 0.0 682.2119948754913 682.2119948754913 
gen 175 22904 682.2119948754913 0.0 682.2119948754913 682.2119948754913 
gen 176 23032 682.2119948754913 0.0 682.2119948754913 682.2119948754913 
gen 177 23160 682.2119948754913 0.0 682.2119948754913 682.2119948754913 
gen 178 23288 682.2119948754913 0.0 682.2119948754913 682.2119948754913 
gen 179 23416 682.2119948754913 0.0 682.2119948754913 682.2119948754913 
gen 180 23544 682.2119948754913 0.0 682.2119948754913 682.2119948754913 
gen 181 23672 682.2119948754913 0.0 682.2119948754913 682.2119948754913 
gen 182 23800 682.2119948754913 0.0 682.2119948754913 682.2119948754913 
gen 183 23928 682.2119948754913 0.0 682.2119948754913 682.2119948754913 
gen 184 24056 682.2119948754913 0.0 682.2119948754913 682.2119948754913 
gen 185 24184 682.2119948754913 0.0 682.2119948754913 682.2119948754913 
gen 186 24312 682.2119948754913 0.0 682.2119948754913 682.2119948754913 
gen 187 24440 682.2119948754913 0.0 682.2119948754913 682.2119948754913 
gen 188 24578 682.2119948754913 0.0 682.2119948754913 682.2119948754913 
gen 189 24706 682.2119948754913 0.0 682.2119948754913 682.2119948754913 
gen 190 24834 682.2119948754913 0.0 682.2119948754913 682.2119948754913 
gen 191 24962 682.2119948754913 0.0 682.2119948754913 682.2119948754913 
gen 192 25090 682.2119948754913 0.0 682.2119948754913 682.2119948754913 
gen 193 25218 682.2119948754913 0.0 682.2119948754913 682.2119948754913 
gen 194 25346 682.2119948754913 0.0 682.2119948754913 682.2119948754913 
gen 195 25474 682.2119948754913 0.0 682.2119948754913 682.2119948754913 
gen 196 25602 682.2119948754913 0.0 682.2119948754913 682.2119948754913 
gen 197 25740 682.2119948754913 0.0 682.2119948754913 682.2119948754913 
gen 198 25868 682.2119948754913 0.0 682.2119948754913 682.2119948754913 
gen 199 25996 682.2119948754913 0.0 682.2119948754913 682.2119948754913 
gen 200 26134 682.2119948754913 0.0 682.2119948754913 682.2119948754913 
gen 201 26262 682.2119948754913 0.0 682.2119948754913 682.2119948754913 
gen 202 26390 682.2119948754913 0.0 682.2119948754913 682.2119948754913 
gen 203 26518 682.2119948754913 0.0 682.2119948754913 682.2119948754913 
gen 204 26656 682.2119948754913 0.0 682.2119948754913 682.2119948754913 
gen 205 26784 682.2119948754913 0.0 682.2119948754913 682.2119948754913 
gen 206 26912 682.2119948754913 0.0 682.2119948754913 682.2119948754913 
gen 207 27040 682.2119948754913 0.0 682.2119948754913 682.2119948754913 
gen 208 27168 682.2119948754913 0.0 682.2119948754913 682.2119948754913 
gen 209 27306 682.2119948754913 0.0 682.2119948754913 682.2119948754913 
gen 210 27434 682.2119948754913 0.0 682.2119948754913 682.2119948754913 
gen 211 27562 682.2119948754913 0.0 682.2119948754913 682.2119948754913 
gen 212 27690 682.2119948754913 0.0 682.2119948754913 682.2119948754913 
gen 213 27828 682.2119948754913 0.0 682.2119948754913 682.2119948754913 
gen 214 27956 682.2119948754913 0.0 682.2119948754913 682.2119948754913 
gen 215 28084 682.2119948754913 0.0 682.2119948754913 682.2119948754913 
gen 216 28212 682.2119948754913 0.0 682.2119948754913 682.2119948754913 
gen 217 28340 682.2119948754913 0.0 682.2119948754913 682.2119948754913 
gen 218 28478 682.2119948754913 0.0 682.2119948754913 682.2119948754913 
gen 219 28606 682.2119948754913 0.0 682.2119948754913 682.2119948754913 
gen 220 28734 682.2119948754913 0.0 682.2119948754913 682.2119948754913 
gen 221 28862 682.2119948754913 0.0 682.2119948754913 682.2119948754913 
gen 222 29020 682.1127845380556 0.7874576410247801 675.8625332796082 682.2119948754913 
gen 223 29148 681.9143638631842 1.3420925686778593 675.8625332796082 682.2119948754913 
gen 224 29276 681.3696829732156 1.9832227731228942 675.8625332796082 682.2119948754913 
gen 225 29404 679.9846421128267 2.377722579306527 675.8625332796082 682.2119948754913 
gen 226 29532 677.3539415609021 2.212115967874542 675.8625332796082 680.6350397797482 
gen 227 29660 675.8625332796082 0.0 675.8625332796082 675.8625332796082 
gen 228 29788 675.8625332796082 0.0 675.8625332796082 675.8625332796082 
gen 229 29916 675.8625332796082 0.0 675.8625332796082 675.8625332796082 
gen 230 30054 675.8625332796082 0.0 675.8625332796082 675.8625332796082 
gen 231 30182 675.8625332796082 0.0 675.8625332796082 675.8625332796082 
gen 232 30310 675.8625332796082 0.0 675.8625332796082 675.8625332796082 
gen 233 30438 675.8625332796082 0.0 675.8625332796082 675.8625332796082 
gen 234 30566 675.8625332796082 0.0 675.8625332796082 675.8625332796082 
gen 235 30694 675.8625332796082 0.0 675.8625332796082 675.8625332796082 
gen 236 30822 675.8625332796082 0.0 675.8625332796082 675.8625332796082 
gen 237 30950 675.8625332796082 0.0 675.8625332796082 675.8625332796082 
gen 238 31088 675.8625332796082 0.0 675.8625332796082 675.8625332796082 
gen 239 31216 675.8625332796082 0.0 675.8625332796082 675.8625332796082 
gen 240 31344 675.8625332796082 0.0 675.8625332796082 675.8625332796082 
gen 241 31482 675.8625332796082 0.0 675.8625332796082 675.8625332796082 
gen 242 31620 675.8625332796082 0.0 675.8625332796082 675.8625332796082 
gen 243 31748 675.8625332796082 0.0 675.8625332796082 675.8625332796082 
gen 244 31876 675.8625332796082 0.0 675.8625332796082 675.8625332796082 
gen 245 32004 675.8625332796082 0.0 675.8625332796082 675.8625332796082 
gen 246 32142 675.8625332796082 0.0 675.8625332796082 675.8625332796082 
gen 247 32280 675.8625332796082 0.0 675.8625332796082 675.8625332796082 
gen 248 32408 675.8625332796082 0.0 675.8625332796082 675.8625332796082 
gen 249 32536 675.8625332796082 0.0 675.8625332796082 675.8625332796082 
gen 250 32664 675.8625332796082 0.0 675.8625332796082 675.8625332796082 
gen 251 32792 675.8625332796082 0.0 675.8625332796082 675.8625332796082 
gen 252 32920 675.8625332796082 0.0 675.8625332796082 675.8625332796082 
gen 253 33048 675.8625332796082 0.0 675.8625332796082 675.8625332796082 
gen 254 33176 675.8625332796082 0.0 675.8625332796082 675.8625332796082 
gen 255 33304 675.8625332796082 0.0 675.8625332796082 675.8625332796082 
gen 256 33442 675.8625332796082 0.0 675.8625332796082 675.8625332796082 
gen 257 33580 675.8625332796082 0.0 675.8625332796082 675.8625332796082 
gen 258 33708 675.8625332796082 0.0 675.8625332796082 675.8625332796082 
gen 259 33846 675.8625332796082 0.0 675.8625332796082 675.8625332796082 
gen 260 33984 675.8625332796082 0.0 675.8625332796082 675.8625332796082 
gen 261 34122 675.8625332796082 0.0 675.8625332796082 675.8625332796082 
gen 262 34250 675.8625332796082 0.0 675.8625332796082 675.8625332796082 
gen 263 34388 675.8625332796082 0.0 675.8625332796082 675.8625332796082 
gen 264 34516 675.8625332796082 0.0 675.8625332796082 675.8625332796082 
gen 265 34644 675.8625332796082 0.0 675.8625332796082 675.8625332796082 
gen 266 34772 675.8625332796082 0.0 675.8625332796082 675.8625332796082 
gen 267 34900 675.8625332796082 0.0 675.8625332796082 675.8625332796082 
gen 268 35028 675.8625332796082 0.0 675.8625332796082 675.8625332796082 
gen 269 35156 675.8625332796082 0.0 675.8625332796082 675.8625332796082 
gen 270 35284 675.8625332796082 0.0 675.8625332796082 675.8625332796082 
gen 271 35412 675.8625332796082 0.0 675.8625332796082 675.8625332796082 
gen 272 35540 675.8625332796082 0.0 675.8625332796082 675.8625332796082 
gen 273 35668 675.8625332796082 0.0 675.8625332796082 675.8625332796082 
gen 274 35806 675.8625332796082 0.0 675.8625332796082 675.8625332796082 
gen 275 35934 675.8625332796082 0.0 675.8625332796082 675.8625332796082 
gen 276 36062 675.8625332796082 0.0 675.8625332796082 675.8625332796082 
gen 277 36200 675.8625332796082 0.0 675.8625332796082 675.8625332796082 
gen 278 36328 675.8625332796082 0.0 675.8625332796082 675.8625332796082 
gen 279 36466 675.8625332796082 0.0 675.8625332796082 675.8625332796082 
gen 280 36594 675.8625332796082 0.0 675.8625332796082 675.8625332796082 
gen 281 36722 675.8625332796082 0.0 675.8625332796082 675.8625332796082 
gen 282 36850 675.8625332796082 0.0 675.8625332796082 675.8625332796082 
gen 283 36988 675.8625332796082 0.0 675.8625332796082 675.8625332796082 
gen 284 37116 675.8625332796082 0.0 675.8625332796082 675.8625332796082 
gen 285 37254 675.8625332796082 0.0 675.8625332796082 675.8625332796082 
gen 286 37382 675.8625332796082 0.0 675.8625332796082 675.8625332796082 
gen 287 37520 675.8625332796082 0.0 675.8625332796082 675.8625332796082 
gen 288 37648 675.8625332796082 0.0 675.8625332796082 675.8625332796082 
gen 289 37776 675.8625332796082 0.0 675.8625332796082 675.8625332796082 
gen 290 37904 675.8625332796082 0.0 675.8625332796082 675.8625332796082 
gen 291 38032 675.8625332796082 0.0 675.8625332796082 675.8625332796082 
gen 292 38170 675.8625332796082 0.0 675.8625332796082 675.8625332796082 
gen 293 38298 675.8625332796082 0.0 675.8625332796082 675.8625332796082 
gen 294 38426 675.8625332796082 0.0 675.8625332796082 675.8625332796082 
gen 295 38554 675.8625332796082 0.0 675.8625332796082 675.8625332796082 
gen 296 38682 675.8625332796082 0.0 675.8625332796082 675.8625332796082 
gen 297 38820 675.8625332796082 0.0 675.8625332796082 675.8625332796082 
gen 298 38948 675.8625332796082 0.0 675.8625332796082 675.8625332796082 
gen 299 39076 675.8625332796082 0.0 675.8625332796082 675.8625332796082 
gen 300 39204 675.8625332796082 0.0 675.8625332796082 675.8625332796082 
gen 301 39342 675.8625332796082 0.0 675.8625332796082 675.8625332796082 
gen 302 39470 675.8625332796082 0.0 675.8625332796082 675.8625332796082 
gen 303 39598 675.8625332796082 0.0 675.8625332796082 675.8625332796082 
gen 304 39726 675.8625332796082 0.0 675.8625332796082 675.8625332796082 
gen 305 39854 675.8625332796082 0.0 675.8625332796082 675.8625332796082 
gen 306 39982 675.8625332796082 0.0 675.8625332796082 675.8625332796082 
gen 307 40110 675.8625332796082 0.0 675.8625332796082 675.8625332796082 
gen 308 40238 675.8625332796082 0.0 675.8625332796082 675.8625332796082 
gen 309 40366 675.8625332796082 0.0 675.8625332796082 675.8625332796082 
gen 310 40494 675.8625332796082 0.0 675.8625332796082 675.8625332796082 
gen 311 40622 675.8625332796082 0.0 675.8625332796082 675.8625332796082 
gen 312 40750 675.8625332796082 0.0 675.8625332796082 675.8625332796082 
gen 313 40888 675.8625332796082 0.0 675.8625332796082 675.8625332796082 
gen 314 41026 675.8625332796082 0.0 675.8625332796082 675.8625332796082 
gen 315 41154 675.8625332796082 0.0 675.8625332796082 675.8625332796082 
gen 316 41282 675.8625332796082 0.0 675.8625332796082 675.8625332796082 
gen 317 41410 675.8625332796082 0.0 675.8625332796082 675.8625332796082 
gen 318 41538 675.8625332796082 0.0 675.8625332796082 675.8625332796082 
gen 319 41666 675.8625332796082 0.0 675.8625332796082 675.8625332796082 
gen 320 41794 675.8625332796082 0.0 675.8625332796082 675.8625332796082 
gen 321 41922 675.8625332796082 0.0 675.8625332796082 675.8625332796082 
gen 322 42060 675.8625332796082 0.0 675.8625332796082 675.8625332796082 
gen 323 42188 675.8625332796082 0.0 675.8625332796082 675.8625332796082 
gen 324 42326 675.8625332796082 0.0 675.8625332796082 675.8625332796082 
gen 325 42454 675.8625332796082 0.0 675.8625332796082 675.8625332796082 
gen 326 42582 675.8625332796082 0.0 675.8625332796082 675.8625332796082 
gen 327 42720 675.8625332796082 0.0 675.8625332796082 675.8625332796082 
gen 328 42848 675.8625332796082 0.0 675.8625332796082 675.8625332796082 
gen 329 42976 675.8625332796082 0.0 675.8625332796082 675.8625332796082 
gen 330 43104 675.8625332796082 0.0 675.8625332796082 675.8625332796082 
gen 331 43242 675.8625332796082 0.0 675.8625332796082 675.8625332796082 
gen 332 43370 675.8625332796082 0.0 675.8625332796082 675.8625332796082 
gen 333 43498 675.8625332796082 0.0 675.8625332796082 675.8625332796082 
gen 334 43626 675.8625332796082 0.0 675.8625332796082 675.8625332796082 
gen 335 43754 675.8625332796082 0.0 675.8625332796082 675.8625332796082 
gen 336 43882 675.8625332796082 0.0 675.8625332796082 675.8625332796082 
gen 337 44010 675.8625332796082 0.0 675.8625332796082 675.8625332796082 
gen 338 44138 675.8625332796082 0.0 675.8625332796082 675.8625332796082 
gen 339 44276 675.8625332796082 0.0 675.8625332796082 675.8625332796082 
gen 340 44404 675.8625332796082 0.0 675.8625332796082 675.8625332796082 
gen 341 44532 675.8625332796082 0.0 675.8625332796082 675.8625332796082 
gen 342 44660 675.8625332796082 0.0 675.8625332796082 675.8625332796082 
gen 343 44788 675.8625332796082 0.0 675.8625332796082 675.8625332796082 
gen 344 44916 675.8625332796082 0.0 675.8625332796082 675.8625332796082 
[6, 7, 1, 5, 4, 3, 2, 0, 1, 0, 4, 7, 5, 3, 2, 6, 6, 7, 4, 5, 3, 0, 2, 1, 6, 0, 4, 1, 5, 7, 3, 2, 6, 7, 5, 3, 1, 2, 4, 0, 1, 0, 4, 6, 5, 7, 3, 2, 1, 7, 5, 0, 3, 2, 4, 6, 1, 0, 4, 7, 5, 6, 3, 2]
min  675.8625332796082
NFE 44916
LSNFE 820
VLSNFE 15
runTime 111.16142964363098
