gen 0 121 763.7280959303705 116.79743467318495 532.5528505901752 1150.0298142141244 
gen 1 36641 500.2192535462307 17.981010189189973 403.986218283049 520.9786049547304 
gen 2 73361 439.1054323960488 15.677140654244079 373.10722895261205 454.8763020548978 
gen 3 109721 404.1992085058629 9.883363218736463 361.1230145155249 416.4696341950423 
[3, 7, 8, 5, 9, 4, 10, 0, 6, 1, 2, 1, 7, 10, 9, 2, 6, 3, 4, 5, 8, 0, 0, 1, 7, 10, 9, 6, 4, 8, 3, 2, 5, 3, 1, 9, 4, 0, 6, 2, 7, 10, 5, 8, 3, 7, 5, 8, 2, 1, 0, 10, 4, 9, 6, 4, 9, 10, 7, 5, 1, 2, 3, 0, 8, 6, 4, 9, 8, 3, 7, 2, 5, 6, 0, 10, 1, 6, 5, 10, 8, 3, 2, 0, 4, 9, 1, 7, 3, 10, 0, 6, 8, 4, 5, 1, 9, 2, 7, 8, 1, 3, 7, 2, 9, 6, 5, 10, 4, 0, 10, 0, 4, 9, 5, 1, 7, 3, 8, 2, 6]
min  361.1230145155249
NFE 109721
LSNFE 73300
VLSNFE 21865
runTime 182.27226948738098
