gen 0 121 734.5712847687844 122.6221440626566 531.4413505787406 1319.1523510534 
gen 1 35961 490.6279602344229 19.367058957696525 419.6451248191705 511.83943416555854 
gen 2 73231 439.3007153730758 11.401665991605269 399.50874335152866 451.6945964218196 
gen 3 109081 402.91070645424975 10.182252186131334 364.296167001595 414.25990232670114 
[2, 5, 0, 10, 4, 1, 3, 8, 6, 9, 7, 1, 3, 9, 4, 7, 2, 6, 0, 10, 5, 8, 2, 9, 5, 8, 10, 1, 6, 3, 4, 7, 0, 3, 9, 10, 8, 0, 4, 5, 2, 1, 7, 6, 3, 1, 7, 4, 9, 0, 8, 6, 2, 10, 5, 9, 0, 2, 8, 3, 1, 7, 6, 4, 10, 5, 5, 6, 0, 10, 2, 7, 4, 9, 1, 8, 3, 5, 6, 9, 0, 3, 8, 4, 10, 1, 2, 7, 3, 8, 10, 9, 5, 2, 6, 4, 7, 0, 1, 8, 10, 5, 3, 2, 7, 1, 6, 4, 0, 9, 10, 7, 0, 5, 4, 8, 1, 3, 6, 2, 9]
min  364.296167001595
NFE 109081
LSNFE 72660
VLSNFE 21462
runTime 178.46523880958557
