gen 0 20 187.72320912705624 27.47705055479314 133.7487914146678 236.18566458362363 
gen 1 107 139.10652982750705 13.119144244484401 111.57304897158805 157.19787658969446 
gen 2 188 125.18361863938578 7.939392071172119 108.9436553146808 135.99042761888 
gen 3 273 116.03993469773263 4.221047116102776 108.93282032572814 121.06453335290348 
gen 4 357 112.09506905821945 2.853742986740813 108.93282032572814 117.1437887200911 
gen 5 442 108.83655419430906 0.783558150742632 105.50576409341329 109.42256320475322 
gen 6 524 108.76146751411243 0.746909589524585 105.50576409341329 108.93282032572814 
gen 7 606 108.59011470249668 1.0281168696944563 105.50576409341329 108.93282032572814 
gen 8 688 108.07605626764943 1.4839588786912241 105.50576409341329 108.93282032572814 
gen 9 770 106.36252815149203 1.4839588786912241 105.50576409341329 108.93282032572814 
gen 10 851 105.50576409341329 0.0 105.50576409341329 105.50576409341329 
gen 11 932 105.50576409341329 0.0 105.50576409341329 105.50576409341329 
gen 12 1013 105.50576409341329 0.0 105.50576409341329 105.50576409341329 
gen 13 1093 105.50576409341329 0.0 105.50576409341329 105.50576409341329 
gen 14 1173 105.50576409341329 0.0 105.50576409341329 105.50576409341329 
gen 15 1253 105.50576409341329 0.0 105.50576409341329 105.50576409341329 
gen 16 1334 105.50576409341329 0.0 105.50576409341329 105.50576409341329 
gen 17 1414 105.50576409341329 0.0 105.50576409341329 105.50576409341329 
gen 18 1495 105.50576409341329 0.0 105.50576409341329 105.50576409341329 
gen 19 1575 105.50576409341329 0.0 105.50576409341329 105.50576409341329 
gen 20 1657 105.50576409341329 0.0 105.50576409341329 105.50576409341329 
gen 21 1738 105.50576409341329 0.0 105.50576409341329 105.50576409341329 
gen 22 1822 105.50576409341329 0.0 105.50576409341329 105.50576409341329 
gen 23 1903 105.50576409341329 0.0 105.50576409341329 105.50576409341329 
gen 24 1984 105.50576409341329 0.0 105.50576409341329 105.50576409341329 
gen 25 2064 105.50576409341329 0.0 105.50576409341329 105.50576409341329 
gen 26 2145 105.50576409341329 0.0 105.50576409341329 105.50576409341329 
gen 27 2226 105.50576409341329 0.0 105.50576409341329 105.50576409341329 
gen 28 2306 105.50576409341329 0.0 105.50576409341329 105.50576409341329 
gen 29 2387 105.50576409341329 0.0 105.50576409341329 105.50576409341329 
gen 30 2467 105.50576409341329 0.0 105.50576409341329 105.50576409341329 
gen 31 2547 105.50576409341329 0.0 105.50576409341329 105.50576409341329 
gen 32 2627 105.50576409341329 0.0 105.50576409341329 105.50576409341329 
gen 33 2707 105.50576409341329 0.0 105.50576409341329 105.50576409341329 
gen 34 2787 105.50576409341329 0.0 105.50576409341329 105.50576409341329 
gen 35 2868 105.50576409341329 0.0 105.50576409341329 105.50576409341329 
gen 36 2950 105.50576409341329 0.0 105.50576409341329 105.50576409341329 
gen 37 3030 105.50576409341329 0.0 105.50576409341329 105.50576409341329 
gen 38 3110 105.50576409341329 0.0 105.50576409341329 105.50576409341329 
gen 39 3191 105.4892096769457 0.07215902845139896 105.174675764062 105.50576409341329 
gen 40 3272 105.38988317814032 0.15791906824991953 105.174675764062 105.50576409341329 
gen 41 3352 105.174675764062 0.0 105.174675764062 105.174675764062 
gen 42 3433 105.174675764062 0.0 105.174675764062 105.174675764062 
gen 43 3515 105.174675764062 0.0 105.174675764062 105.174675764062 
gen 44 3595 105.174675764062 0.0 105.174675764062 105.174675764062 
gen 45 3675 105.174675764062 0.0 105.174675764062 105.174675764062 
gen 46 3756 105.174675764062 0.0 105.174675764062 105.174675764062 
gen 47 3837 105.174675764062 0.0 105.174675764062 105.174675764062 
gen 48 3917 105.174675764062 0.0 105.174675764062 105.174675764062 
gen 49 3997 105.174675764062 0.0 105.174675764062 105.174675764062 
gen 50 4077 105.174675764062 0.0 105.174675764062 105.174675764062 
gen 51 4157 105.174675764062 0.0 105.174675764062 105.174675764062 
gen 52 4239 105.174675764062 0.0 105.174675764062 105.174675764062 
gen 53 4320 105.174675764062 0.0 105.174675764062 105.174675764062 
gen 54 4400 105.174675764062 0.0 105.174675764062 105.174675764062 
gen 55 4481 105.174675764062 0.0 105.174675764062 105.174675764062 
gen 56 4561 105.174675764062 0.0 105.174675764062 105.174675764062 
gen 57 4642 105.174675764062 0.0 105.174675764062 105.174675764062 
gen 58 4722 105.174675764062 0.0 105.174675764062 105.174675764062 
gen 59 4803 105.174675764062 0.0 105.174675764062 105.174675764062 
gen 60 4883 105.174675764062 0.0 105.174675764062 105.174675764062 
gen 61 4963 105.174675764062 0.0 105.174675764062 105.174675764062 
gen 62 5044 105.174675764062 0.0 105.174675764062 105.174675764062 
gen 63 5125 105.174675764062 0.0 105.174675764062 105.174675764062 
gen 64 5207 105.174675764062 0.0 105.174675764062 105.174675764062 
gen 65 5287 105.174675764062 0.0 105.174675764062 105.174675764062 
gen 66 5368 105.174675764062 0.0 105.174675764062 105.174675764062 
gen 67 5450 105.174675764062 0.0 105.174675764062 105.174675764062 
gen 68 5530 105.174675764062 0.0 105.174675764062 105.174675764062 
gen 69 5610 105.174675764062 0.0 105.174675764062 105.174675764062 
gen 70 5690 105.174675764062 0.0 105.174675764062 105.174675764062 
gen 71 5770 105.174675764062 0.0 105.174675764062 105.174675764062 
gen 72 5850 105.174675764062 0.0 105.174675764062 105.174675764062 
gen 73 5930 105.174675764062 0.0 105.174675764062 105.174675764062 
gen 74 6010 105.174675764062 0.0 105.174675764062 105.174675764062 
gen 75 6091 105.174675764062 0.0 105.174675764062 105.174675764062 
gen 76 6172 105.174675764062 0.0 105.174675764062 105.174675764062 
gen 77 6253 105.174675764062 0.0 105.174675764062 105.174675764062 
gen 78 6335 105.174675764062 0.0 105.174675764062 105.174675764062 
gen 79 6416 105.174675764062 0.0 105.174675764062 105.174675764062 
gen 80 6496 105.174675764062 0.0 105.174675764062 105.174675764062 
gen 81 6579 105.174675764062 0.0 105.174675764062 105.174675764062 
gen 82 6659 105.174675764062 0.0 105.174675764062 105.174675764062 
gen 83 6741 105.174675764062 0.0 105.174675764062 105.174675764062 
gen 84 6822 105.174675764062 0.0 105.174675764062 105.174675764062 
gen 85 6903 105.174675764062 0.0 105.174675764062 105.174675764062 
gen 86 6983 105.174675764062 0.0 105.174675764062 105.174675764062 
gen 87 7063 105.174675764062 0.0 105.174675764062 105.174675764062 
gen 88 7143 105.174675764062 0.0 105.174675764062 105.174675764062 
gen 89 7225 105.174675764062 0.0 105.174675764062 105.174675764062 
gen 90 7306 105.174675764062 0.0 105.174675764062 105.174675764062 
gen 91 7388 105.174675764062 0.0 105.174675764062 105.174675764062 
gen 92 7470 105.174675764062 0.0 105.174675764062 105.174675764062 
gen 93 7551 105.174675764062 0.0 105.174675764062 105.174675764062 
gen 94 7631 105.174675764062 0.0 105.174675764062 105.174675764062 
gen 95 7712 105.174675764062 0.0 105.174675764062 105.174675764062 
gen 96 7792 105.174675764062 0.0 105.174675764062 105.174675764062 
gen 97 7873 105.174675764062 0.0 105.174675764062 105.174675764062 
gen 98 7953 105.174675764062 0.0 105.174675764062 105.174675764062 
gen 99 8033 105.174675764062 0.0 105.174675764062 105.174675764062 
gen 100 8114 105.174675764062 0.0 105.174675764062 105.174675764062 
gen 101 8196 105.174675764062 0.0 105.174675764062 105.174675764062 
gen 102 8276 105.174675764062 0.0 105.174675764062 105.174675764062 
gen 103 8356 105.174675764062 0.0 105.174675764062 105.174675764062 
gen 104 8436 105.174675764062 0.0 105.174675764062 105.174675764062 
gen 105 8517 105.174675764062 0.0 105.174675764062 105.174675764062 
gen 106 8597 105.174675764062 0.0 105.174675764062 105.174675764062 
gen 107 8678 105.174675764062 0.0 105.174675764062 105.174675764062 
gen 108 8759 105.174675764062 0.0 105.174675764062 105.174675764062 
gen 109 8840 105.174675764062 0.0 105.174675764062 105.174675764062 
gen 110 8920 105.174675764062 0.0 105.174675764062 105.174675764062 
gen 111 9001 105.174675764062 0.0 105.174675764062 105.174675764062 
gen 112 9081 105.174675764062 0.0 105.174675764062 105.174675764062 
gen 113 9162 105.174675764062 0.0 105.174675764062 105.174675764062 
gen 114 9242 105.174675764062 0.0 105.174675764062 105.174675764062 
gen 115 9323 105.174675764062 0.0 105.174675764062 105.174675764062 
gen 116 9403 105.174675764062 0.0 105.174675764062 105.174675764062 
gen 117 9483 105.174675764062 0.0 105.174675764062 105.174675764062 
gen 118 9564 105.174675764062 0.0 105.174675764062 105.174675764062 
gen 119 9644 105.174675764062 0.0 105.174675764062 105.174675764062 
gen 120 9724 105.174675764062 0.0 105.174675764062 105.174675764062 
gen 121 9804 105.174675764062 0.0 105.174675764062 105.174675764062 
gen 122 9885 105.174675764062 0.0 105.174675764062 105.174675764062 
gen 123 9965 105.174675764062 0.0 105.174675764062 105.174675764062 
gen 124 10046 105.174675764062 0.0 105.174675764062 105.174675764062 
gen 125 10126 105.174675764062 0.0 105.174675764062 105.174675764062 
gen 126 10206 105.174675764062 0.0 105.174675764062 105.174675764062 
gen 127 10287 105.174675764062 0.0 105.174675764062 105.174675764062 
gen 128 10367 105.174675764062 0.0 105.174675764062 105.174675764062 
gen 129 10450 105.174675764062 0.0 105.174675764062 105.174675764062 
gen 130 10530 105.174675764062 0.0 105.174675764062 105.174675764062 
gen 131 10610 105.174675764062 0.0 105.174675764062 105.174675764062 
gen 132 10691 105.174675764062 0.0 105.174675764062 105.174675764062 
gen 133 10771 105.174675764062 0.0 105.174675764062 105.174675764062 
gen 134 10851 105.174675764062 0.0 105.174675764062 105.174675764062 
gen 135 10931 105.174675764062 0.0 105.174675764062 105.174675764062 
gen 136 11012 105.174675764062 0.0 105.174675764062 105.174675764062 
gen 137 11092 105.174675764062 0.0 105.174675764062 105.174675764062 
gen 138 11172 105.174675764062 0.0 105.174675764062 105.174675764062 
gen 139 11253 105.174675764062 0.0 105.174675764062 105.174675764062 
gen 140 11333 105.174675764062 0.0 105.174675764062 105.174675764062 
gen 141 11413 105.174675764062 0.0 105.174675764062 105.174675764062 
gen 142 11493 105.174675764062 0.0 105.174675764062 105.174675764062 
gen 143 11574 105.174675764062 0.0 105.174675764062 105.174675764062 
gen 144 11655 105.174675764062 0.0 105.174675764062 105.174675764062 
gen 145 11737 105.174675764062 0.0 105.174675764062 105.174675764062 
gen 146 11818 105.174675764062 0.0 105.174675764062 105.174675764062 
gen 147 11898 105.174675764062 0.0 105.174675764062 105.174675764062 
gen 148 11978 105.174675764062 0.0 105.174675764062 105.174675764062 
gen 149 12058 105.174675764062 0.0 105.174675764062 105.174675764062 
gen 150 12138 105.174675764062 0.0 105.174675764062 105.174675764062 
gen 151 12219 105.174675764062 0.0 105.174675764062 105.174675764062 
gen 152 12300 105.174675764062 0.0 105.174675764062 105.174675764062 
gen 153 12381 105.174675764062 0.0 105.174675764062 105.174675764062 
gen 154 12462 105.174675764062 0.0 105.174675764062 105.174675764062 
gen 155 12542 105.174675764062 0.0 105.174675764062 105.174675764062 
gen 156 12623 105.174675764062 0.0 105.174675764062 105.174675764062 
gen 157 12704 105.174675764062 0.0 105.174675764062 105.174675764062 
gen 158 12785 105.174675764062 0.0 105.174675764062 105.174675764062 
gen 159 12866 105.174675764062 0.0 105.174675764062 105.174675764062 
gen 160 12946 105.174675764062 0.0 105.174675764062 105.174675764062 
gen 161 13027 105.174675764062 0.0 105.174675764062 105.174675764062 
gen 162 13108 105.174675764062 0.0 105.174675764062 105.174675764062 
gen 163 13189 105.174675764062 0.0 105.174675764062 105.174675764062 
gen 164 13269 105.174675764062 0.0 105.174675764062 105.174675764062 
gen 165 13349 105.174675764062 0.0 105.174675764062 105.174675764062 
gen 166 13430 105.174675764062 0.0 105.174675764062 105.174675764062 
gen 167 13510 105.174675764062 0.0 105.174675764062 105.174675764062 
gen 168 13590 105.174675764062 0.0 105.174675764062 105.174675764062 
gen 169 13670 105.174675764062 0.0 105.174675764062 105.174675764062 
gen 170 13750 105.174675764062 0.0 105.174675764062 105.174675764062 
gen 171 13830 105.174675764062 0.0 105.174675764062 105.174675764062 
gen 172 13910 105.174675764062 0.0 105.174675764062 105.174675764062 
gen 173 13991 105.174675764062 0.0 105.174675764062 105.174675764062 
gen 174 14072 105.174675764062 0.0 105.174675764062 105.174675764062 
[2, 1, 0, 3, 0, 2, 1, 3, 3, 0, 1, 2, 2, 3, 1, 0, 1, 0, 2, 3]
min  105.174675764062
NFE 14072
LSNFE 0
VLSNFE 0
runTime 4.3724284172058105
