gen 0 20 183.66315614776306 33.859749125097345 122.36061037521776 260.0302337991194 
gen 1 102 144.87884852595272 13.244326563618 117.93733552853679 159.13729765428235 
gen 2 186 131.0862821637708 8.31250589087255 117.93733552853679 142.1043176303086 
gen 3 269 123.61881965059565 6.335898974737092 108.93282032572814 133.81749054655597 
gen 4 354 116.05197575237003 3.7426250226593116 105.174675764062 119.0329362140351 
gen 5 437 112.07423055008874 3.81912451566644 105.174675764062 115.94871783034442 
gen 6 520 108.21430024633007 1.438945930910761 105.174675764062 108.93282032572814 
gen 7 602 107.32442735531622 1.7815669414500346 105.174675764062 108.93282032572814 
gen 8 685 105.32366551227008 0.16471436413857563 105.174675764062 105.50576409341329 
gen 9 767 105.174675764062 0.0 105.174675764062 105.174675764062 
gen 10 850 105.174675764062 0.0 105.174675764062 105.174675764062 
gen 11 930 105.174675764062 0.0 105.174675764062 105.174675764062 
gen 12 1012 105.174675764062 0.0 105.174675764062 105.174675764062 
gen 13 1092 105.174675764062 0.0 105.174675764062 105.174675764062 
gen 14 1173 105.174675764062 0.0 105.174675764062 105.174675764062 
gen 15 1255 105.174675764062 0.0 105.174675764062 105.174675764062 
gen 16 1337 105.174675764062 0.0 105.174675764062 105.174675764062 
gen 17 1418 105.174675764062 0.0 105.174675764062 105.174675764062 
gen 18 1498 105.174675764062 0.0 105.174675764062 105.174675764062 
gen 19 1578 105.174675764062 0.0 105.174675764062 105.174675764062 
gen 20 1659 105.174675764062 0.0 105.174675764062 105.174675764062 
gen 21 1740 105.174675764062 0.0 105.174675764062 105.174675764062 
gen 22 1820 105.174675764062 0.0 105.174675764062 105.174675764062 
gen 23 1900 105.174675764062 0.0 105.174675764062 105.174675764062 
gen 24 1980 105.174675764062 0.0 105.174675764062 105.174675764062 
gen 25 2060 105.174675764062 0.0 105.174675764062 105.174675764062 
gen 26 2140 105.174675764062 0.0 105.174675764062 105.174675764062 
gen 27 2220 105.174675764062 0.0 105.174675764062 105.174675764062 
gen 28 2300 105.174675764062 0.0 105.174675764062 105.174675764062 
gen 29 2380 105.174675764062 0.0 105.174675764062 105.174675764062 
gen 30 2460 105.174675764062 0.0 105.174675764062 105.174675764062 
gen 31 2540 105.174675764062 0.0 105.174675764062 105.174675764062 
gen 32 2620 105.174675764062 0.0 105.174675764062 105.174675764062 
gen 33 2700 105.174675764062 0.0 105.174675764062 105.174675764062 
gen 34 2780 105.174675764062 0.0 105.174675764062 105.174675764062 
gen 35 2860 105.174675764062 0.0 105.174675764062 105.174675764062 
gen 36 2941 105.174675764062 0.0 105.174675764062 105.174675764062 
gen 37 3021 105.174675764062 0.0 105.174675764062 105.174675764062 
gen 38 3103 105.174675764062 0.0 105.174675764062 105.174675764062 
gen 39 3185 105.174675764062 0.0 105.174675764062 105.174675764062 
gen 40 3266 105.174675764062 0.0 105.174675764062 105.174675764062 
gen 41 3349 105.174675764062 0.0 105.174675764062 105.174675764062 
gen 42 3431 105.174675764062 0.0 105.174675764062 105.174675764062 
gen 43 3512 105.174675764062 0.0 105.174675764062 105.174675764062 
gen 44 3593 105.174675764062 0.0 105.174675764062 105.174675764062 
gen 45 3675 105.174675764062 0.0 105.174675764062 105.174675764062 
gen 46 3755 105.174675764062 0.0 105.174675764062 105.174675764062 
gen 47 3836 105.174675764062 0.0 105.174675764062 105.174675764062 
gen 48 3917 105.174675764062 0.0 105.174675764062 105.174675764062 
gen 49 3997 105.174675764062 0.0 105.174675764062 105.174675764062 
gen 50 4078 105.174675764062 0.0 105.174675764062 105.174675764062 
gen 51 4158 105.174675764062 0.0 105.174675764062 105.174675764062 
gen 52 4240 105.174675764062 0.0 105.174675764062 105.174675764062 
gen 53 4321 105.174675764062 0.0 105.174675764062 105.174675764062 
gen 54 4401 105.174675764062 0.0 105.174675764062 105.174675764062 
gen 55 4482 105.174675764062 0.0 105.174675764062 105.174675764062 
gen 56 4562 105.174675764062 0.0 105.174675764062 105.174675764062 
gen 57 4643 105.174675764062 0.0 105.174675764062 105.174675764062 
gen 58 4723 105.174675764062 0.0 105.174675764062 105.174675764062 
gen 59 4804 105.174675764062 0.0 105.174675764062 105.174675764062 
gen 60 4884 105.174675764062 0.0 105.174675764062 105.174675764062 
gen 61 4964 105.174675764062 0.0 105.174675764062 105.174675764062 
gen 62 5044 105.174675764062 0.0 105.174675764062 105.174675764062 
gen 63 5125 105.174675764062 0.0 105.174675764062 105.174675764062 
gen 64 5205 105.174675764062 0.0 105.174675764062 105.174675764062 
gen 65 5286 105.174675764062 0.0 105.174675764062 105.174675764062 
gen 66 5367 105.174675764062 0.0 105.174675764062 105.174675764062 
gen 67 5447 105.174675764062 0.0 105.174675764062 105.174675764062 
gen 68 5528 105.174675764062 0.0 105.174675764062 105.174675764062 
gen 69 5609 105.174675764062 0.0 105.174675764062 105.174675764062 
gen 70 5689 105.174675764062 0.0 105.174675764062 105.174675764062 
gen 71 5770 105.174675764062 0.0 105.174675764062 105.174675764062 
gen 72 5850 105.174675764062 0.0 105.174675764062 105.174675764062 
gen 73 5931 105.174675764062 0.0 105.174675764062 105.174675764062 
gen 74 6011 105.174675764062 0.0 105.174675764062 105.174675764062 
gen 75 6093 105.174675764062 0.0 105.174675764062 105.174675764062 
gen 76 6176 105.174675764062 0.0 105.174675764062 105.174675764062 
gen 77 6256 105.174675764062 0.0 105.174675764062 105.174675764062 
gen 78 6337 105.174675764062 0.0 105.174675764062 105.174675764062 
gen 79 6417 105.174675764062 0.0 105.174675764062 105.174675764062 
gen 80 6497 105.174675764062 0.0 105.174675764062 105.174675764062 
gen 81 6580 105.174675764062 0.0 105.174675764062 105.174675764062 
gen 82 6660 105.174675764062 0.0 105.174675764062 105.174675764062 
gen 83 6740 105.174675764062 0.0 105.174675764062 105.174675764062 
gen 84 6820 105.174675764062 0.0 105.174675764062 105.174675764062 
gen 85 6902 105.174675764062 0.0 105.174675764062 105.174675764062 
gen 86 6983 105.174675764062 0.0 105.174675764062 105.174675764062 
gen 87 7063 105.174675764062 0.0 105.174675764062 105.174675764062 
gen 88 7143 105.174675764062 0.0 105.174675764062 105.174675764062 
gen 89 7223 105.174675764062 0.0 105.174675764062 105.174675764062 
gen 90 7304 105.174675764062 0.0 105.174675764062 105.174675764062 
gen 91 7387 105.174675764062 0.0 105.174675764062 105.174675764062 
gen 92 7468 105.174675764062 0.0 105.174675764062 105.174675764062 
gen 93 7549 105.174675764062 0.0 105.174675764062 105.174675764062 
gen 94 7630 105.174675764062 0.0 105.174675764062 105.174675764062 
gen 95 7711 105.174675764062 0.0 105.174675764062 105.174675764062 
gen 96 7794 105.174675764062 0.0 105.174675764062 105.174675764062 
gen 97 7874 105.174675764062 0.0 105.174675764062 105.174675764062 
gen 98 7954 105.174675764062 0.0 105.174675764062 105.174675764062 
gen 99 8034 105.174675764062 0.0 105.174675764062 105.174675764062 
gen 100 8114 105.174675764062 0.0 105.174675764062 105.174675764062 
gen 101 8195 105.174675764062 0.0 105.174675764062 105.174675764062 
gen 102 8276 105.174675764062 0.0 105.174675764062 105.174675764062 
gen 103 8356 105.174675764062 0.0 105.174675764062 105.174675764062 
gen 104 8436 105.174675764062 0.0 105.174675764062 105.174675764062 
gen 105 8517 105.174675764062 0.0 105.174675764062 105.174675764062 
gen 106 8597 105.174675764062 0.0 105.174675764062 105.174675764062 
gen 107 8679 105.174675764062 0.0 105.174675764062 105.174675764062 
gen 108 8759 105.174675764062 0.0 105.174675764062 105.174675764062 
gen 109 8839 105.174675764062 0.0 105.174675764062 105.174675764062 
gen 110 8919 105.174675764062 0.0 105.174675764062 105.174675764062 
gen 111 9000 105.174675764062 0.0 105.174675764062 105.174675764062 
gen 112 9081 105.174675764062 0.0 105.174675764062 105.174675764062 
gen 113 9161 105.174675764062 0.0 105.174675764062 105.174675764062 
gen 114 9242 105.174675764062 0.0 105.174675764062 105.174675764062 
gen 115 9323 105.174675764062 0.0 105.174675764062 105.174675764062 
gen 116 9403 105.174675764062 0.0 105.174675764062 105.174675764062 
gen 117 9483 105.174675764062 0.0 105.174675764062 105.174675764062 
gen 118 9564 105.174675764062 0.0 105.174675764062 105.174675764062 
gen 119 9644 105.174675764062 0.0 105.174675764062 105.174675764062 
gen 120 9725 105.174675764062 0.0 105.174675764062 105.174675764062 
gen 121 9807 105.174675764062 0.0 105.174675764062 105.174675764062 
gen 122 9887 105.174675764062 0.0 105.174675764062 105.174675764062 
gen 123 9968 105.174675764062 0.0 105.174675764062 105.174675764062 
gen 124 10049 105.174675764062 0.0 105.174675764062 105.174675764062 
gen 125 10130 105.174675764062 0.0 105.174675764062 105.174675764062 
gen 126 10211 105.174675764062 0.0 105.174675764062 105.174675764062 
gen 127 10291 105.174675764062 0.0 105.174675764062 105.174675764062 
gen 128 10371 105.174675764062 0.0 105.174675764062 105.174675764062 
gen 129 10451 105.174675764062 0.0 105.174675764062 105.174675764062 
gen 130 10531 105.174675764062 0.0 105.174675764062 105.174675764062 
gen 131 10612 105.174675764062 0.0 105.174675764062 105.174675764062 
gen 132 10692 105.174675764062 0.0 105.174675764062 105.174675764062 
gen 133 10772 105.174675764062 0.0 105.174675764062 105.174675764062 
gen 134 10853 105.174675764062 0.0 105.174675764062 105.174675764062 
gen 135 10933 105.174675764062 0.0 105.174675764062 105.174675764062 
gen 136 11013 105.174675764062 0.0 105.174675764062 105.174675764062 
gen 137 11093 105.174675764062 0.0 105.174675764062 105.174675764062 
gen 138 11174 105.174675764062 0.0 105.174675764062 105.174675764062 
gen 139 11255 105.174675764062 0.0 105.174675764062 105.174675764062 
gen 140 11336 105.174675764062 0.0 105.174675764062 105.174675764062 
gen 141 11418 105.174675764062 0.0 105.174675764062 105.174675764062 
gen 142 11499 105.174675764062 0.0 105.174675764062 105.174675764062 
gen 143 11579 105.174675764062 0.0 105.174675764062 105.174675764062 
gen 144 11659 105.174675764062 0.0 105.174675764062 105.174675764062 
gen 145 11739 105.174675764062 0.0 105.174675764062 105.174675764062 
gen 146 11819 105.174675764062 0.0 105.174675764062 105.174675764062 
gen 147 11899 105.174675764062 0.0 105.174675764062 105.174675764062 
gen 148 11980 105.174675764062 0.0 105.174675764062 105.174675764062 
gen 149 12062 105.174675764062 0.0 105.174675764062 105.174675764062 
gen 150 12142 105.174675764062 0.0 105.174675764062 105.174675764062 
gen 151 12223 105.174675764062 0.0 105.174675764062 105.174675764062 
gen 152 12304 105.174675764062 0.0 105.174675764062 105.174675764062 
gen 153 12384 105.174675764062 0.0 105.174675764062 105.174675764062 
gen 154 12467 105.174675764062 0.0 105.174675764062 105.174675764062 
gen 155 12549 105.174675764062 0.0 105.174675764062 105.174675764062 
gen 156 12630 105.174675764062 0.0 105.174675764062 105.174675764062 
gen 157 12710 105.174675764062 0.0 105.174675764062 105.174675764062 
gen 158 12792 105.174675764062 0.0 105.174675764062 105.174675764062 
gen 159 12873 105.174675764062 0.0 105.174675764062 105.174675764062 
gen 160 12955 105.174675764062 0.0 105.174675764062 105.174675764062 
gen 161 13035 105.174675764062 0.0 105.174675764062 105.174675764062 
gen 162 13115 105.174675764062 0.0 105.174675764062 105.174675764062 
gen 163 13198 105.174675764062 0.0 105.174675764062 105.174675764062 
gen 164 13281 105.174675764062 0.0 105.174675764062 105.174675764062 
gen 165 13361 105.174675764062 0.0 105.174675764062 105.174675764062 
gen 166 13444 105.174675764062 0.0 105.174675764062 105.174675764062 
gen 167 13525 105.174675764062 0.0 105.174675764062 105.174675764062 
gen 168 13605 105.174675764062 0.0 105.174675764062 105.174675764062 
gen 169 13685 105.174675764062 0.0 105.174675764062 105.174675764062 
gen 170 13766 105.174675764062 0.0 105.174675764062 105.174675764062 
gen 171 13847 105.174675764062 0.0 105.174675764062 105.174675764062 
gen 172 13928 105.174675764062 0.0 105.174675764062 105.174675764062 
gen 173 14009 105.174675764062 0.0 105.174675764062 105.174675764062 
[2, 0, 1, 3, 0, 2, 1, 3, 3, 0, 2, 1, 2, 3, 0, 1, 1, 0, 3, 2]
min  105.174675764062
NFE 14009
LSNFE 0
VLSNFE 0
runTime 4.363122463226318
