gen 0 20 181.08166680133857 33.13748123282795 109.42256320475322 233.66953849183324 
gen 1 104 143.40083597326284 14.924564728798547 109.42256320475322 162.7880162896209 
gen 2 188 128.4417816724802 9.463012917953227 109.42256320475322 139.97313547591688 
gen 3 271 116.56155847180533 4.0648503708654244 108.93282032572814 121.81134129340161 
gen 4 355 112.18897180781819 3.1345304964693845 105.50576409341329 117.59597566307674 
gen 5 439 109.79283618330166 1.4046238763440564 105.50576409341329 111.2051526993106 
gen 6 523 108.76152471015544 1.1086370391949265 105.50576409341329 109.42256320475322 
gen 7 606 108.23085466279763 1.405394570326336 105.174675764062 108.93282032572814 
gen 8 689 107.70024181148283 1.6820504944028525 105.174675764062 108.93282032572814 
gen 9 772 106.81036892046897 1.7371862045758844 105.174675764062 108.93282032572814 
gen 10 854 105.35677434520521 0.16471436413857565 105.174675764062 105.50576409341329 
gen 11 934 105.174675764062 0.0 105.174675764062 105.174675764062 
gen 12 1014 105.174675764062 0.0 105.174675764062 105.174675764062 
gen 13 1095 105.174675764062 0.0 105.174675764062 105.174675764062 
gen 14 1177 105.174675764062 0.0 105.174675764062 105.174675764062 
gen 15 1257 105.174675764062 0.0 105.174675764062 105.174675764062 
gen 16 1337 105.174675764062 0.0 105.174675764062 105.174675764062 
gen 17 1417 105.174675764062 0.0 105.174675764062 105.174675764062 
gen 18 1497 105.174675764062 0.0 105.174675764062 105.174675764062 
gen 19 1579 105.174675764062 0.0 105.174675764062 105.174675764062 
gen 20 1659 105.174675764062 0.0 105.174675764062 105.174675764062 
gen 21 1740 105.174675764062 0.0 105.174675764062 105.174675764062 
gen 22 1820 105.174675764062 0.0 105.174675764062 105.174675764062 
gen 23 1901 105.174675764062 0.0 105.174675764062 105.174675764062 
gen 24 1982 105.174675764062 0.0 105.174675764062 105.174675764062 
gen 25 2062 105.174675764062 0.0 105.174675764062 105.174675764062 
gen 26 2142 105.174675764062 0.0 105.174675764062 105.174675764062 
gen 27 2222 105.174675764062 0.0 105.174675764062 105.174675764062 
gen 28 2303 105.174675764062 0.0 105.174675764062 105.174675764062 
gen 29 2383 105.174675764062 0.0 105.174675764062 105.174675764062 
gen 30 2463 105.174675764062 0.0 105.174675764062 105.174675764062 
gen 31 2544 105.174675764062 0.0 105.174675764062 105.174675764062 
gen 32 2624 105.174675764062 0.0 105.174675764062 105.174675764062 
gen 33 2705 105.174675764062 0.0 105.174675764062 105.174675764062 
gen 34 2786 105.174675764062 0.0 105.174675764062 105.174675764062 
gen 35 2866 105.174675764062 0.0 105.174675764062 105.174675764062 
gen 36 2946 105.174675764062 0.0 105.174675764062 105.174675764062 
gen 37 3027 105.174675764062 0.0 105.174675764062 105.174675764062 
gen 38 3107 105.174675764062 0.0 105.174675764062 105.174675764062 
gen 39 3187 105.174675764062 0.0 105.174675764062 105.174675764062 
gen 40 3269 105.174675764062 0.0 105.174675764062 105.174675764062 
gen 41 3350 105.174675764062 0.0 105.174675764062 105.174675764062 
gen 42 3430 105.174675764062 0.0 105.174675764062 105.174675764062 
gen 43 3512 105.174675764062 0.0 105.174675764062 105.174675764062 
gen 44 3592 105.174675764062 0.0 105.174675764062 105.174675764062 
gen 45 3675 105.174675764062 0.0 105.174675764062 105.174675764062 
gen 46 3756 105.174675764062 0.0 105.174675764062 105.174675764062 
gen 47 3836 105.174675764062 0.0 105.174675764062 105.174675764062 
gen 48 3917 105.174675764062 0.0 105.174675764062 105.174675764062 
gen 49 3997 105.174675764062 0.0 105.174675764062 105.174675764062 
gen 50 4078 105.174675764062 0.0 105.174675764062 105.174675764062 
gen 51 4159 105.174675764062 0.0 105.174675764062 105.174675764062 
gen 52 4242 105.174675764062 0.0 105.174675764062 105.174675764062 
gen 53 4322 105.174675764062 0.0 105.174675764062 105.174675764062 
gen 54 4403 105.174675764062 0.0 105.174675764062 105.174675764062 
gen 55 4484 105.174675764062 0.0 105.174675764062 105.174675764062 
gen 56 4565 105.174675764062 0.0 105.174675764062 105.174675764062 
gen 57 4645 105.174675764062 0.0 105.174675764062 105.174675764062 
gen 58 4725 105.174675764062 0.0 105.174675764062 105.174675764062 
gen 59 4805 105.174675764062 0.0 105.174675764062 105.174675764062 
gen 60 4886 105.174675764062 0.0 105.174675764062 105.174675764062 
gen 61 4966 105.174675764062 0.0 105.174675764062 105.174675764062 
gen 62 5047 105.174675764062 0.0 105.174675764062 105.174675764062 
gen 63 5129 105.174675764062 0.0 105.174675764062 105.174675764062 
gen 64 5209 105.174675764062 0.0 105.174675764062 105.174675764062 
gen 65 5291 105.174675764062 0.0 105.174675764062 105.174675764062 
gen 66 5373 105.174675764062 0.0 105.174675764062 105.174675764062 
gen 67 5454 105.174675764062 0.0 105.174675764062 105.174675764062 
gen 68 5536 105.174675764062 0.0 105.174675764062 105.174675764062 
gen 69 5617 105.174675764062 0.0 105.174675764062 105.174675764062 
gen 70 5700 105.174675764062 0.0 105.174675764062 105.174675764062 
gen 71 5781 105.174675764062 0.0 105.174675764062 105.174675764062 
gen 72 5862 105.174675764062 0.0 105.174675764062 105.174675764062 
gen 73 5943 105.174675764062 0.0 105.174675764062 105.174675764062 
gen 74 6023 105.174675764062 0.0 105.174675764062 105.174675764062 
gen 75 6103 105.174675764062 0.0 105.174675764062 105.174675764062 
gen 76 6184 105.174675764062 0.0 105.174675764062 105.174675764062 
gen 77 6264 105.174675764062 0.0 105.174675764062 105.174675764062 
gen 78 6344 105.174675764062 0.0 105.174675764062 105.174675764062 
gen 79 6425 105.174675764062 0.0 105.174675764062 105.174675764062 
gen 80 6505 105.174675764062 0.0 105.174675764062 105.174675764062 
gen 81 6585 105.174675764062 0.0 105.174675764062 105.174675764062 
gen 82 6667 105.174675764062 0.0 105.174675764062 105.174675764062 
gen 83 6747 105.174675764062 0.0 105.174675764062 105.174675764062 
gen 84 6828 105.174675764062 0.0 105.174675764062 105.174675764062 
gen 85 6908 105.174675764062 0.0 105.174675764062 105.174675764062 
gen 86 6989 105.174675764062 0.0 105.174675764062 105.174675764062 
gen 87 7070 105.174675764062 0.0 105.174675764062 105.174675764062 
gen 88 7151 105.174675764062 0.0 105.174675764062 105.174675764062 
gen 89 7232 105.174675764062 0.0 105.174675764062 105.174675764062 
gen 90 7313 105.174675764062 0.0 105.174675764062 105.174675764062 
gen 91 7393 105.174675764062 0.0 105.174675764062 105.174675764062 
gen 92 7473 105.174675764062 0.0 105.174675764062 105.174675764062 
gen 93 7553 105.174675764062 0.0 105.174675764062 105.174675764062 
gen 94 7633 105.174675764062 0.0 105.174675764062 105.174675764062 
gen 95 7713 105.174675764062 0.0 105.174675764062 105.174675764062 
gen 96 7793 105.174675764062 0.0 105.174675764062 105.174675764062 
gen 97 7874 105.174675764062 0.0 105.174675764062 105.174675764062 
gen 98 7954 105.174675764062 0.0 105.174675764062 105.174675764062 
gen 99 8035 105.174675764062 0.0 105.174675764062 105.174675764062 
gen 100 8116 105.174675764062 0.0 105.174675764062 105.174675764062 
gen 101 8197 105.174675764062 0.0 105.174675764062 105.174675764062 
gen 102 8277 105.174675764062 0.0 105.174675764062 105.174675764062 
gen 103 8358 105.174675764062 0.0 105.174675764062 105.174675764062 
gen 104 8438 105.174675764062 0.0 105.174675764062 105.174675764062 
gen 105 8518 105.174675764062 0.0 105.174675764062 105.174675764062 
gen 106 8601 105.174675764062 0.0 105.174675764062 105.174675764062 
gen 107 8683 105.174675764062 0.0 105.174675764062 105.174675764062 
gen 108 8763 105.174675764062 0.0 105.174675764062 105.174675764062 
gen 109 8843 105.174675764062 0.0 105.174675764062 105.174675764062 
gen 110 8923 105.174675764062 0.0 105.174675764062 105.174675764062 
gen 111 9003 105.174675764062 0.0 105.174675764062 105.174675764062 
gen 112 9085 105.174675764062 0.0 105.174675764062 105.174675764062 
gen 113 9165 105.174675764062 0.0 105.174675764062 105.174675764062 
gen 114 9245 105.174675764062 0.0 105.174675764062 105.174675764062 
gen 115 9325 105.174675764062 0.0 105.174675764062 105.174675764062 
gen 116 9406 105.174675764062 0.0 105.174675764062 105.174675764062 
gen 117 9486 105.174675764062 0.0 105.174675764062 105.174675764062 
gen 118 9566 105.174675764062 0.0 105.174675764062 105.174675764062 
gen 119 9648 105.174675764062 0.0 105.174675764062 105.174675764062 
gen 120 9728 105.174675764062 0.0 105.174675764062 105.174675764062 
gen 121 9808 105.174675764062 0.0 105.174675764062 105.174675764062 
gen 122 9888 105.174675764062 0.0 105.174675764062 105.174675764062 
gen 123 9969 105.174675764062 0.0 105.174675764062 105.174675764062 
gen 124 10049 105.174675764062 0.0 105.174675764062 105.174675764062 
gen 125 10130 105.174675764062 0.0 105.174675764062 105.174675764062 
gen 126 10210 105.174675764062 0.0 105.174675764062 105.174675764062 
gen 127 10290 105.174675764062 0.0 105.174675764062 105.174675764062 
gen 128 10370 105.174675764062 0.0 105.174675764062 105.174675764062 
gen 129 10452 105.174675764062 0.0 105.174675764062 105.174675764062 
gen 130 10532 105.174675764062 0.0 105.174675764062 105.174675764062 
gen 131 10614 105.174675764062 0.0 105.174675764062 105.174675764062 
gen 132 10695 105.174675764062 0.0 105.174675764062 105.174675764062 
gen 133 10775 105.174675764062 0.0 105.174675764062 105.174675764062 
gen 134 10856 105.174675764062 0.0 105.174675764062 105.174675764062 
gen 135 10936 105.174675764062 0.0 105.174675764062 105.174675764062 
gen 136 11017 105.174675764062 0.0 105.174675764062 105.174675764062 
gen 137 11098 105.174675764062 0.0 105.174675764062 105.174675764062 
gen 138 11179 105.174675764062 0.0 105.174675764062 105.174675764062 
gen 139 11261 105.174675764062 0.0 105.174675764062 105.174675764062 
gen 140 11341 105.174675764062 0.0 105.174675764062 105.174675764062 
gen 141 11421 105.174675764062 0.0 105.174675764062 105.174675764062 
gen 142 11502 105.174675764062 0.0 105.174675764062 105.174675764062 
gen 143 11582 105.174675764062 0.0 105.174675764062 105.174675764062 
gen 144 11664 105.174675764062 0.0 105.174675764062 105.174675764062 
gen 145 11744 105.174675764062 0.0 105.174675764062 105.174675764062 
gen 146 11825 105.174675764062 0.0 105.174675764062 105.174675764062 
gen 147 11906 105.174675764062 0.0 105.174675764062 105.174675764062 
gen 148 11986 105.174675764062 0.0 105.174675764062 105.174675764062 
gen 149 12066 105.174675764062 0.0 105.174675764062 105.174675764062 
gen 150 12147 105.174675764062 0.0 105.174675764062 105.174675764062 
gen 151 12228 105.174675764062 0.0 105.174675764062 105.174675764062 
gen 152 12308 105.174675764062 0.0 105.174675764062 105.174675764062 
gen 153 12390 105.174675764062 0.0 105.174675764062 105.174675764062 
gen 154 12470 105.174675764062 0.0 105.174675764062 105.174675764062 
gen 155 12550 105.174675764062 0.0 105.174675764062 105.174675764062 
gen 156 12630 105.174675764062 0.0 105.174675764062 105.174675764062 
gen 157 12710 105.174675764062 0.0 105.174675764062 105.174675764062 
gen 158 12790 105.174675764062 0.0 105.174675764062 105.174675764062 
gen 159 12872 105.174675764062 0.0 105.174675764062 105.174675764062 
gen 160 12952 105.174675764062 0.0 105.174675764062 105.174675764062 
gen 161 13033 105.174675764062 0.0 105.174675764062 105.174675764062 
gen 162 13113 105.174675764062 0.0 105.174675764062 105.174675764062 
gen 163 13193 105.174675764062 0.0 105.174675764062 105.174675764062 
gen 164 13274 105.174675764062 0.0 105.174675764062 105.174675764062 
gen 165 13354 105.174675764062 0.0 105.174675764062 105.174675764062 
gen 166 13435 105.174675764062 0.0 105.174675764062 105.174675764062 
gen 167 13518 105.174675764062 0.0 105.174675764062 105.174675764062 
gen 168 13598 105.174675764062 0.0 105.174675764062 105.174675764062 
gen 169 13679 105.174675764062 0.0 105.174675764062 105.174675764062 
gen 170 13759 105.174675764062 0.0 105.174675764062 105.174675764062 
gen 171 13839 105.174675764062 0.0 105.174675764062 105.174675764062 
gen 172 13921 105.174675764062 0.0 105.174675764062 105.174675764062 
gen 173 14001 105.174675764062 0.0 105.174675764062 105.174675764062 
[2, 3, 0, 1, 0, 3, 2, 1, 3, 0, 1, 2, 2, 0, 1, 3, 1, 0, 3, 2]
min  105.174675764062
NFE 14001
LSNFE 0
VLSNFE 0
runTime 4.317292213439941
