gen 0 64 781250000001407.2 2683681880830475.5 836.5621944788414 1e+16 
gen 1 448 910.5379742823613 76.61021754902117 698.4390231354191 1022.9004412110341 
gen 2 832 802.1961377293668 49.5120683931932 636.3088049547475 860.7321642700435 
gen 3 1216 741.5805265898686 42.25688327467291 574.1217707530764 796.3261520586509 
gen 4 1600 702.0099876677339 38.73474609694023 574.1217707530764 742.9081407566538 
gen 5 1984 670.908333416369 33.94950719666822 574.1217707530764 705.8537590560794 
gen 6 2468 640.1363807407256 32.36660226180722 529.9245892787828 675.503423469081 
gen 7 2852 623.3523614541707 23.93933672763171 529.9245892787828 650.9723811398849 
gen 8 3236 607.0060231398979 19.69283309942897 529.9245892787828 629.5021298598543 
gen 9 3620 592.2780189190532 18.88307336673983 529.9245892787828 613.533951960964 
gen 10 4004 576.6982985609797 18.500073624212035 529.9245892787828 599.5124358977885 
gen 11 4388 562.5563698353749 14.416700799863044 513.697431052224 580.8386412093665 
gen 12 4772 550.724000221908 13.389455523440677 513.697431052224 567.4667337327628 
gen 13 5156 538.3040619513707 10.313992670429833 492.4472054002461 552.0416015408126 
gen 14 5540 527.4149106522489 9.272510314288535 490.58574941149095 537.0295803728831 
gen 15 5964 519.2548019234359 7.600607412190445 483.8099585462416 526.6116324610001 
gen 16 6348 509.4978446937785 7.324606979873458 483.8099585462416 517.6765687585294 
gen 17 6732 503.31938835378 6.716975560212112 483.8099585462416 510.5095798769009 
gen 18 7116 498.61862136354455 6.447006166185635 475.3851587771692 505.1595603734424 
gen 19 7500 492.66354651043457 6.631746688673621 472.18786906884964 499.58204585108774 
gen 20 7884 484.75022198657217 6.095206620250047 470.4054048082762 492.9914043778265 
gen 21 8268 476.0902122172887 3.4193772665119386 468.4213799017015 480.6958058617104 
gen 22 8652 471.2780931122901 2.038130400666156 462.064315810455 474.1383138083089 
gen 23 9046 467.9227763522467 2.169778593056521 460.69103497512447 470.4054048082762 
gen 24 9440 464.9947775118163 1.2850195806544888 460.69103497512447 467.10452527023324 
gen 25 9824 463.2830729261906 0.9593650818115689 460.69103497512447 464.44517510842786 
gen 26 10208 461.889107504449 0.9283572118496861 458.5310720366709 463.2057247915609 
gen 27 10592 460.27958898555545 0.6145838809239217 458.5310720366709 460.7363497534599 
gen 28 10976 459.2740416063254 0.6040950138753509 457.50226959830263 459.78209417232864 
gen 29 11360 458.41180921279556 0.3795330789730574 457.34347572851567 458.93552201491957 
gen 30 11744 457.9513311790374 0.3757938707298022 457.34347572851567 458.2942654660894 
gen 31 12128 457.4645514781165 0.06828123048249182 457.3114240834121 457.50226959830263 
gen 32 12522 457.36034300106894 0.049894802928056384 457.3114240834121 457.50226959830263 
gen 33 12906 457.34197330765153 0.006774790910669205 457.3114240834121 457.34347572851567 
gen 34 13290 457.3339603963756 0.014643787183008865 457.3114240834121 457.34347572851567 
gen 35 13674 457.3114240834121 0.0 457.3114240834121 457.3114240834121 
gen 36 14058 457.3114240834121 0.0 457.3114240834121 457.3114240834121 
gen 37 14442 457.3114240834121 0.0 457.3114240834121 457.3114240834121 
gen 38 14826 457.3114240834121 0.0 457.3114240834121 457.3114240834121 
gen 39 15210 457.3114240834121 0.0 457.3114240834121 457.3114240834121 
gen 40 15594 457.3114240834121 0.0 457.3114240834121 457.3114240834121 
gen 41 15988 457.3114240834121 0.0 457.3114240834121 457.3114240834121 
gen 42 16382 457.3114240834121 0.0 457.3114240834121 457.3114240834121 
gen 43 16776 457.3114240834121 0.0 457.3114240834121 457.3114240834121 
gen 44 17160 457.3114240834121 0.0 457.3114240834121 457.3114240834121 
gen 45 17544 457.3114240834121 0.0 457.3114240834121 457.3114240834121 
gen 46 17928 457.3114240834121 0.0 457.3114240834121 457.3114240834121 
gen 47 18322 457.3114240834121 0.0 457.3114240834121 457.3114240834121 
gen 48 18706 457.3114240834121 0.0 457.3114240834121 457.3114240834121 
gen 49 19090 457.3114240834121 0.0 457.3114240834121 457.3114240834121 
gen 50 19474 457.3114240834121 0.0 457.3114240834121 457.3114240834121 
gen 51 19858 457.3114240834121 0.0 457.3114240834121 457.3114240834121 
gen 52 20242 457.3114240834121 0.0 457.3114240834121 457.3114240834121 
gen 53 20626 457.3114240834121 0.0 457.3114240834121 457.3114240834121 
gen 54 21010 457.3114240834121 0.0 457.3114240834121 457.3114240834121 
gen 55 21394 457.3114240834121 0.0 457.3114240834121 457.3114240834121 
gen 56 21778 457.3114240834121 0.0 457.3114240834121 457.3114240834121 
gen 57 22162 457.3114240834121 0.0 457.3114240834121 457.3114240834121 
gen 58 22546 457.3114240834121 0.0 457.3114240834121 457.3114240834121 
gen 59 22930 457.3114240834121 0.0 457.3114240834121 457.3114240834121 
gen 60 23314 457.3114240834121 0.0 457.3114240834121 457.3114240834121 
gen 61 23698 457.3114240834121 0.0 457.3114240834121 457.3114240834121 
gen 62 24082 457.3114240834121 0.0 457.3114240834121 457.3114240834121 
gen 63 24466 457.3114240834121 0.0 457.3114240834121 457.3114240834121 
gen 64 24850 457.3114240834121 0.0 457.3114240834121 457.3114240834121 
gen 65 25234 457.3114240834121 0.0 457.3114240834121 457.3114240834121 
gen 66 25618 457.3114240834121 0.0 457.3114240834121 457.3114240834121 
gen 67 26002 457.3114240834121 0.0 457.3114240834121 457.3114240834121 
gen 68 26386 457.3114240834121 0.0 457.3114240834121 457.3114240834121 
gen 69 26780 457.3114240834121 0.0 457.3114240834121 457.3114240834121 
gen 70 27164 457.3114240834121 0.0 457.3114240834121 457.3114240834121 
gen 71 27568 457.3108608172913 0.004470786232089626 457.27537505168624 457.3114240834121 
gen 72 27952 457.30635468832554 0.012531880056863653 457.27537505168624 457.3114240834121 
gen 73 28336 457.27537505168624 0.0 457.27537505168624 457.27537505168624 
gen 74 28720 457.27537505168624 0.0 457.27537505168624 457.27537505168624 
gen 75 29104 457.27537505168624 0.0 457.27537505168624 457.27537505168624 
gen 76 29488 457.27537505168624 0.0 457.27537505168624 457.27537505168624 
gen 77 29872 457.27537505168624 0.0 457.27537505168624 457.27537505168624 
gen 78 30266 457.27537505168624 0.0 457.27537505168624 457.27537505168624 
gen 79 30650 457.27537505168624 0.0 457.27537505168624 457.27537505168624 
gen 80 31034 457.27537505168624 0.0 457.27537505168624 457.27537505168624 
gen 81 31418 457.27537505168624 0.0 457.27537505168624 457.27537505168624 
gen 82 31802 457.27537505168624 0.0 457.27537505168624 457.27537505168624 
gen 83 32196 457.27537505168624 0.0 457.27537505168624 457.27537505168624 
gen 84 32580 457.27537505168624 0.0 457.27537505168624 457.27537505168624 
gen 85 32964 457.27537505168624 0.0 457.27537505168624 457.27537505168624 
gen 86 33348 457.27537505168624 0.0 457.27537505168624 457.27537505168624 
gen 87 33732 457.27537505168624 0.0 457.27537505168624 457.27537505168624 
gen 88 34116 457.27537505168624 0.0 457.27537505168624 457.27537505168624 
gen 89 34500 457.27537505168624 0.0 457.27537505168624 457.27537505168624 
gen 90 34894 457.27537505168624 0.0 457.27537505168624 457.27537505168624 
gen 91 35278 457.27537505168624 0.0 457.27537505168624 457.27537505168624 
gen 92 35662 457.27537505168624 0.0 457.27537505168624 457.27537505168624 
gen 93 36056 457.27537505168624 0.0 457.27537505168624 457.27537505168624 
gen 94 36440 457.27537505168624 0.0 457.27537505168624 457.27537505168624 
gen 95 36834 457.27537505168624 0.0 457.27537505168624 457.27537505168624 
gen 96 37218 457.27537505168624 0.0 457.27537505168624 457.27537505168624 
gen 97 37602 457.27537505168624 0.0 457.27537505168624 457.27537505168624 
gen 98 37986 457.27537505168624 0.0 457.27537505168624 457.27537505168624 
gen 99 38370 457.27537505168624 0.0 457.27537505168624 457.27537505168624 
gen 100 38754 457.27537505168624 0.0 457.27537505168624 457.27537505168624 
gen 101 39138 457.27537505168624 0.0 457.27537505168624 457.27537505168624 
gen 102 39522 457.27537505168624 0.0 457.27537505168624 457.27537505168624 
gen 103 39906 457.27537505168624 0.0 457.27537505168624 457.27537505168624 
gen 104 40290 457.27537505168624 0.0 457.27537505168624 457.27537505168624 
gen 105 40674 457.27537505168624 0.0 457.27537505168624 457.27537505168624 
gen 106 41058 457.27537505168624 0.0 457.27537505168624 457.27537505168624 
gen 107 41442 457.27537505168624 0.0 457.27537505168624 457.27537505168624 
gen 108 41826 457.27537505168624 0.0 457.27537505168624 457.27537505168624 
gen 109 42220 457.27537505168624 0.0 457.27537505168624 457.27537505168624 
gen 110 42604 457.27537505168624 0.0 457.27537505168624 457.27537505168624 
gen 111 42998 457.27537505168624 0.0 457.27537505168624 457.27537505168624 
gen 112 43382 457.27537505168624 0.0 457.27537505168624 457.27537505168624 
gen 113 43766 457.27537505168624 0.0 457.27537505168624 457.27537505168624 
gen 114 44150 457.27537505168624 0.0 457.27537505168624 457.27537505168624 
gen 115 44544 457.27537505168624 0.0 457.27537505168624 457.27537505168624 
gen 116 44928 457.27537505168624 0.0 457.27537505168624 457.27537505168624 
[6, 0, 5, 1, 2, 4, 7, 3, 5, 6, 7, 4, 0, 1, 2, 3, 3, 5, 4, 0, 1, 7, 2, 6, 0, 4, 6, 3, 1, 7, 5, 2, 6, 5, 7, 0, 1, 2, 4, 3, 3, 5, 7, 4, 1, 6, 2, 0, 3, 6, 7, 4, 1, 2, 5, 0, 6, 0, 3, 4, 7, 5, 1, 2]
min  457.27537505168624
NFE 44928
LSNFE 320
VLSNFE 16
runTime 71.1851077079773
