gen 0 64 468750000001359.4 2113710821635430.0 703.6205196287046 1e+16 
gen 1 448 899.137483760938 76.27941423040838 703.6205196287046 986.4604694852931 
gen 2 852 796.0985685476921 52.47701277236048 642.744759253692 868.3134077468618 
gen 3 1236 739.42764532629 37.71193129690633 642.744759253692 787.7161667526835 
gen 4 1650 694.2988915226899 33.33130932672914 574.3436545168428 732.4557508059168 
gen 5 2034 668.0160739746883 32.17574060252588 567.7822980085782 709.0450679675757 
gen 6 2418 642.7067089588112 25.117475479356855 567.7822980085782 672.6876672042206 
gen 7 2802 619.1882945268696 20.166402172620487 567.7822980085782 646.589394951243 
gen 8 3186 607.963876001889 21.169627715700702 528.6189132195861 633.400087071905 
gen 9 3570 591.2766193212673 20.51404587163136 528.6189132195861 616.0190694972912 
gen 10 3974 576.1720260614403 19.48433369816753 513.7532344449896 598.8255327083751 
gen 11 4358 565.1187118578139 17.89293394322523 507.79990644301665 585.3763736767715 
gen 12 4742 550.6302756220227 14.976525083102919 507.79990644301665 567.7822980085782 
gen 13 5126 535.3522246177367 10.559685088375511 507.79990644301665 547.3502691108129 
gen 14 5510 522.5313977214857 8.169791266332165 507.5167208557361 532.6054689022479 
gen 15 5894 512.4434396769055 6.566293903514178 496.4954823107617 521.0779581695099 
gen 16 6288 505.4854043673638 4.669703522855377 495.09704250765344 511.69935497841306 
gen 17 6672 499.4864263678538 4.1101930508216755 482.73849948789496 504.60146505016354 
gen 18 7066 493.9188013993246 4.103182881997482 474.4422179378898 498.22124387631163 
gen 19 7450 490.52752361681644 4.1929083723165075 474.4422179378898 494.48887651242643 
gen 20 7834 486.3912181019874 4.6947283994708675 469.2789292329593 490.9269982732275 
gen 21 8218 479.05357497816834 3.7051781742970102 469.2789292329593 484.319071306917 
gen 22 8602 472.36833459336344 2.904972517519867 465.04590426607126 476.48847585855833 
gen 23 8986 468.7900240595012 1.8007383641152424 463.0903515543168 471.30508785545965 
gen 24 9370 466.1752333920208 1.2129898296944905 461.4075037508495 467.7392405186604 
gen 25 9754 464.7278291572501 0.9681419886551726 458.9685053421293 465.3993107107743 
gen 26 10138 464.16770973248197 1.2253500397423744 458.9685053421293 464.8987562042972 
gen 27 10522 463.5228474138754 1.685062143119267 457.8177101507781 464.4389340810376 
gen 28 10906 462.02260459016895 2.3975181061431114 455.428149491832 464.38497572056525 
gen 29 11300 458.48882979910536 1.4736881823925345 453.5005738698562 460.47241466668675 
gen 30 11684 455.143498882523 1.6414842515901884 452.5273546959213 457.4252454142045 
gen 31 12068 452.9434926970574 0.5442808168153395 451.7693024577193 453.5005738698562 
gen 32 12452 452.14221974960697 0.31570062300076385 451.56655636973414 452.7048245838338 
gen 33 12836 451.83204805003777 0.10967193600997664 451.56655636973414 452.00232073303016 
gen 34 13230 451.76317310515253 0.030276099446962246 451.56655636973414 451.7693024577193 
gen 35 13614 451.75339525183415 0.04535035550230609 451.56655636973414 451.7693024577193 
gen 36 13998 451.70313504535375 0.07435057919481061 451.56655636973414 451.7693024577193 
gen 37 14382 451.56655636973403 1.1368683772161603e-13 451.56655636973414 451.56655636973414 
gen 38 14766 451.56655636973403 1.1368683772161603e-13 451.56655636973414 451.56655636973414 
gen 39 15150 451.56655636973403 1.1368683772161603e-13 451.56655636973414 451.56655636973414 
gen 40 15544 451.56655636973403 1.1368683772161603e-13 451.56655636973414 451.56655636973414 
gen 41 15938 451.56655636973403 1.1368683772161603e-13 451.56655636973414 451.56655636973414 
gen 42 16322 451.56655636973403 1.1368683772161603e-13 451.56655636973414 451.56655636973414 
gen 43 16716 451.56655636973403 1.1368683772161603e-13 451.56655636973414 451.56655636973414 
gen 44 17100 451.56655636973403 1.1368683772161603e-13 451.56655636973414 451.56655636973414 
gen 45 17484 451.56655636973403 1.1368683772161603e-13 451.56655636973414 451.56655636973414 
gen 46 17868 451.56655636973403 1.1368683772161603e-13 451.56655636973414 451.56655636973414 
gen 47 18252 451.56655636973403 1.1368683772161603e-13 451.56655636973414 451.56655636973414 
gen 48 18646 451.56655636973403 1.1368683772161603e-13 451.56655636973414 451.56655636973414 
gen 49 19030 451.56655636973403 1.1368683772161603e-13 451.56655636973414 451.56655636973414 
gen 50 19414 451.56655636973403 1.1368683772161603e-13 451.56655636973414 451.56655636973414 
gen 51 19798 451.56655636973403 1.1368683772161603e-13 451.56655636973414 451.56655636973414 
gen 52 20182 451.56655636973403 1.1368683772161603e-13 451.56655636973414 451.56655636973414 
gen 53 20576 451.56655636973403 1.1368683772161603e-13 451.56655636973414 451.56655636973414 
gen 54 20960 451.56655636973403 1.1368683772161603e-13 451.56655636973414 451.56655636973414 
gen 55 21344 451.56655636973403 1.1368683772161603e-13 451.56655636973414 451.56655636973414 
gen 56 21728 451.56655636973403 1.1368683772161603e-13 451.56655636973414 451.56655636973414 
gen 57 22132 451.5430829755659 0.18631429018641332 450.0642591429737 451.56655636973414 
gen 58 22516 451.4257160047253 0.43789049013746295 450.0642591429737 451.56655636973414 
gen 59 22910 450.5337270263363 0.6963334012668024 450.0642591429737 451.56655636973414 
gen 60 23294 450.0642591429737 0.0 450.0642591429737 450.0642591429737 
gen 61 23678 450.0642591429737 0.0 450.0642591429737 450.0642591429737 
gen 62 24062 450.0642591429737 0.0 450.0642591429737 450.0642591429737 
gen 63 24446 450.0642591429737 0.0 450.0642591429737 450.0642591429737 
gen 64 24840 450.0642591429737 0.0 450.0642591429737 450.0642591429737 
gen 65 25224 450.0642591429737 0.0 450.0642591429737 450.0642591429737 
gen 66 25608 450.0642591429737 0.0 450.0642591429737 450.0642591429737 
gen 67 26002 450.0642591429737 0.0 450.0642591429737 450.0642591429737 
gen 68 26386 450.0642591429737 0.0 450.0642591429737 450.0642591429737 
gen 69 26770 450.0642591429737 0.0 450.0642591429737 450.0642591429737 
gen 70 27164 450.0642591429737 0.0 450.0642591429737 450.0642591429737 
gen 71 27548 450.0642591429737 0.0 450.0642591429737 450.0642591429737 
gen 72 27932 450.0642591429737 0.0 450.0642591429737 450.0642591429737 
gen 73 28316 450.0642591429737 0.0 450.0642591429737 450.0642591429737 
gen 74 28700 450.0642591429737 0.0 450.0642591429737 450.0642591429737 
gen 75 29094 450.0642591429737 0.0 450.0642591429737 450.0642591429737 
gen 76 29478 450.0642591429737 0.0 450.0642591429737 450.0642591429737 
gen 77 29862 450.0642591429737 0.0 450.0642591429737 450.0642591429737 
gen 78 30246 450.0642591429737 0.0 450.0642591429737 450.0642591429737 
gen 79 30630 450.0642591429737 0.0 450.0642591429737 450.0642591429737 
gen 80 31014 450.0642591429737 0.0 450.0642591429737 450.0642591429737 
gen 81 31398 450.0642591429737 0.0 450.0642591429737 450.0642591429737 
gen 82 31782 450.0642591429737 0.0 450.0642591429737 450.0642591429737 
gen 83 32166 450.0642591429737 0.0 450.0642591429737 450.0642591429737 
gen 84 32560 450.0642591429737 0.0 450.0642591429737 450.0642591429737 
gen 85 32944 450.0642591429737 0.0 450.0642591429737 450.0642591429737 
gen 86 33328 450.0642591429737 0.0 450.0642591429737 450.0642591429737 
gen 87 33712 450.0642591429737 0.0 450.0642591429737 450.0642591429737 
gen 88 34096 450.0642591429737 0.0 450.0642591429737 450.0642591429737 
gen 89 34480 450.0642591429737 0.0 450.0642591429737 450.0642591429737 
gen 90 34864 450.0642591429737 0.0 450.0642591429737 450.0642591429737 
gen 91 35258 450.0642591429737 0.0 450.0642591429737 450.0642591429737 
gen 92 35642 450.0642591429737 0.0 450.0642591429737 450.0642591429737 
gen 93 36026 450.0642591429737 0.0 450.0642591429737 450.0642591429737 
gen 94 36410 450.0642591429737 0.0 450.0642591429737 450.0642591429737 
gen 95 36804 450.0642591429737 0.0 450.0642591429737 450.0642591429737 
gen 96 37198 450.0642591429737 0.0 450.0642591429737 450.0642591429737 
gen 97 37582 450.0642591429737 0.0 450.0642591429737 450.0642591429737 
gen 98 37976 450.0642591429737 0.0 450.0642591429737 450.0642591429737 
gen 99 38360 450.0642591429737 0.0 450.0642591429737 450.0642591429737 
gen 100 38754 450.0642591429737 0.0 450.0642591429737 450.0642591429737 
gen 101 39138 450.0642591429737 0.0 450.0642591429737 450.0642591429737 
gen 102 39532 450.0642591429737 0.0 450.0642591429737 450.0642591429737 
gen 103 39926 450.0642591429737 0.0 450.0642591429737 450.0642591429737 
gen 104 40310 450.0642591429737 0.0 450.0642591429737 450.0642591429737 
gen 105 40694 450.0642591429737 0.0 450.0642591429737 450.0642591429737 
gen 106 41078 450.0642591429737 0.0 450.0642591429737 450.0642591429737 
gen 107 41462 450.0642591429737 0.0 450.0642591429737 450.0642591429737 
gen 108 41846 450.0642591429737 0.0 450.0642591429737 450.0642591429737 
gen 109 42230 450.0642591429737 0.0 450.0642591429737 450.0642591429737 
gen 110 42624 450.0642591429737 0.0 450.0642591429737 450.0642591429737 
gen 111 43018 450.0642591429737 0.0 450.0642591429737 450.0642591429737 
gen 112 43402 450.0642591429737 0.0 450.0642591429737 450.0642591429737 
gen 113 43786 450.0642591429737 0.0 450.0642591429737 450.0642591429737 
gen 114 44180 450.0642591429737 0.0 450.0642591429737 450.0642591429737 
gen 115 44574 450.0642591429737 0.0 450.0642591429737 450.0642591429737 
gen 116 44958 450.0642591429737 0.0 450.0642591429737 450.0642591429737 
[7, 5, 4, 1, 0, 3, 2, 6, 7, 5, 1, 6, 4, 3, 2, 0, 3, 6, 0, 4, 5, 7, 1, 2, 0, 4, 3, 1, 7, 5, 2, 6, 6, 0, 4, 1, 5, 2, 3, 7, 3, 6, 0, 4, 7, 1, 5, 2, 3, 6, 5, 4, 1, 7, 0, 2, 7, 5, 4, 6, 3, 1, 0, 2]
min  450.0642591429737
NFE 44958
LSNFE 350
VLSNFE 9
runTime 72.10498642921448
