gen 0 64 781250000001527.1 2683681880830441.0 795.1573375251858 1e+16 
gen 1 508 948.7754549265032 71.51871469093868 674.248786502701 1043.9527217118293 
gen 2 892 847.2550007583161 63.97671399936043 667.2448481123237 918.4341501546812 
gen 3 1276 765.0612245367433 48.06859818918672 661.4904700453202 836.5218796551778 
gen 4 1660 720.651648259759 34.85361361622602 631.9628693864247 771.2371267845296 
gen 5 2044 692.0968469399296 27.869079006415017 617.2768109462256 731.0813851304468 
gen 6 2428 663.8023963332298 24.92283297894621 599.0672117842357 698.0994428291269 
gen 7 2812 642.6072818054313 21.286015037136597 578.8629045423573 667.4288710531908 
gen 8 3196 624.9962323472773 21.272104957654353 571.5489543652901 655.3199189853873 
gen 9 3580 607.3008092443564 16.57376512278932 571.5489543652901 631.8795964632692 
gen 10 3964 595.3900178114417 14.386794050982438 551.9617159730964 615.7428339221361 
gen 11 4378 584.1033808253685 17.118397192578314 506.78126413047835 603.0114879491878 
gen 12 4762 564.3841047876838 17.632756857494144 506.78126413047835 582.3299621711907 
gen 13 5176 544.2651082116226 15.456617359071604 486.02599123793544 562.4797393422259 
gen 14 5560 529.6069851135683 11.463979718214803 486.02599123793544 541.848095248769 
gen 15 5944 515.2695163720294 11.35570449462831 486.02599123793544 528.0796383487891 
gen 16 6328 501.792094581464 5.787716224091487 486.02599123793544 510.67107838215964 
gen 17 6742 492.40550853804086 4.755621947660239 471.5833874061757 498.31987983923113 
gen 18 7126 483.66739302509257 4.4153063006433175 468.2926194706846 488.65025679832206 
gen 19 7510 476.4616771172417 3.274566319034571 466.5692253961041 480.4038213416744 
gen 20 7894 471.70959158005644 2.609816113485839 464.0137807466823 474.88141977353854 
gen 21 8278 467.53051000560447 2.8976967437398056 458.3234132974783 470.36348483893914 
gen 22 8662 463.12494229328297 2.120099297791549 458.3234132974783 466.0831972691709 
gen 23 9046 460.41367910387913 1.4829185948584576 458.3234132974783 462.5243046978646 
gen 24 9430 458.8924707742433 0.2757880392718229 458.3234132974783 459.03974816209296 
gen 25 9814 458.52890751916703 0.28393107007540475 458.3234132974783 458.9212146696634 
gen 26 10208 458.3234132974784 1.1368683772161603e-13 458.3234132974783 458.3234132974783 
gen 27 10592 458.3234132974784 1.1368683772161603e-13 458.3234132974783 458.3234132974783 
gen 28 10986 458.3234132974784 1.1368683772161603e-13 458.3234132974783 458.3234132974783 
gen 29 11370 458.3234132974784 1.1368683772161603e-13 458.3234132974783 458.3234132974783 
gen 30 11754 458.3234132974784 1.1368683772161603e-13 458.3234132974783 458.3234132974783 
gen 31 12138 458.3234132974784 1.1368683772161603e-13 458.3234132974783 458.3234132974783 
gen 32 12522 458.3234132974784 1.1368683772161603e-13 458.3234132974783 458.3234132974783 
gen 33 12906 458.3234132974784 1.1368683772161603e-13 458.3234132974783 458.3234132974783 
gen 34 13290 458.3234132974784 1.1368683772161603e-13 458.3234132974783 458.3234132974783 
gen 35 13674 458.3234132974784 1.1368683772161603e-13 458.3234132974783 458.3234132974783 
gen 36 14058 458.3234132974784 1.1368683772161603e-13 458.3234132974783 458.3234132974783 
gen 37 14442 458.3234132974784 1.1368683772161603e-13 458.3234132974783 458.3234132974783 
gen 38 14826 458.3234132974784 1.1368683772161603e-13 458.3234132974783 458.3234132974783 
gen 39 15210 458.3234132974784 1.1368683772161603e-13 458.3234132974783 458.3234132974783 
gen 40 15594 458.3234132974784 1.1368683772161603e-13 458.3234132974783 458.3234132974783 
gen 41 15978 458.3234132974784 1.1368683772161603e-13 458.3234132974783 458.3234132974783 
gen 42 16372 458.3234132974784 1.1368683772161603e-13 458.3234132974783 458.3234132974783 
gen 43 16756 458.3234132974784 1.1368683772161603e-13 458.3234132974783 458.3234132974783 
gen 44 17140 458.3234132974784 1.1368683772161603e-13 458.3234132974783 458.3234132974783 
gen 45 17524 458.3234132974784 1.1368683772161603e-13 458.3234132974783 458.3234132974783 
gen 46 17908 458.3234132974784 1.1368683772161603e-13 458.3234132974783 458.3234132974783 
gen 47 18292 458.3234132974784 1.1368683772161603e-13 458.3234132974783 458.3234132974783 
gen 48 18676 458.3234132974784 1.1368683772161603e-13 458.3234132974783 458.3234132974783 
gen 49 19070 458.3234132974784 1.1368683772161603e-13 458.3234132974783 458.3234132974783 
gen 50 19464 458.3234132974784 1.1368683772161603e-13 458.3234132974783 458.3234132974783 
gen 51 19858 458.3234132974784 1.1368683772161603e-13 458.3234132974783 458.3234132974783 
gen 52 20242 458.3234132974784 1.1368683772161603e-13 458.3234132974783 458.3234132974783 
gen 53 20636 458.3234132974784 1.1368683772161603e-13 458.3234132974783 458.3234132974783 
gen 54 21020 458.3234132974784 1.1368683772161603e-13 458.3234132974783 458.3234132974783 
gen 55 21404 458.3234132974784 1.1368683772161603e-13 458.3234132974783 458.3234132974783 
gen 56 21788 458.3234132974784 1.1368683772161603e-13 458.3234132974783 458.3234132974783 
gen 57 22172 458.3234132974784 1.1368683772161603e-13 458.3234132974783 458.3234132974783 
gen 58 22556 458.3234132974784 1.1368683772161603e-13 458.3234132974783 458.3234132974783 
gen 59 22940 458.3234132974784 1.1368683772161603e-13 458.3234132974783 458.3234132974783 
gen 60 23324 458.3234132974784 1.1368683772161603e-13 458.3234132974783 458.3234132974783 
gen 61 23708 458.3234132974784 1.1368683772161603e-13 458.3234132974783 458.3234132974783 
gen 62 24092 458.3234132974784 1.1368683772161603e-13 458.3234132974783 458.3234132974783 
gen 63 24476 458.3234132974784 1.1368683772161603e-13 458.3234132974783 458.3234132974783 
gen 64 24860 458.3234132974784 1.1368683772161603e-13 458.3234132974783 458.3234132974783 
gen 65 25244 458.3234132974784 1.1368683772161603e-13 458.3234132974783 458.3234132974783 
gen 66 25628 458.3234132974784 1.1368683772161603e-13 458.3234132974783 458.3234132974783 
gen 67 26012 458.3234132974784 1.1368683772161603e-13 458.3234132974783 458.3234132974783 
gen 68 26396 458.3234132974784 1.1368683772161603e-13 458.3234132974783 458.3234132974783 
gen 69 26780 458.3234132974784 1.1368683772161603e-13 458.3234132974783 458.3234132974783 
gen 70 27164 458.3234132974784 1.1368683772161603e-13 458.3234132974783 458.3234132974783 
gen 71 27558 458.3234132974784 1.1368683772161603e-13 458.3234132974783 458.3234132974783 
gen 72 27942 458.3234132974784 1.1368683772161603e-13 458.3234132974783 458.3234132974783 
gen 73 28336 458.3234132974784 1.1368683772161603e-13 458.3234132974783 458.3234132974783 
gen 74 28720 458.3234132974784 1.1368683772161603e-13 458.3234132974783 458.3234132974783 
gen 75 29104 458.3234132974784 1.1368683772161603e-13 458.3234132974783 458.3234132974783 
gen 76 29488 458.3234132974784 1.1368683772161603e-13 458.3234132974783 458.3234132974783 
gen 77 29872 458.3234132974784 1.1368683772161603e-13 458.3234132974783 458.3234132974783 
gen 78 30266 458.3234132974784 1.1368683772161603e-13 458.3234132974783 458.3234132974783 
gen 79 30650 458.3234132974784 1.1368683772161603e-13 458.3234132974783 458.3234132974783 
gen 80 31044 458.3234132974784 1.1368683772161603e-13 458.3234132974783 458.3234132974783 
gen 81 31428 458.3234132974784 1.1368683772161603e-13 458.3234132974783 458.3234132974783 
gen 82 31812 458.3234132974784 1.1368683772161603e-13 458.3234132974783 458.3234132974783 
gen 83 32196 458.3234132974784 1.1368683772161603e-13 458.3234132974783 458.3234132974783 
gen 84 32580 458.3234132974784 1.1368683772161603e-13 458.3234132974783 458.3234132974783 
gen 85 32974 458.3234132974784 1.1368683772161603e-13 458.3234132974783 458.3234132974783 
gen 86 33358 458.3234132974784 1.1368683772161603e-13 458.3234132974783 458.3234132974783 
gen 87 33742 458.3234132974784 1.1368683772161603e-13 458.3234132974783 458.3234132974783 
gen 88 34136 458.3234132974784 1.1368683772161603e-13 458.3234132974783 458.3234132974783 
gen 89 34520 458.3234132974784 1.1368683772161603e-13 458.3234132974783 458.3234132974783 
gen 90 34904 458.3234132974784 1.1368683772161603e-13 458.3234132974783 458.3234132974783 
gen 91 35288 458.3234132974784 1.1368683772161603e-13 458.3234132974783 458.3234132974783 
gen 92 35672 458.3234132974784 1.1368683772161603e-13 458.3234132974783 458.3234132974783 
gen 93 36056 458.3234132974784 1.1368683772161603e-13 458.3234132974783 458.3234132974783 
gen 94 36440 458.3234132974784 1.1368683772161603e-13 458.3234132974783 458.3234132974783 
gen 95 36824 458.3234132974784 1.1368683772161603e-13 458.3234132974783 458.3234132974783 
gen 96 37218 458.3234132974784 1.1368683772161603e-13 458.3234132974783 458.3234132974783 
gen 97 37602 458.3234132974784 1.1368683772161603e-13 458.3234132974783 458.3234132974783 
gen 98 37996 458.3234132974784 1.1368683772161603e-13 458.3234132974783 458.3234132974783 
gen 99 38380 458.3234132974784 1.1368683772161603e-13 458.3234132974783 458.3234132974783 
gen 100 38774 458.3234132974784 1.1368683772161603e-13 458.3234132974783 458.3234132974783 
gen 101 39158 458.3234132974784 1.1368683772161603e-13 458.3234132974783 458.3234132974783 
gen 102 39542 458.3234132974784 1.1368683772161603e-13 458.3234132974783 458.3234132974783 
gen 103 39936 458.3234132974784 1.1368683772161603e-13 458.3234132974783 458.3234132974783 
gen 104 40320 458.3234132974784 1.1368683772161603e-13 458.3234132974783 458.3234132974783 
gen 105 40714 458.3234132974784 1.1368683772161603e-13 458.3234132974783 458.3234132974783 
gen 106 41108 458.3234132974784 1.1368683772161603e-13 458.3234132974783 458.3234132974783 
gen 107 41492 458.3234132974784 1.1368683772161603e-13 458.3234132974783 458.3234132974783 
gen 108 41876 458.3234132974784 1.1368683772161603e-13 458.3234132974783 458.3234132974783 
gen 109 42260 458.3234132974784 1.1368683772161603e-13 458.3234132974783 458.3234132974783 
gen 110 42644 458.3234132974784 1.1368683772161603e-13 458.3234132974783 458.3234132974783 
gen 111 43038 458.3234132974784 1.1368683772161603e-13 458.3234132974783 458.3234132974783 
gen 112 43432 458.3234132974784 1.1368683772161603e-13 458.3234132974783 458.3234132974783 
gen 113 43816 458.3234132974784 1.1368683772161603e-13 458.3234132974783 458.3234132974783 
gen 114 44200 458.3234132974784 1.1368683772161603e-13 458.3234132974783 458.3234132974783 
gen 115 44584 458.3234132974784 1.1368683772161603e-13 458.3234132974783 458.3234132974783 
gen 116 44968 458.3234132974784 1.1368683772161603e-13 458.3234132974783 458.3234132974783 
[6, 7, 3, 0, 1, 5, 2, 4, 7, 5, 4, 1, 2, 3, 0, 6, 3, 7, 5, 6, 4, 1, 2, 0, 6, 7, 3, 0, 1, 4, 5, 2, 6, 0, 5, 7, 1, 4, 2, 3, 3, 7, 5, 4, 1, 6, 2, 0, 3, 6, 4, 5, 1, 7, 2, 0, 7, 5, 0, 6, 3, 1, 2, 4]
min  458.3234132974783
NFE 44968
LSNFE 360
VLSNFE 21
runTime 115.08005785942078
