gen 0 25 800000000003504.4 2712931993249074.0 1685.6763438600574 1e+16 
gen 1 75 2325.264865359147 317.62581353416994 1685.6763438600574 2825.643671485298 
gen 2 125 1970.1332288253866 169.95213212922832 1674.1569041232751 2265.906804630192 
gen 3 175 1888.3106843162468 116.28097518083098 1674.1569041232751 2076.952067594727 
gen 4 225 1771.975205082672 103.66919742209323 1396.8652217200038 1892.2976969595315 
gen 5 275 1716.1895214795904 117.70605509463562 1384.009365503538 1821.0473596727272 
gen 6 325 1592.8537094873784 107.70118516883244 1373.489111807777 1728.158619763335 
gen 7 385 1453.8791033841733 81.46998285871493 1341.487485174633 1584.5370067853494 
gen 8 435 1382.5990183465628 21.204488026127823 1318.833610900429 1415.1275592970428 
gen 9 485 1351.6350821439532 34.81785443193279 1266.9414427306997 1384.009365503538 
gen 10 535 1316.1114184561745 28.69038426898229 1266.9414427306997 1355.2927029598004 
gen 11 585 1292.3435807296078 14.83188283857543 1266.9414427306997 1318.833610900429 
gen 12 635 1281.8488344240363 7.843660307151765 1266.9414427306997 1288.1025518094987 
gen 13 685 1277.0003086977338 6.59323354332561 1266.9414427306997 1288.1025518094987 
gen 14 735 1271.0216954571617 4.319904771043421 1266.9414427306997 1276.9437448026733 
gen 15 785 1261.6891831222413 9.443590539500109 1243.8238055851452 1266.9414427306997 
gen 16 835 1252.4053426976213 10.302101130530403 1243.8238055851452 1266.9414427306997 
gen 17 885 1243.8238055851452 0.0 1243.8238055851452 1243.8238055851452 
gen 18 935 1243.8238055851452 0.0 1243.8238055851452 1243.8238055851452 
gen 19 985 1243.8238055851452 0.0 1243.8238055851452 1243.8238055851452 
gen 20 1045 1243.4326489227262 1.9162684648332318 1234.0448890246705 1243.8238055851452 
gen 21 1095 1242.6503355978884 3.177771747721091 1234.0448890246705 1243.8238055851452 
gen 22 1145 1240.6422113770095 4.640698718862875 1233.3906276648736 1243.8238055851452 
gen 23 1195 1233.75701402636 0.3247667981704789 1233.3906276648736 1234.0448890246705 
gen 24 1245 1233.3906276648736 0.0 1233.3906276648736 1233.3906276648736 
gen 25 1295 1233.3906276648736 0.0 1233.3906276648736 1233.3906276648736 
gen 26 1345 1233.3906276648736 0.0 1233.3906276648736 1233.3906276648736 
gen 27 1395 1233.3906276648736 0.0 1233.3906276648736 1233.3906276648736 
gen 28 1445 1233.3906276648736 0.0 1233.3906276648736 1233.3906276648736 
gen 29 1495 1233.3906276648736 0.0 1233.3906276648736 1233.3906276648736 
gen 30 1545 1233.3906276648736 0.0 1233.3906276648736 1233.3906276648736 
gen 31 1595 1233.3906276648736 0.0 1233.3906276648736 1233.3906276648736 
gen 32 1645 1233.3906276648736 0.0 1233.3906276648736 1233.3906276648736 
gen 33 1695 1233.3906276648736 0.0 1233.3906276648736 1233.3906276648736 
gen 34 1745 1233.3906276648736 0.0 1233.3906276648736 1233.3906276648736 
gen 35 1795 1233.3906276648736 0.0 1233.3906276648736 1233.3906276648736 
gen 36 1845 1233.3906276648736 0.0 1233.3906276648736 1233.3906276648736 
gen 37 1895 1233.3906276648736 0.0 1233.3906276648736 1233.3906276648736 
gen 38 1945 1233.3906276648736 0.0 1233.3906276648736 1233.3906276648736 
gen 39 1995 1233.3906276648736 0.0 1233.3906276648736 1233.3906276648736 
gen 40 2045 1233.3906276648736 0.0 1233.3906276648736 1233.3906276648736 
gen 41 2095 1233.3906276648736 0.0 1233.3906276648736 1233.3906276648736 
gen 42 2145 1233.3906276648736 0.0 1233.3906276648736 1233.3906276648736 
gen 43 2195 1233.3906276648736 0.0 1233.3906276648736 1233.3906276648736 
gen 44 2245 1233.3906276648736 0.0 1233.3906276648736 1233.3906276648736 
gen 45 2295 1233.3906276648736 0.0 1233.3906276648736 1233.3906276648736 
gen 46 2345 1233.3906276648736 0.0 1233.3906276648736 1233.3906276648736 
gen 47 2395 1233.3906276648736 0.0 1233.3906276648736 1233.3906276648736 
gen 48 2445 1233.3906276648736 0.0 1233.3906276648736 1233.3906276648736 
gen 49 2495 1233.3906276648736 0.0 1233.3906276648736 1233.3906276648736 
gen 50 2545 1233.3906276648736 0.0 1233.3906276648736 1233.3906276648736 
gen 51 2605 1232.4703906322338 4.508222344759935 1210.3847018488832 1233.3906276648736 
gen 52 2655 1228.3569163250343 10.251564625992788 1199.5715474328517 1233.3906276648736 
gen 53 2705 1217.1916422521763 12.795461940593071 1199.5715474328517 1233.3906276648736 
gen 54 2755 1204.7618615525469 5.402250214759144 1199.5715474328517 1210.3847018488832 
gen 55 2805 1199.5715474328517 0.0 1199.5715474328517 1199.5715474328517 
gen 56 2855 1199.5715474328517 0.0 1199.5715474328517 1199.5715474328517 
gen 57 2905 1199.5715474328517 0.0 1199.5715474328517 1199.5715474328517 
gen 58 2955 1199.5715474328517 0.0 1199.5715474328517 1199.5715474328517 
gen 59 3005 1199.5715474328517 0.0 1199.5715474328517 1199.5715474328517 
gen 60 3055 1199.5715474328517 0.0 1199.5715474328517 1199.5715474328517 
gen 61 3105 1199.5715474328517 0.0 1199.5715474328517 1199.5715474328517 
gen 62 3155 1199.5715474328517 0.0 1199.5715474328517 1199.5715474328517 
gen 63 3205 1199.5715474328517 0.0 1199.5715474328517 1199.5715474328517 
gen 64 3255 1199.5715474328517 0.0 1199.5715474328517 1199.5715474328517 
gen 65 3305 1199.5715474328517 0.0 1199.5715474328517 1199.5715474328517 
gen 66 3355 1199.5715474328517 0.0 1199.5715474328517 1199.5715474328517 
gen 67 3405 1199.5715474328517 0.0 1199.5715474328517 1199.5715474328517 
gen 68 3455 1199.5715474328517 0.0 1199.5715474328517 1199.5715474328517 
gen 69 3505 1199.5715474328517 0.0 1199.5715474328517 1199.5715474328517 
gen 70 3555 1199.5715474328517 0.0 1199.5715474328517 1199.5715474328517 
gen 71 3605 1199.5715474328517 0.0 1199.5715474328517 1199.5715474328517 
gen 72 3655 1199.5715474328517 0.0 1199.5715474328517 1199.5715474328517 
gen 73 3705 1199.5715474328517 0.0 1199.5715474328517 1199.5715474328517 
gen 74 3755 1199.5715474328517 0.0 1199.5715474328517 1199.5715474328517 
gen 75 3805 1199.5715474328517 0.0 1199.5715474328517 1199.5715474328517 
gen 76 3855 1199.5715474328517 0.0 1199.5715474328517 1199.5715474328517 
gen 77 3905 1199.5715474328517 0.0 1199.5715474328517 1199.5715474328517 
gen 78 3955 1199.5715474328517 0.0 1199.5715474328517 1199.5715474328517 
gen 79 4005 1199.5715474328517 0.0 1199.5715474328517 1199.5715474328517 
gen 80 4055 1199.5715474328517 0.0 1199.5715474328517 1199.5715474328517 
gen 81 4105 1199.5715474328517 0.0 1199.5715474328517 1199.5715474328517 
gen 82 4155 1199.5715474328517 0.0 1199.5715474328517 1199.5715474328517 
gen 83 4205 1199.5715474328517 0.0 1199.5715474328517 1199.5715474328517 
gen 84 4255 1199.5715474328517 0.0 1199.5715474328517 1199.5715474328517 
gen 85 4305 1199.5715474328517 0.0 1199.5715474328517 1199.5715474328517 
gen 86 4355 1199.5715474328517 0.0 1199.5715474328517 1199.5715474328517 
gen 87 4405 1199.5715474328517 0.0 1199.5715474328517 1199.5715474328517 
gen 88 4455 1199.5715474328517 0.0 1199.5715474328517 1199.5715474328517 
gen 89 4505 1199.5715474328517 0.0 1199.5715474328517 1199.5715474328517 
gen 90 4555 1199.5715474328517 0.0 1199.5715474328517 1199.5715474328517 
gen 91 4605 1199.5715474328517 0.0 1199.5715474328517 1199.5715474328517 
gen 92 4655 1199.5715474328517 0.0 1199.5715474328517 1199.5715474328517 
gen 93 4705 1199.5715474328517 0.0 1199.5715474328517 1199.5715474328517 
gen 94 4755 1199.5715474328517 0.0 1199.5715474328517 1199.5715474328517 
gen 95 4805 1199.5715474328517 0.0 1199.5715474328517 1199.5715474328517 
gen 96 4855 1199.5715474328517 0.0 1199.5715474328517 1199.5715474328517 
gen 97 4905 1199.5715474328517 0.0 1199.5715474328517 1199.5715474328517 
gen 98 4955 1199.5715474328517 0.0 1199.5715474328517 1199.5715474328517 
gen 99 5005 1199.5715474328517 0.0 1199.5715474328517 1199.5715474328517 
gen 100 5055 1199.5715474328517 0.0 1199.5715474328517 1199.5715474328517 
gen 101 5105 1199.5715474328517 0.0 1199.5715474328517 1199.5715474328517 
gen 102 5155 1199.5715474328517 0.0 1199.5715474328517 1199.5715474328517 
gen 103 5205 1199.5715474328517 0.0 1199.5715474328517 1199.5715474328517 
gen 104 5255 1199.5715474328517 0.0 1199.5715474328517 1199.5715474328517 
gen 105 5305 1199.5715474328517 0.0 1199.5715474328517 1199.5715474328517 
gen 106 5355 1199.5715474328517 0.0 1199.5715474328517 1199.5715474328517 
gen 107 5405 1199.5715474328517 0.0 1199.5715474328517 1199.5715474328517 
gen 108 5455 1199.5715474328517 0.0 1199.5715474328517 1199.5715474328517 
gen 109 5505 1199.5715474328517 0.0 1199.5715474328517 1199.5715474328517 
gen 110 5555 1199.5715474328517 0.0 1199.5715474328517 1199.5715474328517 
gen 111 5605 1199.5715474328517 0.0 1199.5715474328517 1199.5715474328517 
gen 112 5655 1199.5715474328517 0.0 1199.5715474328517 1199.5715474328517 
gen 113 5705 1199.5715474328517 0.0 1199.5715474328517 1199.5715474328517 
gen 114 5755 1199.5715474328517 0.0 1199.5715474328517 1199.5715474328517 
gen 115 5805 1199.5715474328517 0.0 1199.5715474328517 1199.5715474328517 
gen 116 5855 1199.5715474328517 0.0 1199.5715474328517 1199.5715474328517 
gen 117 5905 1199.5715474328517 0.0 1199.5715474328517 1199.5715474328517 
gen 118 5955 1199.5715474328517 0.0 1199.5715474328517 1199.5715474328517 
gen 119 6005 1199.5715474328517 0.0 1199.5715474328517 1199.5715474328517 
gen 120 6055 1199.5715474328517 0.0 1199.5715474328517 1199.5715474328517 
gen 121 6105 1199.5715474328517 0.0 1199.5715474328517 1199.5715474328517 
gen 122 6155 1199.5715474328517 0.0 1199.5715474328517 1199.5715474328517 
gen 123 6205 1199.5715474328517 0.0 1199.5715474328517 1199.5715474328517 
gen 124 6255 1199.5715474328517 0.0 1199.5715474328517 1199.5715474328517 
gen 125 6305 1199.5715474328517 0.0 1199.5715474328517 1199.5715474328517 
gen 126 6355 1199.5715474328517 0.0 1199.5715474328517 1199.5715474328517 
gen 127 6405 1199.5715474328517 0.0 1199.5715474328517 1199.5715474328517 
gen 128 6455 1199.5715474328517 0.0 1199.5715474328517 1199.5715474328517 
gen 129 6505 1199.5715474328517 0.0 1199.5715474328517 1199.5715474328517 
gen 130 6555 1199.5715474328517 0.0 1199.5715474328517 1199.5715474328517 
gen 131 6605 1199.5715474328517 0.0 1199.5715474328517 1199.5715474328517 
gen 132 6655 1199.5715474328517 0.0 1199.5715474328517 1199.5715474328517 
gen 133 6705 1199.5715474328517 0.0 1199.5715474328517 1199.5715474328517 
gen 134 6755 1199.5715474328517 0.0 1199.5715474328517 1199.5715474328517 
gen 135 6805 1199.5715474328517 0.0 1199.5715474328517 1199.5715474328517 
gen 136 6855 1199.5715474328517 0.0 1199.5715474328517 1199.5715474328517 
gen 137 6905 1199.5715474328517 0.0 1199.5715474328517 1199.5715474328517 
gen 138 6955 1199.5715474328517 0.0 1199.5715474328517 1199.5715474328517 
gen 139 7005 1199.5715474328517 0.0 1199.5715474328517 1199.5715474328517 
gen 140 7055 1199.5715474328517 0.0 1199.5715474328517 1199.5715474328517 
gen 141 7105 1199.5715474328517 0.0 1199.5715474328517 1199.5715474328517 
gen 142 7155 1199.5715474328517 0.0 1199.5715474328517 1199.5715474328517 
gen 143 7205 1199.5715474328517 0.0 1199.5715474328517 1199.5715474328517 
gen 144 7255 1199.5715474328517 0.0 1199.5715474328517 1199.5715474328517 
gen 145 7305 1199.5715474328517 0.0 1199.5715474328517 1199.5715474328517 
gen 146 7355 1199.5715474328517 0.0 1199.5715474328517 1199.5715474328517 
gen 147 7405 1199.5715474328517 0.0 1199.5715474328517 1199.5715474328517 
gen 148 7455 1199.5715474328517 0.0 1199.5715474328517 1199.5715474328517 
gen 149 7505 1199.5715474328517 0.0 1199.5715474328517 1199.5715474328517 
gen 150 7555 1199.5715474328517 0.0 1199.5715474328517 1199.5715474328517 
gen 151 7605 1199.5715474328517 0.0 1199.5715474328517 1199.5715474328517 
gen 152 7655 1199.5715474328517 0.0 1199.5715474328517 1199.5715474328517 
gen 153 7705 1199.5715474328517 0.0 1199.5715474328517 1199.5715474328517 
gen 154 7755 1199.5715474328517 0.0 1199.5715474328517 1199.5715474328517 
gen 155 7805 1199.5715474328517 0.0 1199.5715474328517 1199.5715474328517 
gen 156 7855 1199.5715474328517 0.0 1199.5715474328517 1199.5715474328517 
gen 157 7905 1199.5715474328517 0.0 1199.5715474328517 1199.5715474328517 
gen 158 7955 1199.5715474328517 0.0 1199.5715474328517 1199.5715474328517 
gen 159 8005 1199.5715474328517 0.0 1199.5715474328517 1199.5715474328517 
gen 160 8055 1199.5715474328517 0.0 1199.5715474328517 1199.5715474328517 
gen 161 8105 1199.5715474328517 0.0 1199.5715474328517 1199.5715474328517 
gen 162 8155 1199.5715474328517 0.0 1199.5715474328517 1199.5715474328517 
gen 163 8205 1199.5715474328517 0.0 1199.5715474328517 1199.5715474328517 
gen 164 8255 1199.5715474328517 0.0 1199.5715474328517 1199.5715474328517 
gen 165 8305 1199.5715474328517 0.0 1199.5715474328517 1199.5715474328517 
gen 166 8355 1199.5715474328517 0.0 1199.5715474328517 1199.5715474328517 
gen 167 8405 1199.5715474328517 0.0 1199.5715474328517 1199.5715474328517 
gen 168 8455 1199.5715474328517 0.0 1199.5715474328517 1199.5715474328517 
gen 169 8505 1199.5715474328517 0.0 1199.5715474328517 1199.5715474328517 
gen 170 8555 1199.5715474328517 0.0 1199.5715474328517 1199.5715474328517 
gen 171 8605 1199.5715474328517 0.0 1199.5715474328517 1199.5715474328517 
gen 172 8655 1199.5715474328517 0.0 1199.5715474328517 1199.5715474328517 
gen 173 8705 1199.5715474328517 0.0 1199.5715474328517 1199.5715474328517 
gen 174 8755 1199.5715474328517 0.0 1199.5715474328517 1199.5715474328517 
gen 175 8805 1199.5715474328517 0.0 1199.5715474328517 1199.5715474328517 
gen 176 8855 1199.5715474328517 0.0 1199.5715474328517 1199.5715474328517 
gen 177 8905 1199.5715474328517 0.0 1199.5715474328517 1199.5715474328517 
gen 178 8955 1199.5715474328517 0.0 1199.5715474328517 1199.5715474328517 
gen 179 9005 1199.5715474328517 0.0 1199.5715474328517 1199.5715474328517 
gen 180 9055 1199.5715474328517 0.0 1199.5715474328517 1199.5715474328517 
gen 181 9105 1199.5715474328517 0.0 1199.5715474328517 1199.5715474328517 
gen 182 9155 1199.5715474328517 0.0 1199.5715474328517 1199.5715474328517 
gen 183 9205 1199.5715474328517 0.0 1199.5715474328517 1199.5715474328517 
gen 184 9255 1199.5715474328517 0.0 1199.5715474328517 1199.5715474328517 
gen 185 9305 1199.5715474328517 0.0 1199.5715474328517 1199.5715474328517 
gen 186 9355 1199.5715474328517 0.0 1199.5715474328517 1199.5715474328517 
gen 187 9405 1199.5715474328517 0.0 1199.5715474328517 1199.5715474328517 
gen 188 9455 1199.5715474328517 0.0 1199.5715474328517 1199.5715474328517 
gen 189 9505 1199.5715474328517 0.0 1199.5715474328517 1199.5715474328517 
gen 190 9555 1199.5715474328517 0.0 1199.5715474328517 1199.5715474328517 
gen 191 9605 1199.5715474328517 0.0 1199.5715474328517 1199.5715474328517 
gen 192 9655 1199.5715474328517 0.0 1199.5715474328517 1199.5715474328517 
gen 193 9705 1199.5715474328517 0.0 1199.5715474328517 1199.5715474328517 
gen 194 9755 1199.5715474328517 0.0 1199.5715474328517 1199.5715474328517 
gen 195 9805 1199.5715474328517 0.0 1199.5715474328517 1199.5715474328517 
gen 196 9855 1199.5715474328517 0.0 1199.5715474328517 1199.5715474328517 
gen 197 9905 1199.5715474328517 0.0 1199.5715474328517 1199.5715474328517 
gen 198 9955 1199.5715474328517 0.0 1199.5715474328517 1199.5715474328517 
gen 199 10005 1199.5715474328517 0.0 1199.5715474328517 1199.5715474328517 
gen 200 10055 1199.5715474328517 0.0 1199.5715474328517 1199.5715474328517 
gen 201 10105 1199.5715474328517 0.0 1199.5715474328517 1199.5715474328517 
gen 202 10155 1199.5715474328517 0.0 1199.5715474328517 1199.5715474328517 
gen 203 10205 1199.5715474328517 0.0 1199.5715474328517 1199.5715474328517 
gen 204 10255 1199.5715474328517 0.0 1199.5715474328517 1199.5715474328517 
gen 205 10305 1199.5715474328517 0.0 1199.5715474328517 1199.5715474328517 
gen 206 10355 1199.5715474328517 0.0 1199.5715474328517 1199.5715474328517 
gen 207 10405 1199.5715474328517 0.0 1199.5715474328517 1199.5715474328517 
gen 208 10455 1199.5715474328517 0.0 1199.5715474328517 1199.5715474328517 
gen 209 10505 1199.5715474328517 0.0 1199.5715474328517 1199.5715474328517 
gen 210 10555 1199.5715474328517 0.0 1199.5715474328517 1199.5715474328517 
gen 211 10605 1199.5715474328517 0.0 1199.5715474328517 1199.5715474328517 
gen 212 10655 1199.5715474328517 0.0 1199.5715474328517 1199.5715474328517 
gen 213 10705 1199.5715474328517 0.0 1199.5715474328517 1199.5715474328517 
gen 214 10755 1199.5715474328517 0.0 1199.5715474328517 1199.5715474328517 
gen 215 10805 1199.5715474328517 0.0 1199.5715474328517 1199.5715474328517 
gen 216 10855 1199.5715474328517 0.0 1199.5715474328517 1199.5715474328517 
gen 217 10905 1199.5715474328517 0.0 1199.5715474328517 1199.5715474328517 
gen 218 10955 1199.5715474328517 0.0 1199.5715474328517 1199.5715474328517 
gen 219 11005 1199.5715474328517 0.0 1199.5715474328517 1199.5715474328517 
gen 220 11055 1199.5715474328517 0.0 1199.5715474328517 1199.5715474328517 
gen 221 11105 1199.5715474328517 0.0 1199.5715474328517 1199.5715474328517 
gen 222 11155 1199.5715474328517 0.0 1199.5715474328517 1199.5715474328517 
gen 223 11205 1199.5715474328517 0.0 1199.5715474328517 1199.5715474328517 
gen 224 11255 1199.5715474328517 0.0 1199.5715474328517 1199.5715474328517 
gen 225 11305 1199.5715474328517 0.0 1199.5715474328517 1199.5715474328517 
gen 226 11355 1199.5715474328517 0.0 1199.5715474328517 1199.5715474328517 
gen 227 11405 1199.5715474328517 0.0 1199.5715474328517 1199.5715474328517 
gen 228 11455 1199.5715474328517 0.0 1199.5715474328517 1199.5715474328517 
gen 229 11505 1199.5715474328517 0.0 1199.5715474328517 1199.5715474328517 
gen 230 11555 1199.5715474328517 0.0 1199.5715474328517 1199.5715474328517 
gen 231 11605 1199.5715474328517 0.0 1199.5715474328517 1199.5715474328517 
gen 232 11655 1199.5715474328517 0.0 1199.5715474328517 1199.5715474328517 
gen 233 11705 1199.5715474328517 0.0 1199.5715474328517 1199.5715474328517 
gen 234 11755 1199.5715474328517 0.0 1199.5715474328517 1199.5715474328517 
gen 235 11805 1199.5715474328517 0.0 1199.5715474328517 1199.5715474328517 
gen 236 11855 1199.5715474328517 0.0 1199.5715474328517 1199.5715474328517 
gen 237 11905 1199.5715474328517 0.0 1199.5715474328517 1199.5715474328517 
gen 238 11955 1199.5715474328517 0.0 1199.5715474328517 1199.5715474328517 
gen 239 12005 1199.5715474328517 0.0 1199.5715474328517 1199.5715474328517 
gen 240 12055 1199.5715474328517 0.0 1199.5715474328517 1199.5715474328517 
gen 241 12105 1199.5715474328517 0.0 1199.5715474328517 1199.5715474328517 
gen 242 12155 1199.5715474328517 0.0 1199.5715474328517 1199.5715474328517 
gen 243 12205 1199.5715474328517 0.0 1199.5715474328517 1199.5715474328517 
gen 244 12255 1199.5715474328517 0.0 1199.5715474328517 1199.5715474328517 
gen 245 12305 1199.5715474328517 0.0 1199.5715474328517 1199.5715474328517 
gen 246 12355 1199.5715474328517 0.0 1199.5715474328517 1199.5715474328517 
gen 247 12405 1199.5715474328517 0.0 1199.5715474328517 1199.5715474328517 
gen 248 12455 1199.5715474328517 0.0 1199.5715474328517 1199.5715474328517 
gen 249 12505 1199.5715474328517 0.0 1199.5715474328517 1199.5715474328517 
gen 250 12555 1199.5715474328517 0.0 1199.5715474328517 1199.5715474328517 
gen 251 12605 1199.5715474328517 0.0 1199.5715474328517 1199.5715474328517 
gen 252 12655 1199.5715474328517 0.0 1199.5715474328517 1199.5715474328517 
gen 253 12705 1199.5715474328517 0.0 1199.5715474328517 1199.5715474328517 
gen 254 12755 1199.5715474328517 0.0 1199.5715474328517 1199.5715474328517 
gen 255 12805 1199.5715474328517 0.0 1199.5715474328517 1199.5715474328517 
gen 256 12855 1199.5715474328517 0.0 1199.5715474328517 1199.5715474328517 
gen 257 12905 1199.5715474328517 0.0 1199.5715474328517 1199.5715474328517 
gen 258 12955 1199.5715474328517 0.0 1199.5715474328517 1199.5715474328517 
gen 259 13005 1199.5715474328517 0.0 1199.5715474328517 1199.5715474328517 
gen 260 13055 1199.5715474328517 0.0 1199.5715474328517 1199.5715474328517 
gen 261 13105 1199.5715474328517 0.0 1199.5715474328517 1199.5715474328517 
gen 262 13155 1199.5715474328517 0.0 1199.5715474328517 1199.5715474328517 
gen 263 13205 1199.5715474328517 0.0 1199.5715474328517 1199.5715474328517 
gen 264 13255 1199.5715474328517 0.0 1199.5715474328517 1199.5715474328517 
gen 265 13305 1199.5715474328517 0.0 1199.5715474328517 1199.5715474328517 
gen 266 13355 1199.5715474328517 0.0 1199.5715474328517 1199.5715474328517 
gen 267 13405 1199.5715474328517 0.0 1199.5715474328517 1199.5715474328517 
gen 268 13455 1199.5715474328517 0.0 1199.5715474328517 1199.5715474328517 
gen 269 13505 1199.5715474328517 0.0 1199.5715474328517 1199.5715474328517 
gen 270 13555 1199.5715474328517 0.0 1199.5715474328517 1199.5715474328517 
gen 271 13605 1199.5715474328517 0.0 1199.5715474328517 1199.5715474328517 
gen 272 13655 1199.5715474328517 0.0 1199.5715474328517 1199.5715474328517 
gen 273 13705 1199.5715474328517 0.0 1199.5715474328517 1199.5715474328517 
gen 274 13755 1199.5715474328517 0.0 1199.5715474328517 1199.5715474328517 
gen 275 13805 1199.5715474328517 0.0 1199.5715474328517 1199.5715474328517 
gen 276 13855 1199.5715474328517 0.0 1199.5715474328517 1199.5715474328517 
gen 277 13905 1199.5715474328517 0.0 1199.5715474328517 1199.5715474328517 
gen 278 13955 1199.5715474328517 0.0 1199.5715474328517 1199.5715474328517 
gen 279 14005 1199.5715474328517 0.0 1199.5715474328517 1199.5715474328517 
gen 280 14055 1199.5715474328517 0.0 1199.5715474328517 1199.5715474328517 
gen 281 14105 1199.5715474328517 0.0 1199.5715474328517 1199.5715474328517 
gen 282 14155 1199.5715474328517 0.0 1199.5715474328517 1199.5715474328517 
gen 283 14205 1199.5715474328517 0.0 1199.5715474328517 1199.5715474328517 
gen 284 14255 1199.5715474328517 0.0 1199.5715474328517 1199.5715474328517 
gen 285 14305 1199.5715474328517 0.0 1199.5715474328517 1199.5715474328517 
gen 286 14355 1199.5715474328517 0.0 1199.5715474328517 1199.5715474328517 
gen 287 14405 1199.5715474328517 0.0 1199.5715474328517 1199.5715474328517 
gen 288 14455 1199.5715474328517 0.0 1199.5715474328517 1199.5715474328517 
gen 289 14505 1199.5715474328517 0.0 1199.5715474328517 1199.5715474328517 
gen 290 14555 1199.5715474328517 0.0 1199.5715474328517 1199.5715474328517 
gen 291 14605 1199.5715474328517 0.0 1199.5715474328517 1199.5715474328517 
gen 292 14655 1199.5715474328517 0.0 1199.5715474328517 1199.5715474328517 
gen 293 14705 1199.5715474328517 0.0 1199.5715474328517 1199.5715474328517 
gen 294 14755 1199.5715474328517 0.0 1199.5715474328517 1199.5715474328517 
gen 295 14805 1199.5715474328517 0.0 1199.5715474328517 1199.5715474328517 
gen 296 14855 1199.5715474328517 0.0 1199.5715474328517 1199.5715474328517 
gen 297 14905 1199.5715474328517 0.0 1199.5715474328517 1199.5715474328517 
gen 298 14955 1199.5715474328517 0.0 1199.5715474328517 1199.5715474328517 
gen 299 15005 1199.5715474328517 0.0 1199.5715474328517 1199.5715474328517 
gen 300 15055 1199.5715474328517 0.0 1199.5715474328517 1199.5715474328517 
gen 301 15105 1199.5715474328517 0.0 1199.5715474328517 1199.5715474328517 
gen 302 15155 1199.5715474328517 0.0 1199.5715474328517 1199.5715474328517 
gen 303 15205 1199.5715474328517 0.0 1199.5715474328517 1199.5715474328517 
gen 304 15255 1199.5715474328517 0.0 1199.5715474328517 1199.5715474328517 
gen 305 15305 1199.5715474328517 0.0 1199.5715474328517 1199.5715474328517 
gen 306 15355 1199.5715474328517 0.0 1199.5715474328517 1199.5715474328517 
gen 307 15405 1199.5715474328517 0.0 1199.5715474328517 1199.5715474328517 
gen 308 15455 1199.5715474328517 0.0 1199.5715474328517 1199.5715474328517 
gen 309 15505 1199.5715474328517 0.0 1199.5715474328517 1199.5715474328517 
gen 310 15555 1199.5715474328517 0.0 1199.5715474328517 1199.5715474328517 
gen 311 15605 1199.5715474328517 0.0 1199.5715474328517 1199.5715474328517 
gen 312 15655 1199.5715474328517 0.0 1199.5715474328517 1199.5715474328517 
gen 313 15705 1199.5715474328517 0.0 1199.5715474328517 1199.5715474328517 
gen 314 15755 1199.5715474328517 0.0 1199.5715474328517 1199.5715474328517 
gen 315 15805 1199.5715474328517 0.0 1199.5715474328517 1199.5715474328517 
gen 316 15855 1199.5715474328517 0.0 1199.5715474328517 1199.5715474328517 
gen 317 15905 1199.5715474328517 0.0 1199.5715474328517 1199.5715474328517 
gen 318 15955 1199.5715474328517 0.0 1199.5715474328517 1199.5715474328517 
gen 319 16005 1199.5715474328517 0.0 1199.5715474328517 1199.5715474328517 
gen 320 16055 1199.5715474328517 0.0 1199.5715474328517 1199.5715474328517 
gen 321 16105 1199.5715474328517 0.0 1199.5715474328517 1199.5715474328517 
gen 322 16155 1199.5715474328517 0.0 1199.5715474328517 1199.5715474328517 
gen 323 16205 1199.5715474328517 0.0 1199.5715474328517 1199.5715474328517 
gen 324 16255 1199.5715474328517 0.0 1199.5715474328517 1199.5715474328517 
gen 325 16305 1199.5715474328517 0.0 1199.5715474328517 1199.5715474328517 
gen 326 16355 1199.5715474328517 0.0 1199.5715474328517 1199.5715474328517 
gen 327 16405 1199.5715474328517 0.0 1199.5715474328517 1199.5715474328517 
gen 328 16455 1199.5715474328517 0.0 1199.5715474328517 1199.5715474328517 
gen 329 16505 1199.5715474328517 0.0 1199.5715474328517 1199.5715474328517 
gen 330 16555 1199.5715474328517 0.0 1199.5715474328517 1199.5715474328517 
gen 331 16605 1199.5715474328517 0.0 1199.5715474328517 1199.5715474328517 
gen 332 16655 1199.5715474328517 0.0 1199.5715474328517 1199.5715474328517 
gen 333 16705 1199.5715474328517 0.0 1199.5715474328517 1199.5715474328517 
gen 334 16755 1199.5715474328517 0.0 1199.5715474328517 1199.5715474328517 
gen 335 16805 1199.5715474328517 0.0 1199.5715474328517 1199.5715474328517 
gen 336 16855 1199.5715474328517 0.0 1199.5715474328517 1199.5715474328517 
gen 337 16905 1199.5715474328517 0.0 1199.5715474328517 1199.5715474328517 
gen 338 16955 1199.5715474328517 0.0 1199.5715474328517 1199.5715474328517 
gen 339 17005 1199.5715474328517 0.0 1199.5715474328517 1199.5715474328517 
gen 340 17055 1199.5715474328517 0.0 1199.5715474328517 1199.5715474328517 
gen 341 17105 1199.5715474328517 0.0 1199.5715474328517 1199.5715474328517 
gen 342 17155 1199.5715474328517 0.0 1199.5715474328517 1199.5715474328517 
gen 343 17205 1199.5715474328517 0.0 1199.5715474328517 1199.5715474328517 
gen 344 17255 1199.5715474328517 0.0 1199.5715474328517 1199.5715474328517 
gen 345 17305 1199.5715474328517 0.0 1199.5715474328517 1199.5715474328517 
gen 346 17355 1199.5715474328517 0.0 1199.5715474328517 1199.5715474328517 
gen 347 17405 1199.5715474328517 0.0 1199.5715474328517 1199.5715474328517 
gen 348 17455 1199.5715474328517 0.0 1199.5715474328517 1199.5715474328517 
gen 349 17505 1199.5715474328517 0.0 1199.5715474328517 1199.5715474328517 
[4, 1, 0, 3, 2, 4, 3, 1, 0, 2, 4, 3, 1, 0, 2, 4, 3, 1, 0, 2, 3, 1, 0, 4, 2]
min  1199.5715474328517
NFE 17505
LSNFE 30
VLSNFE 3
runTime 15.160270690917969
