gen 0 25 2400000000003088.0 4270831300810789.5 1695.5296412694959 1e+16 
gen 1 75 2145.3179386470833 272.55300139943404 1619.9160377686849 2513.783574594458 
gen 2 125 1939.401235396077 150.70884103520032 1619.9160377686849 2109.7614620193585 
gen 3 175 1847.0631431626111 147.65625279527532 1586.6508846491113 2035.2098493354072 
gen 4 225 1711.325669601781 85.24567934643065 1525.9747919548872 1847.4860914075543 
gen 5 275 1671.2950479844883 77.91525296315386 1459.050729637368 1776.0771657807545 
gen 6 325 1583.9334913195012 82.90546513214086 1342.2275975627986 1683.6987650533274 
gen 7 375 1515.2972644865936 68.81514174159328 1342.2275975627986 1604.1300422278814 
gen 8 425 1438.9992498595664 60.67731938110848 1328.8829288688275 1522.813578582088 
gen 9 475 1371.925372570092 26.573829932655887 1328.8829288688275 1419.0156415079173 
gen 10 525 1343.197146188952 6.965388653427112 1328.8829288688275 1352.2551988740684 
gen 11 575 1337.345834170896 5.527553322456818 1328.8829288688275 1342.2275975627986 
gen 12 625 1331.1596777857499 0.6713766279692089 1328.8829288688275 1331.357655952439 
gen 13 685 1325.7578205529799 16.730755592219143 1259.6595210676185 1331.357655952439 
gen 14 735 1311.0125029903945 25.673699104127895 1259.6595210676185 1331.357655952439 
gen 15 785 1295.9480397319917 24.10507270393723 1259.6595210676185 1328.8829288688275 
gen 16 835 1276.2383005623744 8.289389747378028 1259.6595210676185 1280.3829954360635 
gen 17 885 1267.9489108149965 10.152387580067257 1259.6595210676185 1280.3829954360635 
gen 18 935 1259.6595210676182 2.2737367544323206e-13 1259.6595210676185 1259.6595210676185 
gen 19 985 1259.6595210676182 2.2737367544323206e-13 1259.6595210676185 1259.6595210676185 
gen 20 1035 1259.6595210676182 2.2737367544323206e-13 1259.6595210676185 1259.6595210676185 
gen 21 1085 1259.6595210676182 2.2737367544323206e-13 1259.6595210676185 1259.6595210676185 
gen 22 1135 1259.6595210676182 2.2737367544323206e-13 1259.6595210676185 1259.6595210676185 
gen 23 1185 1259.6595210676182 2.2737367544323206e-13 1259.6595210676185 1259.6595210676185 
gen 24 1235 1259.6595210676182 2.2737367544323206e-13 1259.6595210676185 1259.6595210676185 
gen 25 1285 1259.6595210676182 2.2737367544323206e-13 1259.6595210676185 1259.6595210676185 
gen 26 1335 1259.6595210676182 2.2737367544323206e-13 1259.6595210676185 1259.6595210676185 
gen 27 1385 1259.6595210676182 2.2737367544323206e-13 1259.6595210676185 1259.6595210676185 
gen 28 1435 1259.6595210676182 2.2737367544323206e-13 1259.6595210676185 1259.6595210676185 
gen 29 1485 1259.6595210676182 2.2737367544323206e-13 1259.6595210676185 1259.6595210676185 
gen 30 1535 1259.6595210676182 2.2737367544323206e-13 1259.6595210676185 1259.6595210676185 
gen 31 1585 1259.6595210676182 2.2737367544323206e-13 1259.6595210676185 1259.6595210676185 
gen 32 1635 1259.6595210676182 2.2737367544323206e-13 1259.6595210676185 1259.6595210676185 
gen 33 1685 1259.6595210676182 2.2737367544323206e-13 1259.6595210676185 1259.6595210676185 
gen 34 1735 1259.6595210676182 2.2737367544323206e-13 1259.6595210676185 1259.6595210676185 
gen 35 1785 1259.6595210676182 2.2737367544323206e-13 1259.6595210676185 1259.6595210676185 
gen 36 1835 1259.6595210676182 2.2737367544323206e-13 1259.6595210676185 1259.6595210676185 
gen 37 1885 1259.6595210676182 2.2737367544323206e-13 1259.6595210676185 1259.6595210676185 
gen 38 1935 1259.6595210676182 2.2737367544323206e-13 1259.6595210676185 1259.6595210676185 
gen 39 1985 1259.6595210676182 2.2737367544323206e-13 1259.6595210676185 1259.6595210676185 
gen 40 2035 1259.6595210676182 2.2737367544323206e-13 1259.6595210676185 1259.6595210676185 
gen 41 2085 1259.6595210676182 2.2737367544323206e-13 1259.6595210676185 1259.6595210676185 
gen 42 2135 1259.6595210676182 2.2737367544323206e-13 1259.6595210676185 1259.6595210676185 
gen 43 2185 1259.6595210676182 2.2737367544323206e-13 1259.6595210676185 1259.6595210676185 
gen 44 2235 1259.6595210676182 2.2737367544323206e-13 1259.6595210676185 1259.6595210676185 
gen 45 2285 1259.6595210676182 2.2737367544323206e-13 1259.6595210676185 1259.6595210676185 
gen 46 2335 1259.6595210676182 2.2737367544323206e-13 1259.6595210676185 1259.6595210676185 
gen 47 2385 1259.6595210676182 2.2737367544323206e-13 1259.6595210676185 1259.6595210676185 
gen 48 2435 1259.6595210676182 2.2737367544323206e-13 1259.6595210676185 1259.6595210676185 
gen 49 2485 1259.6595210676182 2.2737367544323206e-13 1259.6595210676185 1259.6595210676185 
gen 50 2535 1259.6595210676182 2.2737367544323206e-13 1259.6595210676185 1259.6595210676185 
gen 51 2585 1259.6595210676182 2.2737367544323206e-13 1259.6595210676185 1259.6595210676185 
gen 52 2635 1259.6595210676182 2.2737367544323206e-13 1259.6595210676185 1259.6595210676185 
gen 53 2685 1259.6595210676182 2.2737367544323206e-13 1259.6595210676185 1259.6595210676185 
gen 54 2735 1259.6595210676182 2.2737367544323206e-13 1259.6595210676185 1259.6595210676185 
gen 55 2785 1259.6595210676182 2.2737367544323206e-13 1259.6595210676185 1259.6595210676185 
gen 56 2835 1259.6595210676182 2.2737367544323206e-13 1259.6595210676185 1259.6595210676185 
gen 57 2885 1259.6595210676182 2.2737367544323206e-13 1259.6595210676185 1259.6595210676185 
gen 58 2945 1258.7627309097024 4.393356586487997 1237.23976711972 1259.6595210676185 
gen 59 2995 1257.8659407517864 6.082326776604916 1237.23976711972 1259.6595210676185 
gen 60 3045 1255.1755702780385 8.967901579159387 1237.23976711972 1259.6595210676185 
gen 61 3095 1239.0333474355516 6.082326776604916 1237.23976711972 1259.6595210676185 
gen 62 3145 1237.23976711972 0.0 1237.23976711972 1237.23976711972 
gen 63 3195 1237.23976711972 0.0 1237.23976711972 1237.23976711972 
gen 64 3245 1237.23976711972 0.0 1237.23976711972 1237.23976711972 
gen 65 3295 1237.23976711972 0.0 1237.23976711972 1237.23976711972 
gen 66 3345 1237.23976711972 0.0 1237.23976711972 1237.23976711972 
gen 67 3395 1237.23976711972 0.0 1237.23976711972 1237.23976711972 
gen 68 3445 1237.23976711972 0.0 1237.23976711972 1237.23976711972 
gen 69 3495 1237.23976711972 0.0 1237.23976711972 1237.23976711972 
gen 70 3545 1237.23976711972 0.0 1237.23976711972 1237.23976711972 
gen 71 3595 1237.23976711972 0.0 1237.23976711972 1237.23976711972 
gen 72 3645 1237.23976711972 0.0 1237.23976711972 1237.23976711972 
gen 73 3695 1237.23976711972 0.0 1237.23976711972 1237.23976711972 
gen 74 3745 1237.23976711972 0.0 1237.23976711972 1237.23976711972 
gen 75 3795 1237.23976711972 0.0 1237.23976711972 1237.23976711972 
gen 76 3845 1237.23976711972 0.0 1237.23976711972 1237.23976711972 
gen 77 3895 1237.23976711972 0.0 1237.23976711972 1237.23976711972 
gen 78 3945 1237.23976711972 0.0 1237.23976711972 1237.23976711972 
gen 79 3995 1237.23976711972 0.0 1237.23976711972 1237.23976711972 
gen 80 4045 1237.23976711972 0.0 1237.23976711972 1237.23976711972 
gen 81 4095 1237.23976711972 0.0 1237.23976711972 1237.23976711972 
gen 82 4145 1237.23976711972 0.0 1237.23976711972 1237.23976711972 
gen 83 4195 1237.23976711972 0.0 1237.23976711972 1237.23976711972 
gen 84 4245 1237.23976711972 0.0 1237.23976711972 1237.23976711972 
gen 85 4295 1237.23976711972 0.0 1237.23976711972 1237.23976711972 
gen 86 4345 1237.23976711972 0.0 1237.23976711972 1237.23976711972 
gen 87 4395 1237.23976711972 0.0 1237.23976711972 1237.23976711972 
gen 88 4445 1237.23976711972 0.0 1237.23976711972 1237.23976711972 
gen 89 4495 1237.23976711972 0.0 1237.23976711972 1237.23976711972 
gen 90 4545 1237.23976711972 0.0 1237.23976711972 1237.23976711972 
gen 91 4595 1237.23976711972 0.0 1237.23976711972 1237.23976711972 
gen 92 4645 1237.23976711972 0.0 1237.23976711972 1237.23976711972 
gen 93 4695 1237.23976711972 0.0 1237.23976711972 1237.23976711972 
gen 94 4745 1237.23976711972 0.0 1237.23976711972 1237.23976711972 
gen 95 4795 1237.23976711972 0.0 1237.23976711972 1237.23976711972 
gen 96 4845 1237.23976711972 0.0 1237.23976711972 1237.23976711972 
gen 97 4895 1237.23976711972 0.0 1237.23976711972 1237.23976711972 
gen 98 4945 1237.23976711972 0.0 1237.23976711972 1237.23976711972 
gen 99 4995 1237.23976711972 0.0 1237.23976711972 1237.23976711972 
gen 100 5045 1237.23976711972 0.0 1237.23976711972 1237.23976711972 
gen 101 5095 1237.23976711972 0.0 1237.23976711972 1237.23976711972 
gen 102 5145 1237.23976711972 0.0 1237.23976711972 1237.23976711972 
gen 103 5195 1237.23976711972 0.0 1237.23976711972 1237.23976711972 
gen 104 5245 1237.23976711972 0.0 1237.23976711972 1237.23976711972 
gen 105 5295 1237.23976711972 0.0 1237.23976711972 1237.23976711972 
gen 106 5345 1237.23976711972 0.0 1237.23976711972 1237.23976711972 
gen 107 5395 1237.23976711972 0.0 1237.23976711972 1237.23976711972 
gen 108 5445 1237.23976711972 0.0 1237.23976711972 1237.23976711972 
gen 109 5495 1237.23976711972 0.0 1237.23976711972 1237.23976711972 
gen 110 5545 1237.23976711972 0.0 1237.23976711972 1237.23976711972 
gen 111 5595 1237.23976711972 0.0 1237.23976711972 1237.23976711972 
gen 112 5645 1237.23976711972 0.0 1237.23976711972 1237.23976711972 
gen 113 5695 1237.23976711972 0.0 1237.23976711972 1237.23976711972 
gen 114 5745 1237.23976711972 0.0 1237.23976711972 1237.23976711972 
gen 115 5795 1237.23976711972 0.0 1237.23976711972 1237.23976711972 
gen 116 5845 1237.23976711972 0.0 1237.23976711972 1237.23976711972 
gen 117 5895 1237.23976711972 0.0 1237.23976711972 1237.23976711972 
gen 118 5945 1237.23976711972 0.0 1237.23976711972 1237.23976711972 
gen 119 5995 1237.23976711972 0.0 1237.23976711972 1237.23976711972 
gen 120 6045 1237.23976711972 0.0 1237.23976711972 1237.23976711972 
gen 121 6095 1237.23976711972 0.0 1237.23976711972 1237.23976711972 
gen 122 6145 1237.23976711972 0.0 1237.23976711972 1237.23976711972 
gen 123 6195 1237.23976711972 0.0 1237.23976711972 1237.23976711972 
gen 124 6245 1237.23976711972 0.0 1237.23976711972 1237.23976711972 
gen 125 6295 1237.23976711972 0.0 1237.23976711972 1237.23976711972 
gen 126 6345 1237.23976711972 0.0 1237.23976711972 1237.23976711972 
gen 127 6395 1237.23976711972 0.0 1237.23976711972 1237.23976711972 
gen 128 6445 1237.23976711972 0.0 1237.23976711972 1237.23976711972 
gen 129 6495 1237.23976711972 0.0 1237.23976711972 1237.23976711972 
gen 130 6545 1237.23976711972 0.0 1237.23976711972 1237.23976711972 
gen 131 6595 1237.23976711972 0.0 1237.23976711972 1237.23976711972 
gen 132 6645 1237.23976711972 0.0 1237.23976711972 1237.23976711972 
gen 133 6695 1237.23976711972 0.0 1237.23976711972 1237.23976711972 
gen 134 6745 1237.23976711972 0.0 1237.23976711972 1237.23976711972 
gen 135 6795 1237.23976711972 0.0 1237.23976711972 1237.23976711972 
gen 136 6845 1237.23976711972 0.0 1237.23976711972 1237.23976711972 
gen 137 6895 1237.23976711972 0.0 1237.23976711972 1237.23976711972 
gen 138 6945 1237.23976711972 0.0 1237.23976711972 1237.23976711972 
gen 139 6995 1237.23976711972 0.0 1237.23976711972 1237.23976711972 
gen 140 7045 1237.23976711972 0.0 1237.23976711972 1237.23976711972 
gen 141 7095 1237.23976711972 0.0 1237.23976711972 1237.23976711972 
gen 142 7145 1237.23976711972 0.0 1237.23976711972 1237.23976711972 
gen 143 7195 1237.23976711972 0.0 1237.23976711972 1237.23976711972 
gen 144 7245 1237.23976711972 0.0 1237.23976711972 1237.23976711972 
gen 145 7295 1237.23976711972 0.0 1237.23976711972 1237.23976711972 
gen 146 7345 1237.23976711972 0.0 1237.23976711972 1237.23976711972 
gen 147 7395 1237.23976711972 0.0 1237.23976711972 1237.23976711972 
gen 148 7445 1237.23976711972 0.0 1237.23976711972 1237.23976711972 
gen 149 7495 1237.23976711972 0.0 1237.23976711972 1237.23976711972 
gen 150 7545 1237.23976711972 0.0 1237.23976711972 1237.23976711972 
gen 151 7595 1237.23976711972 0.0 1237.23976711972 1237.23976711972 
gen 152 7645 1237.23976711972 0.0 1237.23976711972 1237.23976711972 
gen 153 7695 1237.23976711972 0.0 1237.23976711972 1237.23976711972 
gen 154 7745 1237.23976711972 0.0 1237.23976711972 1237.23976711972 
gen 155 7795 1237.23976711972 0.0 1237.23976711972 1237.23976711972 
gen 156 7845 1237.23976711972 0.0 1237.23976711972 1237.23976711972 
gen 157 7895 1237.23976711972 0.0 1237.23976711972 1237.23976711972 
gen 158 7945 1237.23976711972 0.0 1237.23976711972 1237.23976711972 
gen 159 7995 1237.23976711972 0.0 1237.23976711972 1237.23976711972 
gen 160 8045 1237.23976711972 0.0 1237.23976711972 1237.23976711972 
gen 161 8095 1237.23976711972 0.0 1237.23976711972 1237.23976711972 
gen 162 8145 1237.23976711972 0.0 1237.23976711972 1237.23976711972 
gen 163 8195 1237.23976711972 0.0 1237.23976711972 1237.23976711972 
gen 164 8245 1237.23976711972 0.0 1237.23976711972 1237.23976711972 
gen 165 8295 1237.23976711972 0.0 1237.23976711972 1237.23976711972 
gen 166 8345 1237.23976711972 0.0 1237.23976711972 1237.23976711972 
gen 167 8395 1237.23976711972 0.0 1237.23976711972 1237.23976711972 
gen 168 8445 1237.23976711972 0.0 1237.23976711972 1237.23976711972 
gen 169 8495 1237.23976711972 0.0 1237.23976711972 1237.23976711972 
gen 170 8545 1237.23976711972 0.0 1237.23976711972 1237.23976711972 
gen 171 8595 1237.23976711972 0.0 1237.23976711972 1237.23976711972 
gen 172 8645 1237.23976711972 0.0 1237.23976711972 1237.23976711972 
gen 173 8695 1237.23976711972 0.0 1237.23976711972 1237.23976711972 
gen 174 8745 1237.23976711972 0.0 1237.23976711972 1237.23976711972 
gen 175 8795 1237.23976711972 0.0 1237.23976711972 1237.23976711972 
gen 176 8845 1237.23976711972 0.0 1237.23976711972 1237.23976711972 
gen 177 8895 1237.23976711972 0.0 1237.23976711972 1237.23976711972 
gen 178 8945 1237.23976711972 0.0 1237.23976711972 1237.23976711972 
gen 179 8995 1237.23976711972 0.0 1237.23976711972 1237.23976711972 
gen 180 9045 1237.23976711972 0.0 1237.23976711972 1237.23976711972 
gen 181 9095 1237.23976711972 0.0 1237.23976711972 1237.23976711972 
gen 182 9145 1237.23976711972 0.0 1237.23976711972 1237.23976711972 
gen 183 9195 1237.23976711972 0.0 1237.23976711972 1237.23976711972 
gen 184 9245 1237.23976711972 0.0 1237.23976711972 1237.23976711972 
gen 185 9295 1237.23976711972 0.0 1237.23976711972 1237.23976711972 
gen 186 9345 1237.23976711972 0.0 1237.23976711972 1237.23976711972 
gen 187 9395 1237.23976711972 0.0 1237.23976711972 1237.23976711972 
gen 188 9445 1237.23976711972 0.0 1237.23976711972 1237.23976711972 
gen 189 9495 1237.23976711972 0.0 1237.23976711972 1237.23976711972 
gen 190 9545 1237.23976711972 0.0 1237.23976711972 1237.23976711972 
gen 191 9595 1237.23976711972 0.0 1237.23976711972 1237.23976711972 
gen 192 9645 1237.23976711972 0.0 1237.23976711972 1237.23976711972 
gen 193 9695 1237.23976711972 0.0 1237.23976711972 1237.23976711972 
gen 194 9745 1237.23976711972 0.0 1237.23976711972 1237.23976711972 
gen 195 9795 1237.23976711972 0.0 1237.23976711972 1237.23976711972 
gen 196 9845 1237.23976711972 0.0 1237.23976711972 1237.23976711972 
gen 197 9895 1237.23976711972 0.0 1237.23976711972 1237.23976711972 
gen 198 9945 1237.23976711972 0.0 1237.23976711972 1237.23976711972 
gen 199 9995 1237.23976711972 0.0 1237.23976711972 1237.23976711972 
gen 200 10045 1237.23976711972 0.0 1237.23976711972 1237.23976711972 
gen 201 10095 1237.23976711972 0.0 1237.23976711972 1237.23976711972 
gen 202 10145 1237.23976711972 0.0 1237.23976711972 1237.23976711972 
gen 203 10195 1237.23976711972 0.0 1237.23976711972 1237.23976711972 
gen 204 10245 1237.23976711972 0.0 1237.23976711972 1237.23976711972 
gen 205 10295 1237.23976711972 0.0 1237.23976711972 1237.23976711972 
gen 206 10345 1237.23976711972 0.0 1237.23976711972 1237.23976711972 
gen 207 10395 1237.23976711972 0.0 1237.23976711972 1237.23976711972 
gen 208 10445 1237.23976711972 0.0 1237.23976711972 1237.23976711972 
gen 209 10495 1237.23976711972 0.0 1237.23976711972 1237.23976711972 
gen 210 10545 1237.23976711972 0.0 1237.23976711972 1237.23976711972 
gen 211 10595 1237.23976711972 0.0 1237.23976711972 1237.23976711972 
gen 212 10645 1237.23976711972 0.0 1237.23976711972 1237.23976711972 
gen 213 10695 1237.23976711972 0.0 1237.23976711972 1237.23976711972 
gen 214 10745 1237.23976711972 0.0 1237.23976711972 1237.23976711972 
gen 215 10795 1237.23976711972 0.0 1237.23976711972 1237.23976711972 
gen 216 10845 1237.23976711972 0.0 1237.23976711972 1237.23976711972 
gen 217 10895 1237.23976711972 0.0 1237.23976711972 1237.23976711972 
gen 218 10945 1237.23976711972 0.0 1237.23976711972 1237.23976711972 
gen 219 10995 1237.23976711972 0.0 1237.23976711972 1237.23976711972 
gen 220 11045 1237.23976711972 0.0 1237.23976711972 1237.23976711972 
gen 221 11095 1237.23976711972 0.0 1237.23976711972 1237.23976711972 
gen 222 11145 1237.23976711972 0.0 1237.23976711972 1237.23976711972 
gen 223 11195 1237.23976711972 0.0 1237.23976711972 1237.23976711972 
gen 224 11245 1237.23976711972 0.0 1237.23976711972 1237.23976711972 
gen 225 11295 1237.23976711972 0.0 1237.23976711972 1237.23976711972 
gen 226 11345 1237.23976711972 0.0 1237.23976711972 1237.23976711972 
gen 227 11395 1237.23976711972 0.0 1237.23976711972 1237.23976711972 
gen 228 11445 1237.23976711972 0.0 1237.23976711972 1237.23976711972 
gen 229 11495 1237.23976711972 0.0 1237.23976711972 1237.23976711972 
gen 230 11545 1237.23976711972 0.0 1237.23976711972 1237.23976711972 
gen 231 11595 1237.23976711972 0.0 1237.23976711972 1237.23976711972 
gen 232 11645 1237.23976711972 0.0 1237.23976711972 1237.23976711972 
gen 233 11695 1237.23976711972 0.0 1237.23976711972 1237.23976711972 
gen 234 11745 1237.23976711972 0.0 1237.23976711972 1237.23976711972 
gen 235 11795 1237.23976711972 0.0 1237.23976711972 1237.23976711972 
gen 236 11845 1237.23976711972 0.0 1237.23976711972 1237.23976711972 
gen 237 11895 1237.23976711972 0.0 1237.23976711972 1237.23976711972 
gen 238 11945 1237.23976711972 0.0 1237.23976711972 1237.23976711972 
gen 239 11995 1237.23976711972 0.0 1237.23976711972 1237.23976711972 
gen 240 12045 1237.23976711972 0.0 1237.23976711972 1237.23976711972 
gen 241 12095 1237.23976711972 0.0 1237.23976711972 1237.23976711972 
gen 242 12145 1237.23976711972 0.0 1237.23976711972 1237.23976711972 
gen 243 12195 1237.23976711972 0.0 1237.23976711972 1237.23976711972 
gen 244 12245 1237.23976711972 0.0 1237.23976711972 1237.23976711972 
gen 245 12295 1237.23976711972 0.0 1237.23976711972 1237.23976711972 
gen 246 12345 1237.23976711972 0.0 1237.23976711972 1237.23976711972 
gen 247 12395 1237.23976711972 0.0 1237.23976711972 1237.23976711972 
gen 248 12445 1237.23976711972 0.0 1237.23976711972 1237.23976711972 
gen 249 12495 1237.23976711972 0.0 1237.23976711972 1237.23976711972 
gen 250 12545 1237.23976711972 0.0 1237.23976711972 1237.23976711972 
gen 251 12595 1237.23976711972 0.0 1237.23976711972 1237.23976711972 
gen 252 12645 1237.23976711972 0.0 1237.23976711972 1237.23976711972 
gen 253 12695 1237.23976711972 0.0 1237.23976711972 1237.23976711972 
gen 254 12745 1237.23976711972 0.0 1237.23976711972 1237.23976711972 
gen 255 12795 1237.23976711972 0.0 1237.23976711972 1237.23976711972 
gen 256 12845 1237.23976711972 0.0 1237.23976711972 1237.23976711972 
gen 257 12895 1237.23976711972 0.0 1237.23976711972 1237.23976711972 
gen 258 12945 1237.23976711972 0.0 1237.23976711972 1237.23976711972 
gen 259 12995 1237.23976711972 0.0 1237.23976711972 1237.23976711972 
gen 260 13045 1237.23976711972 0.0 1237.23976711972 1237.23976711972 
gen 261 13095 1237.23976711972 0.0 1237.23976711972 1237.23976711972 
gen 262 13145 1237.23976711972 0.0 1237.23976711972 1237.23976711972 
gen 263 13195 1237.23976711972 0.0 1237.23976711972 1237.23976711972 
gen 264 13245 1237.23976711972 0.0 1237.23976711972 1237.23976711972 
gen 265 13295 1237.23976711972 0.0 1237.23976711972 1237.23976711972 
gen 266 13345 1237.23976711972 0.0 1237.23976711972 1237.23976711972 
gen 267 13395 1237.23976711972 0.0 1237.23976711972 1237.23976711972 
gen 268 13445 1237.23976711972 0.0 1237.23976711972 1237.23976711972 
gen 269 13495 1237.23976711972 0.0 1237.23976711972 1237.23976711972 
gen 270 13545 1237.23976711972 0.0 1237.23976711972 1237.23976711972 
gen 271 13595 1237.23976711972 0.0 1237.23976711972 1237.23976711972 
gen 272 13645 1237.23976711972 0.0 1237.23976711972 1237.23976711972 
gen 273 13695 1237.23976711972 0.0 1237.23976711972 1237.23976711972 
gen 274 13745 1237.23976711972 0.0 1237.23976711972 1237.23976711972 
gen 275 13795 1237.23976711972 0.0 1237.23976711972 1237.23976711972 
gen 276 13845 1237.23976711972 0.0 1237.23976711972 1237.23976711972 
gen 277 13895 1237.23976711972 0.0 1237.23976711972 1237.23976711972 
gen 278 13945 1237.23976711972 0.0 1237.23976711972 1237.23976711972 
gen 279 13995 1237.23976711972 0.0 1237.23976711972 1237.23976711972 
gen 280 14045 1237.23976711972 0.0 1237.23976711972 1237.23976711972 
gen 281 14095 1237.23976711972 0.0 1237.23976711972 1237.23976711972 
gen 282 14145 1237.23976711972 0.0 1237.23976711972 1237.23976711972 
gen 283 14195 1237.23976711972 0.0 1237.23976711972 1237.23976711972 
gen 284 14245 1237.23976711972 0.0 1237.23976711972 1237.23976711972 
gen 285 14295 1237.23976711972 0.0 1237.23976711972 1237.23976711972 
gen 286 14345 1237.23976711972 0.0 1237.23976711972 1237.23976711972 
gen 287 14395 1237.23976711972 0.0 1237.23976711972 1237.23976711972 
gen 288 14445 1237.23976711972 0.0 1237.23976711972 1237.23976711972 
gen 289 14495 1237.23976711972 0.0 1237.23976711972 1237.23976711972 
gen 290 14545 1237.23976711972 0.0 1237.23976711972 1237.23976711972 
gen 291 14595 1237.23976711972 0.0 1237.23976711972 1237.23976711972 
gen 292 14645 1237.23976711972 0.0 1237.23976711972 1237.23976711972 
gen 293 14695 1237.23976711972 0.0 1237.23976711972 1237.23976711972 
gen 294 14745 1237.23976711972 0.0 1237.23976711972 1237.23976711972 
gen 295 14795 1237.23976711972 0.0 1237.23976711972 1237.23976711972 
gen 296 14845 1237.23976711972 0.0 1237.23976711972 1237.23976711972 
gen 297 14895 1237.23976711972 0.0 1237.23976711972 1237.23976711972 
gen 298 14945 1237.23976711972 0.0 1237.23976711972 1237.23976711972 
gen 299 14995 1237.23976711972 0.0 1237.23976711972 1237.23976711972 
gen 300 15045 1237.23976711972 0.0 1237.23976711972 1237.23976711972 
gen 301 15095 1237.23976711972 0.0 1237.23976711972 1237.23976711972 
gen 302 15145 1237.23976711972 0.0 1237.23976711972 1237.23976711972 
gen 303 15195 1237.23976711972 0.0 1237.23976711972 1237.23976711972 
gen 304 15245 1237.23976711972 0.0 1237.23976711972 1237.23976711972 
gen 305 15295 1237.23976711972 0.0 1237.23976711972 1237.23976711972 
gen 306 15345 1237.23976711972 0.0 1237.23976711972 1237.23976711972 
gen 307 15395 1237.23976711972 0.0 1237.23976711972 1237.23976711972 
gen 308 15445 1237.23976711972 0.0 1237.23976711972 1237.23976711972 
gen 309 15495 1237.23976711972 0.0 1237.23976711972 1237.23976711972 
gen 310 15545 1237.23976711972 0.0 1237.23976711972 1237.23976711972 
gen 311 15595 1237.23976711972 0.0 1237.23976711972 1237.23976711972 
gen 312 15645 1237.23976711972 0.0 1237.23976711972 1237.23976711972 
gen 313 15695 1237.23976711972 0.0 1237.23976711972 1237.23976711972 
gen 314 15745 1237.23976711972 0.0 1237.23976711972 1237.23976711972 
gen 315 15795 1237.23976711972 0.0 1237.23976711972 1237.23976711972 
gen 316 15845 1237.23976711972 0.0 1237.23976711972 1237.23976711972 
gen 317 15895 1237.23976711972 0.0 1237.23976711972 1237.23976711972 
gen 318 15945 1237.23976711972 0.0 1237.23976711972 1237.23976711972 
gen 319 15995 1237.23976711972 0.0 1237.23976711972 1237.23976711972 
gen 320 16045 1237.23976711972 0.0 1237.23976711972 1237.23976711972 
gen 321 16095 1237.23976711972 0.0 1237.23976711972 1237.23976711972 
gen 322 16145 1237.23976711972 0.0 1237.23976711972 1237.23976711972 
gen 323 16195 1237.23976711972 0.0 1237.23976711972 1237.23976711972 
gen 324 16245 1237.23976711972 0.0 1237.23976711972 1237.23976711972 
gen 325 16295 1237.23976711972 0.0 1237.23976711972 1237.23976711972 
gen 326 16345 1237.23976711972 0.0 1237.23976711972 1237.23976711972 
gen 327 16395 1237.23976711972 0.0 1237.23976711972 1237.23976711972 
gen 328 16445 1237.23976711972 0.0 1237.23976711972 1237.23976711972 
gen 329 16495 1237.23976711972 0.0 1237.23976711972 1237.23976711972 
gen 330 16545 1237.23976711972 0.0 1237.23976711972 1237.23976711972 
gen 331 16595 1237.23976711972 0.0 1237.23976711972 1237.23976711972 
gen 332 16645 1237.23976711972 0.0 1237.23976711972 1237.23976711972 
gen 333 16695 1237.23976711972 0.0 1237.23976711972 1237.23976711972 
gen 334 16745 1237.23976711972 0.0 1237.23976711972 1237.23976711972 
gen 335 16795 1237.23976711972 0.0 1237.23976711972 1237.23976711972 
gen 336 16845 1237.23976711972 0.0 1237.23976711972 1237.23976711972 
gen 337 16895 1237.23976711972 0.0 1237.23976711972 1237.23976711972 
gen 338 16945 1237.23976711972 0.0 1237.23976711972 1237.23976711972 
gen 339 16995 1237.23976711972 0.0 1237.23976711972 1237.23976711972 
gen 340 17045 1237.23976711972 0.0 1237.23976711972 1237.23976711972 
gen 341 17095 1237.23976711972 0.0 1237.23976711972 1237.23976711972 
gen 342 17145 1237.23976711972 0.0 1237.23976711972 1237.23976711972 
gen 343 17195 1237.23976711972 0.0 1237.23976711972 1237.23976711972 
gen 344 17245 1237.23976711972 0.0 1237.23976711972 1237.23976711972 
gen 345 17295 1237.23976711972 0.0 1237.23976711972 1237.23976711972 
gen 346 17345 1237.23976711972 0.0 1237.23976711972 1237.23976711972 
gen 347 17395 1237.23976711972 0.0 1237.23976711972 1237.23976711972 
gen 348 17445 1237.23976711972 0.0 1237.23976711972 1237.23976711972 
gen 349 17495 1237.23976711972 0.0 1237.23976711972 1237.23976711972 
gen 350 17545 1237.23976711972 0.0 1237.23976711972 1237.23976711972 
[4, 3, 1, 2, 0, 4, 3, 0, 1, 2, 4, 0, 1, 2, 3, 4, 3, 0, 1, 2, 4, 3, 0, 1, 2]
min  1237.23976711972
NFE 17545
LSNFE 20
VLSNFE 2
runTime 15.703348875045776
