gen 0 25 2000000000003420.2 3999999999998290.0 1659.4547013859378 1e+16 
gen 1 75 2259.6315116715277 260.8528185245051 1623.712121408762 2706.431461208606 
gen 2 125 2039.8201455069072 247.53007484750523 1623.712121408762 2354.9699598737634 
gen 3 175 1793.5246368260546 187.9289825680529 1452.839265781643 2109.920083697599 
gen 4 225 1736.9669850281387 127.05035919988926 1452.839265781643 1951.9700725933253 
gen 5 275 1656.1740171144606 93.48554845902075 1452.839265781643 1817.3583849225445 
gen 6 325 1592.357924169471 82.14808830309657 1347.7648465641996 1669.1161376216437 
gen 7 375 1530.1476916290649 88.88454788322882 1314.2257050486642 1629.0074841861845 
gen 8 425 1446.8794922828342 56.07648737920025 1314.2257050486642 1524.083831887012 
gen 9 475 1399.1507134343296 44.538912352510245 1313.6284725324622 1461.394704370039 
gen 10 525 1354.1141724354331 31.157777500741272 1284.14110182168 1407.1839162333804 
gen 11 575 1328.7857735845741 18.983641399811926 1284.14110182168 1348.698097657812 
gen 12 625 1308.285264453497 12.82219530814913 1284.14110182168 1322.425373888272 
gen 13 675 1294.61883502659 13.465859859176895 1284.14110182168 1313.6284725324622 
gen 14 725 1284.14110182168 0.0 1284.14110182168 1284.14110182168 
gen 15 775 1284.14110182168 0.0 1284.14110182168 1284.14110182168 
gen 16 825 1284.14110182168 0.0 1284.14110182168 1284.14110182168 
gen 17 875 1284.14110182168 0.0 1284.14110182168 1284.14110182168 
gen 18 925 1284.14110182168 0.0 1284.14110182168 1284.14110182168 
gen 19 975 1284.14110182168 0.0 1284.14110182168 1284.14110182168 
gen 20 1025 1284.14110182168 0.0 1284.14110182168 1284.14110182168 
gen 21 1075 1284.14110182168 0.0 1284.14110182168 1284.14110182168 
gen 22 1125 1284.14110182168 0.0 1284.14110182168 1284.14110182168 
gen 23 1175 1284.14110182168 0.0 1284.14110182168 1284.14110182168 
gen 24 1225 1284.14110182168 0.0 1284.14110182168 1284.14110182168 
gen 25 1275 1284.14110182168 0.0 1284.14110182168 1284.14110182168 
gen 26 1325 1284.14110182168 0.0 1284.14110182168 1284.14110182168 
gen 27 1375 1284.14110182168 0.0 1284.14110182168 1284.14110182168 
gen 28 1425 1284.14110182168 0.0 1284.14110182168 1284.14110182168 
gen 29 1475 1284.14110182168 0.0 1284.14110182168 1284.14110182168 
gen 30 1525 1284.14110182168 0.0 1284.14110182168 1284.14110182168 
gen 31 1575 1284.14110182168 0.0 1284.14110182168 1284.14110182168 
gen 32 1625 1284.14110182168 0.0 1284.14110182168 1284.14110182168 
gen 33 1675 1284.14110182168 0.0 1284.14110182168 1284.14110182168 
gen 34 1725 1284.14110182168 0.0 1284.14110182168 1284.14110182168 
gen 35 1775 1284.14110182168 0.0 1284.14110182168 1284.14110182168 
gen 36 1825 1284.14110182168 0.0 1284.14110182168 1284.14110182168 
gen 37 1875 1284.14110182168 0.0 1284.14110182168 1284.14110182168 
gen 38 1925 1284.14110182168 0.0 1284.14110182168 1284.14110182168 
gen 39 1975 1284.14110182168 0.0 1284.14110182168 1284.14110182168 
gen 40 2025 1284.14110182168 0.0 1284.14110182168 1284.14110182168 
gen 41 2075 1284.14110182168 0.0 1284.14110182168 1284.14110182168 
gen 42 2135 1283.2425213105512 4.402127490148666 1261.6765890434654 1284.14110182168 
gen 43 2185 1282.3439407994226 6.094469542879428 1261.6765890434654 1284.14110182168 
gen 44 2235 1280.5467797771657 8.235626420517693 1261.6765890434654 1284.14110182168 
gen 45 2285 1276.0538772215227 10.782966133543015 1261.6765890434654 1284.14110182168 
gen 46 2335 1270.6623941547512 11.005318725371664 1261.6765890434654 1284.14110182168 
gen 47 2385 1261.6765890434654 0.0 1261.6765890434654 1261.6765890434654 
gen 48 2435 1261.6765890434654 0.0 1261.6765890434654 1261.6765890434654 
gen 49 2485 1261.6765890434654 0.0 1261.6765890434654 1261.6765890434654 
gen 50 2535 1261.6765890434654 0.0 1261.6765890434654 1261.6765890434654 
gen 51 2585 1261.6765890434654 0.0 1261.6765890434654 1261.6765890434654 
gen 52 2635 1261.6765890434654 0.0 1261.6765890434654 1261.6765890434654 
gen 53 2685 1261.6765890434654 0.0 1261.6765890434654 1261.6765890434654 
gen 54 2735 1261.6765890434654 0.0 1261.6765890434654 1261.6765890434654 
gen 55 2785 1261.6765890434654 0.0 1261.6765890434654 1261.6765890434654 
gen 56 2835 1261.6765890434654 0.0 1261.6765890434654 1261.6765890434654 
gen 57 2885 1261.6765890434654 0.0 1261.6765890434654 1261.6765890434654 
gen 58 2935 1261.6765890434654 0.0 1261.6765890434654 1261.6765890434654 
gen 59 2985 1261.6765890434654 0.0 1261.6765890434654 1261.6765890434654 
gen 60 3035 1261.6765890434654 0.0 1261.6765890434654 1261.6765890434654 
gen 61 3085 1261.6765890434654 0.0 1261.6765890434654 1261.6765890434654 
gen 62 3135 1261.6765890434654 0.0 1261.6765890434654 1261.6765890434654 
gen 63 3195 1261.222195050998 2.226066847462491 1250.3167392317798 1261.6765890434654 
gen 64 3245 1259.8590130735956 4.164589731630304 1250.3167392317798 1261.6765890434654 
gen 65 3305 1253.0422052561714 11.263280747532695 1204.8548917247128 1261.6765890434654 
gen 66 3355 1246.6797914312144 12.333490057417963 1204.8548917247128 1250.3167392317798 
gen 67 3405 1239.4058958300839 19.415988132594748 1204.8548917247128 1250.3167392317798 
gen 68 3455 1204.8548917247128 0.0 1204.8548917247128 1204.8548917247128 
gen 69 3505 1204.8548917247128 0.0 1204.8548917247128 1204.8548917247128 
gen 70 3555 1204.8548917247128 0.0 1204.8548917247128 1204.8548917247128 
gen 71 3605 1204.8548917247128 0.0 1204.8548917247128 1204.8548917247128 
gen 72 3655 1204.8548917247128 0.0 1204.8548917247128 1204.8548917247128 
gen 73 3705 1204.8548917247128 0.0 1204.8548917247128 1204.8548917247128 
gen 74 3755 1204.8548917247128 0.0 1204.8548917247128 1204.8548917247128 
gen 75 3805 1204.8548917247128 0.0 1204.8548917247128 1204.8548917247128 
gen 76 3855 1204.8548917247128 0.0 1204.8548917247128 1204.8548917247128 
gen 77 3905 1204.8548917247128 0.0 1204.8548917247128 1204.8548917247128 
gen 78 3955 1204.8548917247128 0.0 1204.8548917247128 1204.8548917247128 
gen 79 4005 1204.8548917247128 0.0 1204.8548917247128 1204.8548917247128 
gen 80 4055 1204.8548917247128 0.0 1204.8548917247128 1204.8548917247128 
gen 81 4105 1204.8548917247128 0.0 1204.8548917247128 1204.8548917247128 
gen 82 4155 1204.8548917247128 0.0 1204.8548917247128 1204.8548917247128 
gen 83 4205 1204.8548917247128 0.0 1204.8548917247128 1204.8548917247128 
gen 84 4255 1204.8548917247128 0.0 1204.8548917247128 1204.8548917247128 
gen 85 4305 1204.8548917247128 0.0 1204.8548917247128 1204.8548917247128 
gen 86 4355 1204.8548917247128 0.0 1204.8548917247128 1204.8548917247128 
gen 87 4405 1204.8548917247128 0.0 1204.8548917247128 1204.8548917247128 
gen 88 4455 1204.8548917247128 0.0 1204.8548917247128 1204.8548917247128 
gen 89 4505 1204.8548917247128 0.0 1204.8548917247128 1204.8548917247128 
gen 90 4555 1204.8548917247128 0.0 1204.8548917247128 1204.8548917247128 
gen 91 4605 1204.8548917247128 0.0 1204.8548917247128 1204.8548917247128 
gen 92 4655 1204.8548917247128 0.0 1204.8548917247128 1204.8548917247128 
gen 93 4705 1204.8548917247128 0.0 1204.8548917247128 1204.8548917247128 
gen 94 4755 1204.8548917247128 0.0 1204.8548917247128 1204.8548917247128 
gen 95 4805 1204.8548917247128 0.0 1204.8548917247128 1204.8548917247128 
gen 96 4855 1204.8548917247128 0.0 1204.8548917247128 1204.8548917247128 
gen 97 4905 1204.8548917247128 0.0 1204.8548917247128 1204.8548917247128 
gen 98 4955 1204.8548917247128 0.0 1204.8548917247128 1204.8548917247128 
gen 99 5005 1204.8548917247128 0.0 1204.8548917247128 1204.8548917247128 
gen 100 5055 1204.8548917247128 0.0 1204.8548917247128 1204.8548917247128 
gen 101 5105 1204.8548917247128 0.0 1204.8548917247128 1204.8548917247128 
gen 102 5155 1204.8548917247128 0.0 1204.8548917247128 1204.8548917247128 
gen 103 5205 1204.8548917247128 0.0 1204.8548917247128 1204.8548917247128 
gen 104 5265 1204.748946972888 0.5190211657944943 1202.2062729290858 1204.8548917247128 
gen 105 5315 1204.4311127174126 0.9709996894434961 1202.2062729290858 1204.8548917247128 
gen 106 5365 1203.689499454637 1.3147397946547588 1202.2062729290858 1204.8548917247128 
gen 107 5415 1202.2062729290858 0.0 1202.2062729290858 1202.2062729290858 
gen 108 5465 1202.2062729290858 0.0 1202.2062729290858 1202.2062729290858 
gen 109 5515 1202.2062729290858 0.0 1202.2062729290858 1202.2062729290858 
gen 110 5565 1202.2062729290858 0.0 1202.2062729290858 1202.2062729290858 
gen 111 5615 1202.2062729290858 0.0 1202.2062729290858 1202.2062729290858 
gen 112 5665 1202.2062729290858 0.0 1202.2062729290858 1202.2062729290858 
gen 113 5715 1202.2062729290858 0.0 1202.2062729290858 1202.2062729290858 
gen 114 5765 1202.2062729290858 0.0 1202.2062729290858 1202.2062729290858 
gen 115 5815 1202.2062729290858 0.0 1202.2062729290858 1202.2062729290858 
gen 116 5865 1202.2062729290858 0.0 1202.2062729290858 1202.2062729290858 
gen 117 5915 1202.2062729290858 0.0 1202.2062729290858 1202.2062729290858 
gen 118 5965 1202.2062729290858 0.0 1202.2062729290858 1202.2062729290858 
gen 119 6015 1202.2062729290858 0.0 1202.2062729290858 1202.2062729290858 
gen 120 6065 1202.2062729290858 0.0 1202.2062729290858 1202.2062729290858 
gen 121 6115 1202.2062729290858 0.0 1202.2062729290858 1202.2062729290858 
gen 122 6165 1202.2062729290858 0.0 1202.2062729290858 1202.2062729290858 
gen 123 6215 1202.2062729290858 0.0 1202.2062729290858 1202.2062729290858 
gen 124 6265 1202.2062729290858 0.0 1202.2062729290858 1202.2062729290858 
gen 125 6315 1202.2062729290858 0.0 1202.2062729290858 1202.2062729290858 
gen 126 6365 1202.2062729290858 0.0 1202.2062729290858 1202.2062729290858 
gen 127 6415 1202.2062729290858 0.0 1202.2062729290858 1202.2062729290858 
gen 128 6465 1202.2062729290858 0.0 1202.2062729290858 1202.2062729290858 
gen 129 6515 1202.2062729290858 0.0 1202.2062729290858 1202.2062729290858 
gen 130 6565 1202.2062729290858 0.0 1202.2062729290858 1202.2062729290858 
gen 131 6615 1202.2062729290858 0.0 1202.2062729290858 1202.2062729290858 
gen 132 6665 1202.2062729290858 0.0 1202.2062729290858 1202.2062729290858 
gen 133 6715 1202.2062729290858 0.0 1202.2062729290858 1202.2062729290858 
gen 134 6765 1202.2062729290858 0.0 1202.2062729290858 1202.2062729290858 
gen 135 6815 1202.2062729290858 0.0 1202.2062729290858 1202.2062729290858 
gen 136 6865 1202.2062729290858 0.0 1202.2062729290858 1202.2062729290858 
gen 137 6915 1202.2062729290858 0.0 1202.2062729290858 1202.2062729290858 
gen 138 6965 1202.2062729290858 0.0 1202.2062729290858 1202.2062729290858 
gen 139 7015 1202.2062729290858 0.0 1202.2062729290858 1202.2062729290858 
gen 140 7065 1202.2062729290858 0.0 1202.2062729290858 1202.2062729290858 
gen 141 7115 1202.2062729290858 0.0 1202.2062729290858 1202.2062729290858 
gen 142 7165 1202.2062729290858 0.0 1202.2062729290858 1202.2062729290858 
gen 143 7215 1202.2062729290858 0.0 1202.2062729290858 1202.2062729290858 
gen 144 7265 1202.2062729290858 0.0 1202.2062729290858 1202.2062729290858 
gen 145 7315 1202.2062729290858 0.0 1202.2062729290858 1202.2062729290858 
gen 146 7365 1202.2062729290858 0.0 1202.2062729290858 1202.2062729290858 
gen 147 7415 1202.2062729290858 0.0 1202.2062729290858 1202.2062729290858 
gen 148 7465 1202.2062729290858 0.0 1202.2062729290858 1202.2062729290858 
gen 149 7515 1202.2062729290858 0.0 1202.2062729290858 1202.2062729290858 
gen 150 7565 1202.2062729290858 0.0 1202.2062729290858 1202.2062729290858 
gen 151 7615 1202.2062729290858 0.0 1202.2062729290858 1202.2062729290858 
gen 152 7665 1202.2062729290858 0.0 1202.2062729290858 1202.2062729290858 
gen 153 7715 1202.2062729290858 0.0 1202.2062729290858 1202.2062729290858 
gen 154 7765 1202.2062729290858 0.0 1202.2062729290858 1202.2062729290858 
gen 155 7815 1202.2062729290858 0.0 1202.2062729290858 1202.2062729290858 
gen 156 7865 1202.2062729290858 0.0 1202.2062729290858 1202.2062729290858 
gen 157 7915 1202.2062729290858 0.0 1202.2062729290858 1202.2062729290858 
gen 158 7965 1202.2062729290858 0.0 1202.2062729290858 1202.2062729290858 
gen 159 8015 1202.2062729290858 0.0 1202.2062729290858 1202.2062729290858 
gen 160 8065 1202.2062729290858 0.0 1202.2062729290858 1202.2062729290858 
gen 161 8115 1202.2062729290858 0.0 1202.2062729290858 1202.2062729290858 
gen 162 8165 1202.2062729290858 0.0 1202.2062729290858 1202.2062729290858 
gen 163 8215 1202.2062729290858 0.0 1202.2062729290858 1202.2062729290858 
gen 164 8265 1202.2062729290858 0.0 1202.2062729290858 1202.2062729290858 
gen 165 8315 1202.2062729290858 0.0 1202.2062729290858 1202.2062729290858 
gen 166 8365 1202.2062729290858 0.0 1202.2062729290858 1202.2062729290858 
gen 167 8415 1202.2062729290858 0.0 1202.2062729290858 1202.2062729290858 
gen 168 8465 1202.2062729290858 0.0 1202.2062729290858 1202.2062729290858 
gen 169 8515 1202.2062729290858 0.0 1202.2062729290858 1202.2062729290858 
gen 170 8565 1202.2062729290858 0.0 1202.2062729290858 1202.2062729290858 
gen 171 8615 1202.2062729290858 0.0 1202.2062729290858 1202.2062729290858 
gen 172 8665 1202.2062729290858 0.0 1202.2062729290858 1202.2062729290858 
gen 173 8715 1202.2062729290858 0.0 1202.2062729290858 1202.2062729290858 
gen 174 8765 1202.2062729290858 0.0 1202.2062729290858 1202.2062729290858 
gen 175 8815 1202.2062729290858 0.0 1202.2062729290858 1202.2062729290858 
gen 176 8865 1202.2062729290858 0.0 1202.2062729290858 1202.2062729290858 
gen 177 8915 1202.2062729290858 0.0 1202.2062729290858 1202.2062729290858 
gen 178 8965 1202.2062729290858 0.0 1202.2062729290858 1202.2062729290858 
gen 179 9015 1202.2062729290858 0.0 1202.2062729290858 1202.2062729290858 
gen 180 9065 1202.2062729290858 0.0 1202.2062729290858 1202.2062729290858 
gen 181 9115 1202.2062729290858 0.0 1202.2062729290858 1202.2062729290858 
gen 182 9165 1202.2062729290858 0.0 1202.2062729290858 1202.2062729290858 
gen 183 9215 1202.2062729290858 0.0 1202.2062729290858 1202.2062729290858 
gen 184 9265 1202.2062729290858 0.0 1202.2062729290858 1202.2062729290858 
gen 185 9315 1202.2062729290858 0.0 1202.2062729290858 1202.2062729290858 
gen 186 9365 1202.2062729290858 0.0 1202.2062729290858 1202.2062729290858 
gen 187 9415 1202.2062729290858 0.0 1202.2062729290858 1202.2062729290858 
gen 188 9465 1202.2062729290858 0.0 1202.2062729290858 1202.2062729290858 
gen 189 9515 1202.2062729290858 0.0 1202.2062729290858 1202.2062729290858 
gen 190 9565 1202.2062729290858 0.0 1202.2062729290858 1202.2062729290858 
gen 191 9615 1202.2062729290858 0.0 1202.2062729290858 1202.2062729290858 
gen 192 9665 1202.2062729290858 0.0 1202.2062729290858 1202.2062729290858 
gen 193 9715 1202.2062729290858 0.0 1202.2062729290858 1202.2062729290858 
gen 194 9765 1202.2062729290858 0.0 1202.2062729290858 1202.2062729290858 
gen 195 9815 1202.2062729290858 0.0 1202.2062729290858 1202.2062729290858 
gen 196 9865 1202.2062729290858 0.0 1202.2062729290858 1202.2062729290858 
gen 197 9915 1202.2062729290858 0.0 1202.2062729290858 1202.2062729290858 
gen 198 9965 1202.2062729290858 0.0 1202.2062729290858 1202.2062729290858 
gen 199 10015 1202.2062729290858 0.0 1202.2062729290858 1202.2062729290858 
gen 200 10065 1202.2062729290858 0.0 1202.2062729290858 1202.2062729290858 
gen 201 10115 1202.2062729290858 0.0 1202.2062729290858 1202.2062729290858 
gen 202 10165 1202.2062729290858 0.0 1202.2062729290858 1202.2062729290858 
gen 203 10215 1202.2062729290858 0.0 1202.2062729290858 1202.2062729290858 
gen 204 10265 1202.2062729290858 0.0 1202.2062729290858 1202.2062729290858 
gen 205 10315 1202.2062729290858 0.0 1202.2062729290858 1202.2062729290858 
gen 206 10365 1202.2062729290858 0.0 1202.2062729290858 1202.2062729290858 
gen 207 10415 1202.2062729290858 0.0 1202.2062729290858 1202.2062729290858 
gen 208 10465 1202.2062729290858 0.0 1202.2062729290858 1202.2062729290858 
gen 209 10515 1202.2062729290858 0.0 1202.2062729290858 1202.2062729290858 
gen 210 10565 1202.2062729290858 0.0 1202.2062729290858 1202.2062729290858 
gen 211 10615 1202.2062729290858 0.0 1202.2062729290858 1202.2062729290858 
gen 212 10665 1202.2062729290858 0.0 1202.2062729290858 1202.2062729290858 
gen 213 10715 1202.2062729290858 0.0 1202.2062729290858 1202.2062729290858 
gen 214 10765 1202.2062729290858 0.0 1202.2062729290858 1202.2062729290858 
gen 215 10815 1202.2062729290858 0.0 1202.2062729290858 1202.2062729290858 
gen 216 10865 1202.2062729290858 0.0 1202.2062729290858 1202.2062729290858 
gen 217 10915 1202.2062729290858 0.0 1202.2062729290858 1202.2062729290858 
gen 218 10965 1202.2062729290858 0.0 1202.2062729290858 1202.2062729290858 
gen 219 11015 1202.2062729290858 0.0 1202.2062729290858 1202.2062729290858 
gen 220 11065 1202.2062729290858 0.0 1202.2062729290858 1202.2062729290858 
gen 221 11115 1202.2062729290858 0.0 1202.2062729290858 1202.2062729290858 
gen 222 11165 1202.2062729290858 0.0 1202.2062729290858 1202.2062729290858 
gen 223 11215 1202.2062729290858 0.0 1202.2062729290858 1202.2062729290858 
gen 224 11265 1202.2062729290858 0.0 1202.2062729290858 1202.2062729290858 
gen 225 11315 1202.2062729290858 0.0 1202.2062729290858 1202.2062729290858 
gen 226 11365 1202.2062729290858 0.0 1202.2062729290858 1202.2062729290858 
gen 227 11415 1202.2062729290858 0.0 1202.2062729290858 1202.2062729290858 
gen 228 11465 1202.2062729290858 0.0 1202.2062729290858 1202.2062729290858 
gen 229 11515 1202.2062729290858 0.0 1202.2062729290858 1202.2062729290858 
gen 230 11565 1202.2062729290858 0.0 1202.2062729290858 1202.2062729290858 
gen 231 11615 1202.2062729290858 0.0 1202.2062729290858 1202.2062729290858 
gen 232 11665 1202.2062729290858 0.0 1202.2062729290858 1202.2062729290858 
gen 233 11715 1202.2062729290858 0.0 1202.2062729290858 1202.2062729290858 
gen 234 11765 1202.2062729290858 0.0 1202.2062729290858 1202.2062729290858 
gen 235 11815 1202.2062729290858 0.0 1202.2062729290858 1202.2062729290858 
gen 236 11865 1202.2062729290858 0.0 1202.2062729290858 1202.2062729290858 
gen 237 11915 1202.2062729290858 0.0 1202.2062729290858 1202.2062729290858 
gen 238 11965 1202.2062729290858 0.0 1202.2062729290858 1202.2062729290858 
gen 239 12015 1202.2062729290858 0.0 1202.2062729290858 1202.2062729290858 
gen 240 12065 1202.2062729290858 0.0 1202.2062729290858 1202.2062729290858 
gen 241 12115 1202.2062729290858 0.0 1202.2062729290858 1202.2062729290858 
gen 242 12165 1202.2062729290858 0.0 1202.2062729290858 1202.2062729290858 
gen 243 12215 1202.2062729290858 0.0 1202.2062729290858 1202.2062729290858 
gen 244 12265 1202.2062729290858 0.0 1202.2062729290858 1202.2062729290858 
gen 245 12315 1202.2062729290858 0.0 1202.2062729290858 1202.2062729290858 
gen 246 12365 1202.2062729290858 0.0 1202.2062729290858 1202.2062729290858 
gen 247 12415 1202.2062729290858 0.0 1202.2062729290858 1202.2062729290858 
gen 248 12465 1202.2062729290858 0.0 1202.2062729290858 1202.2062729290858 
gen 249 12515 1202.2062729290858 0.0 1202.2062729290858 1202.2062729290858 
gen 250 12565 1202.2062729290858 0.0 1202.2062729290858 1202.2062729290858 
gen 251 12615 1202.2062729290858 0.0 1202.2062729290858 1202.2062729290858 
gen 252 12665 1202.2062729290858 0.0 1202.2062729290858 1202.2062729290858 
gen 253 12715 1202.2062729290858 0.0 1202.2062729290858 1202.2062729290858 
gen 254 12765 1202.2062729290858 0.0 1202.2062729290858 1202.2062729290858 
gen 255 12815 1202.2062729290858 0.0 1202.2062729290858 1202.2062729290858 
gen 256 12865 1202.2062729290858 0.0 1202.2062729290858 1202.2062729290858 
gen 257 12915 1202.2062729290858 0.0 1202.2062729290858 1202.2062729290858 
gen 258 12965 1202.2062729290858 0.0 1202.2062729290858 1202.2062729290858 
gen 259 13015 1202.2062729290858 0.0 1202.2062729290858 1202.2062729290858 
gen 260 13065 1202.2062729290858 0.0 1202.2062729290858 1202.2062729290858 
gen 261 13115 1202.2062729290858 0.0 1202.2062729290858 1202.2062729290858 
gen 262 13165 1202.2062729290858 0.0 1202.2062729290858 1202.2062729290858 
gen 263 13215 1202.2062729290858 0.0 1202.2062729290858 1202.2062729290858 
gen 264 13265 1202.2062729290858 0.0 1202.2062729290858 1202.2062729290858 
gen 265 13315 1202.2062729290858 0.0 1202.2062729290858 1202.2062729290858 
gen 266 13365 1202.2062729290858 0.0 1202.2062729290858 1202.2062729290858 
gen 267 13415 1202.2062729290858 0.0 1202.2062729290858 1202.2062729290858 
gen 268 13465 1202.2062729290858 0.0 1202.2062729290858 1202.2062729290858 
gen 269 13515 1202.2062729290858 0.0 1202.2062729290858 1202.2062729290858 
gen 270 13565 1202.2062729290858 0.0 1202.2062729290858 1202.2062729290858 
gen 271 13615 1202.2062729290858 0.0 1202.2062729290858 1202.2062729290858 
gen 272 13665 1202.2062729290858 0.0 1202.2062729290858 1202.2062729290858 
gen 273 13715 1202.2062729290858 0.0 1202.2062729290858 1202.2062729290858 
gen 274 13765 1202.2062729290858 0.0 1202.2062729290858 1202.2062729290858 
gen 275 13815 1202.2062729290858 0.0 1202.2062729290858 1202.2062729290858 
gen 276 13865 1202.2062729290858 0.0 1202.2062729290858 1202.2062729290858 
gen 277 13915 1202.2062729290858 0.0 1202.2062729290858 1202.2062729290858 
gen 278 13965 1202.2062729290858 0.0 1202.2062729290858 1202.2062729290858 
gen 279 14015 1202.2062729290858 0.0 1202.2062729290858 1202.2062729290858 
gen 280 14065 1202.2062729290858 0.0 1202.2062729290858 1202.2062729290858 
gen 281 14115 1202.2062729290858 0.0 1202.2062729290858 1202.2062729290858 
gen 282 14165 1202.2062729290858 0.0 1202.2062729290858 1202.2062729290858 
gen 283 14215 1202.2062729290858 0.0 1202.2062729290858 1202.2062729290858 
gen 284 14265 1202.2062729290858 0.0 1202.2062729290858 1202.2062729290858 
gen 285 14315 1202.2062729290858 0.0 1202.2062729290858 1202.2062729290858 
gen 286 14365 1202.2062729290858 0.0 1202.2062729290858 1202.2062729290858 
gen 287 14415 1202.2062729290858 0.0 1202.2062729290858 1202.2062729290858 
gen 288 14465 1202.2062729290858 0.0 1202.2062729290858 1202.2062729290858 
gen 289 14515 1202.2062729290858 0.0 1202.2062729290858 1202.2062729290858 
gen 290 14565 1202.2062729290858 0.0 1202.2062729290858 1202.2062729290858 
gen 291 14615 1202.2062729290858 0.0 1202.2062729290858 1202.2062729290858 
gen 292 14665 1202.2062729290858 0.0 1202.2062729290858 1202.2062729290858 
gen 293 14715 1202.2062729290858 0.0 1202.2062729290858 1202.2062729290858 
gen 294 14765 1202.2062729290858 0.0 1202.2062729290858 1202.2062729290858 
gen 295 14815 1202.2062729290858 0.0 1202.2062729290858 1202.2062729290858 
gen 296 14865 1202.2062729290858 0.0 1202.2062729290858 1202.2062729290858 
gen 297 14915 1202.2062729290858 0.0 1202.2062729290858 1202.2062729290858 
gen 298 14965 1202.2062729290858 0.0 1202.2062729290858 1202.2062729290858 
gen 299 15015 1202.2062729290858 0.0 1202.2062729290858 1202.2062729290858 
gen 300 15065 1202.2062729290858 0.0 1202.2062729290858 1202.2062729290858 
gen 301 15115 1202.2062729290858 0.0 1202.2062729290858 1202.2062729290858 
gen 302 15165 1202.2062729290858 0.0 1202.2062729290858 1202.2062729290858 
gen 303 15215 1202.2062729290858 0.0 1202.2062729290858 1202.2062729290858 
gen 304 15265 1202.2062729290858 0.0 1202.2062729290858 1202.2062729290858 
gen 305 15315 1202.2062729290858 0.0 1202.2062729290858 1202.2062729290858 
gen 306 15365 1202.2062729290858 0.0 1202.2062729290858 1202.2062729290858 
gen 307 15415 1202.2062729290858 0.0 1202.2062729290858 1202.2062729290858 
gen 308 15465 1202.2062729290858 0.0 1202.2062729290858 1202.2062729290858 
gen 309 15515 1202.2062729290858 0.0 1202.2062729290858 1202.2062729290858 
gen 310 15565 1202.2062729290858 0.0 1202.2062729290858 1202.2062729290858 
gen 311 15615 1202.2062729290858 0.0 1202.2062729290858 1202.2062729290858 
gen 312 15665 1202.2062729290858 0.0 1202.2062729290858 1202.2062729290858 
gen 313 15715 1202.2062729290858 0.0 1202.2062729290858 1202.2062729290858 
gen 314 15765 1202.2062729290858 0.0 1202.2062729290858 1202.2062729290858 
gen 315 15815 1202.2062729290858 0.0 1202.2062729290858 1202.2062729290858 
gen 316 15865 1202.2062729290858 0.0 1202.2062729290858 1202.2062729290858 
gen 317 15915 1202.2062729290858 0.0 1202.2062729290858 1202.2062729290858 
gen 318 15965 1202.2062729290858 0.0 1202.2062729290858 1202.2062729290858 
gen 319 16015 1202.2062729290858 0.0 1202.2062729290858 1202.2062729290858 
gen 320 16065 1202.2062729290858 0.0 1202.2062729290858 1202.2062729290858 
gen 321 16115 1202.2062729290858 0.0 1202.2062729290858 1202.2062729290858 
gen 322 16165 1202.2062729290858 0.0 1202.2062729290858 1202.2062729290858 
gen 323 16215 1202.2062729290858 0.0 1202.2062729290858 1202.2062729290858 
gen 324 16265 1202.2062729290858 0.0 1202.2062729290858 1202.2062729290858 
gen 325 16315 1202.2062729290858 0.0 1202.2062729290858 1202.2062729290858 
gen 326 16365 1202.2062729290858 0.0 1202.2062729290858 1202.2062729290858 
gen 327 16415 1202.2062729290858 0.0 1202.2062729290858 1202.2062729290858 
gen 328 16465 1202.2062729290858 0.0 1202.2062729290858 1202.2062729290858 
gen 329 16515 1202.2062729290858 0.0 1202.2062729290858 1202.2062729290858 
gen 330 16565 1202.2062729290858 0.0 1202.2062729290858 1202.2062729290858 
gen 331 16615 1202.2062729290858 0.0 1202.2062729290858 1202.2062729290858 
gen 332 16665 1202.2062729290858 0.0 1202.2062729290858 1202.2062729290858 
gen 333 16715 1202.2062729290858 0.0 1202.2062729290858 1202.2062729290858 
gen 334 16765 1202.2062729290858 0.0 1202.2062729290858 1202.2062729290858 
gen 335 16815 1202.2062729290858 0.0 1202.2062729290858 1202.2062729290858 
gen 336 16865 1202.2062729290858 0.0 1202.2062729290858 1202.2062729290858 
gen 337 16915 1202.2062729290858 0.0 1202.2062729290858 1202.2062729290858 
gen 338 16965 1202.2062729290858 0.0 1202.2062729290858 1202.2062729290858 
gen 339 17015 1202.2062729290858 0.0 1202.2062729290858 1202.2062729290858 
gen 340 17065 1202.2062729290858 0.0 1202.2062729290858 1202.2062729290858 
gen 341 17115 1202.2062729290858 0.0 1202.2062729290858 1202.2062729290858 
gen 342 17165 1202.2062729290858 0.0 1202.2062729290858 1202.2062729290858 
gen 343 17215 1202.2062729290858 0.0 1202.2062729290858 1202.2062729290858 
gen 344 17265 1202.2062729290858 0.0 1202.2062729290858 1202.2062729290858 
gen 345 17315 1202.2062729290858 0.0 1202.2062729290858 1202.2062729290858 
gen 346 17365 1202.2062729290858 0.0 1202.2062729290858 1202.2062729290858 
gen 347 17415 1202.2062729290858 0.0 1202.2062729290858 1202.2062729290858 
gen 348 17465 1202.2062729290858 0.0 1202.2062729290858 1202.2062729290858 
gen 349 17515 1202.2062729290858 0.0 1202.2062729290858 1202.2062729290858 
[2, 1, 4, 3, 0, 0, 2, 1, 4, 3, 0, 2, 1, 4, 3, 0, 1, 4, 3, 2, 0, 2, 1, 4, 3]
min  1202.2062729290858
NFE 17515
LSNFE 40
VLSNFE 4
runTime 15.314099788665771
