gen 0 25 400000000007792.94 1959591794224952.0 1706.3332023639305 1e+16 
gen 1 75 2292.982479924929 329.9872748928622 1706.3332023639305 2830.9529342720343 
gen 2 125 2050.558150807209 180.4722742877583 1706.3332023639305 2269.738532055959 
gen 3 175 1942.1453002013939 154.38158072983535 1706.3332023639305 2174.948631372994 
gen 4 225 1809.6450999542824 116.0756881009861 1576.3823949747778 2012.5605598000927 
gen 5 275 1720.3041575490552 121.5803727270212 1420.9639989874747 1877.2257099499152 
gen 6 345 1645.2713229711146 120.63906063577696 1243.6242402789526 1753.6672003750948 
gen 7 395 1588.37692363367 131.9770345873606 1243.6242402789526 1728.3132810546058 
gen 8 445 1530.5911699567662 104.11632451163327 1243.6242402789526 1706.3332023639305 
gen 9 495 1474.960089813656 76.5012108443716 1243.6242402789526 1576.3823949747778 
gen 10 545 1426.6515595814155 73.95793092965327 1243.6242402789526 1491.6291330548274 
gen 11 595 1367.796117571511 60.51780675062161 1243.6242402789526 1468.8866979085474 
gen 12 645 1322.6166749645374 40.66055459815867 1243.6242402789526 1385.3882750415114 
gen 13 695 1289.4950910685618 25.147246571828166 1209.0466030633556 1327.968504856639 
gen 14 745 1274.488356414151 20.69496072656185 1209.0466030633556 1281.8405210885505 
gen 15 795 1273.214709099814 21.177476937570987 1209.0466030633556 1281.8405210885505 
gen 16 845 1268.6753206917003 21.748429636525874 1209.0466030633556 1281.8405210885505 
gen 17 895 1258.3328881163723 22.30405789188976 1209.0466030633556 1281.8405210885505 
gen 18 945 1250.1173908134551 17.06372785240665 1209.0466030633556 1271.4967387082336 
gen 19 995 1242.9360934543276 12.224969093862752 1209.0466030633556 1249.9993382301202 
gen 20 1055 1240.2084468555377 14.102476265286258 1196.3704593402244 1249.9993382301202 
gen 21 1105 1231.5235461936559 12.574419075160213 1196.3704593402244 1249.9993382301202 
gen 22 1155 1220.433794611627 9.841877471578409 1196.3704593402244 1226.3494895461417 
gen 23 1205 1214.8968709371354 9.823455986770972 1196.3704593402244 1226.3494895461417 
gen 24 1255 1206.5113743187294 5.070457489252476 1196.3704593402244 1209.0466030633556 
gen 25 1305 1200.4268253316266 5.913118740937854 1196.3704593402244 1209.0466030633556 
gen 26 1355 1196.3704593402244 0.0 1196.3704593402244 1196.3704593402244 
gen 27 1405 1196.3704593402244 0.0 1196.3704593402244 1196.3704593402244 
gen 28 1455 1196.3704593402244 0.0 1196.3704593402244 1196.3704593402244 
gen 29 1505 1196.3704593402244 0.0 1196.3704593402244 1196.3704593402244 
gen 30 1555 1196.3704593402244 0.0 1196.3704593402244 1196.3704593402244 
gen 31 1615 1196.1552071134684 1.0545162431003523 1190.9891536713233 1196.3704593402244 
gen 32 1665 1195.5094504332003 1.9728192452347693 1190.9891536713233 1196.3704593402244 
gen 33 1715 1192.2806670318596 2.2982648689983027 1190.9891536713233 1196.3704593402244 
gen 34 1765 1190.9891536713233 0.0 1190.9891536713233 1190.9891536713233 
gen 35 1815 1190.9891536713233 0.0 1190.9891536713233 1190.9891536713233 
gen 36 1865 1190.9891536713233 0.0 1190.9891536713233 1190.9891536713233 
gen 37 1915 1190.9891536713233 0.0 1190.9891536713233 1190.9891536713233 
gen 38 1965 1190.9891536713233 0.0 1190.9891536713233 1190.9891536713233 
gen 39 2015 1190.9891536713233 0.0 1190.9891536713233 1190.9891536713233 
gen 40 2065 1190.9891536713233 0.0 1190.9891536713233 1190.9891536713233 
gen 41 2115 1190.9891536713233 0.0 1190.9891536713233 1190.9891536713233 
gen 42 2165 1190.9891536713233 0.0 1190.9891536713233 1190.9891536713233 
gen 43 2215 1190.9891536713233 0.0 1190.9891536713233 1190.9891536713233 
gen 44 2265 1190.9891536713233 0.0 1190.9891536713233 1190.9891536713233 
gen 45 2315 1190.9891536713233 0.0 1190.9891536713233 1190.9891536713233 
gen 46 2365 1190.9891536713233 0.0 1190.9891536713233 1190.9891536713233 
gen 47 2415 1190.9891536713233 0.0 1190.9891536713233 1190.9891536713233 
gen 48 2465 1190.9891536713233 0.0 1190.9891536713233 1190.9891536713233 
gen 49 2515 1190.9891536713233 0.0 1190.9891536713233 1190.9891536713233 
gen 50 2565 1190.9891536713233 0.0 1190.9891536713233 1190.9891536713233 
gen 51 2615 1190.9891536713233 0.0 1190.9891536713233 1190.9891536713233 
gen 52 2665 1190.9891536713233 0.0 1190.9891536713233 1190.9891536713233 
gen 53 2715 1190.9891536713233 0.0 1190.9891536713233 1190.9891536713233 
gen 54 2765 1190.9891536713233 0.0 1190.9891536713233 1190.9891536713233 
gen 55 2815 1190.9891536713233 0.0 1190.9891536713233 1190.9891536713233 
gen 56 2865 1190.9891536713233 0.0 1190.9891536713233 1190.9891536713233 
gen 57 2915 1190.9891536713233 0.0 1190.9891536713233 1190.9891536713233 
gen 58 2965 1190.9891536713233 0.0 1190.9891536713233 1190.9891536713233 
gen 59 3015 1190.9891536713233 0.0 1190.9891536713233 1190.9891536713233 
gen 60 3065 1190.9891536713233 0.0 1190.9891536713233 1190.9891536713233 
gen 61 3115 1190.9891536713233 0.0 1190.9891536713233 1190.9891536713233 
gen 62 3165 1190.9891536713233 0.0 1190.9891536713233 1190.9891536713233 
gen 63 3215 1190.9891536713233 0.0 1190.9891536713233 1190.9891536713233 
gen 64 3265 1190.9891536713233 0.0 1190.9891536713233 1190.9891536713233 
gen 65 3315 1190.9891536713233 0.0 1190.9891536713233 1190.9891536713233 
gen 66 3365 1190.9891536713233 0.0 1190.9891536713233 1190.9891536713233 
gen 67 3415 1190.9891536713233 0.0 1190.9891536713233 1190.9891536713233 
gen 68 3465 1190.9891536713233 0.0 1190.9891536713233 1190.9891536713233 
gen 69 3515 1190.9891536713233 0.0 1190.9891536713233 1190.9891536713233 
gen 70 3565 1190.9891536713233 0.0 1190.9891536713233 1190.9891536713233 
gen 71 3615 1190.9891536713233 0.0 1190.9891536713233 1190.9891536713233 
gen 72 3665 1190.9891536713233 0.0 1190.9891536713233 1190.9891536713233 
gen 73 3715 1190.9891536713233 0.0 1190.9891536713233 1190.9891536713233 
gen 74 3765 1190.9891536713233 0.0 1190.9891536713233 1190.9891536713233 
gen 75 3815 1190.9891536713233 0.0 1190.9891536713233 1190.9891536713233 
gen 76 3865 1190.9891536713233 0.0 1190.9891536713233 1190.9891536713233 
gen 77 3915 1190.9891536713233 0.0 1190.9891536713233 1190.9891536713233 
gen 78 3965 1190.9891536713233 0.0 1190.9891536713233 1190.9891536713233 
gen 79 4015 1190.9891536713233 0.0 1190.9891536713233 1190.9891536713233 
gen 80 4065 1190.9891536713233 0.0 1190.9891536713233 1190.9891536713233 
gen 81 4115 1190.9891536713233 0.0 1190.9891536713233 1190.9891536713233 
gen 82 4165 1190.9891536713233 0.0 1190.9891536713233 1190.9891536713233 
gen 83 4215 1190.9891536713233 0.0 1190.9891536713233 1190.9891536713233 
gen 84 4265 1190.9891536713233 0.0 1190.9891536713233 1190.9891536713233 
gen 85 4315 1190.9891536713233 0.0 1190.9891536713233 1190.9891536713233 
gen 86 4365 1190.9891536713233 0.0 1190.9891536713233 1190.9891536713233 
gen 87 4415 1190.9891536713233 0.0 1190.9891536713233 1190.9891536713233 
gen 88 4465 1190.9891536713233 0.0 1190.9891536713233 1190.9891536713233 
gen 89 4515 1190.9891536713233 0.0 1190.9891536713233 1190.9891536713233 
gen 90 4565 1190.9891536713233 0.0 1190.9891536713233 1190.9891536713233 
gen 91 4615 1190.9891536713233 0.0 1190.9891536713233 1190.9891536713233 
gen 92 4665 1190.9891536713233 0.0 1190.9891536713233 1190.9891536713233 
gen 93 4715 1190.9891536713233 0.0 1190.9891536713233 1190.9891536713233 
gen 94 4765 1190.9891536713233 0.0 1190.9891536713233 1190.9891536713233 
gen 95 4815 1190.9891536713233 0.0 1190.9891536713233 1190.9891536713233 
gen 96 4865 1190.9891536713233 0.0 1190.9891536713233 1190.9891536713233 
gen 97 4915 1190.9891536713233 0.0 1190.9891536713233 1190.9891536713233 
gen 98 4965 1190.9891536713233 0.0 1190.9891536713233 1190.9891536713233 
gen 99 5015 1190.9891536713233 0.0 1190.9891536713233 1190.9891536713233 
gen 100 5065 1190.9891536713233 0.0 1190.9891536713233 1190.9891536713233 
gen 101 5115 1190.9891536713233 0.0 1190.9891536713233 1190.9891536713233 
gen 102 5165 1190.9891536713233 0.0 1190.9891536713233 1190.9891536713233 
gen 103 5215 1190.9891536713233 0.0 1190.9891536713233 1190.9891536713233 
gen 104 5265 1190.9891536713233 0.0 1190.9891536713233 1190.9891536713233 
gen 105 5315 1190.9891536713233 0.0 1190.9891536713233 1190.9891536713233 
gen 106 5365 1190.9891536713233 0.0 1190.9891536713233 1190.9891536713233 
gen 107 5415 1190.9891536713233 0.0 1190.9891536713233 1190.9891536713233 
gen 108 5465 1190.9891536713233 0.0 1190.9891536713233 1190.9891536713233 
gen 109 5515 1190.9891536713233 0.0 1190.9891536713233 1190.9891536713233 
gen 110 5565 1190.9891536713233 0.0 1190.9891536713233 1190.9891536713233 
gen 111 5615 1190.9891536713233 0.0 1190.9891536713233 1190.9891536713233 
gen 112 5665 1190.9891536713233 0.0 1190.9891536713233 1190.9891536713233 
gen 113 5715 1190.9891536713233 0.0 1190.9891536713233 1190.9891536713233 
gen 114 5765 1190.9891536713233 0.0 1190.9891536713233 1190.9891536713233 
gen 115 5815 1190.9891536713233 0.0 1190.9891536713233 1190.9891536713233 
gen 116 5865 1190.9891536713233 0.0 1190.9891536713233 1190.9891536713233 
gen 117 5915 1190.9891536713233 0.0 1190.9891536713233 1190.9891536713233 
gen 118 5965 1190.9891536713233 0.0 1190.9891536713233 1190.9891536713233 
gen 119 6015 1190.9891536713233 0.0 1190.9891536713233 1190.9891536713233 
gen 120 6065 1190.9891536713233 0.0 1190.9891536713233 1190.9891536713233 
gen 121 6115 1190.9891536713233 0.0 1190.9891536713233 1190.9891536713233 
gen 122 6165 1190.9891536713233 0.0 1190.9891536713233 1190.9891536713233 
gen 123 6215 1190.9891536713233 0.0 1190.9891536713233 1190.9891536713233 
gen 124 6265 1190.9891536713233 0.0 1190.9891536713233 1190.9891536713233 
gen 125 6315 1190.9891536713233 0.0 1190.9891536713233 1190.9891536713233 
gen 126 6365 1190.9891536713233 0.0 1190.9891536713233 1190.9891536713233 
gen 127 6415 1190.9891536713233 0.0 1190.9891536713233 1190.9891536713233 
gen 128 6465 1190.9891536713233 0.0 1190.9891536713233 1190.9891536713233 
gen 129 6515 1190.9891536713233 0.0 1190.9891536713233 1190.9891536713233 
gen 130 6565 1190.9891536713233 0.0 1190.9891536713233 1190.9891536713233 
gen 131 6615 1190.9891536713233 0.0 1190.9891536713233 1190.9891536713233 
gen 132 6665 1190.9891536713233 0.0 1190.9891536713233 1190.9891536713233 
gen 133 6715 1190.9891536713233 0.0 1190.9891536713233 1190.9891536713233 
gen 134 6765 1190.9891536713233 0.0 1190.9891536713233 1190.9891536713233 
gen 135 6815 1190.9891536713233 0.0 1190.9891536713233 1190.9891536713233 
gen 136 6865 1190.9891536713233 0.0 1190.9891536713233 1190.9891536713233 
gen 137 6915 1190.9891536713233 0.0 1190.9891536713233 1190.9891536713233 
gen 138 6965 1190.9891536713233 0.0 1190.9891536713233 1190.9891536713233 
gen 139 7015 1190.9891536713233 0.0 1190.9891536713233 1190.9891536713233 
gen 140 7065 1190.9891536713233 0.0 1190.9891536713233 1190.9891536713233 
gen 141 7115 1190.9891536713233 0.0 1190.9891536713233 1190.9891536713233 
gen 142 7165 1190.9891536713233 0.0 1190.9891536713233 1190.9891536713233 
gen 143 7215 1190.9891536713233 0.0 1190.9891536713233 1190.9891536713233 
gen 144 7265 1190.9891536713233 0.0 1190.9891536713233 1190.9891536713233 
gen 145 7315 1190.9891536713233 0.0 1190.9891536713233 1190.9891536713233 
gen 146 7365 1190.9891536713233 0.0 1190.9891536713233 1190.9891536713233 
gen 147 7415 1190.9891536713233 0.0 1190.9891536713233 1190.9891536713233 
gen 148 7465 1190.9891536713233 0.0 1190.9891536713233 1190.9891536713233 
gen 149 7515 1190.9891536713233 0.0 1190.9891536713233 1190.9891536713233 
gen 150 7565 1190.9891536713233 0.0 1190.9891536713233 1190.9891536713233 
gen 151 7615 1190.9891536713233 0.0 1190.9891536713233 1190.9891536713233 
gen 152 7665 1190.9891536713233 0.0 1190.9891536713233 1190.9891536713233 
gen 153 7715 1190.9891536713233 0.0 1190.9891536713233 1190.9891536713233 
gen 154 7765 1190.9891536713233 0.0 1190.9891536713233 1190.9891536713233 
gen 155 7815 1190.9891536713233 0.0 1190.9891536713233 1190.9891536713233 
gen 156 7865 1190.9891536713233 0.0 1190.9891536713233 1190.9891536713233 
gen 157 7915 1190.9891536713233 0.0 1190.9891536713233 1190.9891536713233 
gen 158 7965 1190.9891536713233 0.0 1190.9891536713233 1190.9891536713233 
gen 159 8015 1190.9891536713233 0.0 1190.9891536713233 1190.9891536713233 
gen 160 8065 1190.9891536713233 0.0 1190.9891536713233 1190.9891536713233 
gen 161 8115 1190.9891536713233 0.0 1190.9891536713233 1190.9891536713233 
gen 162 8165 1190.9891536713233 0.0 1190.9891536713233 1190.9891536713233 
gen 163 8215 1190.9891536713233 0.0 1190.9891536713233 1190.9891536713233 
gen 164 8265 1190.9891536713233 0.0 1190.9891536713233 1190.9891536713233 
gen 165 8315 1190.9891536713233 0.0 1190.9891536713233 1190.9891536713233 
gen 166 8365 1190.9891536713233 0.0 1190.9891536713233 1190.9891536713233 
gen 167 8415 1190.9891536713233 0.0 1190.9891536713233 1190.9891536713233 
gen 168 8465 1190.9891536713233 0.0 1190.9891536713233 1190.9891536713233 
gen 169 8515 1190.9891536713233 0.0 1190.9891536713233 1190.9891536713233 
gen 170 8565 1190.9891536713233 0.0 1190.9891536713233 1190.9891536713233 
gen 171 8615 1190.9891536713233 0.0 1190.9891536713233 1190.9891536713233 
gen 172 8665 1190.9891536713233 0.0 1190.9891536713233 1190.9891536713233 
gen 173 8715 1190.9891536713233 0.0 1190.9891536713233 1190.9891536713233 
gen 174 8765 1190.9891536713233 0.0 1190.9891536713233 1190.9891536713233 
gen 175 8815 1190.9891536713233 0.0 1190.9891536713233 1190.9891536713233 
gen 176 8865 1190.9891536713233 0.0 1190.9891536713233 1190.9891536713233 
gen 177 8915 1190.9891536713233 0.0 1190.9891536713233 1190.9891536713233 
gen 178 8965 1190.9891536713233 0.0 1190.9891536713233 1190.9891536713233 
gen 179 9015 1190.9891536713233 0.0 1190.9891536713233 1190.9891536713233 
gen 180 9065 1190.9891536713233 0.0 1190.9891536713233 1190.9891536713233 
gen 181 9115 1190.9891536713233 0.0 1190.9891536713233 1190.9891536713233 
gen 182 9165 1190.9891536713233 0.0 1190.9891536713233 1190.9891536713233 
gen 183 9215 1190.9891536713233 0.0 1190.9891536713233 1190.9891536713233 
gen 184 9265 1190.9891536713233 0.0 1190.9891536713233 1190.9891536713233 
gen 185 9315 1190.9891536713233 0.0 1190.9891536713233 1190.9891536713233 
gen 186 9365 1190.9891536713233 0.0 1190.9891536713233 1190.9891536713233 
gen 187 9415 1190.9891536713233 0.0 1190.9891536713233 1190.9891536713233 
gen 188 9465 1190.9891536713233 0.0 1190.9891536713233 1190.9891536713233 
gen 189 9515 1190.9891536713233 0.0 1190.9891536713233 1190.9891536713233 
gen 190 9565 1190.9891536713233 0.0 1190.9891536713233 1190.9891536713233 
gen 191 9615 1190.9891536713233 0.0 1190.9891536713233 1190.9891536713233 
gen 192 9665 1190.9891536713233 0.0 1190.9891536713233 1190.9891536713233 
gen 193 9715 1190.9891536713233 0.0 1190.9891536713233 1190.9891536713233 
gen 194 9765 1190.9891536713233 0.0 1190.9891536713233 1190.9891536713233 
gen 195 9815 1190.9891536713233 0.0 1190.9891536713233 1190.9891536713233 
gen 196 9865 1190.9891536713233 0.0 1190.9891536713233 1190.9891536713233 
gen 197 9915 1190.9891536713233 0.0 1190.9891536713233 1190.9891536713233 
gen 198 9965 1190.9891536713233 0.0 1190.9891536713233 1190.9891536713233 
gen 199 10015 1190.9891536713233 0.0 1190.9891536713233 1190.9891536713233 
gen 200 10065 1190.9891536713233 0.0 1190.9891536713233 1190.9891536713233 
gen 201 10115 1190.9891536713233 0.0 1190.9891536713233 1190.9891536713233 
gen 202 10165 1190.9891536713233 0.0 1190.9891536713233 1190.9891536713233 
gen 203 10215 1190.9891536713233 0.0 1190.9891536713233 1190.9891536713233 
gen 204 10265 1190.9891536713233 0.0 1190.9891536713233 1190.9891536713233 
gen 205 10315 1190.9891536713233 0.0 1190.9891536713233 1190.9891536713233 
gen 206 10365 1190.9891536713233 0.0 1190.9891536713233 1190.9891536713233 
gen 207 10415 1190.9891536713233 0.0 1190.9891536713233 1190.9891536713233 
gen 208 10465 1190.9891536713233 0.0 1190.9891536713233 1190.9891536713233 
gen 209 10515 1190.9891536713233 0.0 1190.9891536713233 1190.9891536713233 
gen 210 10565 1190.9891536713233 0.0 1190.9891536713233 1190.9891536713233 
gen 211 10615 1190.9891536713233 0.0 1190.9891536713233 1190.9891536713233 
gen 212 10665 1190.9891536713233 0.0 1190.9891536713233 1190.9891536713233 
gen 213 10715 1190.9891536713233 0.0 1190.9891536713233 1190.9891536713233 
gen 214 10765 1190.9891536713233 0.0 1190.9891536713233 1190.9891536713233 
gen 215 10815 1190.9891536713233 0.0 1190.9891536713233 1190.9891536713233 
gen 216 10865 1190.9891536713233 0.0 1190.9891536713233 1190.9891536713233 
gen 217 10915 1190.9891536713233 0.0 1190.9891536713233 1190.9891536713233 
gen 218 10965 1190.9891536713233 0.0 1190.9891536713233 1190.9891536713233 
gen 219 11015 1190.9891536713233 0.0 1190.9891536713233 1190.9891536713233 
gen 220 11065 1190.9891536713233 0.0 1190.9891536713233 1190.9891536713233 
gen 221 11115 1190.9891536713233 0.0 1190.9891536713233 1190.9891536713233 
gen 222 11165 1190.9891536713233 0.0 1190.9891536713233 1190.9891536713233 
gen 223 11215 1190.9891536713233 0.0 1190.9891536713233 1190.9891536713233 
gen 224 11265 1190.9891536713233 0.0 1190.9891536713233 1190.9891536713233 
gen 225 11315 1190.9891536713233 0.0 1190.9891536713233 1190.9891536713233 
gen 226 11365 1190.9891536713233 0.0 1190.9891536713233 1190.9891536713233 
gen 227 11415 1190.9891536713233 0.0 1190.9891536713233 1190.9891536713233 
gen 228 11465 1190.9891536713233 0.0 1190.9891536713233 1190.9891536713233 
gen 229 11515 1190.9891536713233 0.0 1190.9891536713233 1190.9891536713233 
gen 230 11565 1190.9891536713233 0.0 1190.9891536713233 1190.9891536713233 
gen 231 11615 1190.9891536713233 0.0 1190.9891536713233 1190.9891536713233 
gen 232 11665 1190.9891536713233 0.0 1190.9891536713233 1190.9891536713233 
gen 233 11715 1190.9891536713233 0.0 1190.9891536713233 1190.9891536713233 
gen 234 11765 1190.9891536713233 0.0 1190.9891536713233 1190.9891536713233 
gen 235 11815 1190.9891536713233 0.0 1190.9891536713233 1190.9891536713233 
gen 236 11865 1190.9891536713233 0.0 1190.9891536713233 1190.9891536713233 
gen 237 11915 1190.9891536713233 0.0 1190.9891536713233 1190.9891536713233 
gen 238 11965 1190.9891536713233 0.0 1190.9891536713233 1190.9891536713233 
gen 239 12015 1190.9891536713233 0.0 1190.9891536713233 1190.9891536713233 
gen 240 12065 1190.9891536713233 0.0 1190.9891536713233 1190.9891536713233 
gen 241 12115 1190.9891536713233 0.0 1190.9891536713233 1190.9891536713233 
gen 242 12165 1190.9891536713233 0.0 1190.9891536713233 1190.9891536713233 
gen 243 12215 1190.9891536713233 0.0 1190.9891536713233 1190.9891536713233 
gen 244 12265 1190.9891536713233 0.0 1190.9891536713233 1190.9891536713233 
gen 245 12315 1190.9891536713233 0.0 1190.9891536713233 1190.9891536713233 
gen 246 12365 1190.9891536713233 0.0 1190.9891536713233 1190.9891536713233 
gen 247 12415 1190.9891536713233 0.0 1190.9891536713233 1190.9891536713233 
gen 248 12465 1190.9891536713233 0.0 1190.9891536713233 1190.9891536713233 
gen 249 12515 1190.9891536713233 0.0 1190.9891536713233 1190.9891536713233 
gen 250 12565 1190.9891536713233 0.0 1190.9891536713233 1190.9891536713233 
gen 251 12615 1190.9891536713233 0.0 1190.9891536713233 1190.9891536713233 
gen 252 12665 1190.9891536713233 0.0 1190.9891536713233 1190.9891536713233 
gen 253 12715 1190.9891536713233 0.0 1190.9891536713233 1190.9891536713233 
gen 254 12765 1190.9891536713233 0.0 1190.9891536713233 1190.9891536713233 
gen 255 12815 1190.9891536713233 0.0 1190.9891536713233 1190.9891536713233 
gen 256 12865 1190.9891536713233 0.0 1190.9891536713233 1190.9891536713233 
gen 257 12915 1190.9891536713233 0.0 1190.9891536713233 1190.9891536713233 
gen 258 12965 1190.9891536713233 0.0 1190.9891536713233 1190.9891536713233 
gen 259 13015 1190.9891536713233 0.0 1190.9891536713233 1190.9891536713233 
gen 260 13065 1190.9891536713233 0.0 1190.9891536713233 1190.9891536713233 
gen 261 13115 1190.9891536713233 0.0 1190.9891536713233 1190.9891536713233 
gen 262 13165 1190.9891536713233 0.0 1190.9891536713233 1190.9891536713233 
gen 263 13215 1190.9891536713233 0.0 1190.9891536713233 1190.9891536713233 
gen 264 13265 1190.9891536713233 0.0 1190.9891536713233 1190.9891536713233 
gen 265 13315 1190.9891536713233 0.0 1190.9891536713233 1190.9891536713233 
gen 266 13365 1190.9891536713233 0.0 1190.9891536713233 1190.9891536713233 
gen 267 13415 1190.9891536713233 0.0 1190.9891536713233 1190.9891536713233 
gen 268 13465 1190.9891536713233 0.0 1190.9891536713233 1190.9891536713233 
gen 269 13515 1190.9891536713233 0.0 1190.9891536713233 1190.9891536713233 
gen 270 13565 1190.9891536713233 0.0 1190.9891536713233 1190.9891536713233 
gen 271 13615 1190.9891536713233 0.0 1190.9891536713233 1190.9891536713233 
gen 272 13665 1190.9891536713233 0.0 1190.9891536713233 1190.9891536713233 
gen 273 13715 1190.9891536713233 0.0 1190.9891536713233 1190.9891536713233 
gen 274 13765 1190.9891536713233 0.0 1190.9891536713233 1190.9891536713233 
gen 275 13815 1190.9891536713233 0.0 1190.9891536713233 1190.9891536713233 
gen 276 13865 1190.9891536713233 0.0 1190.9891536713233 1190.9891536713233 
gen 277 13915 1190.9891536713233 0.0 1190.9891536713233 1190.9891536713233 
gen 278 13965 1190.9891536713233 0.0 1190.9891536713233 1190.9891536713233 
gen 279 14015 1190.9891536713233 0.0 1190.9891536713233 1190.9891536713233 
gen 280 14065 1190.9891536713233 0.0 1190.9891536713233 1190.9891536713233 
gen 281 14115 1190.9891536713233 0.0 1190.9891536713233 1190.9891536713233 
gen 282 14165 1190.9891536713233 0.0 1190.9891536713233 1190.9891536713233 
gen 283 14215 1190.9891536713233 0.0 1190.9891536713233 1190.9891536713233 
gen 284 14265 1190.9891536713233 0.0 1190.9891536713233 1190.9891536713233 
gen 285 14315 1190.9891536713233 0.0 1190.9891536713233 1190.9891536713233 
gen 286 14365 1190.9891536713233 0.0 1190.9891536713233 1190.9891536713233 
gen 287 14415 1190.9891536713233 0.0 1190.9891536713233 1190.9891536713233 
gen 288 14465 1190.9891536713233 0.0 1190.9891536713233 1190.9891536713233 
gen 289 14515 1190.9891536713233 0.0 1190.9891536713233 1190.9891536713233 
gen 290 14565 1190.9891536713233 0.0 1190.9891536713233 1190.9891536713233 
gen 291 14615 1190.9891536713233 0.0 1190.9891536713233 1190.9891536713233 
gen 292 14665 1190.9891536713233 0.0 1190.9891536713233 1190.9891536713233 
gen 293 14715 1190.9891536713233 0.0 1190.9891536713233 1190.9891536713233 
gen 294 14765 1190.9891536713233 0.0 1190.9891536713233 1190.9891536713233 
gen 295 14815 1190.9891536713233 0.0 1190.9891536713233 1190.9891536713233 
gen 296 14865 1190.9891536713233 0.0 1190.9891536713233 1190.9891536713233 
gen 297 14915 1190.9891536713233 0.0 1190.9891536713233 1190.9891536713233 
gen 298 14965 1190.9891536713233 0.0 1190.9891536713233 1190.9891536713233 
gen 299 15015 1190.9891536713233 0.0 1190.9891536713233 1190.9891536713233 
gen 300 15065 1190.9891536713233 0.0 1190.9891536713233 1190.9891536713233 
gen 301 15115 1190.9891536713233 0.0 1190.9891536713233 1190.9891536713233 
gen 302 15165 1190.9891536713233 0.0 1190.9891536713233 1190.9891536713233 
gen 303 15215 1190.9891536713233 0.0 1190.9891536713233 1190.9891536713233 
gen 304 15265 1190.9891536713233 0.0 1190.9891536713233 1190.9891536713233 
gen 305 15315 1190.9891536713233 0.0 1190.9891536713233 1190.9891536713233 
gen 306 15365 1190.9891536713233 0.0 1190.9891536713233 1190.9891536713233 
gen 307 15415 1190.9891536713233 0.0 1190.9891536713233 1190.9891536713233 
gen 308 15465 1190.9891536713233 0.0 1190.9891536713233 1190.9891536713233 
gen 309 15515 1190.9891536713233 0.0 1190.9891536713233 1190.9891536713233 
gen 310 15565 1190.9891536713233 0.0 1190.9891536713233 1190.9891536713233 
gen 311 15615 1190.9891536713233 0.0 1190.9891536713233 1190.9891536713233 
gen 312 15665 1190.9891536713233 0.0 1190.9891536713233 1190.9891536713233 
gen 313 15715 1190.9891536713233 0.0 1190.9891536713233 1190.9891536713233 
gen 314 15765 1190.9891536713233 0.0 1190.9891536713233 1190.9891536713233 
gen 315 15815 1190.9891536713233 0.0 1190.9891536713233 1190.9891536713233 
gen 316 15865 1190.9891536713233 0.0 1190.9891536713233 1190.9891536713233 
gen 317 15915 1190.9891536713233 0.0 1190.9891536713233 1190.9891536713233 
gen 318 15965 1190.9891536713233 0.0 1190.9891536713233 1190.9891536713233 
gen 319 16015 1190.9891536713233 0.0 1190.9891536713233 1190.9891536713233 
gen 320 16065 1190.9891536713233 0.0 1190.9891536713233 1190.9891536713233 
gen 321 16115 1190.9891536713233 0.0 1190.9891536713233 1190.9891536713233 
gen 322 16165 1190.9891536713233 0.0 1190.9891536713233 1190.9891536713233 
gen 323 16215 1190.9891536713233 0.0 1190.9891536713233 1190.9891536713233 
gen 324 16265 1190.9891536713233 0.0 1190.9891536713233 1190.9891536713233 
gen 325 16315 1190.9891536713233 0.0 1190.9891536713233 1190.9891536713233 
gen 326 16365 1190.9891536713233 0.0 1190.9891536713233 1190.9891536713233 
gen 327 16415 1190.9891536713233 0.0 1190.9891536713233 1190.9891536713233 
gen 328 16465 1190.9891536713233 0.0 1190.9891536713233 1190.9891536713233 
gen 329 16515 1190.9891536713233 0.0 1190.9891536713233 1190.9891536713233 
gen 330 16565 1190.9891536713233 0.0 1190.9891536713233 1190.9891536713233 
gen 331 16615 1190.9891536713233 0.0 1190.9891536713233 1190.9891536713233 
gen 332 16665 1190.9891536713233 0.0 1190.9891536713233 1190.9891536713233 
gen 333 16715 1190.9891536713233 0.0 1190.9891536713233 1190.9891536713233 
gen 334 16765 1190.9891536713233 0.0 1190.9891536713233 1190.9891536713233 
gen 335 16815 1190.9891536713233 0.0 1190.9891536713233 1190.9891536713233 
gen 336 16865 1190.9891536713233 0.0 1190.9891536713233 1190.9891536713233 
gen 337 16915 1190.9891536713233 0.0 1190.9891536713233 1190.9891536713233 
gen 338 16965 1190.9891536713233 0.0 1190.9891536713233 1190.9891536713233 
gen 339 17015 1190.9891536713233 0.0 1190.9891536713233 1190.9891536713233 
gen 340 17065 1190.9891536713233 0.0 1190.9891536713233 1190.9891536713233 
gen 341 17115 1190.9891536713233 0.0 1190.9891536713233 1190.9891536713233 
gen 342 17165 1190.9891536713233 0.0 1190.9891536713233 1190.9891536713233 
gen 343 17215 1190.9891536713233 0.0 1190.9891536713233 1190.9891536713233 
gen 344 17265 1190.9891536713233 0.0 1190.9891536713233 1190.9891536713233 
gen 345 17315 1190.9891536713233 0.0 1190.9891536713233 1190.9891536713233 
gen 346 17365 1190.9891536713233 0.0 1190.9891536713233 1190.9891536713233 
gen 347 17415 1190.9891536713233 0.0 1190.9891536713233 1190.9891536713233 
gen 348 17465 1190.9891536713233 0.0 1190.9891536713233 1190.9891536713233 
gen 349 17515 1190.9891536713233 0.0 1190.9891536713233 1190.9891536713233 
[4, 3, 0, 2, 1, 4, 3, 0, 2, 1, 4, 3, 0, 2, 1, 4, 3, 0, 2, 1, 4, 3, 0, 2, 1]
min  1190.9891536713233
NFE 17515
LSNFE 40
VLSNFE 5
runTime 16.714481830596924
