gen 0 25 2800000000003681.5 4489988864126433.5 1789.3977723236198 1e+16 
gen 1 75 2250.190788366267 338.9133014232619 1647.6989502111805 2862.526076025703 
gen 2 125 2017.123885985251 142.40441771813036 1647.6989502111805 2265.0082271746423 
gen 3 175 1889.2198781370453 132.68968746518104 1600.093689168205 2067.1115884806177 
gen 4 225 1794.2298434747308 94.18114722882204 1600.093689168205 1934.3924073976139 
gen 5 275 1716.7569602170022 69.30626501020423 1545.8180598528627 1799.1118756103351 
gen 6 325 1672.0338243742933 70.82354854731717 1474.3793264037163 1758.5478408084573 
gen 7 375 1647.1846837849087 70.14757318535929 1467.6508656843246 1717.2212263358047 
gen 8 425 1584.644839890027 87.23899602229883 1442.8033127152698 1681.9271838685997 
gen 9 475 1529.7784512542069 100.21337679386498 1227.4638159237224 1648.1085821083043 
gen 10 525 1497.0119291847172 99.39550162946337 1227.4638159237224 1604.0204876403277 
gen 11 575 1422.6322902067247 83.81124251044423 1227.4638159237224 1510.7065388751885 
gen 12 625 1369.4581096285383 84.23517744336826 1227.4638159237224 1463.6849097417212 
gen 13 675 1303.9068359625112 49.44342963889561 1227.4638159237224 1398.8757136547842 
gen 14 725 1253.2068765145732 17.357415199015875 1227.4638159237224 1282.690446057499 
gen 15 775 1235.3292606412474 10.422512654142269 1198.853492904786 1245.444700704738 
gen 16 825 1225.7615295745782 12.356237968381794 1185.0749549436816 1233.7861660825397 
gen 17 875 1217.7627850605782 14.400516363290457 1185.0749549436816 1227.4638159237224 
gen 18 925 1197.5898366861913 9.718804485790155 1185.0749549436816 1221.6790483722518 
gen 19 975 1189.477779262767 2.0110443787418 1185.0749549436816 1198.467107157391 
gen 20 1025 1189.1102296190247 0.823696993880455 1185.0749549436816 1189.2783660638306 
gen 21 1075 1189.1102296190247 0.823696993880455 1185.0749549436816 1189.2783660638306 
gen 22 1125 1189.1102296190247 0.823696993880455 1185.0749549436816 1189.2783660638306 
gen 23 1175 1189.1102296190247 0.823696993880455 1185.0749549436816 1189.2783660638306 
gen 24 1225 1188.9420931742186 1.140356850863545 1185.0749549436816 1189.2783660638306 
gen 25 1275 1188.9420931742186 1.140356850863545 1185.0749549436816 1189.2783660638306 
gen 26 1325 1188.9420931742186 1.140356850863545 1185.0749549436816 1189.2783660638306 
gen 27 1375 1188.9420931742186 1.140356850863545 1185.0749549436816 1189.2783660638306 
gen 28 1425 1188.9420931742186 1.140356850863545 1185.0749549436816 1189.2783660638306 
gen 29 1475 1188.7739567294127 1.3659469348225686 1185.0749549436816 1189.2783660638306 
gen 30 1525 1188.7739567294127 1.3659469348225686 1185.0749549436816 1189.2783660638306 
gen 31 1575 1188.6058202846068 1.5409959708081473 1185.0749549436816 1189.2783660638306 
gen 32 1625 1188.2695473949948 1.7952059782115721 1185.0749549436816 1189.2783660638306 
gen 33 1675 1188.2695473949948 1.7952059782115721 1185.0749549436816 1189.2783660638306 
gen 34 1725 1188.101410950189 1.8873269120823812 1185.0749549436816 1189.2783660638306 
gen 35 1775 1187.7651380605769 2.0176373376715127 1185.0749549436816 1189.2783660638306 
gen 36 1825 1185.7475007229054 1.5409959708081473 1185.0749549436816 1189.2783660638306 
gen 37 1875 1185.0749549436816 0.0 1185.0749549436816 1185.0749549436816 
gen 38 1925 1185.0749549436816 0.0 1185.0749549436816 1185.0749549436816 
gen 39 1975 1185.0749549436816 0.0 1185.0749549436816 1185.0749549436816 
gen 40 2025 1185.0749549436816 0.0 1185.0749549436816 1185.0749549436816 
gen 41 2075 1185.0749549436816 0.0 1185.0749549436816 1185.0749549436816 
gen 42 2125 1185.0749549436816 0.0 1185.0749549436816 1185.0749549436816 
gen 43 2175 1185.0749549436816 0.0 1185.0749549436816 1185.0749549436816 
gen 44 2225 1185.0749549436816 0.0 1185.0749549436816 1185.0749549436816 
gen 45 2275 1185.0749549436816 0.0 1185.0749549436816 1185.0749549436816 
gen 46 2325 1185.0749549436816 0.0 1185.0749549436816 1185.0749549436816 
gen 47 2375 1185.0749549436816 0.0 1185.0749549436816 1185.0749549436816 
gen 48 2425 1185.0749549436816 0.0 1185.0749549436816 1185.0749549436816 
gen 49 2475 1185.0749549436816 0.0 1185.0749549436816 1185.0749549436816 
gen 50 2525 1185.0749549436816 0.0 1185.0749549436816 1185.0749549436816 
gen 51 2575 1185.0749549436816 0.0 1185.0749549436816 1185.0749549436816 
gen 52 2625 1185.0749549436816 0.0 1185.0749549436816 1185.0749549436816 
gen 53 2675 1185.0749549436816 0.0 1185.0749549436816 1185.0749549436816 
gen 54 2725 1185.0749549436816 0.0 1185.0749549436816 1185.0749549436816 
gen 55 2775 1185.0749549436816 0.0 1185.0749549436816 1185.0749549436816 
gen 56 2825 1185.0749549436816 0.0 1185.0749549436816 1185.0749549436816 
gen 57 2875 1185.0749549436816 0.0 1185.0749549436816 1185.0749549436816 
gen 58 2935 1183.9263455879338 5.627013670737989 1156.359721049987 1185.0749549436816 
gen 59 2985 1181.6291268764382 9.331346518019176 1156.359721049987 1185.0749549436816 
gen 60 3035 1178.1832988091949 12.263791972334374 1156.359721049987 1185.0749549436816 
gen 61 3085 1157.5083304057348 5.6270136707379885 1156.359721049987 1185.0749549436816 
gen 62 3135 1156.359721049987 0.0 1156.359721049987 1156.359721049987 
gen 63 3185 1156.359721049987 0.0 1156.359721049987 1156.359721049987 
gen 64 3235 1156.359721049987 0.0 1156.359721049987 1156.359721049987 
gen 65 3285 1156.359721049987 0.0 1156.359721049987 1156.359721049987 
gen 66 3335 1156.359721049987 0.0 1156.359721049987 1156.359721049987 
gen 67 3385 1156.359721049987 0.0 1156.359721049987 1156.359721049987 
gen 68 3435 1156.359721049987 0.0 1156.359721049987 1156.359721049987 
gen 69 3485 1156.359721049987 0.0 1156.359721049987 1156.359721049987 
gen 70 3535 1156.359721049987 0.0 1156.359721049987 1156.359721049987 
gen 71 3585 1156.359721049987 0.0 1156.359721049987 1156.359721049987 
gen 72 3635 1156.359721049987 0.0 1156.359721049987 1156.359721049987 
gen 73 3685 1156.359721049987 0.0 1156.359721049987 1156.359721049987 
gen 74 3735 1156.359721049987 0.0 1156.359721049987 1156.359721049987 
gen 75 3785 1156.359721049987 0.0 1156.359721049987 1156.359721049987 
gen 76 3835 1156.359721049987 0.0 1156.359721049987 1156.359721049987 
gen 77 3885 1156.359721049987 0.0 1156.359721049987 1156.359721049987 
gen 78 3935 1156.359721049987 0.0 1156.359721049987 1156.359721049987 
gen 79 3985 1156.359721049987 0.0 1156.359721049987 1156.359721049987 
gen 80 4035 1156.359721049987 0.0 1156.359721049987 1156.359721049987 
gen 81 4085 1156.359721049987 0.0 1156.359721049987 1156.359721049987 
gen 82 4135 1156.359721049987 0.0 1156.359721049987 1156.359721049987 
gen 83 4185 1156.359721049987 0.0 1156.359721049987 1156.359721049987 
gen 84 4235 1156.359721049987 0.0 1156.359721049987 1156.359721049987 
gen 85 4285 1156.359721049987 0.0 1156.359721049987 1156.359721049987 
gen 86 4335 1156.359721049987 0.0 1156.359721049987 1156.359721049987 
gen 87 4385 1156.359721049987 0.0 1156.359721049987 1156.359721049987 
gen 88 4435 1156.359721049987 0.0 1156.359721049987 1156.359721049987 
gen 89 4485 1156.359721049987 0.0 1156.359721049987 1156.359721049987 
gen 90 4535 1156.359721049987 0.0 1156.359721049987 1156.359721049987 
gen 91 4585 1156.359721049987 0.0 1156.359721049987 1156.359721049987 
gen 92 4635 1156.359721049987 0.0 1156.359721049987 1156.359721049987 
gen 93 4685 1156.359721049987 0.0 1156.359721049987 1156.359721049987 
gen 94 4735 1156.359721049987 0.0 1156.359721049987 1156.359721049987 
gen 95 4785 1156.359721049987 0.0 1156.359721049987 1156.359721049987 
gen 96 4835 1156.359721049987 0.0 1156.359721049987 1156.359721049987 
gen 97 4885 1156.359721049987 0.0 1156.359721049987 1156.359721049987 
gen 98 4935 1156.359721049987 0.0 1156.359721049987 1156.359721049987 
gen 99 4985 1156.359721049987 0.0 1156.359721049987 1156.359721049987 
gen 100 5035 1156.359721049987 0.0 1156.359721049987 1156.359721049987 
gen 101 5085 1156.359721049987 0.0 1156.359721049987 1156.359721049987 
gen 102 5135 1156.359721049987 0.0 1156.359721049987 1156.359721049987 
gen 103 5185 1156.359721049987 0.0 1156.359721049987 1156.359721049987 
gen 104 5235 1156.359721049987 0.0 1156.359721049987 1156.359721049987 
gen 105 5285 1156.359721049987 0.0 1156.359721049987 1156.359721049987 
gen 106 5335 1156.359721049987 0.0 1156.359721049987 1156.359721049987 
gen 107 5385 1156.359721049987 0.0 1156.359721049987 1156.359721049987 
gen 108 5435 1156.359721049987 0.0 1156.359721049987 1156.359721049987 
gen 109 5485 1156.359721049987 0.0 1156.359721049987 1156.359721049987 
gen 110 5535 1156.359721049987 0.0 1156.359721049987 1156.359721049987 
gen 111 5585 1156.359721049987 0.0 1156.359721049987 1156.359721049987 
gen 112 5635 1156.359721049987 0.0 1156.359721049987 1156.359721049987 
gen 113 5685 1156.359721049987 0.0 1156.359721049987 1156.359721049987 
gen 114 5735 1156.359721049987 0.0 1156.359721049987 1156.359721049987 
gen 115 5785 1156.359721049987 0.0 1156.359721049987 1156.359721049987 
gen 116 5835 1156.359721049987 0.0 1156.359721049987 1156.359721049987 
gen 117 5885 1156.359721049987 0.0 1156.359721049987 1156.359721049987 
gen 118 5935 1156.359721049987 0.0 1156.359721049987 1156.359721049987 
gen 119 5985 1156.359721049987 0.0 1156.359721049987 1156.359721049987 
gen 120 6035 1156.359721049987 0.0 1156.359721049987 1156.359721049987 
gen 121 6085 1156.359721049987 0.0 1156.359721049987 1156.359721049987 
gen 122 6135 1156.359721049987 0.0 1156.359721049987 1156.359721049987 
gen 123 6185 1156.359721049987 0.0 1156.359721049987 1156.359721049987 
gen 124 6235 1156.359721049987 0.0 1156.359721049987 1156.359721049987 
gen 125 6285 1156.359721049987 0.0 1156.359721049987 1156.359721049987 
gen 126 6335 1156.359721049987 0.0 1156.359721049987 1156.359721049987 
gen 127 6385 1156.359721049987 0.0 1156.359721049987 1156.359721049987 
gen 128 6435 1156.359721049987 0.0 1156.359721049987 1156.359721049987 
gen 129 6485 1156.359721049987 0.0 1156.359721049987 1156.359721049987 
gen 130 6535 1156.359721049987 0.0 1156.359721049987 1156.359721049987 
gen 131 6585 1156.359721049987 0.0 1156.359721049987 1156.359721049987 
gen 132 6635 1156.359721049987 0.0 1156.359721049987 1156.359721049987 
gen 133 6685 1156.359721049987 0.0 1156.359721049987 1156.359721049987 
gen 134 6735 1156.359721049987 0.0 1156.359721049987 1156.359721049987 
gen 135 6785 1156.359721049987 0.0 1156.359721049987 1156.359721049987 
gen 136 6835 1156.359721049987 0.0 1156.359721049987 1156.359721049987 
gen 137 6885 1156.359721049987 0.0 1156.359721049987 1156.359721049987 
gen 138 6935 1156.359721049987 0.0 1156.359721049987 1156.359721049987 
gen 139 6985 1156.359721049987 0.0 1156.359721049987 1156.359721049987 
gen 140 7035 1156.359721049987 0.0 1156.359721049987 1156.359721049987 
gen 141 7085 1156.359721049987 0.0 1156.359721049987 1156.359721049987 
gen 142 7135 1156.359721049987 0.0 1156.359721049987 1156.359721049987 
gen 143 7185 1156.359721049987 0.0 1156.359721049987 1156.359721049987 
gen 144 7235 1156.359721049987 0.0 1156.359721049987 1156.359721049987 
gen 145 7285 1156.359721049987 0.0 1156.359721049987 1156.359721049987 
gen 146 7335 1156.359721049987 0.0 1156.359721049987 1156.359721049987 
gen 147 7385 1156.359721049987 0.0 1156.359721049987 1156.359721049987 
gen 148 7435 1156.359721049987 0.0 1156.359721049987 1156.359721049987 
gen 149 7485 1156.359721049987 0.0 1156.359721049987 1156.359721049987 
gen 150 7535 1156.359721049987 0.0 1156.359721049987 1156.359721049987 
gen 151 7585 1156.359721049987 0.0 1156.359721049987 1156.359721049987 
gen 152 7635 1156.359721049987 0.0 1156.359721049987 1156.359721049987 
gen 153 7685 1156.359721049987 0.0 1156.359721049987 1156.359721049987 
gen 154 7735 1156.359721049987 0.0 1156.359721049987 1156.359721049987 
gen 155 7785 1156.359721049987 0.0 1156.359721049987 1156.359721049987 
gen 156 7835 1156.359721049987 0.0 1156.359721049987 1156.359721049987 
gen 157 7885 1156.359721049987 0.0 1156.359721049987 1156.359721049987 
gen 158 7935 1156.359721049987 0.0 1156.359721049987 1156.359721049987 
gen 159 7985 1156.359721049987 0.0 1156.359721049987 1156.359721049987 
gen 160 8035 1156.359721049987 0.0 1156.359721049987 1156.359721049987 
gen 161 8085 1156.359721049987 0.0 1156.359721049987 1156.359721049987 
gen 162 8135 1156.359721049987 0.0 1156.359721049987 1156.359721049987 
gen 163 8185 1156.359721049987 0.0 1156.359721049987 1156.359721049987 
gen 164 8235 1156.359721049987 0.0 1156.359721049987 1156.359721049987 
gen 165 8285 1156.359721049987 0.0 1156.359721049987 1156.359721049987 
gen 166 8335 1156.359721049987 0.0 1156.359721049987 1156.359721049987 
gen 167 8385 1156.359721049987 0.0 1156.359721049987 1156.359721049987 
gen 168 8435 1156.359721049987 0.0 1156.359721049987 1156.359721049987 
gen 169 8485 1156.359721049987 0.0 1156.359721049987 1156.359721049987 
gen 170 8535 1156.359721049987 0.0 1156.359721049987 1156.359721049987 
gen 171 8585 1156.359721049987 0.0 1156.359721049987 1156.359721049987 
gen 172 8635 1156.359721049987 0.0 1156.359721049987 1156.359721049987 
gen 173 8685 1156.359721049987 0.0 1156.359721049987 1156.359721049987 
gen 174 8735 1156.359721049987 0.0 1156.359721049987 1156.359721049987 
gen 175 8785 1156.359721049987 0.0 1156.359721049987 1156.359721049987 
gen 176 8835 1156.359721049987 0.0 1156.359721049987 1156.359721049987 
gen 177 8885 1156.359721049987 0.0 1156.359721049987 1156.359721049987 
gen 178 8935 1156.359721049987 0.0 1156.359721049987 1156.359721049987 
gen 179 8985 1156.359721049987 0.0 1156.359721049987 1156.359721049987 
gen 180 9035 1156.359721049987 0.0 1156.359721049987 1156.359721049987 
gen 181 9085 1156.359721049987 0.0 1156.359721049987 1156.359721049987 
gen 182 9135 1156.359721049987 0.0 1156.359721049987 1156.359721049987 
gen 183 9185 1156.359721049987 0.0 1156.359721049987 1156.359721049987 
gen 184 9235 1156.359721049987 0.0 1156.359721049987 1156.359721049987 
gen 185 9285 1156.359721049987 0.0 1156.359721049987 1156.359721049987 
gen 186 9335 1156.359721049987 0.0 1156.359721049987 1156.359721049987 
gen 187 9385 1156.359721049987 0.0 1156.359721049987 1156.359721049987 
gen 188 9435 1156.359721049987 0.0 1156.359721049987 1156.359721049987 
gen 189 9485 1156.359721049987 0.0 1156.359721049987 1156.359721049987 
gen 190 9535 1156.359721049987 0.0 1156.359721049987 1156.359721049987 
gen 191 9585 1156.359721049987 0.0 1156.359721049987 1156.359721049987 
gen 192 9635 1156.359721049987 0.0 1156.359721049987 1156.359721049987 
gen 193 9685 1156.359721049987 0.0 1156.359721049987 1156.359721049987 
gen 194 9735 1156.359721049987 0.0 1156.359721049987 1156.359721049987 
gen 195 9785 1156.359721049987 0.0 1156.359721049987 1156.359721049987 
gen 196 9835 1156.359721049987 0.0 1156.359721049987 1156.359721049987 
gen 197 9885 1156.359721049987 0.0 1156.359721049987 1156.359721049987 
gen 198 9935 1156.359721049987 0.0 1156.359721049987 1156.359721049987 
gen 199 9985 1156.359721049987 0.0 1156.359721049987 1156.359721049987 
gen 200 10035 1156.359721049987 0.0 1156.359721049987 1156.359721049987 
gen 201 10085 1156.359721049987 0.0 1156.359721049987 1156.359721049987 
gen 202 10135 1156.359721049987 0.0 1156.359721049987 1156.359721049987 
gen 203 10185 1156.359721049987 0.0 1156.359721049987 1156.359721049987 
gen 204 10235 1156.359721049987 0.0 1156.359721049987 1156.359721049987 
gen 205 10285 1156.359721049987 0.0 1156.359721049987 1156.359721049987 
gen 206 10335 1156.359721049987 0.0 1156.359721049987 1156.359721049987 
gen 207 10385 1156.359721049987 0.0 1156.359721049987 1156.359721049987 
gen 208 10435 1156.359721049987 0.0 1156.359721049987 1156.359721049987 
gen 209 10485 1156.359721049987 0.0 1156.359721049987 1156.359721049987 
gen 210 10535 1156.359721049987 0.0 1156.359721049987 1156.359721049987 
gen 211 10585 1156.359721049987 0.0 1156.359721049987 1156.359721049987 
gen 212 10635 1156.359721049987 0.0 1156.359721049987 1156.359721049987 
gen 213 10685 1156.359721049987 0.0 1156.359721049987 1156.359721049987 
gen 214 10735 1156.359721049987 0.0 1156.359721049987 1156.359721049987 
gen 215 10785 1156.359721049987 0.0 1156.359721049987 1156.359721049987 
gen 216 10835 1156.359721049987 0.0 1156.359721049987 1156.359721049987 
gen 217 10885 1156.359721049987 0.0 1156.359721049987 1156.359721049987 
gen 218 10935 1156.359721049987 0.0 1156.359721049987 1156.359721049987 
gen 219 10985 1156.359721049987 0.0 1156.359721049987 1156.359721049987 
gen 220 11035 1156.359721049987 0.0 1156.359721049987 1156.359721049987 
gen 221 11085 1156.359721049987 0.0 1156.359721049987 1156.359721049987 
gen 222 11135 1156.359721049987 0.0 1156.359721049987 1156.359721049987 
gen 223 11185 1156.359721049987 0.0 1156.359721049987 1156.359721049987 
gen 224 11235 1156.359721049987 0.0 1156.359721049987 1156.359721049987 
gen 225 11285 1156.359721049987 0.0 1156.359721049987 1156.359721049987 
gen 226 11335 1156.359721049987 0.0 1156.359721049987 1156.359721049987 
gen 227 11385 1156.359721049987 0.0 1156.359721049987 1156.359721049987 
gen 228 11435 1156.359721049987 0.0 1156.359721049987 1156.359721049987 
gen 229 11485 1156.359721049987 0.0 1156.359721049987 1156.359721049987 
gen 230 11535 1156.359721049987 0.0 1156.359721049987 1156.359721049987 
gen 231 11585 1156.359721049987 0.0 1156.359721049987 1156.359721049987 
gen 232 11635 1156.359721049987 0.0 1156.359721049987 1156.359721049987 
gen 233 11685 1156.359721049987 0.0 1156.359721049987 1156.359721049987 
gen 234 11735 1156.359721049987 0.0 1156.359721049987 1156.359721049987 
gen 235 11785 1156.359721049987 0.0 1156.359721049987 1156.359721049987 
gen 236 11835 1156.359721049987 0.0 1156.359721049987 1156.359721049987 
gen 237 11885 1156.359721049987 0.0 1156.359721049987 1156.359721049987 
gen 238 11935 1156.359721049987 0.0 1156.359721049987 1156.359721049987 
gen 239 11985 1156.359721049987 0.0 1156.359721049987 1156.359721049987 
gen 240 12035 1156.359721049987 0.0 1156.359721049987 1156.359721049987 
gen 241 12085 1156.359721049987 0.0 1156.359721049987 1156.359721049987 
gen 242 12135 1156.359721049987 0.0 1156.359721049987 1156.359721049987 
gen 243 12185 1156.359721049987 0.0 1156.359721049987 1156.359721049987 
gen 244 12235 1156.359721049987 0.0 1156.359721049987 1156.359721049987 
gen 245 12285 1156.359721049987 0.0 1156.359721049987 1156.359721049987 
gen 246 12335 1156.359721049987 0.0 1156.359721049987 1156.359721049987 
gen 247 12385 1156.359721049987 0.0 1156.359721049987 1156.359721049987 
gen 248 12435 1156.359721049987 0.0 1156.359721049987 1156.359721049987 
gen 249 12485 1156.359721049987 0.0 1156.359721049987 1156.359721049987 
gen 250 12535 1156.359721049987 0.0 1156.359721049987 1156.359721049987 
gen 251 12585 1156.359721049987 0.0 1156.359721049987 1156.359721049987 
gen 252 12635 1156.359721049987 0.0 1156.359721049987 1156.359721049987 
gen 253 12685 1156.359721049987 0.0 1156.359721049987 1156.359721049987 
gen 254 12735 1156.359721049987 0.0 1156.359721049987 1156.359721049987 
gen 255 12785 1156.359721049987 0.0 1156.359721049987 1156.359721049987 
gen 256 12835 1156.359721049987 0.0 1156.359721049987 1156.359721049987 
gen 257 12885 1156.359721049987 0.0 1156.359721049987 1156.359721049987 
gen 258 12935 1156.359721049987 0.0 1156.359721049987 1156.359721049987 
gen 259 12985 1156.359721049987 0.0 1156.359721049987 1156.359721049987 
gen 260 13035 1156.359721049987 0.0 1156.359721049987 1156.359721049987 
gen 261 13085 1156.359721049987 0.0 1156.359721049987 1156.359721049987 
gen 262 13135 1156.359721049987 0.0 1156.359721049987 1156.359721049987 
gen 263 13185 1156.359721049987 0.0 1156.359721049987 1156.359721049987 
gen 264 13235 1156.359721049987 0.0 1156.359721049987 1156.359721049987 
gen 265 13285 1156.359721049987 0.0 1156.359721049987 1156.359721049987 
gen 266 13335 1156.359721049987 0.0 1156.359721049987 1156.359721049987 
gen 267 13385 1156.359721049987 0.0 1156.359721049987 1156.359721049987 
gen 268 13435 1156.359721049987 0.0 1156.359721049987 1156.359721049987 
gen 269 13485 1156.359721049987 0.0 1156.359721049987 1156.359721049987 
gen 270 13535 1156.359721049987 0.0 1156.359721049987 1156.359721049987 
gen 271 13585 1156.359721049987 0.0 1156.359721049987 1156.359721049987 
gen 272 13635 1156.359721049987 0.0 1156.359721049987 1156.359721049987 
gen 273 13685 1156.359721049987 0.0 1156.359721049987 1156.359721049987 
gen 274 13735 1156.359721049987 0.0 1156.359721049987 1156.359721049987 
gen 275 13785 1156.359721049987 0.0 1156.359721049987 1156.359721049987 
gen 276 13835 1156.359721049987 0.0 1156.359721049987 1156.359721049987 
gen 277 13885 1156.359721049987 0.0 1156.359721049987 1156.359721049987 
gen 278 13935 1156.359721049987 0.0 1156.359721049987 1156.359721049987 
gen 279 13985 1156.359721049987 0.0 1156.359721049987 1156.359721049987 
gen 280 14035 1156.359721049987 0.0 1156.359721049987 1156.359721049987 
gen 281 14085 1156.359721049987 0.0 1156.359721049987 1156.359721049987 
gen 282 14135 1156.359721049987 0.0 1156.359721049987 1156.359721049987 
gen 283 14185 1156.359721049987 0.0 1156.359721049987 1156.359721049987 
gen 284 14235 1156.359721049987 0.0 1156.359721049987 1156.359721049987 
gen 285 14285 1156.359721049987 0.0 1156.359721049987 1156.359721049987 
gen 286 14335 1156.359721049987 0.0 1156.359721049987 1156.359721049987 
gen 287 14385 1156.359721049987 0.0 1156.359721049987 1156.359721049987 
gen 288 14435 1156.359721049987 0.0 1156.359721049987 1156.359721049987 
gen 289 14485 1156.359721049987 0.0 1156.359721049987 1156.359721049987 
gen 290 14535 1156.359721049987 0.0 1156.359721049987 1156.359721049987 
gen 291 14585 1156.359721049987 0.0 1156.359721049987 1156.359721049987 
gen 292 14635 1156.359721049987 0.0 1156.359721049987 1156.359721049987 
gen 293 14685 1156.359721049987 0.0 1156.359721049987 1156.359721049987 
gen 294 14735 1156.359721049987 0.0 1156.359721049987 1156.359721049987 
gen 295 14785 1156.359721049987 0.0 1156.359721049987 1156.359721049987 
gen 296 14835 1156.359721049987 0.0 1156.359721049987 1156.359721049987 
gen 297 14885 1156.359721049987 0.0 1156.359721049987 1156.359721049987 
gen 298 14935 1156.359721049987 0.0 1156.359721049987 1156.359721049987 
gen 299 14985 1156.359721049987 0.0 1156.359721049987 1156.359721049987 
gen 300 15035 1156.359721049987 0.0 1156.359721049987 1156.359721049987 
gen 301 15085 1156.359721049987 0.0 1156.359721049987 1156.359721049987 
gen 302 15135 1156.359721049987 0.0 1156.359721049987 1156.359721049987 
gen 303 15185 1156.359721049987 0.0 1156.359721049987 1156.359721049987 
gen 304 15235 1156.359721049987 0.0 1156.359721049987 1156.359721049987 
gen 305 15285 1156.359721049987 0.0 1156.359721049987 1156.359721049987 
gen 306 15335 1156.359721049987 0.0 1156.359721049987 1156.359721049987 
gen 307 15385 1156.359721049987 0.0 1156.359721049987 1156.359721049987 
gen 308 15435 1156.359721049987 0.0 1156.359721049987 1156.359721049987 
gen 309 15485 1156.359721049987 0.0 1156.359721049987 1156.359721049987 
gen 310 15535 1156.359721049987 0.0 1156.359721049987 1156.359721049987 
gen 311 15585 1156.359721049987 0.0 1156.359721049987 1156.359721049987 
gen 312 15635 1156.359721049987 0.0 1156.359721049987 1156.359721049987 
gen 313 15685 1156.359721049987 0.0 1156.359721049987 1156.359721049987 
gen 314 15735 1156.359721049987 0.0 1156.359721049987 1156.359721049987 
gen 315 15785 1156.359721049987 0.0 1156.359721049987 1156.359721049987 
gen 316 15835 1156.359721049987 0.0 1156.359721049987 1156.359721049987 
gen 317 15885 1156.359721049987 0.0 1156.359721049987 1156.359721049987 
gen 318 15935 1156.359721049987 0.0 1156.359721049987 1156.359721049987 
gen 319 15985 1156.359721049987 0.0 1156.359721049987 1156.359721049987 
gen 320 16035 1156.359721049987 0.0 1156.359721049987 1156.359721049987 
gen 321 16085 1156.359721049987 0.0 1156.359721049987 1156.359721049987 
gen 322 16135 1156.359721049987 0.0 1156.359721049987 1156.359721049987 
gen 323 16185 1156.359721049987 0.0 1156.359721049987 1156.359721049987 
gen 324 16235 1156.359721049987 0.0 1156.359721049987 1156.359721049987 
gen 325 16285 1156.359721049987 0.0 1156.359721049987 1156.359721049987 
gen 326 16335 1156.359721049987 0.0 1156.359721049987 1156.359721049987 
gen 327 16385 1156.359721049987 0.0 1156.359721049987 1156.359721049987 
gen 328 16435 1156.359721049987 0.0 1156.359721049987 1156.359721049987 
gen 329 16485 1156.359721049987 0.0 1156.359721049987 1156.359721049987 
gen 330 16535 1156.359721049987 0.0 1156.359721049987 1156.359721049987 
gen 331 16585 1156.359721049987 0.0 1156.359721049987 1156.359721049987 
gen 332 16635 1156.359721049987 0.0 1156.359721049987 1156.359721049987 
gen 333 16685 1156.359721049987 0.0 1156.359721049987 1156.359721049987 
gen 334 16735 1156.359721049987 0.0 1156.359721049987 1156.359721049987 
gen 335 16785 1156.359721049987 0.0 1156.359721049987 1156.359721049987 
gen 336 16835 1156.359721049987 0.0 1156.359721049987 1156.359721049987 
gen 337 16885 1156.359721049987 0.0 1156.359721049987 1156.359721049987 
gen 338 16935 1156.359721049987 0.0 1156.359721049987 1156.359721049987 
gen 339 16985 1156.359721049987 0.0 1156.359721049987 1156.359721049987 
gen 340 17035 1156.359721049987 0.0 1156.359721049987 1156.359721049987 
gen 341 17085 1156.359721049987 0.0 1156.359721049987 1156.359721049987 
gen 342 17135 1156.359721049987 0.0 1156.359721049987 1156.359721049987 
gen 343 17185 1156.359721049987 0.0 1156.359721049987 1156.359721049987 
gen 344 17235 1156.359721049987 0.0 1156.359721049987 1156.359721049987 
gen 345 17285 1156.359721049987 0.0 1156.359721049987 1156.359721049987 
gen 346 17335 1156.359721049987 0.0 1156.359721049987 1156.359721049987 
gen 347 17385 1156.359721049987 0.0 1156.359721049987 1156.359721049987 
gen 348 17435 1156.359721049987 0.0 1156.359721049987 1156.359721049987 
gen 349 17485 1156.359721049987 0.0 1156.359721049987 1156.359721049987 
gen 350 17535 1156.359721049987 0.0 1156.359721049987 1156.359721049987 
[4, 1, 0, 3, 2, 4, 3, 1, 0, 2, 4, 3, 1, 0, 2, 4, 3, 1, 0, 2, 4, 3, 1, 0, 2]
min  1156.359721049987
NFE 17535
LSNFE 10
VLSNFE 1
runTime 15.841824293136597
