gen 0 25 2000000000003513.0 3999999999998244.0 1883.119114217172 1e+16 
gen 1 75 2192.209216748945 251.49239086536267 1564.9659028941312 2630.259719863723 
gen 2 145 1937.9896476806616 183.9455960768421 1355.913009449996 2138.341022488178 
gen 3 195 1844.7664922082522 159.38559934082605 1355.913009449996 2033.0123579249484 
gen 4 245 1771.4139404249954 136.21622439014598 1355.913009449996 1981.6197000932236 
gen 5 295 1687.5622329908263 128.53159798218192 1355.913009449996 1883.119114217172 
gen 6 345 1605.6185200999764 112.55537114752373 1339.5597306324544 1720.8905004660637 
gen 7 395 1454.3316958733822 77.9145086017927 1339.5597306324544 1576.2715609246984 
gen 8 445 1370.3948006912842 32.92507065712522 1275.8791655391049 1417.1831473187624 
gen 9 495 1331.338780638638 26.434420606763144 1275.8791655391049 1363.0132458595558 
gen 10 545 1306.325551730941 26.80531255581448 1232.3948476699302 1339.5597306324544 
gen 11 595 1276.367420185534 10.944421823073995 1232.3948476699302 1285.365847219242 
gen 12 645 1270.3329633248404 11.389023720192602 1232.3948476699302 1282.1162726579437 
gen 13 695 1263.0410442777993 14.186389700543048 1217.507560335277 1271.543788974982 
gen 14 745 1254.2957281850752 16.33982885527372 1217.507560335277 1268.146666349328 
gen 15 795 1242.1672307998158 14.657475060953013 1217.507560335277 1268.146666349328 
gen 16 845 1228.6128112740764 7.073184742654334 1214.1684186474154 1240.566796480501 
gen 17 895 1226.5589849469218 7.335306266695951 1214.1684186474154 1232.3948476699302 
gen 18 945 1223.1629115849823 6.739709212944654 1214.1684186474154 1232.3948476699302 
gen 19 995 1217.1856056620154 3.2084254008056377 1204.9942355967557 1222.3348546587986 
gen 20 1045 1214.9459338934355 4.071402141228766 1204.9942355967557 1217.507560335277 
gen 21 1095 1213.1772035897839 4.905939336991261 1204.9942355967557 1217.507560335277 
gen 22 1145 1208.1718736943753 4.277675030789665 1204.9942355967557 1214.1684186474154 
gen 23 1195 1204.9942355967555 2.2737367544323206e-13 1204.9942355967557 1204.9942355967557 
gen 24 1245 1204.9942355967555 2.2737367544323206e-13 1204.9942355967557 1204.9942355967557 
gen 25 1295 1204.9942355967555 2.2737367544323206e-13 1204.9942355967557 1204.9942355967557 
gen 26 1345 1204.9942355967555 2.2737367544323206e-13 1204.9942355967557 1204.9942355967557 
gen 27 1395 1204.9942355967555 2.2737367544323206e-13 1204.9942355967557 1204.9942355967557 
gen 28 1445 1204.9942355967555 2.2737367544323206e-13 1204.9942355967557 1204.9942355967557 
gen 29 1495 1204.9942355967555 2.2737367544323206e-13 1204.9942355967557 1204.9942355967557 
gen 30 1545 1204.9942355967555 2.2737367544323206e-13 1204.9942355967557 1204.9942355967557 
gen 31 1595 1204.9942355967555 2.2737367544323206e-13 1204.9942355967557 1204.9942355967557 
gen 32 1645 1204.9942355967555 2.2737367544323206e-13 1204.9942355967557 1204.9942355967557 
gen 33 1695 1204.9942355967555 2.2737367544323206e-13 1204.9942355967557 1204.9942355967557 
gen 34 1745 1204.9942355967555 2.2737367544323206e-13 1204.9942355967557 1204.9942355967557 
gen 35 1795 1204.9942355967555 2.2737367544323206e-13 1204.9942355967557 1204.9942355967557 
gen 36 1845 1204.9942355967555 2.2737367544323206e-13 1204.9942355967557 1204.9942355967557 
gen 37 1895 1204.9942355967555 2.2737367544323206e-13 1204.9942355967557 1204.9942355967557 
gen 38 1945 1204.9942355967555 2.2737367544323206e-13 1204.9942355967557 1204.9942355967557 
gen 39 2005 1204.6549661669524 1.6620739766862873 1196.5124998516726 1204.9942355967557 
gen 40 2055 1204.315696737149 2.301037226112909 1196.5124998516726 1204.9942355967557 
gen 41 2105 1202.9586190179357 3.622406250532152 1196.5124998516726 1204.9942355967557 
gen 42 2155 1198.2088470006893 3.392694298033257 1196.5124998516726 1204.9942355967557 
gen 43 2205 1196.5124998516726 0.0 1196.5124998516726 1196.5124998516726 
gen 44 2255 1196.5124998516726 0.0 1196.5124998516726 1196.5124998516726 
gen 45 2305 1196.5124998516726 0.0 1196.5124998516726 1196.5124998516726 
gen 46 2355 1196.5124998516726 0.0 1196.5124998516726 1196.5124998516726 
gen 47 2405 1196.5124998516726 0.0 1196.5124998516726 1196.5124998516726 
gen 48 2455 1196.5124998516726 0.0 1196.5124998516726 1196.5124998516726 
gen 49 2505 1196.5124998516726 0.0 1196.5124998516726 1196.5124998516726 
gen 50 2555 1196.5124998516726 0.0 1196.5124998516726 1196.5124998516726 
gen 51 2605 1196.5124998516726 0.0 1196.5124998516726 1196.5124998516726 
gen 52 2655 1196.5124998516726 0.0 1196.5124998516726 1196.5124998516726 
gen 53 2705 1196.5124998516726 0.0 1196.5124998516726 1196.5124998516726 
gen 54 2755 1196.5124998516726 0.0 1196.5124998516726 1196.5124998516726 
gen 55 2805 1196.5124998516726 0.0 1196.5124998516726 1196.5124998516726 
gen 56 2855 1196.5124998516726 0.0 1196.5124998516726 1196.5124998516726 
gen 57 2905 1196.5124998516726 0.0 1196.5124998516726 1196.5124998516726 
gen 58 2955 1196.5124998516726 0.0 1196.5124998516726 1196.5124998516726 
gen 59 3005 1196.5124998516726 0.0 1196.5124998516726 1196.5124998516726 
gen 60 3055 1196.5124998516726 0.0 1196.5124998516726 1196.5124998516726 
gen 61 3105 1196.5124998516726 0.0 1196.5124998516726 1196.5124998516726 
gen 62 3155 1196.5124998516726 0.0 1196.5124998516726 1196.5124998516726 
gen 63 3205 1196.5124998516726 0.0 1196.5124998516726 1196.5124998516726 
gen 64 3255 1196.5124998516726 0.0 1196.5124998516726 1196.5124998516726 
gen 65 3305 1196.5124998516726 0.0 1196.5124998516726 1196.5124998516726 
gen 66 3355 1196.5124998516726 0.0 1196.5124998516726 1196.5124998516726 
gen 67 3405 1196.5124998516726 0.0 1196.5124998516726 1196.5124998516726 
gen 68 3455 1196.5124998516726 0.0 1196.5124998516726 1196.5124998516726 
gen 69 3505 1196.5124998516726 0.0 1196.5124998516726 1196.5124998516726 
gen 70 3555 1196.5124998516726 0.0 1196.5124998516726 1196.5124998516726 
gen 71 3605 1196.5124998516726 0.0 1196.5124998516726 1196.5124998516726 
gen 72 3655 1196.5124998516726 0.0 1196.5124998516726 1196.5124998516726 
gen 73 3705 1196.5124998516726 0.0 1196.5124998516726 1196.5124998516726 
gen 74 3755 1196.5124998516726 0.0 1196.5124998516726 1196.5124998516726 
gen 75 3805 1196.5124998516726 0.0 1196.5124998516726 1196.5124998516726 
gen 76 3855 1196.5124998516726 0.0 1196.5124998516726 1196.5124998516726 
gen 77 3905 1196.5124998516726 0.0 1196.5124998516726 1196.5124998516726 
gen 78 3955 1196.5124998516726 0.0 1196.5124998516726 1196.5124998516726 
gen 79 4005 1196.5124998516726 0.0 1196.5124998516726 1196.5124998516726 
gen 80 4055 1196.5124998516726 0.0 1196.5124998516726 1196.5124998516726 
gen 81 4105 1196.5124998516726 0.0 1196.5124998516726 1196.5124998516726 
gen 82 4155 1196.5124998516726 0.0 1196.5124998516726 1196.5124998516726 
gen 83 4205 1196.5124998516726 0.0 1196.5124998516726 1196.5124998516726 
gen 84 4255 1196.5124998516726 0.0 1196.5124998516726 1196.5124998516726 
gen 85 4305 1196.5124998516726 0.0 1196.5124998516726 1196.5124998516726 
gen 86 4355 1196.5124998516726 0.0 1196.5124998516726 1196.5124998516726 
gen 87 4405 1196.5124998516726 0.0 1196.5124998516726 1196.5124998516726 
gen 88 4455 1196.5124998516726 0.0 1196.5124998516726 1196.5124998516726 
gen 89 4505 1196.5124998516726 0.0 1196.5124998516726 1196.5124998516726 
gen 90 4555 1196.5124998516726 0.0 1196.5124998516726 1196.5124998516726 
gen 91 4605 1196.5124998516726 0.0 1196.5124998516726 1196.5124998516726 
gen 92 4655 1196.5124998516726 0.0 1196.5124998516726 1196.5124998516726 
gen 93 4705 1196.5124998516726 0.0 1196.5124998516726 1196.5124998516726 
gen 94 4755 1196.5124998516726 0.0 1196.5124998516726 1196.5124998516726 
gen 95 4805 1196.5124998516726 0.0 1196.5124998516726 1196.5124998516726 
gen 96 4855 1196.5124998516726 0.0 1196.5124998516726 1196.5124998516726 
gen 97 4905 1196.5124998516726 0.0 1196.5124998516726 1196.5124998516726 
gen 98 4955 1196.5124998516726 0.0 1196.5124998516726 1196.5124998516726 
gen 99 5005 1196.5124998516726 0.0 1196.5124998516726 1196.5124998516726 
gen 100 5055 1196.5124998516726 0.0 1196.5124998516726 1196.5124998516726 
gen 101 5105 1196.5124998516726 0.0 1196.5124998516726 1196.5124998516726 
gen 102 5155 1196.5124998516726 0.0 1196.5124998516726 1196.5124998516726 
gen 103 5205 1196.5124998516726 0.0 1196.5124998516726 1196.5124998516726 
gen 104 5255 1196.5124998516726 0.0 1196.5124998516726 1196.5124998516726 
gen 105 5305 1196.5124998516726 0.0 1196.5124998516726 1196.5124998516726 
gen 106 5355 1196.5124998516726 0.0 1196.5124998516726 1196.5124998516726 
gen 107 5405 1196.5124998516726 0.0 1196.5124998516726 1196.5124998516726 
gen 108 5455 1196.5124998516726 0.0 1196.5124998516726 1196.5124998516726 
gen 109 5505 1196.5124998516726 0.0 1196.5124998516726 1196.5124998516726 
gen 110 5555 1196.5124998516726 0.0 1196.5124998516726 1196.5124998516726 
gen 111 5605 1196.5124998516726 0.0 1196.5124998516726 1196.5124998516726 
gen 112 5655 1196.5124998516726 0.0 1196.5124998516726 1196.5124998516726 
gen 113 5705 1196.5124998516726 0.0 1196.5124998516726 1196.5124998516726 
gen 114 5755 1196.5124998516726 0.0 1196.5124998516726 1196.5124998516726 
gen 115 5805 1196.5124998516726 0.0 1196.5124998516726 1196.5124998516726 
gen 116 5855 1196.5124998516726 0.0 1196.5124998516726 1196.5124998516726 
gen 117 5905 1196.5124998516726 0.0 1196.5124998516726 1196.5124998516726 
gen 118 5955 1196.5124998516726 0.0 1196.5124998516726 1196.5124998516726 
gen 119 6005 1196.5124998516726 0.0 1196.5124998516726 1196.5124998516726 
gen 120 6055 1196.5124998516726 0.0 1196.5124998516726 1196.5124998516726 
gen 121 6105 1196.5124998516726 0.0 1196.5124998516726 1196.5124998516726 
gen 122 6155 1196.5124998516726 0.0 1196.5124998516726 1196.5124998516726 
gen 123 6205 1196.5124998516726 0.0 1196.5124998516726 1196.5124998516726 
gen 124 6255 1196.5124998516726 0.0 1196.5124998516726 1196.5124998516726 
gen 125 6305 1196.5124998516726 0.0 1196.5124998516726 1196.5124998516726 
gen 126 6355 1196.5124998516726 0.0 1196.5124998516726 1196.5124998516726 
gen 127 6405 1196.5124998516726 0.0 1196.5124998516726 1196.5124998516726 
gen 128 6455 1196.5124998516726 0.0 1196.5124998516726 1196.5124998516726 
gen 129 6505 1196.5124998516726 0.0 1196.5124998516726 1196.5124998516726 
gen 130 6555 1196.5124998516726 0.0 1196.5124998516726 1196.5124998516726 
gen 131 6605 1196.5124998516726 0.0 1196.5124998516726 1196.5124998516726 
gen 132 6655 1196.5124998516726 0.0 1196.5124998516726 1196.5124998516726 
gen 133 6705 1196.5124998516726 0.0 1196.5124998516726 1196.5124998516726 
gen 134 6755 1196.5124998516726 0.0 1196.5124998516726 1196.5124998516726 
gen 135 6805 1196.5124998516726 0.0 1196.5124998516726 1196.5124998516726 
gen 136 6855 1196.5124998516726 0.0 1196.5124998516726 1196.5124998516726 
gen 137 6905 1196.5124998516726 0.0 1196.5124998516726 1196.5124998516726 
gen 138 6955 1196.5124998516726 0.0 1196.5124998516726 1196.5124998516726 
gen 139 7005 1196.5124998516726 0.0 1196.5124998516726 1196.5124998516726 
gen 140 7055 1196.5124998516726 0.0 1196.5124998516726 1196.5124998516726 
gen 141 7105 1196.5124998516726 0.0 1196.5124998516726 1196.5124998516726 
gen 142 7155 1196.5124998516726 0.0 1196.5124998516726 1196.5124998516726 
gen 143 7205 1196.5124998516726 0.0 1196.5124998516726 1196.5124998516726 
gen 144 7255 1196.5124998516726 0.0 1196.5124998516726 1196.5124998516726 
gen 145 7305 1196.5124998516726 0.0 1196.5124998516726 1196.5124998516726 
gen 146 7355 1196.5124998516726 0.0 1196.5124998516726 1196.5124998516726 
gen 147 7405 1196.5124998516726 0.0 1196.5124998516726 1196.5124998516726 
gen 148 7455 1196.5124998516726 0.0 1196.5124998516726 1196.5124998516726 
gen 149 7505 1196.5124998516726 0.0 1196.5124998516726 1196.5124998516726 
gen 150 7555 1196.5124998516726 0.0 1196.5124998516726 1196.5124998516726 
gen 151 7605 1196.5124998516726 0.0 1196.5124998516726 1196.5124998516726 
gen 152 7655 1196.5124998516726 0.0 1196.5124998516726 1196.5124998516726 
gen 153 7705 1196.5124998516726 0.0 1196.5124998516726 1196.5124998516726 
gen 154 7755 1196.5124998516726 0.0 1196.5124998516726 1196.5124998516726 
gen 155 7805 1196.5124998516726 0.0 1196.5124998516726 1196.5124998516726 
gen 156 7855 1196.5124998516726 0.0 1196.5124998516726 1196.5124998516726 
gen 157 7905 1196.5124998516726 0.0 1196.5124998516726 1196.5124998516726 
gen 158 7955 1196.5124998516726 0.0 1196.5124998516726 1196.5124998516726 
gen 159 8005 1196.5124998516726 0.0 1196.5124998516726 1196.5124998516726 
gen 160 8055 1196.5124998516726 0.0 1196.5124998516726 1196.5124998516726 
gen 161 8105 1196.5124998516726 0.0 1196.5124998516726 1196.5124998516726 
gen 162 8155 1196.5124998516726 0.0 1196.5124998516726 1196.5124998516726 
gen 163 8205 1196.5124998516726 0.0 1196.5124998516726 1196.5124998516726 
gen 164 8255 1196.5124998516726 0.0 1196.5124998516726 1196.5124998516726 
gen 165 8305 1196.5124998516726 0.0 1196.5124998516726 1196.5124998516726 
gen 166 8355 1196.5124998516726 0.0 1196.5124998516726 1196.5124998516726 
gen 167 8405 1196.5124998516726 0.0 1196.5124998516726 1196.5124998516726 
gen 168 8455 1196.5124998516726 0.0 1196.5124998516726 1196.5124998516726 
gen 169 8505 1196.5124998516726 0.0 1196.5124998516726 1196.5124998516726 
gen 170 8555 1196.5124998516726 0.0 1196.5124998516726 1196.5124998516726 
gen 171 8605 1196.5124998516726 0.0 1196.5124998516726 1196.5124998516726 
gen 172 8655 1196.5124998516726 0.0 1196.5124998516726 1196.5124998516726 
gen 173 8705 1196.5124998516726 0.0 1196.5124998516726 1196.5124998516726 
gen 174 8755 1196.5124998516726 0.0 1196.5124998516726 1196.5124998516726 
gen 175 8805 1196.5124998516726 0.0 1196.5124998516726 1196.5124998516726 
gen 176 8855 1196.5124998516726 0.0 1196.5124998516726 1196.5124998516726 
gen 177 8905 1196.5124998516726 0.0 1196.5124998516726 1196.5124998516726 
gen 178 8955 1196.5124998516726 0.0 1196.5124998516726 1196.5124998516726 
gen 179 9005 1196.5124998516726 0.0 1196.5124998516726 1196.5124998516726 
gen 180 9055 1196.5124998516726 0.0 1196.5124998516726 1196.5124998516726 
gen 181 9105 1196.5124998516726 0.0 1196.5124998516726 1196.5124998516726 
gen 182 9155 1196.5124998516726 0.0 1196.5124998516726 1196.5124998516726 
gen 183 9205 1196.5124998516726 0.0 1196.5124998516726 1196.5124998516726 
gen 184 9255 1196.5124998516726 0.0 1196.5124998516726 1196.5124998516726 
gen 185 9305 1196.5124998516726 0.0 1196.5124998516726 1196.5124998516726 
gen 186 9355 1196.5124998516726 0.0 1196.5124998516726 1196.5124998516726 
gen 187 9405 1196.5124998516726 0.0 1196.5124998516726 1196.5124998516726 
gen 188 9455 1196.5124998516726 0.0 1196.5124998516726 1196.5124998516726 
gen 189 9505 1196.5124998516726 0.0 1196.5124998516726 1196.5124998516726 
gen 190 9555 1196.5124998516726 0.0 1196.5124998516726 1196.5124998516726 
gen 191 9605 1196.5124998516726 0.0 1196.5124998516726 1196.5124998516726 
gen 192 9655 1196.5124998516726 0.0 1196.5124998516726 1196.5124998516726 
gen 193 9705 1196.5124998516726 0.0 1196.5124998516726 1196.5124998516726 
gen 194 9755 1196.5124998516726 0.0 1196.5124998516726 1196.5124998516726 
gen 195 9805 1196.5124998516726 0.0 1196.5124998516726 1196.5124998516726 
gen 196 9855 1196.5124998516726 0.0 1196.5124998516726 1196.5124998516726 
gen 197 9905 1196.5124998516726 0.0 1196.5124998516726 1196.5124998516726 
gen 198 9955 1196.5124998516726 0.0 1196.5124998516726 1196.5124998516726 
gen 199 10005 1196.5124998516726 0.0 1196.5124998516726 1196.5124998516726 
gen 200 10055 1196.5124998516726 0.0 1196.5124998516726 1196.5124998516726 
gen 201 10105 1196.5124998516726 0.0 1196.5124998516726 1196.5124998516726 
gen 202 10155 1196.5124998516726 0.0 1196.5124998516726 1196.5124998516726 
gen 203 10205 1196.5124998516726 0.0 1196.5124998516726 1196.5124998516726 
gen 204 10255 1196.5124998516726 0.0 1196.5124998516726 1196.5124998516726 
gen 205 10305 1196.5124998516726 0.0 1196.5124998516726 1196.5124998516726 
gen 206 10355 1196.5124998516726 0.0 1196.5124998516726 1196.5124998516726 
gen 207 10405 1196.5124998516726 0.0 1196.5124998516726 1196.5124998516726 
gen 208 10455 1196.5124998516726 0.0 1196.5124998516726 1196.5124998516726 
gen 209 10505 1196.5124998516726 0.0 1196.5124998516726 1196.5124998516726 
gen 210 10555 1196.5124998516726 0.0 1196.5124998516726 1196.5124998516726 
gen 211 10605 1196.5124998516726 0.0 1196.5124998516726 1196.5124998516726 
gen 212 10655 1196.5124998516726 0.0 1196.5124998516726 1196.5124998516726 
gen 213 10705 1196.5124998516726 0.0 1196.5124998516726 1196.5124998516726 
gen 214 10755 1196.5124998516726 0.0 1196.5124998516726 1196.5124998516726 
gen 215 10805 1196.5124998516726 0.0 1196.5124998516726 1196.5124998516726 
gen 216 10855 1196.5124998516726 0.0 1196.5124998516726 1196.5124998516726 
gen 217 10905 1196.5124998516726 0.0 1196.5124998516726 1196.5124998516726 
gen 218 10955 1196.5124998516726 0.0 1196.5124998516726 1196.5124998516726 
gen 219 11005 1196.5124998516726 0.0 1196.5124998516726 1196.5124998516726 
gen 220 11055 1196.5124998516726 0.0 1196.5124998516726 1196.5124998516726 
gen 221 11105 1196.5124998516726 0.0 1196.5124998516726 1196.5124998516726 
gen 222 11155 1196.5124998516726 0.0 1196.5124998516726 1196.5124998516726 
gen 223 11205 1196.5124998516726 0.0 1196.5124998516726 1196.5124998516726 
gen 224 11255 1196.5124998516726 0.0 1196.5124998516726 1196.5124998516726 
gen 225 11305 1196.5124998516726 0.0 1196.5124998516726 1196.5124998516726 
gen 226 11355 1196.5124998516726 0.0 1196.5124998516726 1196.5124998516726 
gen 227 11405 1196.5124998516726 0.0 1196.5124998516726 1196.5124998516726 
gen 228 11455 1196.5124998516726 0.0 1196.5124998516726 1196.5124998516726 
gen 229 11505 1196.5124998516726 0.0 1196.5124998516726 1196.5124998516726 
gen 230 11555 1196.5124998516726 0.0 1196.5124998516726 1196.5124998516726 
gen 231 11605 1196.5124998516726 0.0 1196.5124998516726 1196.5124998516726 
gen 232 11655 1196.5124998516726 0.0 1196.5124998516726 1196.5124998516726 
gen 233 11705 1196.5124998516726 0.0 1196.5124998516726 1196.5124998516726 
gen 234 11755 1196.5124998516726 0.0 1196.5124998516726 1196.5124998516726 
gen 235 11805 1196.5124998516726 0.0 1196.5124998516726 1196.5124998516726 
gen 236 11855 1196.5124998516726 0.0 1196.5124998516726 1196.5124998516726 
gen 237 11905 1196.5124998516726 0.0 1196.5124998516726 1196.5124998516726 
gen 238 11955 1196.5124998516726 0.0 1196.5124998516726 1196.5124998516726 
gen 239 12005 1196.5124998516726 0.0 1196.5124998516726 1196.5124998516726 
gen 240 12055 1196.5124998516726 0.0 1196.5124998516726 1196.5124998516726 
gen 241 12105 1196.5124998516726 0.0 1196.5124998516726 1196.5124998516726 
gen 242 12155 1196.5124998516726 0.0 1196.5124998516726 1196.5124998516726 
gen 243 12205 1196.5124998516726 0.0 1196.5124998516726 1196.5124998516726 
gen 244 12255 1196.5124998516726 0.0 1196.5124998516726 1196.5124998516726 
gen 245 12305 1196.5124998516726 0.0 1196.5124998516726 1196.5124998516726 
gen 246 12355 1196.5124998516726 0.0 1196.5124998516726 1196.5124998516726 
gen 247 12405 1196.5124998516726 0.0 1196.5124998516726 1196.5124998516726 
gen 248 12455 1196.5124998516726 0.0 1196.5124998516726 1196.5124998516726 
gen 249 12505 1196.5124998516726 0.0 1196.5124998516726 1196.5124998516726 
gen 250 12555 1196.5124998516726 0.0 1196.5124998516726 1196.5124998516726 
gen 251 12605 1196.5124998516726 0.0 1196.5124998516726 1196.5124998516726 
gen 252 12655 1196.5124998516726 0.0 1196.5124998516726 1196.5124998516726 
gen 253 12705 1196.5124998516726 0.0 1196.5124998516726 1196.5124998516726 
gen 254 12755 1196.5124998516726 0.0 1196.5124998516726 1196.5124998516726 
gen 255 12805 1196.5124998516726 0.0 1196.5124998516726 1196.5124998516726 
gen 256 12855 1196.5124998516726 0.0 1196.5124998516726 1196.5124998516726 
gen 257 12905 1196.5124998516726 0.0 1196.5124998516726 1196.5124998516726 
gen 258 12955 1196.5124998516726 0.0 1196.5124998516726 1196.5124998516726 
gen 259 13005 1196.5124998516726 0.0 1196.5124998516726 1196.5124998516726 
gen 260 13055 1196.5124998516726 0.0 1196.5124998516726 1196.5124998516726 
gen 261 13105 1196.5124998516726 0.0 1196.5124998516726 1196.5124998516726 
gen 262 13155 1196.5124998516726 0.0 1196.5124998516726 1196.5124998516726 
gen 263 13205 1196.5124998516726 0.0 1196.5124998516726 1196.5124998516726 
gen 264 13255 1196.5124998516726 0.0 1196.5124998516726 1196.5124998516726 
gen 265 13305 1196.5124998516726 0.0 1196.5124998516726 1196.5124998516726 
gen 266 13355 1196.5124998516726 0.0 1196.5124998516726 1196.5124998516726 
gen 267 13405 1196.5124998516726 0.0 1196.5124998516726 1196.5124998516726 
gen 268 13455 1196.5124998516726 0.0 1196.5124998516726 1196.5124998516726 
gen 269 13505 1196.5124998516726 0.0 1196.5124998516726 1196.5124998516726 
gen 270 13555 1196.5124998516726 0.0 1196.5124998516726 1196.5124998516726 
gen 271 13605 1196.5124998516726 0.0 1196.5124998516726 1196.5124998516726 
gen 272 13655 1196.5124998516726 0.0 1196.5124998516726 1196.5124998516726 
gen 273 13705 1196.5124998516726 0.0 1196.5124998516726 1196.5124998516726 
gen 274 13755 1196.5124998516726 0.0 1196.5124998516726 1196.5124998516726 
gen 275 13805 1196.5124998516726 0.0 1196.5124998516726 1196.5124998516726 
gen 276 13855 1196.5124998516726 0.0 1196.5124998516726 1196.5124998516726 
gen 277 13905 1196.5124998516726 0.0 1196.5124998516726 1196.5124998516726 
gen 278 13955 1196.5124998516726 0.0 1196.5124998516726 1196.5124998516726 
gen 279 14005 1196.5124998516726 0.0 1196.5124998516726 1196.5124998516726 
gen 280 14055 1196.5124998516726 0.0 1196.5124998516726 1196.5124998516726 
gen 281 14105 1196.5124998516726 0.0 1196.5124998516726 1196.5124998516726 
gen 282 14155 1196.5124998516726 0.0 1196.5124998516726 1196.5124998516726 
gen 283 14205 1196.5124998516726 0.0 1196.5124998516726 1196.5124998516726 
gen 284 14255 1196.5124998516726 0.0 1196.5124998516726 1196.5124998516726 
gen 285 14305 1196.5124998516726 0.0 1196.5124998516726 1196.5124998516726 
gen 286 14355 1196.5124998516726 0.0 1196.5124998516726 1196.5124998516726 
gen 287 14405 1196.5124998516726 0.0 1196.5124998516726 1196.5124998516726 
gen 288 14455 1196.5124998516726 0.0 1196.5124998516726 1196.5124998516726 
gen 289 14505 1196.5124998516726 0.0 1196.5124998516726 1196.5124998516726 
gen 290 14555 1196.5124998516726 0.0 1196.5124998516726 1196.5124998516726 
gen 291 14605 1196.5124998516726 0.0 1196.5124998516726 1196.5124998516726 
gen 292 14655 1196.5124998516726 0.0 1196.5124998516726 1196.5124998516726 
gen 293 14705 1196.5124998516726 0.0 1196.5124998516726 1196.5124998516726 
gen 294 14755 1196.5124998516726 0.0 1196.5124998516726 1196.5124998516726 
gen 295 14805 1196.5124998516726 0.0 1196.5124998516726 1196.5124998516726 
gen 296 14855 1196.5124998516726 0.0 1196.5124998516726 1196.5124998516726 
gen 297 14905 1196.5124998516726 0.0 1196.5124998516726 1196.5124998516726 
gen 298 14955 1196.5124998516726 0.0 1196.5124998516726 1196.5124998516726 
gen 299 15005 1196.5124998516726 0.0 1196.5124998516726 1196.5124998516726 
gen 300 15055 1196.5124998516726 0.0 1196.5124998516726 1196.5124998516726 
gen 301 15105 1196.5124998516726 0.0 1196.5124998516726 1196.5124998516726 
gen 302 15155 1196.5124998516726 0.0 1196.5124998516726 1196.5124998516726 
gen 303 15205 1196.5124998516726 0.0 1196.5124998516726 1196.5124998516726 
gen 304 15255 1196.5124998516726 0.0 1196.5124998516726 1196.5124998516726 
gen 305 15305 1196.5124998516726 0.0 1196.5124998516726 1196.5124998516726 
gen 306 15355 1196.5124998516726 0.0 1196.5124998516726 1196.5124998516726 
gen 307 15405 1196.5124998516726 0.0 1196.5124998516726 1196.5124998516726 
gen 308 15455 1196.5124998516726 0.0 1196.5124998516726 1196.5124998516726 
gen 309 15505 1196.5124998516726 0.0 1196.5124998516726 1196.5124998516726 
gen 310 15555 1196.5124998516726 0.0 1196.5124998516726 1196.5124998516726 
gen 311 15605 1196.5124998516726 0.0 1196.5124998516726 1196.5124998516726 
gen 312 15655 1196.5124998516726 0.0 1196.5124998516726 1196.5124998516726 
gen 313 15705 1196.5124998516726 0.0 1196.5124998516726 1196.5124998516726 
gen 314 15755 1196.5124998516726 0.0 1196.5124998516726 1196.5124998516726 
gen 315 15805 1196.5124998516726 0.0 1196.5124998516726 1196.5124998516726 
gen 316 15855 1196.5124998516726 0.0 1196.5124998516726 1196.5124998516726 
gen 317 15905 1196.5124998516726 0.0 1196.5124998516726 1196.5124998516726 
gen 318 15955 1196.5124998516726 0.0 1196.5124998516726 1196.5124998516726 
gen 319 16005 1196.5124998516726 0.0 1196.5124998516726 1196.5124998516726 
gen 320 16055 1196.5124998516726 0.0 1196.5124998516726 1196.5124998516726 
gen 321 16105 1196.5124998516726 0.0 1196.5124998516726 1196.5124998516726 
gen 322 16155 1196.5124998516726 0.0 1196.5124998516726 1196.5124998516726 
gen 323 16205 1196.5124998516726 0.0 1196.5124998516726 1196.5124998516726 
gen 324 16255 1196.5124998516726 0.0 1196.5124998516726 1196.5124998516726 
gen 325 16305 1196.5124998516726 0.0 1196.5124998516726 1196.5124998516726 
gen 326 16355 1196.5124998516726 0.0 1196.5124998516726 1196.5124998516726 
gen 327 16405 1196.5124998516726 0.0 1196.5124998516726 1196.5124998516726 
gen 328 16455 1196.5124998516726 0.0 1196.5124998516726 1196.5124998516726 
gen 329 16505 1196.5124998516726 0.0 1196.5124998516726 1196.5124998516726 
gen 330 16555 1196.5124998516726 0.0 1196.5124998516726 1196.5124998516726 
gen 331 16605 1196.5124998516726 0.0 1196.5124998516726 1196.5124998516726 
gen 332 16655 1196.5124998516726 0.0 1196.5124998516726 1196.5124998516726 
gen 333 16705 1196.5124998516726 0.0 1196.5124998516726 1196.5124998516726 
gen 334 16755 1196.5124998516726 0.0 1196.5124998516726 1196.5124998516726 
gen 335 16805 1196.5124998516726 0.0 1196.5124998516726 1196.5124998516726 
gen 336 16855 1196.5124998516726 0.0 1196.5124998516726 1196.5124998516726 
gen 337 16905 1196.5124998516726 0.0 1196.5124998516726 1196.5124998516726 
gen 338 16955 1196.5124998516726 0.0 1196.5124998516726 1196.5124998516726 
gen 339 17005 1196.5124998516726 0.0 1196.5124998516726 1196.5124998516726 
gen 340 17055 1196.5124998516726 0.0 1196.5124998516726 1196.5124998516726 
gen 341 17105 1196.5124998516726 0.0 1196.5124998516726 1196.5124998516726 
gen 342 17155 1196.5124998516726 0.0 1196.5124998516726 1196.5124998516726 
gen 343 17205 1196.5124998516726 0.0 1196.5124998516726 1196.5124998516726 
gen 344 17255 1196.5124998516726 0.0 1196.5124998516726 1196.5124998516726 
gen 345 17305 1196.5124998516726 0.0 1196.5124998516726 1196.5124998516726 
gen 346 17355 1196.5124998516726 0.0 1196.5124998516726 1196.5124998516726 
gen 347 17405 1196.5124998516726 0.0 1196.5124998516726 1196.5124998516726 
gen 348 17455 1196.5124998516726 0.0 1196.5124998516726 1196.5124998516726 
gen 349 17505 1196.5124998516726 0.0 1196.5124998516726 1196.5124998516726 
[1, 2, 0, 3, 4, 0, 1, 2, 3, 4, 0, 1, 2, 3, 4, 0, 1, 2, 3, 4, 0, 1, 2, 3, 4]
min  1196.5124998516726
NFE 17505
LSNFE 30
VLSNFE 3
runTime 15.851298332214355
