gen 0 360 65.61272377241421 0.39232345034169863 64.59091066940628 66.58993235486804 
gen 1 2520 65.00624205959554 0.1423882691857465 64.57974846861501 65.18964493151543 
gen 2 4680 64.72814240220167 0.09293265704057209 64.3620607909501 64.8464290112225 
gen 3 6840 64.555730804379 0.06966548926682414 64.3013513374552 64.64519133818783 
gen 4 9000 64.4388273873723 0.05264636043565962 64.2799577053679 64.50337463636775 
gen 5 11160 64.3592062465222 0.032217645367748904 64.23955200768683 64.40395565696848 
gen 6 13320 64.31180448716327 0.02138414946377971 64.20892616817167 64.3369386935266 
gen 7 15480 64.28172433204104 0.016744829500447676 64.20892616817167 64.30161943305438 
gen 8 17640 64.26087187096905 0.015381173396105124 64.20497344216095 64.27797795429606 
gen 9 19800 64.24630125730312 0.013748909375623527 64.1827441439937 64.2625687728942 
gen 10 21960 64.23304229236558 0.014201354880421934 64.17952144468578 64.24905333454753 
gen 11 24120 64.22466266882057 0.012604429524845326 64.17952144468578 64.23877542763674 
gen 12 26280 64.21642866223439 0.012139121955407894 64.17142593624872 64.22965318591935 
gen 13 28440 64.20843020998029 0.01163267973090973 64.16487192144595 64.22273478091873 
gen 14 30600 64.20261534807989 0.01001895615270329 64.16443417309598 64.2157852389937 
gen 15 32760 64.19690594702837 0.010003976028638104 64.15495512889113 64.20878653133333 
gen 16 34920 64.1913544236817 0.009321045588003039 64.15495512889113 64.20306040325418 
gen 17 37080 64.18721484599948 0.008888025817820612 64.15495512889113 64.1974866700876 
gen 18 39240 64.18297350521881 0.009545478305759723 64.13254156451373 64.19411948796632 
gen 19 41400 64.17890796039387 0.008781237903383117 64.13254156451373 64.18920713784377 
gen 20 43560 64.17431496982489 0.008695369498866673 64.13254156451373 64.18418009111727 
gen 21 45720 64.17017007290868 0.008806858929596779 64.11653833605672 64.18052764137163 
gen 22 47880 64.165255236937 0.008445671267491042 64.11653833605672 64.17517053367882 
gen 23 50050 64.1618325125771 0.007950011255552685 64.1142526521812 64.17083776069913 
gen 24 52210 64.15836919256698 0.007762118619654695 64.1142526521812 64.16758208108031 
gen 25 54370 64.15520126954306 0.0073022240704686235 64.1142526521812 64.16392884158849 
gen 26 56530 64.15128262857696 0.007120227898475919 64.1142526521812 64.1595219515467 
gen 27 58690 64.14796840605754 0.006976696298694486 64.1142526521812 64.15566316369657 
gen 28 60850 64.14363343371592 0.006987016230676794 64.1142526521812 64.15150734892202 
gen 29 63010 64.1401541484012 0.0063054115398218456 64.1142526521812 64.14803050389104 
gen 30 65170 64.13666687289184 0.005567170597969754 64.1142526521812 64.14374366533981 
gen 31 67330 64.1327490679805 0.0055074075536258 64.1142526521812 64.13950704418643 
gen 32 69490 64.12872446070992 0.004948245328648089 64.10795282520942 64.13512395472415 
gen 33 71650 64.12520330077163 0.004586691031421322 64.10665614621685 64.13064476864609 
gen 34 73810 64.12167896276046 0.004521892430047661 64.10493727891875 64.12697350114915 
gen 35 75970 64.11876987092765 0.00417518853918293 64.09899039932876 64.12363637160344 
gen 36 78130 64.116200713138 0.0037330370217089977 64.09899039932876 64.1205970406268 
gen 37 80290 64.11416630050806 0.0034421138052650227 64.09812621506529 64.11829097922528 
gen 38 82450 64.11185879063852 0.0036099077360271224 64.09748643164447 64.11567159901857 
gen 39 84610 64.10984952112075 0.0033837951489275177 64.09748643164447 64.11369384812194 
gen 40 86770 64.1075594842787 0.003217575156111064 64.0961111475544 64.11129962703045 
gen 41 88930 64.10574711871783 0.002909878808466336 64.0961111475544 64.1092975944812 
gen 42 91090 64.10366347674054 0.002537314705146925 64.09454607277667 64.10700676260747 
gen 43 93250 64.10181060598623 0.002260844714669268 64.09454607277667 64.10473363635087 
gen 44 95410 64.10014032948328 0.0018197247450542876 64.0931690059346 64.10259891208767 
gen 45 97570 64.098842443591 0.0014623889360050198 64.0931690059346 64.10075660846582 
gen 46 99730 64.09776097393839 0.0012529298022359503 64.0931690059346 64.09943009659686 
gen 47 101890 64.09696861381835 0.001094995319653224 64.09213997633026 64.09834103965805 
gen 48 104050 64.0963405677291 0.0010163736179893774 64.09213997633026 64.09752571299633 
gen 49 106210 64.09578696277457 0.0008414389007133557 64.09213997633026 64.0967795964632 
gen 50 108370 64.09538374330124 0.0008515966468237867 64.09213997633026 64.0961111475544 
gen 51 110530 64.09494701520437 0.0008626187602954931 64.0913795130728 64.0959603672771 
gen 52 112690 64.0943733929089 0.0008161713443081074 64.0913795130728 64.09550743938289 
gen 53 114850 64.09391310106312 0.0006306468778986946 64.0913795130728 64.09474800592297 
gen 54 117010 64.09346990993906 0.0005392934038768803 64.09115441121997 64.09426694675106 
gen 55 119170 64.09307494133223 0.0003824983393471287 64.09115441121997 64.0936505423786 
gen 56 121330 64.0927268678918 0.00027339204498278243 64.09070594032725 64.09312637871489 
gen 57 123490 64.09263794900934 0.0002687352144801335 64.09070594032725 64.09274863607608 
gen 58 125650 64.0925585790909 0.0003191171976769621 64.09070594032725 64.09274863607608 
gen 59 127810 64.09240810854784 0.00031846790630444736 64.09070594032725 64.09274863607608 
gen 60 129970 64.09227317983 0.00028793164041954905 64.09070594032725 64.09237479362231 
gen 61 132130 64.09223734606016 0.00033642051280354283 64.09070594032725 64.09237479362231 
gen 62 134290 64.09218974148968 0.0003865606888831806 64.09070594032725 64.09237479362231 
gen 63 136450 64.092112832071 0.00044447238900732175 64.09070594032725 64.09237479362231 
gen 64 138610 64.09202899929711 0.0004771278252814464 64.09070594032725 64.09237479362231 
gen 65 140770 64.09186733177583 0.0005072052043994112 64.09070594032725 64.09237479362231 
gen 66 142930 64.09155849503307 0.00040831725489664876 64.09070594032725 64.09213997633026 
gen 67 145090 64.0912108644887 0.00029546330893367355 64.09070594032725 64.09174453305597 
gen 68 147250 64.09097816043227 0.0001919496167755549 64.09070594032725 64.09125274944505 
gen 69 149410 64.09083261519933 0.0001309701492351094 64.09070594032725 64.0909680262695 
gen 70 151570 64.09070594032724 1.4210854715202004e-14 64.09070594032725 64.09070594032725 
gen 71 153730 64.09070594032724 1.4210854715202004e-14 64.09070594032725 64.09070594032725 
gen 72 155890 64.09070594032724 1.4210854715202004e-14 64.09070594032725 64.09070594032725 
gen 73 158050 64.09070594032724 1.4210854715202004e-14 64.09070594032725 64.09070594032725 
gen 74 160210 64.09070594032724 1.4210854715202004e-14 64.09070594032725 64.09070594032725 
gen 75 162370 64.09070594032724 1.4210854715202004e-14 64.09070594032725 64.09070594032725 
gen 76 164530 64.09070594032724 1.4210854715202004e-14 64.09070594032725 64.09070594032725 
gen 77 166690 64.09070594032724 1.4210854715202004e-14 64.09070594032725 64.09070594032725 
gen 78 168850 64.09070594032724 1.4210854715202004e-14 64.09070594032725 64.09070594032725 
gen 79 171010 64.09070594032724 1.4210854715202004e-14 64.09070594032725 64.09070594032725 
gen 80 173170 64.09070594032724 1.4210854715202004e-14 64.09070594032725 64.09070594032725 
gen 81 175330 64.09070594032724 1.4210854715202004e-14 64.09070594032725 64.09070594032725 
gen 82 177490 64.09070594032724 1.4210854715202004e-14 64.09070594032725 64.09070594032725 
gen 83 179650 64.09070594032724 1.4210854715202004e-14 64.09070594032725 64.09070594032725 
gen 84 181810 64.09070594032724 1.4210854715202004e-14 64.09070594032725 64.09070594032725 
gen 85 183970 64.09070594032724 1.4210854715202004e-14 64.09070594032725 64.09070594032725 
gen 86 186130 64.09070594032724 1.4210854715202004e-14 64.09070594032725 64.09070594032725 
gen 87 188290 64.09070594032724 1.4210854715202004e-14 64.09070594032725 64.09070594032725 
gen 88 190450 64.09070594032724 1.4210854715202004e-14 64.09070594032725 64.09070594032725 
gen 89 192610 64.09070594032724 1.4210854715202004e-14 64.09070594032725 64.09070594032725 
gen 90 194770 64.09070594032724 1.4210854715202004e-14 64.09070594032725 64.09070594032725 
gen 91 196930 64.09070594032724 1.4210854715202004e-14 64.09070594032725 64.09070594032725 
gen 92 199090 64.09070594032724 1.4210854715202004e-14 64.09070594032725 64.09070594032725 
gen 93 201250 64.09070594032724 1.4210854715202004e-14 64.09070594032725 64.09070594032725 
gen 94 203410 64.09070594032724 1.4210854715202004e-14 64.09070594032725 64.09070594032725 
gen 95 205570 64.09070594032724 1.4210854715202004e-14 64.09070594032725 64.09070594032725 
gen 96 207730 64.09070594032724 1.4210854715202004e-14 64.09070594032725 64.09070594032725 
gen 97 209890 64.09070594032724 1.4210854715202004e-14 64.09070594032725 64.09070594032725 
gen 98 212050 64.09070594032724 1.4210854715202004e-14 64.09070594032725 64.09070594032725 
gen 99 214210 64.09070594032724 1.4210854715202004e-14 64.09070594032725 64.09070594032725 
gen 100 216370 64.09070594032724 1.4210854715202004e-14 64.09070594032725 64.09070594032725 
gen 101 218530 64.09070594032724 1.4210854715202004e-14 64.09070594032725 64.09070594032725 
gen 102 220690 64.09070594032724 1.4210854715202004e-14 64.09070594032725 64.09070594032725 
gen 103 222850 64.09070594032724 1.4210854715202004e-14 64.09070594032725 64.09070594032725 
gen 104 225010 64.09070594032724 1.4210854715202004e-14 64.09070594032725 64.09070594032725 
gen 105 227170 64.09070594032724 1.4210854715202004e-14 64.09070594032725 64.09070594032725 
gen 106 229330 64.09070594032724 1.4210854715202004e-14 64.09070594032725 64.09070594032725 
gen 107 231490 64.09070594032724 1.4210854715202004e-14 64.09070594032725 64.09070594032725 
gen 108 233650 64.09070594032724 1.4210854715202004e-14 64.09070594032725 64.09070594032725 
gen 109 235810 64.09070594032724 1.4210854715202004e-14 64.09070594032725 64.09070594032725 
gen 110 237970 64.09070594032724 1.4210854715202004e-14 64.09070594032725 64.09070594032725 
gen 111 240130 64.09070594032724 1.4210854715202004e-14 64.09070594032725 64.09070594032725 
gen 112 242290 64.09070594032724 1.4210854715202004e-14 64.09070594032725 64.09070594032725 
gen 113 244450 64.09070594032724 1.4210854715202004e-14 64.09070594032725 64.09070594032725 
gen 114 246610 64.09070594032724 1.4210854715202004e-14 64.09070594032725 64.09070594032725 
gen 115 248770 64.09070594032724 1.4210854715202004e-14 64.09070594032725 64.09070594032725 
gen 116 250930 64.09070594032724 1.4210854715202004e-14 64.09070594032725 64.09070594032725 
gen 117 253090 64.09070594032724 1.4210854715202004e-14 64.09070594032725 64.09070594032725 
[7, 6, 2, 4, 16, 9, 13, 11, 0, 5, 8, 12, 17, 14, 15, 10, 3, 1, 4, 2, 12, 3, 6, 9, 11, 14, 5, 10, 0, 8, 1, 13, 16, 17, 7, 15, 0, 7, 9, 10, 14, 6, 3, 11, 1, 13, 2, 16, 15, 4, 17, 5, 12, 8, 7, 13, 6, 14, 5, 3, 16, 17, 1, 2, 9, 8, 12, 0, 11, 10, 4, 15, 17, 15, 8, 9, 1, 4, 14, 12, 16, 2, 5, 11, 3, 0, 7, 13, 6, 10, 15, 13, 0, 14, 3, 4, 2, 12, 16, 7, 17, 5, 9, 1, 6, 8, 11, 10, 13, 17, 11, 4, 3, 5, 10, 1, 16, 9, 7, 6, 15, 0, 2, 12, 14, 8, 12, 16, 7, 8, 2, 9, 0, 3, 11, 13, 17, 4, 6, 10, 5, 1, 15, 14, 8, 6, 13, 9, 11, 12, 16, 10, 15, 0, 14, 3, 4, 2, 17, 5, 1, 7, 15, 17, 0, 2, 12, 10, 3, 5, 9, 7, 1, 11, 6, 13, 8, 14, 16, 4, 10, 7, 0, 2, 12, 3, 14, 5, 13, 6, 1, 11, 15, 4, 8, 9, 17, 16, 15, 0, 14, 3, 4, 11, 12, 2, 9, 8, 7, 6, 17, 10, 16, 5, 1, 13, 12, 7, 6, 17, 2, 14, 13, 16, 5, 0, 4, 1, 3, 8, 15, 11, 9, 10, 9, 2, 7, 14, 16, 4, 17, 6, 13, 11, 0, 10, 12, 15, 3, 5, 8, 1, 15, 11, 4, 6, 7, 13, 14, 3, 12, 1, 8, 16, 9, 0, 10, 5, 2, 17, 5, 4, 2, 14, 3, 6, 12, 1, 15, 17, 11, 8, 10, 0, 9, 16, 13, 7, 5, 7, 3, 14, 4, 6, 13, 10, 0, 12, 17, 15, 1, 9, 11, 2, 16, 8, 14, 10, 12, 16, 5, 1, 8, 4, 15, 17, 2, 11, 9, 3, 0, 13, 7, 6, 9, 11, 0, 7, 3, 14, 8, 12, 17, 13, 5, 4, 2, 16, 1, 15, 10, 6, 10, 5, 2, 6, 16, 1, 0, 9, 8, 7, 11, 14, 15, 3, 17, 12, 4, 13]
min  64.09070594032725
NFE 253090
LSNFE 10
VLSNFE 1
runTime 640.6790053844452
