gen 0 360 65.6118329491892 0.380838352997675 64.47649901279787 66.5077874556316 
gen 1 2520 65.00794101420844 0.14888361412551418 64.47649901279787 65.19957352298097 
gen 2 4680 64.72179107548742 0.09487221633806087 64.38776865900392 64.83714170964105 
gen 3 6840 64.55239670209114 0.059920618014997054 64.30885763141927 64.62796714116381 
gen 4 9000 64.45524501715035 0.046261171486140236 64.2776531569412 64.51154810386394 
gen 5 11160 64.3823688682739 0.03589272734540341 64.21493356506409 64.42608636206278 
gen 6 13320 64.32815027037023 0.025112697801727694 64.21493356506409 64.35973974815593 
gen 7 15480 64.29203390249711 0.01840400268703394 64.20415189128526 64.31319783093203 
gen 8 17640 64.26893048683141 0.015759665971050486 64.20415189128526 64.28564068142991 
gen 9 19800 64.2510312054643 0.01524306857710607 64.1837992116289 64.26790158776227 
gen 10 21960 64.23862188059607 0.015420009469396402 64.15532095868593 64.25509370665311 
gen 11 24120 64.22566819899359 0.015058207825153692 64.15532095868593 64.24180845026335 
gen 12 26280 64.2148273021364 0.0135138219485271 64.15532095868593 64.2306238374368 
gen 13 28440 64.20614303662417 0.012009084722793212 64.15532095868593 64.21992497762054 
gen 14 30600 64.19805915883896 0.011819024986384076 64.15532095868593 64.21115759126754 
gen 15 32760 64.18987418285016 0.01175457897934321 64.14023077475909 64.20355838903541 
gen 16 34920 64.18401529490319 0.009925531150200347 64.14023077475909 64.19690331085076 
gen 17 37080 64.17793153047151 0.008829682143322814 64.14023077475909 64.18903873895836 
gen 18 39240 64.17246792328169 0.007874103775800705 64.13704340260203 64.18242784301123 
gen 19 41400 64.1684105029631 0.007214210342389704 64.13704340260203 64.17690133739397 
gen 20 43560 64.16433154644139 0.006668583955511248 64.13704340260203 64.17248499518554 
gen 21 45720 64.16017771363455 0.006106436242633801 64.1324880745545 64.16769969454434 
gen 22 47880 64.15644884067231 0.006050542042567307 64.1324880745545 64.1635486448129 
gen 23 50040 64.15290397675179 0.006247449342474004 64.12436358241237 64.15971454432997 
gen 24 52200 64.1492815262226 0.006214032893454615 64.11956773275799 64.15624546604761 
gen 25 54360 64.14543868110016 0.005841300654841671 64.11956773275799 64.15215910103774 
gen 26 56520 64.1417593395067 0.005543014895129475 64.11956773275799 64.14877620351598 
gen 27 58680 64.13785728156735 0.005334976918071707 64.11293618215954 64.14405481887653 
gen 28 60840 64.13442380733188 0.005269360900968936 64.10825929971888 64.14076347814115 
gen 29 63000 64.13118238422584 0.004905641366933873 64.10646196696048 64.13707489976136 
gen 30 65170 64.12795750942107 0.005068615039714769 64.10420426215848 64.13375522498885 
gen 31 67330 64.12524199475904 0.005048252819847021 64.09795166346589 64.13079035340627 
gen 32 69490 64.12263528948726 0.004890017283895185 64.09795166346589 64.1277152047929 
gen 33 71650 64.11952379765187 0.004541141740711914 64.09795166346589 64.12476506747825 
gen 34 73810 64.11673011764034 0.004453324738794733 64.09761295794662 64.12175129450438 
gen 35 75970 64.11405468305215 0.004157793460978121 64.09761295794662 64.11899300851928 
gen 36 78130 64.1113167753051 0.0038671121907481966 64.09761295794662 64.11604144256319 
gen 37 80290 64.10891740343048 0.0034249335778931225 64.09623922559621 64.11342968285592 
gen 38 82450 64.10687805566344 0.0033985092375372282 64.0931884020505 64.11105653946427 
gen 39 84610 64.1043444741052 0.0033029888152134794 64.09191940465699 64.10833161098442 
gen 40 86770 64.10225538724373 0.0030270021539875484 64.09191940465699 64.10599846150758 
gen 41 88930 64.09998001110394 0.002703862481703874 64.09120399944999 64.10318578959811 
gen 42 91090 64.0984168800783 0.002409575940246288 64.08852480964309 64.10143540234465 
gen 43 93250 64.09681441411614 0.0023373162835369447 64.08730679493296 64.09959664909209 
gen 44 95410 64.09563828856109 0.002199623009709677 64.08616474192492 64.09814912683099 
gen 45 97570 64.09444559365649 0.0019955948507151657 64.08616474192492 64.09678923608314 
gen 46 99730 64.0935538919064 0.0018629567384923116 64.08616474192492 64.09562739225686 
gen 47 101890 64.0928228861164 0.001773376811942402 64.0852083464165 64.0948240819985 
gen 48 104050 64.09201844443552 0.0016884774441935921 64.0852083464165 64.0940227393165 
gen 49 106210 64.09128502443563 0.0016176082283124698 64.0852083464165 64.09321672800102 
gen 50 108370 64.09051063715377 0.0014936488175455304 64.0852083464165 64.09223505833957 
gen 51 110530 64.08987074951824 0.0013358607345238865 64.0852083464165 64.09145829864394 
gen 52 112690 64.08908661970453 0.0013175934939467003 64.080220189032 64.09073657149847 
gen 53 114850 64.08848000575611 0.0012120321121300032 64.080220189032 64.09000106329215 
gen 54 117020 64.08774365684417 0.0011940145470531285 64.07846063829233 64.08904968215599 
gen 55 119180 64.08704557505946 0.0011172414588605513 64.07846063829233 64.0882585705442 
gen 56 121340 64.08656508556957 0.0011054950699681643 64.07846063829233 64.08772014798625 
gen 57 123500 64.08594391643486 0.0011686054445442563 64.07846063829233 64.08711757668144 
gen 58 125660 64.08537204548631 0.0011749694553660006 64.07846063829233 64.08652433197267 
gen 59 127820 64.08479517553609 0.0012528224931711407 64.0780242615872 64.08602282027286 
gen 60 129980 64.0841731628643 0.001337839465510164 64.0780242615872 64.08548324889586 
gen 61 132140 64.08347372646948 0.0013386454301095641 64.07726958487801 64.08484221478307 
gen 62 134300 64.08258857149721 0.0014024316118190975 64.07567897718125 64.0840705352227 
gen 63 136460 64.08151417031921 0.0012998110734430816 64.07567897718125 64.08304310409984 
gen 64 138630 64.08033437996208 0.001216524486904546 64.07562987130538 64.08167296466813 
gen 65 140790 64.07920181151394 0.0010398630774171088 64.07562987130538 64.08049339673103 
gen 66 142950 64.07822619616486 0.0008909204036728804 64.07531926388212 64.07933768450367 
gen 67 145110 64.07740706960666 0.0007872665890861938 64.07415846990982 64.07844316829481 
gen 68 147270 64.07676177761896 0.0006995737734489701 64.07415846990982 64.07759609707205 
gen 69 149430 64.07618500549593 0.0006396235079904673 64.07415846990982 64.07700462392248 
gen 70 151590 64.07570742994066 0.0005343675977256691 64.07357293515558 64.07641768551018 
gen 71 153750 64.07528795270531 0.0004991048595282325 64.07357293515558 64.07589757760388 
gen 72 155910 64.0749287581803 0.0004716363783197401 64.07357293515558 64.07555525668607 
gen 73 158070 64.07458964284774 0.0003834479185702516 64.07357293515558 64.07512070221772 
gen 74 160230 64.07430157679275 0.0003809552822272398 64.07357293515558 64.07477951267613 
gen 75 162390 64.07407907101512 0.0003398214516965834 64.07357293515558 64.07444625190665 
gen 76 164550 64.07383824065914 0.00028494283963920246 64.07357293515558 64.07437562295785 
gen 77 166710 64.07361988064739 0.000135981326924 64.07357293515558 64.07401551590931 
gen 78 168870 64.07357293515557 1.4210854715202004e-14 64.07357293515558 64.07357293515558 
gen 79 171030 64.07357293515557 1.4210854715202004e-14 64.07357293515558 64.07357293515558 
gen 80 173190 64.07357293515557 1.4210854715202004e-14 64.07357293515558 64.07357293515558 
gen 81 175350 64.07357293515557 1.4210854715202004e-14 64.07357293515558 64.07357293515558 
gen 82 177510 64.07357293515557 1.4210854715202004e-14 64.07357293515558 64.07357293515558 
gen 83 179670 64.07357293515557 1.4210854715202004e-14 64.07357293515558 64.07357293515558 
gen 84 181830 64.07357293515557 1.4210854715202004e-14 64.07357293515558 64.07357293515558 
gen 85 183990 64.07357293515557 1.4210854715202004e-14 64.07357293515558 64.07357293515558 
gen 86 186150 64.07357293515557 1.4210854715202004e-14 64.07357293515558 64.07357293515558 
gen 87 188310 64.07357293515557 1.4210854715202004e-14 64.07357293515558 64.07357293515558 
gen 88 190470 64.07357293515557 1.4210854715202004e-14 64.07357293515558 64.07357293515558 
gen 89 192630 64.07357293515557 1.4210854715202004e-14 64.07357293515558 64.07357293515558 
gen 90 194790 64.07357293515557 1.4210854715202004e-14 64.07357293515558 64.07357293515558 
gen 91 196950 64.07357293515557 1.4210854715202004e-14 64.07357293515558 64.07357293515558 
gen 92 199110 64.07357293515557 1.4210854715202004e-14 64.07357293515558 64.07357293515558 
gen 93 201270 64.07357293515557 1.4210854715202004e-14 64.07357293515558 64.07357293515558 
gen 94 203430 64.07357293515557 1.4210854715202004e-14 64.07357293515558 64.07357293515558 
gen 95 205590 64.07357293515557 1.4210854715202004e-14 64.07357293515558 64.07357293515558 
gen 96 207750 64.07357293515557 1.4210854715202004e-14 64.07357293515558 64.07357293515558 
gen 97 209910 64.07357293515557 1.4210854715202004e-14 64.07357293515558 64.07357293515558 
gen 98 212070 64.07357293515557 1.4210854715202004e-14 64.07357293515558 64.07357293515558 
gen 99 214230 64.07357293515557 1.4210854715202004e-14 64.07357293515558 64.07357293515558 
gen 100 216390 64.07357293515557 1.4210854715202004e-14 64.07357293515558 64.07357293515558 
gen 101 218550 64.07357293515557 1.4210854715202004e-14 64.07357293515558 64.07357293515558 
gen 102 220710 64.07357293515557 1.4210854715202004e-14 64.07357293515558 64.07357293515558 
gen 103 222870 64.07357293515557 1.4210854715202004e-14 64.07357293515558 64.07357293515558 
gen 104 225030 64.07357293515557 1.4210854715202004e-14 64.07357293515558 64.07357293515558 
gen 105 227190 64.07357293515557 1.4210854715202004e-14 64.07357293515558 64.07357293515558 
gen 106 229350 64.07357293515557 1.4210854715202004e-14 64.07357293515558 64.07357293515558 
gen 107 231510 64.07357293515557 1.4210854715202004e-14 64.07357293515558 64.07357293515558 
gen 108 233670 64.07357293515557 1.4210854715202004e-14 64.07357293515558 64.07357293515558 
gen 109 235830 64.07357293515557 1.4210854715202004e-14 64.07357293515558 64.07357293515558 
gen 110 237990 64.07357293515557 1.4210854715202004e-14 64.07357293515558 64.07357293515558 
gen 111 240150 64.07357293515557 1.4210854715202004e-14 64.07357293515558 64.07357293515558 
gen 112 242310 64.07357293515557 1.4210854715202004e-14 64.07357293515558 64.07357293515558 
gen 113 244470 64.07357293515557 1.4210854715202004e-14 64.07357293515558 64.07357293515558 
gen 114 246630 64.07357293515557 1.4210854715202004e-14 64.07357293515558 64.07357293515558 
gen 115 248790 64.07357293515557 1.4210854715202004e-14 64.07357293515558 64.07357293515558 
gen 116 250950 64.07357293515557 1.4210854715202004e-14 64.07357293515558 64.07357293515558 
gen 117 253110 64.07357293515557 1.4210854715202004e-14 64.07357293515558 64.07357293515558 
[8, 10, 15, 3, 7, 16, 4, 14, 12, 13, 6, 5, 17, 9, 1, 0, 2, 11, 5, 11, 6, 17, 9, 15, 14, 7, 2, 8, 10, 12, 0, 4, 13, 16, 3, 1, 15, 12, 13, 9, 7, 16, 10, 11, 1, 14, 17, 6, 8, 4, 0, 3, 2, 5, 0, 1, 11, 6, 2, 4, 15, 8, 7, 13, 12, 10, 17, 9, 5, 16, 3, 14, 7, 12, 11, 4, 13, 2, 1, 3, 10, 5, 9, 8, 17, 14, 15, 6, 0, 16, 15, 16, 10, 2, 14, 7, 3, 4, 13, 1, 8, 6, 5, 9, 12, 0, 17, 11, 7, 14, 1, 17, 13, 12, 5, 0, 4, 8, 3, 16, 2, 6, 10, 9, 15, 11, 9, 1, 10, 7, 0, 3, 6, 17, 4, 8, 13, 2, 5, 15, 12, 16, 11, 14, 8, 6, 13, 9, 11, 12, 0, 15, 16, 10, 2, 14, 7, 3, 4, 1, 5, 17, 8, 11, 14, 16, 0, 9, 12, 5, 7, 3, 17, 13, 6, 1, 4, 10, 15, 2, 13, 1, 15, 10, 6, 3, 16, 0, 4, 11, 5, 9, 2, 17, 12, 14, 8, 7, 15, 16, 10, 2, 14, 7, 3, 8, 6, 4, 1, 5, 0, 13, 11, 12, 9, 17, 4, 1, 5, 3, 9, 2, 14, 0, 16, 6, 12, 11, 15, 10, 13, 7, 17, 8, 14, 3, 12, 4, 1, 8, 16, 15, 7, 5, 2, 13, 17, 0, 9, 10, 11, 6, 4, 7, 16, 6, 9, 3, 0, 5, 14, 11, 12, 10, 1, 8, 17, 13, 15, 2, 7, 10, 14, 0, 1, 16, 15, 5, 8, 3, 13, 17, 6, 2, 12, 9, 4, 11, 1, 12, 6, 0, 9, 7, 17, 5, 3, 11, 2, 13, 15, 14, 10, 4, 8, 16, 12, 3, 8, 14, 2, 6, 9, 13, 5, 11, 4, 10, 7, 0, 16, 17, 1, 15, 2, 7, 13, 3, 16, 14, 9, 12, 0, 6, 4, 17, 11, 15, 1, 10, 5, 8, 0, 16, 13, 9, 12, 7, 2, 17, 15, 6, 1, 3, 14, 11, 8, 4, 5, 10]
min  64.07357293515558
NFE 253110
LSNFE 30
VLSNFE 3
runTime 657.5019543170929
