gen 0 360 65.61915183628503 0.3636804588228195 64.67244292251512 66.59083135071828 
gen 1 2520 65.04054810622611 0.14496581052644208 64.46917738811788 65.22530054129662 
gen 2 4680 64.75477599450298 0.08860465409683982 64.46917738811788 64.86516519318813 
gen 3 6840 64.58403158895081 0.06497390219213904 64.27022481874728 64.66063059967665 
gen 4 9000 64.47383322684146 0.05002425611109479 64.26880202477119 64.5310035016896 
gen 5 11160 64.38812607484971 0.040700735796098945 64.26880202477119 64.43933323674705 
gen 6 13320 64.32829988782396 0.02569806471779683 64.2369552581859 64.36051108561313 
gen 7 15480 64.29195762538184 0.018027428629526047 64.22916235417952 64.31354414100952 
gen 8 17640 64.26733331342577 0.0157975245773884 64.19504457676857 64.28633642761562 
gen 9 19800 64.24936557279123 0.014694243281850422 64.16987445562197 64.26512264471651 
gen 10 21960 64.23715364396467 0.013532616532356894 64.16987445562197 64.25219894862559 
gen 11 24120 64.22610061499694 0.012594360994428292 64.16570900868084 64.24065885623698 
gen 12 26280 64.21659776297508 0.012566070187016698 64.16570900868084 64.23006604387729 
gen 13 28440 64.20716969152942 0.012477510073803938 64.16570900868084 64.22172542701435 
gen 14 30600 64.19791508679516 0.011413134860044645 64.1572255777975 64.21092698333413 
gen 15 32760 64.18966215275628 0.011061482109985603 64.14744076854393 64.2024745157768 
gen 16 34920 64.182752736784 0.010328341280444901 64.14360113693897 64.1945895186797 
gen 17 37080 64.17556127687443 0.009588176290081856 64.13179506418241 64.18701463464595 
gen 18 39240 64.16835363759388 0.008751497169042952 64.13179506418241 64.17875116933162 
gen 19 41400 64.16226466984712 0.008730808680547267 64.13046896035777 64.17227470924483 
gen 20 43560 64.15605790792469 0.008282283170697654 64.12513070273533 64.16565226693488 
gen 21 45720 64.15051296932614 0.00805031257468363 64.11753440078127 64.15908157441164 
gen 22 47880 64.14499246471617 0.007905515652680911 64.11536912379961 64.15384933317677 
gen 23 50040 64.13951312268227 0.0071109587241808304 64.10844626782402 64.14783441279971 
gen 24 52200 64.13473841704403 0.006383691140269077 64.10844626782402 64.14309673280613 
gen 25 54360 64.13139668311644 0.0051829493024065495 64.10844626782402 64.13806318099093 
gen 26 56520 64.12828105236919 0.0050350524097897845 64.10276475013916 64.1342731755949 
gen 27 58680 64.12488796037954 0.005624909257236404 64.09808943413843 64.13109480947872 
gen 28 60840 64.12174624850991 0.005689564151246677 64.09808943413843 64.12812872529013 
gen 29 63000 64.11827831143387 0.005706146557450308 64.09808943413843 64.12494474118623 
gen 30 65160 64.11495776611682 0.005356817542422804 64.09513076432168 64.12122959931625 
gen 31 67320 64.11151892743767 0.004903491564435459 64.08869640343767 64.11725102521 
gen 32 69480 64.10803938947862 0.0045776888362059 64.08616150842016 64.11352377735759 
gen 33 71640 64.10470085013493 0.004294358661982088 64.08616150842016 64.10980537453169 
gen 34 73800 64.10109647802656 0.004167355519630112 64.08616150842016 64.10593784528996 
gen 35 75960 64.09822640918595 0.0036987876852083955 64.08589851002056 64.10271581784224 
gen 36 78120 64.09508218567812 0.0033915058292241077 64.08261063836088 64.09914139885845 
gen 37 80280 64.09203834841193 0.003160985069341852 64.08001802634995 64.09584949310596 
gen 38 82440 64.08923170716072 0.0027228154836218777 64.08001802634995 64.09253470862768 
gen 39 84600 64.08689170514384 0.0025180972824348324 64.07726936467186 64.08990094967268 
gen 40 86760 64.08501506324457 0.0023219890772154693 64.07461169744477 64.087750716497 
gen 41 88920 64.08362077579713 0.0020166425863393407 64.07461169744477 64.08595958637827 
gen 42 91080 64.08216723915403 0.0018220493230822958 64.07461169744477 64.08440917174892 
gen 43 93240 64.08095090190886 0.0015509649065752781 64.07461169744477 64.0828166135239 
gen 44 95400 64.07997599577772 0.0014086189652978988 64.07402378184256 64.081757694309 
gen 45 97560 64.0789954969886 0.0013196231411899534 64.07402378184256 64.08052941834549 
gen 46 99720 64.07818948305344 0.0013137358680832287 64.07402378184256 64.07979621937221 
gen 47 101880 64.07737503512875 0.001129415857596992 64.07348957197676 64.07891429042355 
gen 48 104040 64.07668200031544 0.0010389069327558943 64.07263503605336 64.07798084037572 
gen 49 106200 64.07596669914467 0.0009900611379737839 64.07245564002874 64.0771257996932 
gen 50 108360 64.07545502412859 0.0008948224166020446 64.07245564002874 64.07649442655998 
gen 51 110520 64.07490927132064 0.0008442444954087367 64.07145052751179 64.07590984180713 
gen 52 112680 64.07428594959582 0.0007318191145782913 64.07145052751179 64.07520162325844 
gen 53 114840 64.07379642802482 0.00070488305142018 64.0703707401449 64.07449737847627 
gen 54 117000 64.07335847786926 0.0006631660207685537 64.0703707401449 64.07413685990748 
gen 55 119160 64.07299351314639 0.0005942844567165739 64.0703707401449 64.07377045664008 
gen 56 121320 64.0726243497828 0.0005441029605907883 64.0703707401449 64.07334488502153 
gen 57 123480 64.07235030606287 0.000423391342237308 64.0703707401449 64.07303741544357 
gen 58 125640 64.07219093353537 0.0004642022193350844 64.0703707401449 64.07245772437331 
gen 59 127800 64.07199230294137 0.0005748334305784728 64.0703707401449 64.07245772437331 
gen 60 129960 64.07164983655417 0.0005659136915118467 64.06988432032091 64.0723524558477 
gen 61 132120 64.0711922113085 0.0004516344619736301 64.06988432032091 64.0717508543679 
gen 62 134280 64.07085754889718 0.00033684634925913243 64.06988432032091 64.0714203628188 
gen 63 136440 64.0706133655875 0.0002461807756681998 64.06988432032091 64.07107802136585 
gen 64 138600 64.07045141514755 0.00010901948951434159 64.06988432032091 64.07053113628425 
gen 65 140760 64.0703962089278 0.00011033313535462976 64.06988432032091 64.07053113628425 
gen 66 142920 64.07034211513331 0.00012617431606597236 64.06988432032091 64.0704305947071 
gen 67 145080 64.07029912833747 0.00017235182563183225 64.06988432032091 64.0703707401449 
gen 68 147240 64.07021535603445 0.00022679878719509362 64.06988432032091 64.0703707401449 
gen 69 149400 64.07002619276956 0.00022109224277969567 64.06988432032091 64.0703707401449 
gen 70 151560 64.0698843203209 1.4210854715202004e-14 64.06988432032091 64.06988432032091 
gen 71 153720 64.0698843203209 1.4210854715202004e-14 64.06988432032091 64.06988432032091 
gen 72 155880 64.0698843203209 1.4210854715202004e-14 64.06988432032091 64.06988432032091 
gen 73 158040 64.0698843203209 1.4210854715202004e-14 64.06988432032091 64.06988432032091 
gen 74 160200 64.0698843203209 1.4210854715202004e-14 64.06988432032091 64.06988432032091 
gen 75 162360 64.0698843203209 1.4210854715202004e-14 64.06988432032091 64.06988432032091 
gen 76 164520 64.0698843203209 1.4210854715202004e-14 64.06988432032091 64.06988432032091 
gen 77 166680 64.0698843203209 1.4210854715202004e-14 64.06988432032091 64.06988432032091 
gen 78 168840 64.0698843203209 1.4210854715202004e-14 64.06988432032091 64.06988432032091 
gen 79 171000 64.0698843203209 1.4210854715202004e-14 64.06988432032091 64.06988432032091 
gen 80 173160 64.0698843203209 1.4210854715202004e-14 64.06988432032091 64.06988432032091 
gen 81 175320 64.0698843203209 1.4210854715202004e-14 64.06988432032091 64.06988432032091 
gen 82 177480 64.0698843203209 1.4210854715202004e-14 64.06988432032091 64.06988432032091 
gen 83 179640 64.0698843203209 1.4210854715202004e-14 64.06988432032091 64.06988432032091 
gen 84 181800 64.0698843203209 1.4210854715202004e-14 64.06988432032091 64.06988432032091 
gen 85 183960 64.0698843203209 1.4210854715202004e-14 64.06988432032091 64.06988432032091 
gen 86 186120 64.0698843203209 1.4210854715202004e-14 64.06988432032091 64.06988432032091 
gen 87 188280 64.0698843203209 1.4210854715202004e-14 64.06988432032091 64.06988432032091 
gen 88 190440 64.0698843203209 1.4210854715202004e-14 64.06988432032091 64.06988432032091 
gen 89 192600 64.0698843203209 1.4210854715202004e-14 64.06988432032091 64.06988432032091 
gen 90 194760 64.0698843203209 1.4210854715202004e-14 64.06988432032091 64.06988432032091 
gen 91 196920 64.0698843203209 1.4210854715202004e-14 64.06988432032091 64.06988432032091 
gen 92 199080 64.0698843203209 1.4210854715202004e-14 64.06988432032091 64.06988432032091 
gen 93 201240 64.0698843203209 1.4210854715202004e-14 64.06988432032091 64.06988432032091 
gen 94 203400 64.0698843203209 1.4210854715202004e-14 64.06988432032091 64.06988432032091 
gen 95 205560 64.0698843203209 1.4210854715202004e-14 64.06988432032091 64.06988432032091 
gen 96 207720 64.0698843203209 1.4210854715202004e-14 64.06988432032091 64.06988432032091 
gen 97 209880 64.0698843203209 1.4210854715202004e-14 64.06988432032091 64.06988432032091 
gen 98 212040 64.0698843203209 1.4210854715202004e-14 64.06988432032091 64.06988432032091 
gen 99 214200 64.0698843203209 1.4210854715202004e-14 64.06988432032091 64.06988432032091 
gen 100 216360 64.0698843203209 1.4210854715202004e-14 64.06988432032091 64.06988432032091 
gen 101 218520 64.0698843203209 1.4210854715202004e-14 64.06988432032091 64.06988432032091 
gen 102 220680 64.0698843203209 1.4210854715202004e-14 64.06988432032091 64.06988432032091 
gen 103 222840 64.0698843203209 1.4210854715202004e-14 64.06988432032091 64.06988432032091 
gen 104 225000 64.0698843203209 1.4210854715202004e-14 64.06988432032091 64.06988432032091 
gen 105 227160 64.0698843203209 1.4210854715202004e-14 64.06988432032091 64.06988432032091 
gen 106 229320 64.0698843203209 1.4210854715202004e-14 64.06988432032091 64.06988432032091 
gen 107 231480 64.0698843203209 1.4210854715202004e-14 64.06988432032091 64.06988432032091 
gen 108 233640 64.0698843203209 1.4210854715202004e-14 64.06988432032091 64.06988432032091 
gen 109 235800 64.0698843203209 1.4210854715202004e-14 64.06988432032091 64.06988432032091 
gen 110 237960 64.0698843203209 1.4210854715202004e-14 64.06988432032091 64.06988432032091 
gen 111 240120 64.0698843203209 1.4210854715202004e-14 64.06988432032091 64.06988432032091 
gen 112 242280 64.0698843203209 1.4210854715202004e-14 64.06988432032091 64.06988432032091 
gen 113 244440 64.0698843203209 1.4210854715202004e-14 64.06988432032091 64.06988432032091 
gen 114 246600 64.0698843203209 1.4210854715202004e-14 64.06988432032091 64.06988432032091 
gen 115 248760 64.0698843203209 1.4210854715202004e-14 64.06988432032091 64.06988432032091 
gen 116 250920 64.0698843203209 1.4210854715202004e-14 64.06988432032091 64.06988432032091 
gen 117 253080 64.0698843203209 1.4210854715202004e-14 64.06988432032091 64.06988432032091 
[17, 2, 8, 15, 4, 6, 11, 7, 10, 3, 1, 16, 14, 9, 0, 12, 5, 13, 10, 0, 6, 13, 16, 7, 17, 5, 4, 15, 3, 9, 12, 14, 2, 11, 8, 1, 4, 9, 5, 13, 15, 16, 8, 10, 11, 3, 6, 12, 0, 17, 14, 1, 7, 2, 0, 1, 11, 9, 6, 4, 7, 15, 5, 2, 12, 17, 10, 13, 14, 3, 8, 16, 10, 2, 3, 8, 5, 9, 4, 1, 6, 14, 7, 11, 17, 12, 13, 16, 15, 0, 16, 14, 10, 12, 0, 4, 6, 7, 2, 8, 3, 9, 1, 11, 15, 13, 5, 17, 13, 10, 5, 7, 4, 2, 16, 12, 8, 3, 14, 0, 6, 9, 15, 1, 17, 11, 13, 8, 14, 3, 7, 6, 17, 1, 4, 15, 16, 10, 5, 0, 11, 9, 12, 2, 8, 6, 13, 9, 11, 12, 15, 0, 16, 14, 10, 4, 7, 2, 3, 1, 5, 17, 11, 3, 15, 12, 13, 5, 9, 4, 6, 8, 17, 14, 0, 2, 10, 7, 1, 16, 6, 3, 8, 1, 9, 12, 11, 0, 16, 4, 10, 7, 17, 13, 5, 15, 2, 14, 0, 16, 14, 13, 10, 12, 4, 8, 7, 2, 6, 11, 3, 1, 5, 17, 15, 9, 16, 15, 13, 3, 12, 0, 1, 14, 10, 8, 9, 2, 11, 5, 4, 17, 7, 6, 2, 9, 3, 0, 8, 6, 12, 1, 14, 5, 7, 10, 11, 17, 16, 4, 15, 13, 4, 15, 0, 14, 2, 8, 6, 5, 11, 1, 3, 10, 17, 9, 12, 16, 7, 13, 17, 12, 2, 11, 14, 9, 13, 16, 4, 5, 10, 8, 0, 15, 6, 7, 3, 1, 15, 16, 11, 14, 13, 3, 6, 7, 10, 9, 12, 5, 2, 0, 17, 4, 8, 1, 17, 1, 5, 10, 0, 7, 4, 11, 13, 16, 6, 2, 14, 12, 8, 9, 3, 15, 4, 1, 5, 3, 10, 12, 11, 14, 2, 8, 13, 16, 0, 17, 6, 7, 15, 9, 1, 7, 11, 13, 15, 4, 10, 5, 8, 3, 2, 9, 6, 16, 12, 14, 0, 17]
min  64.06988432032091
NFE 253080
LSNFE 0
VLSNFE 0
runTime 658.8391914367676
