gen 0 391 1e+16 0.0 1e+16 1e+16 
gen 1 8187 9820971867007694.0 1325982751592241.2 1150.228994856795 1e+16 
gen 2 16123 9590792838874730.0 1981065650233730.2 1022.6817297024644 1e+16 
gen 3 23859 9411764705882424.0 2352941176470302.5 1022.6817297024644 1e+16 
gen 4 31685 9232736572890118.0 2661567414986422.0 992.99909204398 1e+16 
gen 5 39301 9028132992327480.0 2962118261670471.0 992.99909204398 1e+16 
gen 6 47037 8849104859335175.0 3191299387685366.0 992.99909204398 1e+16 
gen 7 54773 8465473145780231.0 3604233049606294.0 922.9290409912336 1e+16 
gen 8 62739 8005115089514298.0 3996158567771198.5 922.9290409912336 1e+16 
gen 9 70345 7416879795396719.0 4377064319221288.0 922.9290409912336 1e+16 
gen 10 77981 6803069053708808.0 4663576094324392.0 853.8117932742139 1e+16 
gen 11 85957 6061381074169248.0 4886048527735968.0 853.8117932742139 1e+16 
gen 12 93733 5063938618926390.0 4999591168586107.0 853.8117932742139 1e+16 
gen 13 101729 3682864450128590.0 4823396515242948.0 853.8117932742139 1e+16 
gen 14 109435 1508951406650567.8 3579466401415640.5 851.7218223833077 1e+16 
gen 15 117271 1090.107092607057 96.9902170691819 839.1619123670176 1268.9152038408076 
gen 16 125227 1041.9659149805543 73.85593070118279 839.1619123670176 1155.2030154046208 
gen 17 133113 1005.0586395392253 62.01862638952222 808.9661615479423 1098.757311690464 
gen 18 141089 976.5235445531957 54.63825658592307 789.6674857521294 1054.5833176993312 
gen 19 148865 952.092319682491 45.7015604972 789.6674857521294 1014.0497119502858 
gen 20 157001 930.5690891827281 40.31812802101463 789.6674857521294 982.5051583929308 
gen 21 165127 909.6266763210061 38.098977393374064 781.1548009276034 958.6570825215657 
gen 22 172853 894.4484475644173 35.9323357415341 768.7871281899687 940.4300134037413 
gen 23 180579 881.7287562639838 32.94476470664454 763.6241239058844 921.8963504906282 
gen 24 188365 867.9964717532837 32.06370014668267 763.0661481750628 908.5658813972568 
gen 25 195871 854.0905775994772 30.67477305783332 741.0001675100833 894.2959594697572 
gen 26 203717 839.9036950793238 30.934512826568096 689.0676638333053 878.5264321863762 
gen 27 211133 827.2087237417841 30.318396365594094 689.0676638333053 863.8871861966794 
gen 28 219129 814.1778466080942 29.901132199166476 685.3391983808422 851.9806455043599 
gen 29 227445 803.1739654346607 29.656359900603125 678.2346832981049 839.5558975908558 
gen 30 235191 793.9673832627311 28.014438379133306 678.2346832981049 828.6994559959335 
gen 31 242967 785.4480632103374 27.29531098559428 678.2346832981049 818.444196367033 
gen 32 250713 774.6153547693817 28.07282907178437 647.7303114569447 807.6891567709315 
gen 33 258059 764.2678446436623 28.14938803699614 639.1343944566655 797.9293229887351 
gen 34 265725 754.8934602558925 27.441685149012926 610.6983343853909 785.7133583451824 
gen 35 273191 745.2505523943371 27.305099278797073 610.6983343853909 777.4994659754112 
gen 36 280597 735.9887947234083 26.55867121848624 610.6983343853909 767.1191922817454 
[21, 8, 19, 13, 12, 14, 18, 16, 0, 3, 11, 7, 2, 15, 20, 17, 22, 9, 5, 4, 1, 6, 10, 14, 4, 11, 1, 8, 0, 19, 22, 6, 17, 5, 13, 10, 15, 20, 12, 18, 16, 2, 9, 3, 7, 21, 3, 19, 15, 4, 20, 12, 18, 10, 16, 22, 21, 6, 14, 9, 1, 13, 11, 2, 7, 8, 17, 5, 0, 21, 8, 6, 16, 10, 4, 12, 17, 15, 0, 14, 9, 22, 19, 18, 5, 7, 11, 2, 3, 1, 20, 13, 1, 16, 9, 0, 13, 11, 12, 17, 18, 8, 6, 4, 20, 7, 3, 19, 22, 21, 14, 10, 15, 5, 2, 14, 13, 6, 4, 9, 20, 10, 21, 7, 11, 18, 1, 0, 8, 3, 19, 22, 15, 17, 2, 16, 5, 12, 8, 6, 10, 2, 13, 14, 1, 22, 0, 15, 19, 20, 4, 7, 3, 18, 9, 12, 11, 5, 17, 16, 21, 21, 1, 3, 11, 9, 20, 2, 17, 18, 15, 22, 16, 19, 12, 4, 13, 6, 14, 8, 7, 5, 0, 10, 6, 9, 10, 8, 4, 13, 20, 19, 2, 3, 5, 22, 17, 1, 21, 0, 15, 16, 7, 11, 18, 12, 14, 21, 20, 11, 17, 1, 2, 5, 22, 15, 7, 4, 12, 3, 19, 8, 14, 18, 6, 9, 10, 13, 16, 0, 20, 2, 5, 0, 12, 9, 17, 4, 3, 15, 13, 6, 16, 21, 1, 8, 11, 22, 19, 18, 10, 14, 7, 22, 0, 6, 17, 10, 15, 16, 18, 19, 11, 12, 20, 3, 5, 2, 9, 14, 8, 13, 1, 4, 7, 21, 10, 18, 6, 17, 12, 9, 5, 21, 11, 2, 8, 15, 14, 13, 7, 19, 16, 0, 22, 4, 1, 20, 3, 0, 7, 5, 2, 3, 4, 8, 14, 22, 6, 11, 21, 9, 15, 19, 1, 20, 13, 12, 16, 17, 10, 18, 20, 2, 3, 12, 22, 8, 13, 19, 14, 4, 18, 11, 15, 9, 6, 16, 7, 10, 17, 5, 1, 0, 21, 11, 2, 13, 6, 22, 14, 9, 18, 10, 0, 3, 8, 4, 20, 5, 12, 1, 15, 16, 17, 19, 21, 7, 9, 8, 7, 4, 5, 2, 17, 1, 13, 22, 14, 0, 11, 12, 16, 3, 18, 15, 21, 6, 10, 20, 19]
min  610.6983343853909
NFE 280597
LSNFE 195750
VLSNFE 7996
runTime 764.811084985733
