gen 0 391 9974424552429670.0 505074620412513.4 1128.792126031488 1e+16 
gen 1 8447 9718670076726380.0 1653527352965988.2 1127.6039954357077 1e+16 
gen 2 16263 9590792838874732.0 1981065650233716.5 1077.5143091792795 1e+16 
gen 3 23849 9360613810741770.0 2446435609936900.0 1039.3755621203109 1e+16 
gen 4 31905 9079283887468146.0 2891270130140319.0 1039.3755621203109 1e+16 
gen 5 39901 8721227621483534.0 3339530654015084.5 992.6103442253193 1e+16 
gen 6 47817 8465473145780238.0 3604233049606274.5 944.0367828237003 1e+16 
gen 7 55893 8260869565217602.0 3790346907426213.5 918.9875508860856 1e+16 
gen 8 63849 7928388746803320.0 4052719993731763.0 918.9875508860856 1e+16 
gen 9 71565 7544757033248382.0 4303976259429168.0 918.9875508860856 1e+16 
gen 10 79251 7058823529412123.0 4556450995537583.0 918.9875508860856 1e+16 
gen 11 87227 6368286445013225.0 4809136326242862.0 891.6918310559303 1e+16 
gen 12 94653 5319693094629714.0 4989769165526647.0 886.5243296343555 1e+16 
gen 13 102489 4526854219949495.0 4977562965027559.0 886.5243296343555 1e+16 
gen 14 110165 2864450127878070.5 4520998423321080.0 871.462985315878 1e+16 
gen 15 118121 1329923273658291.8 3395664415509122.0 837.9572284747868 1e+16 
gen 16 126547 1120.00239668639 105.38255605806135 835.2902811297259 1306.4563422850997 
gen 17 134173 1079.5239198602276 84.97742396412072 835.2902811297259 1215.572729272195 
gen 18 142139 1050.8428187666705 71.27301239696615 835.2902811297259 1152.0004719317283 
gen 19 149675 1024.0996630750412 63.75339646313489 823.829600364757 1115.4645495470397 
gen 20 157411 998.4250357564771 58.13728975013435 776.9310817767501 1079.8736328592563 
gen 21 165527 971.891037424522 51.41653838800116 776.9310817767501 1040.6442776355032 
gen 22 173123 953.7636256529515 49.1086423636995 776.9310817767501 1019.382172815308 
gen 23 180889 935.9048645323359 45.734000636084644 776.9310817767501 998.6129240214949 
gen 24 188655 921.8026205210231 41.91466463648148 748.4185780749291 979.0085076175106 
gen 25 196521 906.973371980511 38.98100613508602 748.4185780749291 956.4997706456938 
gen 26 204287 898.0285618338322 38.00798262224597 748.4185780749291 944.4052753470896 
gen 27 212183 885.3676198033447 37.1642436515804 733.5662115194043 932.248960833944 
gen 28 220189 872.5986803829601 36.21132121367983 708.272603382602 918.9665490451231 
gen 29 228175 859.0248142009555 35.6123368414393 708.272603382602 904.1227657819227 
gen 30 235851 849.2939559056719 33.752844807499855 686.4150099000454 890.9435381894621 
gen 31 243667 841.689606734719 32.69122210696963 686.4150099000454 883.4473554004993 
gen 32 251253 831.4884694802104 31.722494952268598 686.4150099000454 871.6280850817288 
gen 33 259189 821.9506530389583 29.973500641401504 671.5857102216002 861.283193491112 
gen 34 267175 814.219463456716 28.02349519948077 662.8749943961336 849.6445299338785 
gen 35 275021 805.7946773615652 26.873325324501412 662.8749943961336 840.3633007470498 
[7, 19, 13, 6, 22, 15, 11, 14, 18, 12, 8, 4, 2, 21, 3, 5, 17, 20, 1, 9, 16, 10, 0, 3, 6, 9, 17, 0, 10, 18, 19, 12, 7, 21, 8, 11, 1, 14, 2, 20, 5, 13, 4, 15, 22, 16, 4, 0, 12, 16, 15, 6, 5, 9, 17, 10, 22, 1, 19, 18, 2, 21, 14, 8, 7, 11, 3, 20, 13, 16, 15, 13, 11, 22, 18, 6, 5, 9, 10, 19, 12, 1, 21, 8, 20, 0, 7, 2, 17, 3, 14, 4, 1, 16, 11, 5, 9, 15, 8, 22, 12, 20, 7, 21, 4, 19, 6, 10, 13, 2, 18, 17, 3, 14, 0, 13, 1, 4, 11, 18, 0, 10, 8, 17, 16, 14, 21, 22, 6, 2, 9, 19, 7, 15, 20, 3, 12, 5, 14, 21, 1, 11, 20, 5, 13, 6, 15, 16, 22, 0, 2, 9, 12, 18, 19, 8, 4, 7, 10, 17, 3, 3, 1, 15, 11, 0, 17, 22, 8, 16, 7, 10, 6, 2, 9, 12, 19, 20, 4, 21, 13, 14, 18, 5, 6, 7, 4, 11, 19, 15, 17, 1, 8, 5, 9, 0, 16, 21, 3, 18, 12, 20, 13, 2, 10, 22, 14, 0, 11, 5, 19, 7, 15, 22, 12, 3, 8, 9, 16, 21, 1, 20, 17, 14, 18, 2, 6, 4, 13, 10, 14, 0, 20, 4, 17, 15, 2, 8, 1, 16, 7, 22, 19, 12, 9, 18, 10, 13, 3, 21, 11, 5, 6, 0, 9, 20, 7, 1, 14, 2, 4, 15, 19, 12, 21, 6, 11, 8, 17, 13, 10, 3, 16, 22, 5, 18, 3, 13, 20, 0, 11, 10, 12, 22, 15, 9, 2, 16, 21, 1, 6, 8, 17, 7, 14, 4, 5, 18, 19, 14, 11, 7, 3, 20, 9, 0, 5, 2, 15, 4, 6, 22, 19, 10, 18, 12, 8, 1, 16, 17, 21, 13, 11, 14, 13, 2, 4, 15, 17, 19, 0, 8, 18, 21, 20, 5, 9, 3, 7, 10, 16, 22, 12, 6, 1, 8, 13, 11, 19, 5, 3, 10, 9, 0, 14, 6, 1, 4, 20, 12, 7, 15, 18, 16, 21, 22, 17, 2, 5, 15, 9, 12, 8, 3, 1, 0, 19, 14, 6, 21, 4, 18, 10, 11, 13, 17, 20, 7, 2, 22, 16]
min  662.8749943961336
NFE 275021
LSNFE 192520
VLSNFE 5431
runTime 706.3656947612762
