gen 0 391 1e+16 0.0 1e+16 1e+16 
gen 1 7917 9795396419437366.0 1415688235610881.2 1070.0475243090855 1e+16 
gen 2 15553 9616368286445058.0 1920714409771494.8 1008.078971881533 1e+16 
gen 3 23499 9411764705882424.0 2352941176470303.5 953.8241495900769 1e+16 
gen 4 31415 9156010230179130.0 2779852328208349.5 953.8241495900769 1e+16 
gen 5 39231 8874680306905504.0 3160198177215681.5 920.2776737782038 1e+16 
gen 6 46747 8491048593350564.0 3579466401415613.5 891.6216053658901 1e+16 
gen 7 54103 8158567774936280.0 3876009495748415.0 891.6216053658901 1e+16 
gen 8 62419 7698209718670349.0 4209473163481406.0 891.6216053658901 1e+16 
gen 9 70545 7212276214834087.0 4483952937897106.5 884.2907886669041 1e+16 
gen 10 78181 6751918158568155.0 4683031365010847.0 884.2907886669041 1e+16 
gen 11 85997 6112531969309916.0 4874656153746526.0 884.2907886669041 1e+16 
gen 12 93903 5396419437340691.0 4984260389435239.0 884.2907886669041 1e+16 
gen 13 101779 4373401534527507.0 4960582058898027.0 877.8999437864793 1e+16 
gen 14 109135 3350383631714324.5 4720038753810850.0 877.8999437864793 1e+16 
gen 15 117321 2046035805627515.8 4034116450767893.0 870.5033610674095 1e+16 
gen 16 125157 153452685423126.44 1229218909534172.5 870.5033610674095 1e+16 
gen 17 133173 1099.2516571994452 90.63967086293269 870.5033610674095 1256.2467708024487 
gen 18 140969 1064.576522191949 72.16398006009318 807.6214740608888 1184.8738888884325 
gen 19 148855 1037.2603797682661 62.43673571113782 807.6214740608888 1133.2907764317008 
gen 20 156391 1013.6374625152624 56.069494838103736 807.6214740608888 1092.9106427897555 
gen 21 164447 988.7624841953007 53.59694128645444 766.7348927617527 1060.5687019338825 
gen 22 172853 971.028304004364 51.23039396522927 766.7348927617527 1040.954640174282 
gen 23 180739 954.5425205349254 48.11416082953662 766.7348927617527 1015.432784322415 
gen 24 188275 935.6386588155739 47.757295205489356 765.9311066227411 996.0952368856405 
gen 25 196211 917.3408020110218 45.56682479927269 764.4116286041476 978.4111429382777 
gen 26 204187 899.8370088713227 41.96806893003492 744.3110039774277 957.5164633597107 
gen 27 212133 886.9748296284874 38.348444114803215 744.3110039774277 937.1224897797061 
gen 28 219759 871.5499852201227 34.75923411296928 733.1502170932652 917.368455810529 
gen 29 227715 860.7236205578173 33.343638598792 733.1502170932652 902.3799296486825 
gen 30 235251 849.9721037766252 32.864126504437145 733.1502170932652 889.0001080286545 
gen 31 242987 839.234847872559 31.982259827466336 731.6598700470988 878.3766390375715 
gen 32 250683 827.0224013430797 31.693771987711525 690.1349331655833 865.9833265746864 
gen 33 258419 817.6138094805522 31.636458242535983 677.4711492495627 854.2855009663173 
gen 34 266175 806.009846641173 32.189316177998755 677.4711492495627 845.3658241449187 
gen 35 274221 797.5012130840926 31.519114971271037 677.4711492495627 836.9490432408976 
[6, 17, 13, 19, 21, 16, 22, 2, 10, 9, 14, 11, 1, 15, 5, 20, 7, 12, 3, 18, 8, 0, 4, 6, 4, 17, 8, 13, 18, 10, 11, 19, 2, 5, 1, 16, 22, 3, 20, 12, 21, 0, 9, 15, 14, 7, 7, 13, 20, 6, 19, 18, 9, 3, 14, 15, 22, 5, 12, 10, 16, 11, 0, 1, 21, 17, 4, 2, 8, 17, 14, 6, 16, 4, 13, 7, 19, 3, 18, 10, 20, 2, 11, 8, 1, 21, 12, 5, 9, 15, 22, 0, 9, 1, 21, 2, 8, 14, 20, 10, 19, 4, 11, 7, 6, 12, 3, 18, 22, 16, 17, 13, 15, 0, 5, 21, 6, 9, 12, 18, 17, 1, 7, 14, 11, 5, 0, 4, 15, 3, 16, 10, 8, 22, 20, 13, 19, 2, 1, 14, 21, 0, 15, 7, 19, 13, 12, 17, 2, 3, 8, 5, 20, 10, 4, 9, 16, 22, 11, 6, 18, 9, 1, 4, 19, 6, 15, 0, 7, 11, 12, 22, 17, 5, 3, 2, 14, 20, 21, 13, 18, 10, 8, 16, 7, 4, 20, 1, 6, 15, 2, 9, 0, 19, 13, 18, 11, 5, 21, 3, 12, 14, 8, 10, 16, 17, 22, 4, 9, 11, 20, 14, 16, 13, 2, 12, 3, 17, 6, 0, 1, 22, 7, 21, 18, 19, 10, 8, 15, 5, 20, 4, 10, 11, 7, 9, 1, 8, 14, 22, 15, 16, 6, 21, 18, 2, 17, 3, 13, 12, 5, 0, 19, 17, 13, 8, 11, 5, 15, 20, 21, 10, 19, 6, 7, 18, 22, 0, 14, 2, 4, 3, 12, 16, 9, 1, 14, 8, 13, 18, 9, 3, 17, 12, 5, 10, 6, 16, 20, 19, 15, 11, 2, 7, 0, 4, 1, 21, 22, 12, 8, 5, 16, 21, 22, 14, 17, 6, 7, 3, 18, 19, 4, 20, 9, 0, 10, 11, 1, 13, 15, 2, 20, 11, 2, 19, 4, 22, 15, 1, 16, 10, 21, 13, 17, 5, 9, 18, 6, 8, 3, 12, 7, 0, 14, 2, 11, 22, 3, 4, 18, 6, 13, 19, 17, 8, 5, 16, 20, 12, 21, 7, 14, 1, 10, 0, 9, 15, 11, 2, 0, 18, 9, 15, 16, 21, 20, 1, 22, 8, 14, 5, 13, 4, 19, 17, 3, 7, 10, 6, 12]
min  677.4711492495627
NFE 274221
LSNFE 191720
VLSNFE 5541
runTime 710.0799956321716
