gen 0 64 625001465.661079 2420614212.6894846 747.2299209615767 9999999999.0 
gen 1 320 934.5007709307047 112.39742938969593 674.1593411280614 1078.115251202693 
gen 2 616 826.7061328946317 65.5976116976839 621.0374782702763 913.138663895932 
gen 3 872 768.8203022024823 46.57673442247817 621.0374782702763 835.0620567039754 
gen 4 1178 737.0461945880927 38.36140556592272 591.9364739818823 783.9129282545731 
gen 5 1434 711.127695391111 34.68326989350856 591.9364739818823 753.5372518467093 
gen 6 1690 692.3676101362674 31.81764889296931 591.9364739818823 732.7959058366033 
gen 7 1946 674.6323809077478 29.24766697659993 591.9364739818823 709.8959930790884 
gen 8 2202 662.5970485688069 27.01012567347495 591.9364739818823 697.8148709871944 
gen 9 2488 650.1156584005159 24.142278240391043 582.3806067753736 681.9840304404087 
gen 10 2744 639.6919947909365 21.20670841350811 582.3806067753736 668.4178309662981 
gen 11 3000 629.5400131240349 17.421039922276332 582.3806067753736 655.0581757617756 
gen 12 3256 623.5232317435953 16.633859969618907 555.4782972719936 645.986611289249 
gen 13 3512 617.9024411570736 16.62434421558639 555.4782972719936 637.531008333312 
gen 14 3818 610.0914967309733 19.849386113656262 509.99839049281417 630.3163624013588 
gen 15 4074 598.8481834194968 18.50335151998947 509.99839049281417 619.233356697658 
gen 16 4330 595.3671297011804 16.887762264780907 509.99839049281417 612.4297108153032 
gen 17 4586 588.8928910315765 17.74938006571945 509.99839049281417 608.6400407399452 
gen 18 4842 584.5612114471638 16.330163583230494 509.99839049281417 601.6789553750473 
gen 19 5098 576.6270396347481 15.494005510355782 509.99839049281417 593.8241488375448 
gen 20 5354 574.0095899626801 14.669024303823727 509.99839049281417 589.5886623498069 
gen 21 5610 567.3180738082864 17.30421013324581 509.99839049281417 585.0833001037099 
gen 22 5866 559.3455922824005 16.735705097607074 506.458775591529 578.7491884087117 
gen 23 6122 551.4889799877685 14.585938464709358 506.458775591529 569.6477319968548 
gen 24 6378 542.9550397787351 13.59600716895977 506.458775591529 560.7604696975055 
gen 25 6644 535.1069092209189 12.089210748451286 506.458775591529 549.517650171472 
gen 26 6920 524.9596297931527 9.705599823283674 498.23486851421535 538.0064924292358 
gen 27 7176 518.2013977370518 9.408681043602455 495.06337040565546 530.7846385370241 
gen 28 7452 511.22494569073274 7.29986333575618 487.99420321942864 521.143202755702 
gen 29 7708 504.6028461855475 5.368449046628839 487.99420321942864 511.09494533700206 
gen 30 7964 500.0083778112564 3.6834280494542457 487.99420321942864 504.77506413038725 
gen 31 8220 495.41455420034833 2.9299753637507697 483.4460017888869 499.19016967215606 
gen 32 8476 492.0586276421718 2.421385517699179 483.4460017888869 494.65501506739133 
gen 33 8732 488.96630375595277 2.0858481029179963 480.8361042167612 491.8764939344315 
gen 34 8988 487.02604785517246 1.6298501401141992 480.8361042167612 488.82807789598814 
gen 35 9244 485.2421271267203 1.6104081123647112 480.8361042167612 486.44329802152527 
gen 36 9510 482.71477459949386 1.521196972425178 480.8361042167612 484.98901750548544 
gen 37 9766 480.8454754415204 0.009976430588350389 480.8361042167612 480.856096162914 
gen 38 10022 480.8361042167612 0.0 480.8361042167612 480.8361042167612 
gen 39 10278 480.8361042167612 0.0 480.8361042167612 480.8361042167612 
gen 40 10544 480.8361042167612 0.0 480.8361042167612 480.8361042167612 
gen 41 10800 480.8361042167612 0.0 480.8361042167612 480.8361042167612 
gen 42 11066 480.8361042167612 0.0 480.8361042167612 480.8361042167612 
gen 43 11332 480.8361042167612 0.0 480.8361042167612 480.8361042167612 
gen 44 11588 480.8361042167612 0.0 480.8361042167612 480.8361042167612 
gen 45 11854 480.8361042167612 0.0 480.8361042167612 480.8361042167612 
gen 46 12110 480.8361042167612 0.0 480.8361042167612 480.8361042167612 
gen 47 12376 480.8361042167612 0.0 480.8361042167612 480.8361042167612 
gen 48 12632 480.8361042167612 0.0 480.8361042167612 480.8361042167612 
gen 49 12898 480.8361042167612 0.0 480.8361042167612 480.8361042167612 
gen 50 13154 480.8361042167612 0.0 480.8361042167612 480.8361042167612 
gen 51 13410 480.8361042167612 0.0 480.8361042167612 480.8361042167612 
gen 52 13666 480.8361042167612 0.0 480.8361042167612 480.8361042167612 
gen 53 13942 480.78794196799964 0.38227599841416526 477.75372029602124 480.8361042167612 
gen 54 14198 480.6277693001363 0.8141632961472735 476.7498213149892 480.8361042167612 
gen 55 14454 479.8152642225497 1.5701460966743386 476.7498213149892 480.8361042167612 
gen 56 14720 476.92518389603816 0.3468759865565398 476.7498213149892 477.75372029602124 
gen 57 14976 476.7498213149892 0.0 476.7498213149892 476.7498213149892 
gen 58 15232 476.7498213149892 0.0 476.7498213149892 476.7498213149892 
gen 59 15488 476.7498213149892 0.0 476.7498213149892 476.7498213149892 
gen 60 15744 476.7498213149892 0.0 476.7498213149892 476.7498213149892 
gen 61 16020 476.69036554643037 0.47191553284516563 472.9446521272198 476.7498213149892 
gen 62 16286 476.39308670363584 1.109132980483109 472.9446521272198 476.7498213149892 
gen 63 16542 474.7176069201197 1.8573132248593418 472.9446521272198 476.7498213149892 
gen 64 16798 472.9446521272198 0.0 472.9446521272198 472.9446521272198 
gen 65 17054 472.9446521272198 0.0 472.9446521272198 472.9446521272198 
gen 66 17320 472.9446521272198 0.0 472.9446521272198 472.9446521272198 
gen 67 17576 472.9446521272198 0.0 472.9446521272198 472.9446521272198 
gen 68 17832 472.9446521272198 0.0 472.9446521272198 472.9446521272198 
gen 69 18098 472.9446521272198 0.0 472.9446521272198 472.9446521272198 
gen 70 18354 472.9446521272198 0.0 472.9446521272198 472.9446521272198 
gen 71 18610 472.9446521272198 0.0 472.9446521272198 472.9446521272198 
gen 72 18866 472.9446521272198 0.0 472.9446521272198 472.9446521272198 
gen 73 19122 472.9446521272198 0.0 472.9446521272198 472.9446521272198 
gen 74 19388 472.9446521272198 0.0 472.9446521272198 472.9446521272198 
gen 75 19644 472.9446521272198 0.0 472.9446521272198 472.9446521272198 
gen 76 19900 472.9446521272198 0.0 472.9446521272198 472.9446521272198 
gen 77 20156 472.9446521272198 0.0 472.9446521272198 472.9446521272198 
gen 78 20412 472.9446521272198 0.0 472.9446521272198 472.9446521272198 
gen 79 20668 472.9446521272198 0.0 472.9446521272198 472.9446521272198 
gen 80 20924 472.9446521272198 0.0 472.9446521272198 472.9446521272198 
gen 81 21190 472.9446521272198 0.0 472.9446521272198 472.9446521272198 
gen 82 21446 472.9446521272198 0.0 472.9446521272198 472.9446521272198 
gen 83 21702 472.9446521272198 0.0 472.9446521272198 472.9446521272198 
gen 84 21968 472.9446521272198 0.0 472.9446521272198 472.9446521272198 
gen 85 22234 472.9446521272198 0.0 472.9446521272198 472.9446521272198 
gen 86 22490 472.9446521272198 0.0 472.9446521272198 472.9446521272198 
gen 87 22746 472.9446521272198 0.0 472.9446521272198 472.9446521272198 
gen 88 23002 472.9446521272198 0.0 472.9446521272198 472.9446521272198 
gen 89 23258 472.9446521272198 0.0 472.9446521272198 472.9446521272198 
gen 90 23514 472.9446521272198 0.0 472.9446521272198 472.9446521272198 
gen 91 23770 472.9446521272198 0.0 472.9446521272198 472.9446521272198 
gen 92 24026 472.9446521272198 0.0 472.9446521272198 472.9446521272198 
gen 93 24292 472.9446521272198 0.0 472.9446521272198 472.9446521272198 
gen 94 24548 472.9446521272198 0.0 472.9446521272198 472.9446521272198 
gen 95 24804 472.9446521272198 0.0 472.9446521272198 472.9446521272198 
gen 96 25060 472.9446521272198 0.0 472.9446521272198 472.9446521272198 
gen 97 25316 472.9446521272198 0.0 472.9446521272198 472.9446521272198 
gen 98 25582 472.9446521272198 0.0 472.9446521272198 472.9446521272198 
gen 99 25848 472.9446521272198 0.0 472.9446521272198 472.9446521272198 
gen 100 26104 472.9446521272198 0.0 472.9446521272198 472.9446521272198 
gen 101 26360 472.9446521272198 0.0 472.9446521272198 472.9446521272198 
gen 102 26616 472.9446521272198 0.0 472.9446521272198 472.9446521272198 
gen 103 26872 472.9446521272198 0.0 472.9446521272198 472.9446521272198 
gen 104 27128 472.9446521272198 0.0 472.9446521272198 472.9446521272198 
gen 105 27394 472.9446521272198 0.0 472.9446521272198 472.9446521272198 
gen 106 27650 472.9446521272198 0.0 472.9446521272198 472.9446521272198 
gen 107 27906 472.9446521272198 0.0 472.9446521272198 472.9446521272198 
gen 108 28162 472.9446521272198 0.0 472.9446521272198 472.9446521272198 
gen 109 28418 472.9446521272198 0.0 472.9446521272198 472.9446521272198 
gen 110 28674 472.9446521272198 0.0 472.9446521272198 472.9446521272198 
gen 111 28930 472.9446521272198 0.0 472.9446521272198 472.9446521272198 
gen 112 29186 472.9446521272198 0.0 472.9446521272198 472.9446521272198 
gen 113 29442 472.9446521272198 0.0 472.9446521272198 472.9446521272198 
gen 114 29698 472.9446521272198 0.0 472.9446521272198 472.9446521272198 
gen 115 29954 472.9446521272198 0.0 472.9446521272198 472.9446521272198 
gen 116 30210 472.9446521272198 0.0 472.9446521272198 472.9446521272198 
gen 117 30466 472.9446521272198 0.0 472.9446521272198 472.9446521272198 
gen 118 30722 472.9446521272198 0.0 472.9446521272198 472.9446521272198 
gen 119 30978 472.9446521272198 0.0 472.9446521272198 472.9446521272198 
gen 120 31234 472.9446521272198 0.0 472.9446521272198 472.9446521272198 
gen 121 31500 472.9446521272198 0.0 472.9446521272198 472.9446521272198 
gen 122 31766 472.9446521272198 0.0 472.9446521272198 472.9446521272198 
gen 123 32022 472.9446521272198 0.0 472.9446521272198 472.9446521272198 
gen 124 32278 472.9446521272198 0.0 472.9446521272198 472.9446521272198 
gen 125 32534 472.9446521272198 0.0 472.9446521272198 472.9446521272198 
gen 126 32790 472.9446521272198 0.0 472.9446521272198 472.9446521272198 
gen 127 33056 472.9446521272198 0.0 472.9446521272198 472.9446521272198 
gen 128 33312 472.9446521272198 0.0 472.9446521272198 472.9446521272198 
gen 129 33568 472.9446521272198 0.0 472.9446521272198 472.9446521272198 
gen 130 33854 472.73607710702356 1.6555128994182233 459.5958508346633 472.9446521272198 
gen 131 34110 472.0047529235843 3.401433545867411 454.6483835904472 472.9446521272198 
gen 132 34366 470.17067616062536 5.193229783574413 454.6483835904472 472.9446521272198 
gen 133 34632 460.22922805384786 4.403210277200158 450.2527008367259 470.09984078933434 
gen 134 34888 453.28310013370924 2.025540422995398 450.2527008367259 454.6483835904472 
gen 135 35144 450.252700836726 5.684341886080802e-14 450.2527008367259 450.2527008367259 
gen 136 35400 450.252700836726 5.684341886080802e-14 450.2527008367259 450.2527008367259 
gen 137 35666 450.252700836726 5.684341886080802e-14 450.2527008367259 450.2527008367259 
gen 138 35922 450.252700836726 5.684341886080802e-14 450.2527008367259 450.2527008367259 
gen 139 36178 450.252700836726 5.684341886080802e-14 450.2527008367259 450.2527008367259 
gen 140 36434 450.252700836726 5.684341886080802e-14 450.2527008367259 450.2527008367259 
gen 141 36690 450.252700836726 5.684341886080802e-14 450.2527008367259 450.2527008367259 
gen 142 36946 450.252700836726 5.684341886080802e-14 450.2527008367259 450.2527008367259 
gen 143 37212 450.252700836726 5.684341886080802e-14 450.2527008367259 450.2527008367259 
gen 144 37478 450.252700836726 5.684341886080802e-14 450.2527008367259 450.2527008367259 
gen 145 37734 450.252700836726 5.684341886080802e-14 450.2527008367259 450.2527008367259 
gen 146 37990 450.252700836726 5.684341886080802e-14 450.2527008367259 450.2527008367259 
gen 147 38246 450.252700836726 5.684341886080802e-14 450.2527008367259 450.2527008367259 
gen 148 38502 450.252700836726 5.684341886080802e-14 450.2527008367259 450.2527008367259 
gen 149 38758 450.252700836726 5.684341886080802e-14 450.2527008367259 450.2527008367259 
gen 150 39024 450.252700836726 5.684341886080802e-14 450.2527008367259 450.2527008367259 
gen 151 39280 450.252700836726 5.684341886080802e-14 450.2527008367259 450.2527008367259 
gen 152 39536 450.252700836726 5.684341886080802e-14 450.2527008367259 450.2527008367259 
gen 153 39792 450.252700836726 5.684341886080802e-14 450.2527008367259 450.2527008367259 
gen 154 40058 450.252700836726 5.684341886080802e-14 450.2527008367259 450.2527008367259 
gen 155 40314 450.252700836726 5.684341886080802e-14 450.2527008367259 450.2527008367259 
gen 156 40570 450.252700836726 5.684341886080802e-14 450.2527008367259 450.2527008367259 
gen 157 40836 450.252700836726 5.684341886080802e-14 450.2527008367259 450.2527008367259 
gen 158 41092 450.252700836726 5.684341886080802e-14 450.2527008367259 450.2527008367259 
gen 159 41358 450.252700836726 5.684341886080802e-14 450.2527008367259 450.2527008367259 
gen 160 41624 450.252700836726 5.684341886080802e-14 450.2527008367259 450.2527008367259 
gen 161 41890 450.252700836726 5.684341886080802e-14 450.2527008367259 450.2527008367259 
gen 162 42146 450.252700836726 5.684341886080802e-14 450.2527008367259 450.2527008367259 
gen 163 42402 450.252700836726 5.684341886080802e-14 450.2527008367259 450.2527008367259 
gen 164 42658 450.252700836726 5.684341886080802e-14 450.2527008367259 450.2527008367259 
gen 165 42914 450.252700836726 5.684341886080802e-14 450.2527008367259 450.2527008367259 
gen 166 43170 450.252700836726 5.684341886080802e-14 450.2527008367259 450.2527008367259 
gen 167 43436 450.252700836726 5.684341886080802e-14 450.2527008367259 450.2527008367259 
gen 168 43692 450.252700836726 5.684341886080802e-14 450.2527008367259 450.2527008367259 
gen 169 43948 450.252700836726 5.684341886080802e-14 450.2527008367259 450.2527008367259 
gen 170 44204 450.252700836726 5.684341886080802e-14 450.2527008367259 450.2527008367259 
gen 171 44460 450.252700836726 5.684341886080802e-14 450.2527008367259 450.2527008367259 
gen 172 44716 450.252700836726 5.684341886080802e-14 450.2527008367259 450.2527008367259 
gen 173 44972 450.252700836726 5.684341886080802e-14 450.2527008367259 450.2527008367259 
[6, 0, 5, 4, 1, 7, 2, 3, 5, 6, 7, 4, 0, 1, 3, 2, 3, 5, 7, 1, 0, 2, 6, 4, 6, 0, 5, 7, 3, 4, 1, 2, 6, 0, 7, 3, 4, 1, 5, 2, 6, 3, 0, 4, 1, 2, 5, 7, 3, 5, 6, 7, 4, 1, 0, 2, 3, 5, 7, 4, 1, 0, 6, 2]
min  450.2527008367259
NFE 44972
LSNFE 620
VLSNFE 34
runTime 58.28197526931763
