gen 0 64 1562500000002254.0 3630921887068483.0 1487.3021881828913 1e+16 
gen 1 196 1748.9366630257484 263.8167495861641 1065.309917893623 2132.1570381986944 
gen 2 332 1509.8898755742907 149.13547382129235 1065.309917893623 1720.9922744903731 
gen 3 466 1384.2633719693904 141.58198564521956 999.918603144401 1540.4900059459776 
gen 4 603 1267.5626291829687 135.07952373363963 986.8149402806913 1436.1013982537456 
gen 5 738 1177.514014874143 110.11489547168418 950.7398717065417 1344.0884072028118 
gen 6 874 1108.3915576428528 80.79805629269639 950.7398717065417 1237.5275944265275 
gen 7 1009 1052.5217690776008 63.33915400375639 893.8984544524784 1141.7844169667972 
gen 8 1142 1021.714611550748 51.500162327386704 858.8968409041556 1094.7574707849994 
gen 9 1280 994.6145995270614 50.568639463019785 842.713939881909 1058.253367239609 
gen 10 1417 978.4211255250688 45.95433865031503 842.713939881909 1030.0332895427198 
gen 11 1554 962.5242809694462 43.359072379745 842.713939881909 1015.8138117086834 
gen 12 1688 945.0126756610186 40.56592123764447 836.9099244628488 995.1670408301021 
gen 13 1821 929.4758363507502 34.0338779839996 836.9099244628488 973.494402112554 
gen 14 1955 915.9034725609235 29.239835281618845 836.9099244628488 952.862773396008 
gen 15 2094 903.2220068963315 27.43191788592449 836.9099244628488 937.7713124212021 
gen 16 2228 891.091652135892 25.13074394751703 836.9099244628488 927.8061445834837 
gen 17 2360 885.4852494265429 21.671030064649262 836.9099244628488 911.9565712497962 
gen 18 2492 878.0746856199509 21.34372636846118 817.4607670354873 909.731088652162 
gen 19 2627 871.6013501343402 18.30074305909027 817.4607670354873 900.8795096025287 
gen 20 2759 864.1984992658064 17.987452965976278 813.8495609067619 884.3172714841114 
gen 21 2895 861.441097707857 17.160310731680486 813.8495609067619 881.3165155222533 
gen 22 3033 853.2520473892978 18.362948113599053 812.6350732840668 875.0032479174695 
gen 23 3165 849.6329435287323 16.495768102212473 812.6350732840668 872.0501604632632 
gen 24 3299 847.3155220163599 15.140116641727099 812.6350732840668 867.8917389121025 
gen 25 3437 839.6572258772625 13.494809845508229 797.9268646404856 857.6619905124512 
gen 26 3566 835.494453899956 11.29169233284814 797.9268646404856 853.1011945719911 
gen 27 3701 832.0264478944837 9.381464512986655 797.9268646404856 838.630188980383 
gen 28 3832 828.7682857545475 8.584376298952698 797.9268646404856 838.630188980383 
gen 29 3965 826.2029502605374 8.041472636016671 796.2745756035766 830.4083460324644 
gen 30 4095 824.7765981591458 9.010097739760408 796.2745756035766 830.4083460324644 
gen 31 4225 822.3396342697733 10.576334811665257 790.9288001027369 830.4083460324644 
gen 32 4354 818.4334371288879 11.068583792750058 790.9288001027369 830.4083460324644 
gen 33 4487 812.3465439600261 9.986226683562414 790.9288001027369 821.2846663959352 
gen 34 4617 803.6775035197555 10.206668491051538 780.5370747483489 821.0171879501007 
gen 35 4750 794.6909355167767 6.885169356136473 771.2932377080683 800.7499548968393 
gen 36 4882 788.0805243291757 4.225237374536251 771.2932377080683 790.9288001027369 
gen 37 5011 782.1968549748862 4.576436433380015 771.2932377080683 789.8045934943291 
gen 38 5143 778.954712341623 3.3103297553440756 771.2932377080683 780.5370747483489 
gen 39 5274 775.4821489116193 4.328838014369671 771.2932377080683 780.5370747483489 
gen 40 5407 771.2932377080683 0.0 771.2932377080683 771.2932377080683 
gen 41 5541 771.2932377080683 0.0 771.2932377080683 771.2932377080683 
gen 42 5672 771.2932377080683 0.0 771.2932377080683 771.2932377080683 
gen 43 5805 771.2932377080683 0.0 771.2932377080683 771.2932377080683 
gen 44 5936 771.2932377080683 0.0 771.2932377080683 771.2932377080683 
gen 45 6064 771.2932377080683 0.0 771.2932377080683 771.2932377080683 
gen 46 6193 771.2932377080683 0.0 771.2932377080683 771.2932377080683 
gen 47 6323 771.2932377080683 0.0 771.2932377080683 771.2932377080683 
gen 48 6452 771.2932377080683 0.0 771.2932377080683 771.2932377080683 
gen 49 6580 771.2932377080683 0.0 771.2932377080683 771.2932377080683 
gen 50 6710 771.2932377080683 0.0 771.2932377080683 771.2932377080683 
gen 51 6840 771.2901822032238 0.024252317844493224 771.0976853980236 771.2932377080683 
gen 52 6972 771.2901822032238 0.024252317844493224 771.0976853980236 771.2932377080683 
gen 53 7100 771.284071193535 0.041334103393738636 771.0976853980236 771.2932377080683 
gen 54 7231 771.2657381644683 0.06798069121414219 771.0976853980236 771.2932377080683 
gen 55 7361 771.222961096646 0.09382937489265271 771.0976853980236 771.2932377080683 
gen 56 7494 771.0976853980236 0.0 771.0976853980236 771.0976853980236 
gen 57 7626 771.0976853980236 0.0 771.0976853980236 771.0976853980236 
gen 58 7758 771.0976853980236 0.0 771.0976853980236 771.0976853980236 
gen 59 7891 771.0976853980236 0.0 771.0976853980236 771.0976853980236 
gen 60 8021 771.0976853980236 0.0 771.0976853980236 771.0976853980236 
gen 61 8153 771.0976853980236 0.0 771.0976853980236 771.0976853980236 
gen 62 8283 771.0976853980236 0.0 771.0976853980236 771.0976853980236 
gen 63 8414 771.0976853980236 0.0 771.0976853980236 771.0976853980236 
gen 64 8545 771.0976853980236 0.0 771.0976853980236 771.0976853980236 
gen 65 8680 771.0976853980236 0.0 771.0976853980236 771.0976853980236 
gen 66 8813 771.0729683241254 0.19618569201601105 769.5157926685349 771.0976853980236 
gen 67 8944 771.0482512502272 0.27523768640834434 769.5157926685349 771.0976853980236 
gen 68 9076 770.8999488068375 0.5231618453760294 769.5157926685349 771.0976853980236 
gen 69 9210 770.5539097722619 0.7513339987602606 769.5157926685349 771.0976853980236 
gen 70 9341 769.515792668535 1.1368683772161603e-13 769.5157926685349 769.5157926685349 
gen 71 9469 769.515792668535 1.1368683772161603e-13 769.5157926685349 769.5157926685349 
gen 72 9602 769.515792668535 1.1368683772161603e-13 769.5157926685349 769.5157926685349 
gen 73 9730 769.515792668535 1.1368683772161603e-13 769.5157926685349 769.5157926685349 
gen 74 9861 769.515792668535 1.1368683772161603e-13 769.5157926685349 769.5157926685349 
gen 75 9993 769.515792668535 1.1368683772161603e-13 769.5157926685349 769.5157926685349 
gen 76 10121 769.515792668535 1.1368683772161603e-13 769.5157926685349 769.5157926685349 
gen 77 10250 769.515792668535 1.1368683772161603e-13 769.5157926685349 769.5157926685349 
gen 78 10379 769.515792668535 1.1368683772161603e-13 769.5157926685349 769.5157926685349 
gen 79 10512 769.515792668535 1.1368683772161603e-13 769.5157926685349 769.5157926685349 
gen 80 10642 769.515792668535 1.1368683772161603e-13 769.5157926685349 769.5157926685349 
gen 81 10772 769.515792668535 1.1368683772161603e-13 769.5157926685349 769.5157926685349 
gen 82 10902 769.2683345342821 1.9641380493993437 753.6784720763516 769.5157926685349 
gen 83 11036 768.6183165622417 3.5204676616051223 753.6784720763516 769.5157926685349 
gen 84 11170 765.6700297442928 6.473650118448647 753.6784720763516 769.5157926685349 
gen 85 11301 758.9281918986269 6.5701174936751725 753.6784720763516 769.5157926685349 
gen 86 11436 753.9904065926705 0.29301145702019116 753.6784720763516 754.2656429305989 
gen 87 11566 753.6784720763516 0.0 753.6784720763516 753.6784720763516 
gen 88 11696 753.6784720763516 0.0 753.6784720763516 753.6784720763516 
gen 89 11826 753.6784720763516 0.0 753.6784720763516 753.6784720763516 
gen 90 11956 753.6784720763516 0.0 753.6784720763516 753.6784720763516 
gen 91 12087 753.6784720763516 0.0 753.6784720763516 753.6784720763516 
gen 92 12218 753.6784720763516 0.0 753.6784720763516 753.6784720763516 
gen 93 12349 753.6784720763516 0.0 753.6784720763516 753.6784720763516 
gen 94 12482 753.6784720763516 0.0 753.6784720763516 753.6784720763516 
gen 95 12615 753.6784720763516 0.0 753.6784720763516 753.6784720763516 
gen 96 12746 753.6784720763516 0.0 753.6784720763516 753.6784720763516 
gen 97 12874 753.6784720763516 0.0 753.6784720763516 753.6784720763516 
gen 98 13004 753.6784720763516 0.0 753.6784720763516 753.6784720763516 
gen 99 13134 753.6784720763516 0.0 753.6784720763516 753.6784720763516 
gen 100 13264 753.6784720763516 0.0 753.6784720763516 753.6784720763516 
gen 101 13394 753.6784720763516 0.0 753.6784720763516 753.6784720763516 
gen 102 13524 753.6784720763516 0.0 753.6784720763516 753.6784720763516 
gen 103 13653 753.6784720763516 0.0 753.6784720763516 753.6784720763516 
gen 104 13787 753.6784720763516 0.0 753.6784720763516 753.6784720763516 
gen 105 13917 753.6784720763516 0.0 753.6784720763516 753.6784720763516 
gen 106 14047 753.6784720763516 0.0 753.6784720763516 753.6784720763516 
gen 107 14176 753.6784720763516 0.0 753.6784720763516 753.6784720763516 
gen 108 14308 753.6784720763516 0.0 753.6784720763516 753.6784720763516 
gen 109 14441 753.6784720763516 0.0 753.6784720763516 753.6784720763516 
gen 110 14570 753.6784720763516 0.0 753.6784720763516 753.6784720763516 
gen 111 14702 753.6784720763516 0.0 753.6784720763516 753.6784720763516 
gen 112 14836 753.6784720763516 0.0 753.6784720763516 753.6784720763516 
gen 113 14967 753.6784720763516 0.0 753.6784720763516 753.6784720763516 
gen 114 15097 753.6784720763516 0.0 753.6784720763516 753.6784720763516 
gen 115 15227 753.6784720763516 0.0 753.6784720763516 753.6784720763516 
gen 116 15358 753.6784720763516 0.0 753.6784720763516 753.6784720763516 
gen 117 15486 753.6784720763516 0.0 753.6784720763516 753.6784720763516 
gen 118 15616 753.6784720763516 0.0 753.6784720763516 753.6784720763516 
gen 119 15746 753.6784720763516 0.0 753.6784720763516 753.6784720763516 
gen 120 15879 753.6784720763516 0.0 753.6784720763516 753.6784720763516 
gen 121 16011 753.6784720763516 0.0 753.6784720763516 753.6784720763516 
gen 122 16141 753.6784720763516 0.0 753.6784720763516 753.6784720763516 
gen 123 16271 753.6784720763516 0.0 753.6784720763516 753.6784720763516 
gen 124 16404 753.6784720763516 0.0 753.6784720763516 753.6784720763516 
gen 125 16536 753.6784720763516 0.0 753.6784720763516 753.6784720763516 
gen 126 16665 753.6784720763516 0.0 753.6784720763516 753.6784720763516 
gen 127 16797 753.6784720763516 0.0 753.6784720763516 753.6784720763516 
gen 128 16927 753.655314129463 0.18381050502557597 752.1963634754865 753.6784720763516 
gen 129 17058 753.6321561825746 0.25787598280439344 752.1963634754865 753.6784720763516 
gen 130 17189 753.4700505543549 0.51523179203659 752.1963634754865 753.6784720763516 
gen 131 17320 753.1226813510272 0.7175227410526652 752.1963634754865 753.6784720763516 
gen 132 17450 752.1963634754865 0.0 752.1963634754865 752.1963634754865 
gen 133 17579 752.1963634754865 0.0 752.1963634754865 752.1963634754865 
gen 134 17710 752.1963634754865 0.0 752.1963634754865 752.1963634754865 
gen 135 17840 752.1963634754865 0.0 752.1963634754865 752.1963634754865 
gen 136 17969 752.1963634754865 0.0 752.1963634754865 752.1963634754865 
gen 137 18100 752.1963634754865 0.0 752.1963634754865 752.1963634754865 
gen 138 18228 752.1963634754865 0.0 752.1963634754865 752.1963634754865 
gen 139 18359 752.1963634754865 0.0 752.1963634754865 752.1963634754865 
gen 140 18491 752.1963634754865 0.0 752.1963634754865 752.1963634754865 
gen 141 18620 752.1963634754865 0.0 752.1963634754865 752.1963634754865 
gen 142 18749 752.1963634754865 0.0 752.1963634754865 752.1963634754865 
gen 143 18878 752.1963634754865 0.0 752.1963634754865 752.1963634754865 
gen 144 19010 752.1963634754865 0.0 752.1963634754865 752.1963634754865 
gen 145 19140 752.1761574754976 0.16038015288658386 750.9031794761922 752.1963634754865 
gen 146 19270 752.1155394755306 0.31303000580302826 750.9031794761922 752.1963634754865 
gen 147 19400 751.893273475652 0.5478025101552993 750.9031794761922 752.1963634754865 
gen 148 19533 751.2668874759938 0.5814274302430196 750.9031794761922 752.1963634754865 
gen 149 19663 750.9031794761922 0.0 750.9031794761922 750.9031794761922 
gen 150 19793 750.9031794761922 0.0 750.9031794761922 750.9031794761922 
gen 151 19924 750.9031794761922 0.0 750.9031794761922 750.9031794761922 
gen 152 20054 750.9031794761922 0.0 750.9031794761922 750.9031794761922 
gen 153 20185 750.9031794761922 0.0 750.9031794761922 750.9031794761922 
gen 154 20315 750.9031794761922 0.0 750.9031794761922 750.9031794761922 
gen 155 20447 750.9031794761922 0.0 750.9031794761922 750.9031794761922 
gen 156 20580 750.9031794761922 0.0 750.9031794761922 750.9031794761922 
gen 157 20714 750.9031794761922 0.0 750.9031794761922 750.9031794761922 
gen 158 20845 750.9031794761922 0.0 750.9031794761922 750.9031794761922 
gen 159 20977 750.9031794761922 0.0 750.9031794761922 750.9031794761922 
gen 160 21109 750.9031794761922 0.0 750.9031794761922 750.9031794761922 
gen 161 21242 750.9031794761922 0.0 750.9031794761922 750.9031794761922 
gen 162 21373 750.9031794761922 0.0 750.9031794761922 750.9031794761922 
gen 163 21504 750.7263639136237 1.403430019446835 739.5869834718071 750.9031794761922 
gen 164 21636 750.5495483510551 1.9689347761254676 739.5869834718071 750.9031794761922 
gen 165 21768 750.0191016633496 3.036907017689921 739.5869834718071 750.9031794761922 
gen 166 21900 747.8973149125275 4.997972667989555 739.5869834718071 750.9031794761922 
gen 167 22030 742.3573860204351 4.819933114428219 739.5869834718071 750.9031794761922 
gen 168 22161 739.586983471807 1.1368683772161603e-13 739.5869834718071 739.5869834718071 
gen 169 22289 739.586983471807 1.1368683772161603e-13 739.5869834718071 739.5869834718071 
gen 170 22422 739.586983471807 1.1368683772161603e-13 739.5869834718071 739.5869834718071 
gen 171 22553 739.586983471807 1.1368683772161603e-13 739.5869834718071 739.5869834718071 
gen 172 22683 739.586983471807 1.1368683772161603e-13 739.5869834718071 739.5869834718071 
gen 173 22812 739.586983471807 1.1368683772161603e-13 739.5869834718071 739.5869834718071 
gen 174 22942 739.586983471807 1.1368683772161603e-13 739.5869834718071 739.5869834718071 
gen 175 23073 739.5214355875268 0.5202702023159265 735.3919188778713 739.5869834718071 
gen 176 23203 738.5428558421381 3.880328713678814 721.5073252994728 739.5869834718071 
gen 177 23335 734.9562762819846 7.537739688484595 721.5073252994728 739.5869834718071 
gen 178 23464 725.4123672433973 6.242641084843955 721.5073252994728 735.3919188778713 
gen 179 23598 721.5073252994727 1.1368683772161603e-13 721.5073252994728 721.5073252994728 
gen 180 23728 721.5073252994727 1.1368683772161603e-13 721.5073252994728 721.5073252994728 
gen 181 23861 721.5073252994727 1.1368683772161603e-13 721.5073252994728 721.5073252994728 
gen 182 23993 721.5073252994727 1.1368683772161603e-13 721.5073252994728 721.5073252994728 
gen 183 24124 721.5073252994727 1.1368683772161603e-13 721.5073252994728 721.5073252994728 
gen 184 24252 721.5073252994727 1.1368683772161603e-13 721.5073252994728 721.5073252994728 
gen 185 24382 721.5073252994727 1.1368683772161603e-13 721.5073252994728 721.5073252994728 
gen 186 24514 721.5073252994727 1.1368683772161603e-13 721.5073252994728 721.5073252994728 
gen 187 24645 721.5073252994727 1.1368683772161603e-13 721.5073252994728 721.5073252994728 
gen 188 24778 721.5073252994727 1.1368683772161603e-13 721.5073252994728 721.5073252994728 
gen 189 24910 721.5073252994727 1.1368683772161603e-13 721.5073252994728 721.5073252994728 
gen 190 25040 721.5073252994727 1.1368683772161603e-13 721.5073252994728 721.5073252994728 
gen 191 25170 721.5073252994727 1.1368683772161603e-13 721.5073252994728 721.5073252994728 
gen 192 25302 721.5073252994727 1.1368683772161603e-13 721.5073252994728 721.5073252994728 
gen 193 25432 721.5073252994727 1.1368683772161603e-13 721.5073252994728 721.5073252994728 
gen 194 25566 721.364447542692 1.1340570369731393 712.363148865511 721.5073252994728 
gen 195 25697 720.9358142723501 2.2134526902197673 712.363148865511 721.5073252994728 
gen 196 25827 719.5070367045435 3.7801901232437967 712.363148865511 721.5073252994728 
gen 197 25956 714.9349484875627 4.111305899693172 712.363148865511 721.5073252994728 
gen 198 26088 712.363148865511 0.0 712.363148865511 712.363148865511 
gen 199 26220 712.363148865511 0.0 712.363148865511 712.363148865511 
gen 200 26349 712.363148865511 0.0 712.363148865511 712.363148865511 
gen 201 26480 712.363148865511 0.0 712.363148865511 712.363148865511 
gen 202 26610 712.363148865511 0.0 712.363148865511 712.363148865511 
gen 203 26738 712.363148865511 0.0 712.363148865511 712.363148865511 
gen 204 26868 712.363148865511 0.0 712.363148865511 712.363148865511 
gen 205 26996 712.363148865511 0.0 712.363148865511 712.363148865511 
gen 206 27124 712.363148865511 0.0 712.363148865511 712.363148865511 
gen 207 27258 712.363148865511 0.0 712.363148865511 712.363148865511 
gen 208 27388 712.363148865511 0.0 712.363148865511 712.363148865511 
gen 209 27519 712.363148865511 0.0 712.363148865511 712.363148865511 
gen 210 27649 712.363148865511 0.0 712.363148865511 712.363148865511 
gen 211 27780 712.363148865511 0.0 712.363148865511 712.363148865511 
gen 212 27909 712.363148865511 0.0 712.363148865511 712.363148865511 
gen 213 28042 712.363148865511 0.0 712.363148865511 712.363148865511 
gen 214 28173 712.363148865511 0.0 712.363148865511 712.363148865511 
gen 215 28303 712.363148865511 0.0 712.363148865511 712.363148865511 
gen 216 28432 712.363148865511 0.0 712.363148865511 712.363148865511 
gen 217 28564 712.363148865511 0.0 712.363148865511 712.363148865511 
gen 218 28696 712.2485623776461 0.9095020514971415 705.0296136421525 712.363148865511 
gen 219 28830 712.019389401916 1.5500972762459602 705.0296136421525 712.363148865511 
gen 220 28962 711.6756299383211 2.137583213357587 705.0296136421525 712.363148865511 
gen 221 29094 710.3005920839414 3.297224943891255 705.0296136421525 712.363148865511 
gen 222 29224 706.5192379843973 2.9504629979743333 705.0296136421525 712.363148865511 
gen 223 29356 705.0296136421525 0.0 705.0296136421525 705.0296136421525 
gen 224 29486 705.0296136421525 0.0 705.0296136421525 705.0296136421525 
gen 225 29615 705.0296136421525 0.0 705.0296136421525 705.0296136421525 
gen 226 29749 705.0296136421525 0.0 705.0296136421525 705.0296136421525 
gen 227 29882 705.0296136421525 0.0 705.0296136421525 705.0296136421525 
gen 228 30017 705.0296136421525 0.0 705.0296136421525 705.0296136421525 
gen 229 30145 705.0296136421525 0.0 705.0296136421525 705.0296136421525 
gen 230 30277 704.9667229886148 0.35577769146272226 702.6608879743633 705.0296136421525 
gen 231 30409 704.8927003114965 0.5358424723950596 702.6608879743633 705.0296136421525 
gen 232 30541 704.5264884138508 0.8894543299156692 702.6608879743633 705.0296136421525 
gen 233 30671 703.3463132880314 0.8323665309662505 702.6608879743633 705.0296136421525 
gen 234 30805 702.6608879743634 1.1368683772161603e-13 702.6608879743633 702.6608879743633 
gen 235 30938 702.6608879743634 1.1368683772161603e-13 702.6608879743633 702.6608879743633 
gen 236 31068 702.6608879743634 1.1368683772161603e-13 702.6608879743633 702.6608879743633 
gen 237 31198 702.6608879743634 1.1368683772161603e-13 702.6608879743633 702.6608879743633 
gen 238 31329 702.6608879743634 1.1368683772161603e-13 702.6608879743633 702.6608879743633 
gen 239 31458 702.6608879743634 1.1368683772161603e-13 702.6608879743633 702.6608879743633 
gen 240 31586 702.6608879743634 1.1368683772161603e-13 702.6608879743633 702.6608879743633 
gen 241 31715 702.6608879743634 1.1368683772161603e-13 702.6608879743633 702.6608879743633 
gen 242 31846 702.6608879743634 1.1368683772161603e-13 702.6608879743633 702.6608879743633 
gen 243 31978 702.6608879743634 1.1368683772161603e-13 702.6608879743633 702.6608879743633 
gen 244 32107 702.6608879743634 1.1368683772161603e-13 702.6608879743633 702.6608879743633 
gen 245 32237 702.6608879743634 1.1368683772161603e-13 702.6608879743633 702.6608879743633 
gen 246 32370 702.6608879743634 1.1368683772161603e-13 702.6608879743633 702.6608879743633 
gen 247 32499 702.6608879743634 1.1368683772161603e-13 702.6608879743633 702.6608879743633 
gen 248 32632 702.6608879743634 1.1368683772161603e-13 702.6608879743633 702.6608879743633 
gen 249 32763 702.6608879743634 1.1368683772161603e-13 702.6608879743633 702.6608879743633 
gen 250 32893 702.6608879743634 1.1368683772161603e-13 702.6608879743633 702.6608879743633 
gen 251 33024 702.6608879743634 1.1368683772161603e-13 702.6608879743633 702.6608879743633 
gen 252 33156 702.6608879743634 1.1368683772161603e-13 702.6608879743633 702.6608879743633 
gen 253 33287 702.6524701495497 0.06681441311157262 702.1221471862857 702.6608879743633 
gen 254 33422 702.6356344999223 0.11387422338161336 702.1221471862857 702.6608879743633 
gen 255 33551 702.5935453758538 0.178171768297527 702.1221471862857 702.6608879743633 
gen 256 33682 702.4083532299521 0.26884376519873837 702.1221471862857 702.6608879743633 
gen 257 33815 702.1221471862856 1.1368683772161603e-13 702.1221471862857 702.1221471862857 
gen 258 33945 702.1221471862856 1.1368683772161603e-13 702.1221471862857 702.1221471862857 
gen 259 34075 702.1221471862856 1.1368683772161603e-13 702.1221471862857 702.1221471862857 
gen 260 34204 702.1221471862856 1.1368683772161603e-13 702.1221471862857 702.1221471862857 
gen 261 34334 702.1221471862856 1.1368683772161603e-13 702.1221471862857 702.1221471862857 
gen 262 34464 702.1221471862856 1.1368683772161603e-13 702.1221471862857 702.1221471862857 
gen 263 34599 702.1221471862856 1.1368683772161603e-13 702.1221471862857 702.1221471862857 
gen 264 34730 702.1221471862856 1.1368683772161603e-13 702.1221471862857 702.1221471862857 
gen 265 34860 702.1221471862856 1.1368683772161603e-13 702.1221471862857 702.1221471862857 
gen 266 34990 702.1221471862856 1.1368683772161603e-13 702.1221471862857 702.1221471862857 
gen 267 35121 702.1221471862856 1.1368683772161603e-13 702.1221471862857 702.1221471862857 
gen 268 35254 702.1221471862856 1.1368683772161603e-13 702.1221471862857 702.1221471862857 
gen 269 35385 702.0952859633369 0.21320434749994777 700.403028917569 702.1221471862857 
gen 270 35516 702.0952859633369 0.21320434749994777 700.403028917569 702.1221471862857 
gen 271 35648 701.9878410715421 0.4613566548760288 700.403028917569 702.1221471862857 
gen 272 35780 701.6923676191064 0.7444000464092797 700.403028917569 702.1221471862857 
gen 273 35908 700.8865309306456 0.7729313986325806 700.403028917569 702.1221471862857 
gen 274 36040 700.403028917569 0.0 700.403028917569 700.403028917569 
gen 275 36169 700.403028917569 0.0 700.403028917569 700.403028917569 
gen 276 36299 700.403028917569 0.0 700.403028917569 700.403028917569 
gen 277 36432 700.403028917569 0.0 700.403028917569 700.403028917569 
gen 278 36562 700.403028917569 0.0 700.403028917569 700.403028917569 
gen 279 36693 700.403028917569 0.0 700.403028917569 700.403028917569 
gen 280 36824 700.403028917569 0.0 700.403028917569 700.403028917569 
gen 281 36957 700.403028917569 0.0 700.403028917569 700.403028917569 
gen 282 37088 700.403028917569 0.0 700.403028917569 700.403028917569 
gen 283 37217 700.403028917569 0.0 700.403028917569 700.403028917569 
gen 284 37347 700.403028917569 0.0 700.403028917569 700.403028917569 
gen 285 37478 700.403028917569 0.0 700.403028917569 700.403028917569 
gen 286 37608 700.403028917569 0.0 700.403028917569 700.403028917569 
gen 287 37738 700.403028917569 0.0 700.403028917569 700.403028917569 
gen 288 37870 700.403028917569 0.0 700.403028917569 700.403028917569 
gen 289 38002 700.403028917569 0.0 700.403028917569 700.403028917569 
gen 290 38134 700.403028917569 0.0 700.403028917569 700.403028917569 
gen 291 38263 700.403028917569 0.0 700.403028917569 700.403028917569 
gen 292 38397 700.403028917569 0.0 700.403028917569 700.403028917569 
gen 293 38528 700.403028917569 0.0 700.403028917569 700.403028917569 
gen 294 38657 700.403028917569 0.0 700.403028917569 700.403028917569 
gen 295 38787 700.403028917569 0.0 700.403028917569 700.403028917569 
gen 296 38920 700.403028917569 0.0 700.403028917569 700.403028917569 
gen 297 39050 700.403028917569 0.0 700.403028917569 700.403028917569 
gen 298 39181 700.403028917569 0.0 700.403028917569 700.403028917569 
gen 299 39316 700.403028917569 0.0 700.403028917569 700.403028917569 
gen 300 39447 700.403028917569 0.0 700.403028917569 700.403028917569 
gen 301 39576 700.403028917569 0.0 700.403028917569 700.403028917569 
gen 302 39707 700.403028917569 0.0 700.403028917569 700.403028917569 
gen 303 39838 700.403028917569 0.0 700.403028917569 700.403028917569 
gen 304 39966 700.403028917569 0.0 700.403028917569 700.403028917569 
gen 305 40095 700.403028917569 0.0 700.403028917569 700.403028917569 
gen 306 40227 700.403028917569 0.0 700.403028917569 700.403028917569 
gen 307 40359 700.403028917569 0.0 700.403028917569 700.403028917569 
gen 308 40489 700.403028917569 0.0 700.403028917569 700.403028917569 
gen 309 40619 700.403028917569 0.0 700.403028917569 700.403028917569 
gen 310 40750 700.403028917569 0.0 700.403028917569 700.403028917569 
gen 311 40882 700.403028917569 0.0 700.403028917569 700.403028917569 
gen 312 41012 700.403028917569 0.0 700.403028917569 700.403028917569 
gen 313 41142 700.403028917569 0.0 700.403028917569 700.403028917569 
gen 314 41274 700.403028917569 0.0 700.403028917569 700.403028917569 
gen 315 41402 700.403028917569 0.0 700.403028917569 700.403028917569 
gen 316 41533 700.403028917569 0.0 700.403028917569 700.403028917569 
gen 317 41662 700.403028917569 0.0 700.403028917569 700.403028917569 
gen 318 41794 700.403028917569 0.0 700.403028917569 700.403028917569 
gen 319 41925 700.403028917569 0.0 700.403028917569 700.403028917569 
gen 320 42057 700.403028917569 0.0 700.403028917569 700.403028917569 
gen 321 42187 700.403028917569 0.0 700.403028917569 700.403028917569 
gen 322 42316 700.403028917569 0.0 700.403028917569 700.403028917569 
gen 323 42445 700.403028917569 0.0 700.403028917569 700.403028917569 
gen 324 42575 700.403028917569 0.0 700.403028917569 700.403028917569 
gen 325 42706 700.403028917569 0.0 700.403028917569 700.403028917569 
gen 326 42836 700.403028917569 0.0 700.403028917569 700.403028917569 
gen 327 42969 700.403028917569 0.0 700.403028917569 700.403028917569 
gen 328 43101 700.403028917569 0.0 700.403028917569 700.403028917569 
gen 329 43233 700.403028917569 0.0 700.403028917569 700.403028917569 
gen 330 43361 700.403028917569 0.0 700.403028917569 700.403028917569 
gen 331 43490 700.403028917569 0.0 700.403028917569 700.403028917569 
gen 332 43622 700.403028917569 0.0 700.403028917569 700.403028917569 
gen 333 43753 700.403028917569 0.0 700.403028917569 700.403028917569 
gen 334 43882 700.403028917569 0.0 700.403028917569 700.403028917569 
gen 335 44012 700.403028917569 0.0 700.403028917569 700.403028917569 
gen 336 44143 700.403028917569 0.0 700.403028917569 700.403028917569 
gen 337 44276 700.403028917569 0.0 700.403028917569 700.403028917569 
gen 338 44408 700.403028917569 0.0 700.403028917569 700.403028917569 
gen 339 44537 700.403028917569 0.0 700.403028917569 700.403028917569 
gen 340 44669 700.403028917569 0.0 700.403028917569 700.403028917569 
gen 341 44799 700.403028917569 0.0 700.403028917569 700.403028917569 
gen 342 44928 700.403028917569 0.0 700.403028917569 700.403028917569 
[1, 7, 0, 5, 2, 3, 6, 4, 6, 7, 0, 1, 4, 2, 3, 5, 1, 6, 0, 4, 2, 5, 7, 3, 0, 4, 2, 5, 6, 1, 3, 7, 1, 0, 7, 5, 2, 3, 6, 4, 1, 0, 6, 7, 4, 2, 5, 3, 6, 7, 5, 2, 0, 3, 1, 4, 6, 5, 2, 3, 1, 4, 0, 7]
min  700.403028917569
NFE 44928
LSNFE 0
VLSNFE 0
runTime 71.2688319683075
