gen 0 64 1250000000002181.2 3307189138829913.5 977.2503315792383 1e+16 
gen 1 360 1521.088459955884 194.8512575094463 842.825822589832 1743.4508428294566 
gen 2 616 1325.1805353334687 176.39344958701523 842.825822589832 1539.615113115915 
gen 3 872 1205.0266704023998 106.65109532579052 842.825822589832 1355.627791915384 
gen 4 1128 1081.8713766372168 79.31037345297818 842.825822589832 1191.8918762735163 
gen 5 1384 1025.4667739004676 54.91849101659499 842.825822589832 1097.4553843481972 
gen 6 1640 978.5206875425297 49.18226418292863 838.2270430254378 1047.6916151466453 
gen 7 1896 953.0604756604798 38.684584321416466 838.2270430254378 1001.7715592802165 
gen 8 2152 927.1215782235531 41.443110473758466 816.258979336573 976.5661744718658 
gen 9 2408 912.2225690204723 37.58761747580654 816.258979336573 962.2796722737218 
gen 10 2664 898.4290955037027 31.130939465675734 816.258979336573 939.4638257559234 
gen 11 2920 882.1748208925042 30.96957967015003 792.837304796594 917.9656702221018 
gen 12 3176 865.0841973992773 31.690154742906294 791.5554643075361 904.3279161265013 
gen 13 3442 856.6812049345272 26.305378524647665 791.5554643075361 890.39301773561 
gen 14 3728 844.7265222615852 25.871344646523557 748.4890238329369 877.708454793316 
gen 15 3984 836.3761404649198 25.107113752461956 748.4890238329369 865.2861895518541 
gen 16 4240 825.5036288976794 21.875535631932046 748.4890238329369 851.5741786575805 
gen 17 4496 813.8511383923385 17.83110989473615 748.4890238329369 838.2270430254378 
gen 18 4752 791.009139296234 18.99484610484956 738.5403203378088 812.5167323255059 
gen 19 5008 770.7187119234351 13.119624763944497 725.41138333915 787.7058921398808 
gen 20 5284 756.1777535644533 9.221549297392363 721.5382193263081 766.7446810512638 
gen 21 5540 745.9570427276478 8.857137122045962 721.5177036755834 755.9066653412126 
gen 22 5796 738.0044932362115 9.979245256087617 704.6133308712816 749.5453530320412 
gen 23 6052 729.0571035780463 8.384393028602762 704.6133308712816 739.693639077492 
gen 24 6308 720.0765186146914 8.361992638048392 693.8426659150307 729.9400147154017 
gen 25 6564 710.9136315560372 8.044227693936792 689.2117027555723 721.3398700173117 
gen 26 6820 702.3695287844675 7.35945946054357 676.3399809850396 711.6712436344434 
gen 27 7076 694.8563034068641 6.349412098566985 669.9521752020338 702.6918241250776 
gen 28 7332 687.5728702317209 5.563170861243604 669.6854981839019 693.8426659150307 
gen 29 7588 681.2035922605758 5.14477017673492 666.8911901714653 685.9143039901063 
gen 30 7844 674.9736843505918 3.9350312931183264 665.7030252669408 680.2533633487875 
gen 31 8100 669.8014815949584 3.102908751515393 657.2323712304296 672.5139644364714 
gen 32 8356 666.3238013207213 3.8213439023112805 649.5030560554828 670.1339853836282 
gen 33 8612 661.2655030255966 4.193862454894243 649.5030560554828 665.6908870157561 
gen 34 8868 654.5535352558663 3.4903663759791157 641.0741464950464 657.8443035438276 
gen 35 9124 649.1741421301713 2.56914910892999 641.0741464950464 651.7477239154664 
gen 36 9390 646.8741411210824 2.988213328219662 641.0741464950464 649.5030560554828 
gen 37 9646 642.6195628329957 1.1574906429039165 641.0741464950464 643.4865037055039 
gen 38 9912 641.0741464950464 0.0 641.0741464950464 641.0741464950464 
gen 39 10188 640.9974819422828 0.6085060229604218 636.167615118168 641.0741464950464 
gen 40 10444 640.7674882839915 1.1876821443933951 636.167615118168 641.0741464950464 
gen 41 10700 639.9223954968173 2.0775053639646615 636.167615118168 641.0741464950464 
gen 42 10956 636.1676151181681 1.1368683772161603e-13 636.167615118168 636.167615118168 
gen 43 11212 636.1676151181681 1.1368683772161603e-13 636.167615118168 636.167615118168 
gen 44 11468 636.1676151181681 1.1368683772161603e-13 636.167615118168 636.167615118168 
gen 45 11724 636.1676151181681 1.1368683772161603e-13 636.167615118168 636.167615118168 
gen 46 12000 636.1282513766375 0.31244001228833157 633.6483356602148 636.167615118168 
gen 47 12256 636.010160152046 0.6098204615684467 633.6483356602148 636.167615118168 
gen 48 12512 635.4590677706187 1.1326912350455707 633.6483356602148 636.167615118168 
gen 49 12768 633.6483356602148 0.0 633.6483356602148 633.6483356602148 
gen 50 13024 633.6483356602148 0.0 633.6483356602148 633.6483356602148 
gen 51 13280 633.6483356602148 0.0 633.6483356602148 633.6483356602148 
gen 52 13536 633.6483356602148 0.0 633.6483356602148 633.6483356602148 
gen 53 13792 633.6483356602148 0.0 633.6483356602148 633.6483356602148 
gen 54 14048 633.6483356602148 0.0 633.6483356602148 633.6483356602148 
gen 55 14304 633.6483356602148 0.0 633.6483356602148 633.6483356602148 
gen 56 14560 633.6483356602148 0.0 633.6483356602148 633.6483356602148 
gen 57 14816 633.6483356602148 0.0 633.6483356602148 633.6483356602148 
gen 58 15072 633.6483356602148 0.0 633.6483356602148 633.6483356602148 
gen 59 15328 633.6483356602148 0.0 633.6483356602148 633.6483356602148 
gen 60 15584 633.6483356602148 0.0 633.6483356602148 633.6483356602148 
gen 61 15840 633.6483356602148 0.0 633.6483356602148 633.6483356602148 
gen 62 16106 633.6483356602148 0.0 633.6483356602148 633.6483356602148 
gen 63 16362 633.6483356602148 0.0 633.6483356602148 633.6483356602148 
gen 64 16618 633.6483356602148 0.0 633.6483356602148 633.6483356602148 
gen 65 16874 633.6483356602148 0.0 633.6483356602148 633.6483356602148 
gen 66 17130 633.6483356602148 0.0 633.6483356602148 633.6483356602148 
gen 67 17386 633.6483356602148 0.0 633.6483356602148 633.6483356602148 
gen 68 17642 633.6483356602148 0.0 633.6483356602148 633.6483356602148 
gen 69 17898 633.6483356602148 0.0 633.6483356602148 633.6483356602148 
gen 70 18154 633.6483356602148 0.0 633.6483356602148 633.6483356602148 
gen 71 18410 633.6483356602148 0.0 633.6483356602148 633.6483356602148 
gen 72 18676 633.6483356602148 0.0 633.6483356602148 633.6483356602148 
gen 73 18942 633.6483356602148 0.0 633.6483356602148 633.6483356602148 
gen 74 19198 633.6483356602148 0.0 633.6483356602148 633.6483356602148 
gen 75 19454 633.6483356602148 0.0 633.6483356602148 633.6483356602148 
gen 76 19720 633.6483356602148 0.0 633.6483356602148 633.6483356602148 
gen 77 19976 633.6483356602148 0.0 633.6483356602148 633.6483356602148 
gen 78 20232 633.6483356602148 0.0 633.6483356602148 633.6483356602148 
gen 79 20488 633.6483356602148 0.0 633.6483356602148 633.6483356602148 
gen 80 20744 633.6483356602148 0.0 633.6483356602148 633.6483356602148 
gen 81 21000 633.6483356602148 0.0 633.6483356602148 633.6483356602148 
gen 82 21256 633.6483356602148 0.0 633.6483356602148 633.6483356602148 
gen 83 21512 633.6483356602148 0.0 633.6483356602148 633.6483356602148 
gen 84 21768 633.6483356602148 0.0 633.6483356602148 633.6483356602148 
gen 85 22024 633.6483356602148 0.0 633.6483356602148 633.6483356602148 
gen 86 22290 633.6483356602148 0.0 633.6483356602148 633.6483356602148 
gen 87 22546 633.6483356602148 0.0 633.6483356602148 633.6483356602148 
gen 88 22802 633.6483356602148 0.0 633.6483356602148 633.6483356602148 
gen 89 23058 633.6483356602148 0.0 633.6483356602148 633.6483356602148 
gen 90 23314 633.6483356602148 0.0 633.6483356602148 633.6483356602148 
gen 91 23570 633.6483356602148 0.0 633.6483356602148 633.6483356602148 
gen 92 23836 633.6483356602148 0.0 633.6483356602148 633.6483356602148 
gen 93 24092 633.6483356602148 0.0 633.6483356602148 633.6483356602148 
gen 94 24358 633.6483356602148 0.0 633.6483356602148 633.6483356602148 
gen 95 24614 633.6483356602148 0.0 633.6483356602148 633.6483356602148 
gen 96 24880 633.6483356602148 0.0 633.6483356602148 633.6483356602148 
gen 97 25136 633.6483356602148 0.0 633.6483356602148 633.6483356602148 
gen 98 25392 633.6483356602148 0.0 633.6483356602148 633.6483356602148 
gen 99 25648 633.6483356602148 0.0 633.6483356602148 633.6483356602148 
gen 100 25924 633.4693838156467 1.4203862321506613 622.1954176078546 633.6483356602148 
gen 101 26180 632.7535764373741 3.0735988659760145 622.1954176078546 633.6483356602148 
gen 102 26446 630.0692987688521 5.308569595796541 622.1954176078546 633.6483356602148 
gen 103 26712 622.1954176078544 1.1368683772161603e-13 622.1954176078546 622.1954176078546 
gen 104 26968 622.1954176078544 1.1368683772161603e-13 622.1954176078546 622.1954176078546 
gen 105 27234 622.1954176078544 1.1368683772161603e-13 622.1954176078546 622.1954176078546 
gen 106 27490 622.1954176078544 1.1368683772161603e-13 622.1954176078546 622.1954176078546 
gen 107 27756 622.1954176078544 1.1368683772161603e-13 622.1954176078546 622.1954176078546 
gen 108 28012 622.1954176078544 1.1368683772161603e-13 622.1954176078546 622.1954176078546 
gen 109 28268 622.1954176078544 1.1368683772161603e-13 622.1954176078546 622.1954176078546 
gen 110 28524 622.1954176078544 1.1368683772161603e-13 622.1954176078546 622.1954176078546 
gen 111 28780 622.1954176078544 1.1368683772161603e-13 622.1954176078546 622.1954176078546 
gen 112 29036 622.1954176078544 1.1368683772161603e-13 622.1954176078546 622.1954176078546 
gen 113 29292 622.1954176078544 1.1368683772161603e-13 622.1954176078546 622.1954176078546 
gen 114 29548 622.1954176078544 1.1368683772161603e-13 622.1954176078546 622.1954176078546 
gen 115 29814 622.1954176078544 1.1368683772161603e-13 622.1954176078546 622.1954176078546 
gen 116 30070 622.1954176078544 1.1368683772161603e-13 622.1954176078546 622.1954176078546 
gen 117 30326 622.1954176078544 1.1368683772161603e-13 622.1954176078546 622.1954176078546 
gen 118 30592 622.1954176078544 1.1368683772161603e-13 622.1954176078546 622.1954176078546 
gen 119 30848 622.1954176078544 1.1368683772161603e-13 622.1954176078546 622.1954176078546 
gen 120 31104 622.1954176078544 1.1368683772161603e-13 622.1954176078546 622.1954176078546 
gen 121 31360 622.1954176078544 1.1368683772161603e-13 622.1954176078546 622.1954176078546 
gen 122 31616 622.1954176078544 1.1368683772161603e-13 622.1954176078546 622.1954176078546 
gen 123 31872 622.1954176078544 1.1368683772161603e-13 622.1954176078546 622.1954176078546 
gen 124 32128 622.1954176078544 1.1368683772161603e-13 622.1954176078546 622.1954176078546 
gen 125 32394 622.1954176078544 1.1368683772161603e-13 622.1954176078546 622.1954176078546 
gen 126 32650 622.1954176078544 1.1368683772161603e-13 622.1954176078546 622.1954176078546 
gen 127 32906 622.1954176078544 1.1368683772161603e-13 622.1954176078546 622.1954176078546 
gen 128 33162 622.1954176078544 1.1368683772161603e-13 622.1954176078546 622.1954176078546 
gen 129 33418 622.1954176078544 1.1368683772161603e-13 622.1954176078546 622.1954176078546 
gen 130 33674 622.1954176078544 1.1368683772161603e-13 622.1954176078546 622.1954176078546 
gen 131 33930 622.1954176078544 1.1368683772161603e-13 622.1954176078546 622.1954176078546 
gen 132 34186 622.1954176078544 1.1368683772161603e-13 622.1954176078546 622.1954176078546 
gen 133 34452 622.1954176078544 1.1368683772161603e-13 622.1954176078546 622.1954176078546 
gen 134 34708 622.1954176078544 1.1368683772161603e-13 622.1954176078546 622.1954176078546 
gen 135 34964 622.1954176078544 1.1368683772161603e-13 622.1954176078546 622.1954176078546 
gen 136 35220 622.1954176078544 1.1368683772161603e-13 622.1954176078546 622.1954176078546 
gen 137 35476 622.1954176078544 1.1368683772161603e-13 622.1954176078546 622.1954176078546 
gen 138 35732 622.1954176078544 1.1368683772161603e-13 622.1954176078546 622.1954176078546 
gen 139 35998 622.1954176078544 1.1368683772161603e-13 622.1954176078546 622.1954176078546 
gen 140 36254 622.1954176078544 1.1368683772161603e-13 622.1954176078546 622.1954176078546 
gen 141 36510 622.1954176078544 1.1368683772161603e-13 622.1954176078546 622.1954176078546 
gen 142 36766 622.1954176078544 1.1368683772161603e-13 622.1954176078546 622.1954176078546 
gen 143 37022 622.1954176078544 1.1368683772161603e-13 622.1954176078546 622.1954176078546 
gen 144 37278 622.1954176078544 1.1368683772161603e-13 622.1954176078546 622.1954176078546 
gen 145 37544 622.1954176078544 1.1368683772161603e-13 622.1954176078546 622.1954176078546 
gen 146 37800 622.1954176078544 1.1368683772161603e-13 622.1954176078546 622.1954176078546 
gen 147 38056 622.1954176078544 1.1368683772161603e-13 622.1954176078546 622.1954176078546 
gen 148 38312 622.1954176078544 1.1368683772161603e-13 622.1954176078546 622.1954176078546 
gen 149 38568 622.1954176078544 1.1368683772161603e-13 622.1954176078546 622.1954176078546 
gen 150 38824 622.1954176078544 1.1368683772161603e-13 622.1954176078546 622.1954176078546 
gen 151 39080 622.1954176078544 1.1368683772161603e-13 622.1954176078546 622.1954176078546 
gen 152 39346 622.1954176078544 1.1368683772161603e-13 622.1954176078546 622.1954176078546 
gen 153 39602 622.1954176078544 1.1368683772161603e-13 622.1954176078546 622.1954176078546 
gen 154 39858 622.1954176078544 1.1368683772161603e-13 622.1954176078546 622.1954176078546 
gen 155 40114 622.1954176078544 1.1368683772161603e-13 622.1954176078546 622.1954176078546 
gen 156 40370 622.1954176078544 1.1368683772161603e-13 622.1954176078546 622.1954176078546 
gen 157 40626 622.1954176078544 1.1368683772161603e-13 622.1954176078546 622.1954176078546 
gen 158 40892 622.1954176078544 1.1368683772161603e-13 622.1954176078546 622.1954176078546 
gen 159 41148 622.1954176078544 1.1368683772161603e-13 622.1954176078546 622.1954176078546 
gen 160 41404 622.1954176078544 1.1368683772161603e-13 622.1954176078546 622.1954176078546 
gen 161 41660 622.1954176078544 1.1368683772161603e-13 622.1954176078546 622.1954176078546 
gen 162 41916 622.1954176078544 1.1368683772161603e-13 622.1954176078546 622.1954176078546 
gen 163 42172 622.1954176078544 1.1368683772161603e-13 622.1954176078546 622.1954176078546 
gen 164 42428 622.1954176078544 1.1368683772161603e-13 622.1954176078546 622.1954176078546 
gen 165 42684 622.1954176078544 1.1368683772161603e-13 622.1954176078546 622.1954176078546 
gen 166 42950 622.1954176078544 1.1368683772161603e-13 622.1954176078546 622.1954176078546 
gen 167 43206 622.1954176078544 1.1368683772161603e-13 622.1954176078546 622.1954176078546 
gen 168 43472 622.1954176078544 1.1368683772161603e-13 622.1954176078546 622.1954176078546 
gen 169 43728 622.1954176078544 1.1368683772161603e-13 622.1954176078546 622.1954176078546 
gen 170 43984 622.1954176078544 1.1368683772161603e-13 622.1954176078546 622.1954176078546 
gen 171 44240 622.1954176078544 1.1368683772161603e-13 622.1954176078546 622.1954176078546 
gen 172 44496 622.1954176078544 1.1368683772161603e-13 622.1954176078546 622.1954176078546 
gen 173 44752 622.1954176078544 1.1368683772161603e-13 622.1954176078546 622.1954176078546 
gen 174 45008 622.1954176078544 1.1368683772161603e-13 622.1954176078546 622.1954176078546 
[1, 0, 3, 7, 2, 5, 4, 6, 6, 3, 2, 1, 5, 7, 4, 0, 6, 3, 2, 0, 1, 5, 7, 4, 1, 0, 3, 6, 5, 7, 2, 4, 1, 0, 7, 5, 2, 4, 3, 6, 6, 3, 2, 5, 7, 4, 1, 0, 6, 3, 1, 2, 5, 0, 7, 4, 6, 3, 2, 5, 0, 7, 1, 4]
min  622.1954176078546
NFE 45008
LSNFE 400
VLSNFE 17
runTime 100.63242769241333
