gen 0 64 1093750000002417.2 3121091305536368.5 881.5815937648124 1e+16 
gen 1 320 1541.3144535984784 199.51365648974001 881.5815937648124 1819.204236807955 
gen 2 576 1365.9207916129913 145.71714047243637 881.5815937648124 1539.926589055352 
gen 3 832 1239.0064381909442 124.6433776563766 881.5815937648124 1404.3078487893017 
gen 4 1088 1123.5734085150261 104.90964158336932 881.5815937648124 1256.9575744476501 
gen 5 1404 1061.988605107209 76.64272162475494 840.8915337456847 1164.2397004004247 
gen 6 1660 998.1739085584509 57.73969654345138 840.8915337456847 1075.9487490170648 
gen 7 1916 967.9440817532917 48.75366013209615 825.2167475891713 1021.2587165330035 
gen 8 2172 940.7906457565972 45.70535332745945 824.463439443853 997.920648914155 
gen 9 2428 920.6971169154225 37.96267386898917 824.463439443853 974.4343483863046 
gen 10 2684 898.9025160281249 31.08501009318171 824.463439443853 941.7009565440303 
gen 11 2940 887.5282277973431 25.942162630628818 824.463439443853 926.2901794004393 
gen 12 3196 876.1371859610765 22.215633008631595 824.463439443853 907.0852025456763 
gen 13 3492 868.5979883401969 25.490543320704827 750.2534634173843 899.6898253031023 
gen 14 3758 862.2251113638315 24.926103800207585 750.2534634173843 891.7938258245745 
gen 15 4014 850.8801071538812 26.046889603387438 750.2534634173843 880.3368561336616 
gen 16 4280 839.0829426883057 25.404352762778935 750.2534634173843 869.8365021075169 
gen 17 4536 830.5377425164527 23.013828911753354 750.2534634173843 858.8289966579373 
gen 18 4792 819.9217065835259 22.97627504978912 750.2534634173843 844.6984831299112 
gen 19 5068 807.3556361349679 20.989266088803383 746.1536522580725 834.0626431780067 
gen 20 5344 795.5574857373825 19.32380346464622 741.1996390230357 821.2893318775065 
gen 21 5600 783.0691081239969 16.088870560592003 735.7586205984683 803.7766642534777 
gen 22 5856 773.1668692502313 12.579064811256616 735.7586205984683 788.9770515469025 
gen 23 6112 764.7748981098441 8.849433020624694 735.7586205984683 774.136458370352 
gen 24 6368 757.5729447893478 5.750868974323996 735.7586205984683 765.2905050006166 
gen 25 6624 755.9695005805592 6.6750317292638295 735.7586205984683 759.8877382965675 
gen 26 6880 752.2823846390764 7.266348784720564 735.7586205984683 759.8877382965675 
gen 27 7166 745.5619771732324 6.296657136307025 708.28820172408 751.2526811346372 
gen 28 7422 741.8031427722487 4.464769410893622 708.28820172408 743.639356435221 
gen 29 7678 740.5708624543875 4.128849706850467 708.28820172408 741.1996390230357 
gen 30 7934 739.6533147647749 5.848896901715949 708.28820172408 741.1996390230357 
gen 31 8190 738.0830352624458 7.357369820933648 708.28820172408 741.1996390230357 
gen 32 8446 731.4725071571497 9.10737609491475 708.28820172408 741.1996390230357 
gen 33 8702 717.7066841588653 3.692791744303541 704.3186146509534 723.8747433365709 
gen 34 8958 711.6863137133124 3.0578275103222126 704.3186146509534 713.703603521539 
gen 35 9214 706.1672161311301 1.18324621872002 704.3186146509534 708.28820172408 
gen 36 9470 704.3186146509534 0.0 704.3186146509534 704.3186146509534 
gen 37 9726 704.3186146509534 0.0 704.3186146509534 704.3186146509534 
gen 38 9982 704.3186146509534 0.0 704.3186146509534 704.3186146509534 
gen 39 10258 704.2157426959171 0.8165208297263257 697.7348095286372 704.3186146509534 
gen 40 10514 703.3927670556276 2.2887565119118776 697.7348095286372 704.3186146509534 
gen 41 10770 700.306608404542 3.2121757664616575 697.7348095286372 704.3186146509534 
gen 42 11026 697.7348095286371 1.1368683772161603e-13 697.7348095286372 697.7348095286372 
gen 43 11282 697.7348095286371 1.1368683772161603e-13 697.7348095286372 697.7348095286372 
gen 44 11558 697.7300984429312 0.037393083549272295 697.4333000434556 697.7348095286372 
gen 45 11814 697.7065430144014 0.08788416426222145 697.4333000434556 697.7348095286372 
gen 46 12070 697.5557882718106 0.14808104735781363 697.4333000434556 697.7348095286372 
gen 47 12326 697.4333000434555 1.1368683772161603e-13 697.4333000434556 697.4333000434556 
gen 48 12592 697.4333000434555 1.1368683772161603e-13 697.4333000434556 697.4333000434556 
gen 49 12868 697.375907364386 0.45554026768106715 693.7601685830064 697.4333000434556 
gen 50 13134 696.9167659318298 1.2769064990571999 693.7601685830064 697.4333000434556 
gen 51 13390 694.5636660899795 1.5184675589368906 693.7601685830064 697.4333000434556 
gen 52 13646 693.7601685830064 0.0 693.7601685830064 693.7601685830064 
gen 53 13922 693.6400388246333 0.9535003971407295 686.0718640471262 693.7601685830064 
gen 54 14178 692.9192602743946 2.399590044125805 686.0718640471262 693.7601685830064 
gen 55 14444 689.9160163150664 3.8441522679401037 686.0718640471262 693.7601685830064 
gen 56 14710 686.071864047126 1.1368683772161603e-13 686.0718640471262 686.0718640471262 
gen 57 14966 686.071864047126 1.1368683772161603e-13 686.0718640471262 686.0718640471262 
gen 58 15222 686.071864047126 1.1368683772161603e-13 686.0718640471262 686.0718640471262 
gen 59 15478 686.071864047126 1.1368683772161603e-13 686.0718640471262 686.0718640471262 
gen 60 15734 686.071864047126 1.1368683772161603e-13 686.0718640471262 686.0718640471262 
gen 61 15990 686.071864047126 1.1368683772161603e-13 686.0718640471262 686.0718640471262 
gen 62 16246 686.071864047126 1.1368683772161603e-13 686.0718640471262 686.0718640471262 
gen 63 16502 686.071864047126 1.1368683772161603e-13 686.0718640471262 686.0718640471262 
gen 64 16758 686.071864047126 1.1368683772161603e-13 686.0718640471262 686.0718640471262 
gen 65 17024 686.071864047126 1.1368683772161603e-13 686.0718640471262 686.0718640471262 
gen 66 17280 686.071864047126 1.1368683772161603e-13 686.0718640471262 686.0718640471262 
gen 67 17536 686.071864047126 1.1368683772161603e-13 686.0718640471262 686.0718640471262 
gen 68 17792 686.071864047126 1.1368683772161603e-13 686.0718640471262 686.0718640471262 
gen 69 18048 686.071864047126 1.1368683772161603e-13 686.0718640471262 686.0718640471262 
gen 70 18304 686.071864047126 1.1368683772161603e-13 686.0718640471262 686.0718640471262 
gen 71 18560 686.071864047126 1.1368683772161603e-13 686.0718640471262 686.0718640471262 
gen 72 18816 686.071864047126 1.1368683772161603e-13 686.0718640471262 686.0718640471262 
gen 73 19072 686.071864047126 1.1368683772161603e-13 686.0718640471262 686.0718640471262 
gen 74 19328 686.071864047126 1.1368683772161603e-13 686.0718640471262 686.0718640471262 
gen 75 19594 686.071864047126 1.1368683772161603e-13 686.0718640471262 686.0718640471262 
gen 76 19850 686.071864047126 1.1368683772161603e-13 686.0718640471262 686.0718640471262 
gen 77 20106 686.071864047126 1.1368683772161603e-13 686.0718640471262 686.0718640471262 
gen 78 20362 686.071864047126 1.1368683772161603e-13 686.0718640471262 686.0718640471262 
gen 79 20618 686.071864047126 1.1368683772161603e-13 686.0718640471262 686.0718640471262 
gen 80 20884 686.071864047126 1.1368683772161603e-13 686.0718640471262 686.0718640471262 
gen 81 21140 686.071864047126 1.1368683772161603e-13 686.0718640471262 686.0718640471262 
gen 82 21406 686.071864047126 1.1368683772161603e-13 686.0718640471262 686.0718640471262 
gen 83 21662 686.071864047126 1.1368683772161603e-13 686.0718640471262 686.0718640471262 
gen 84 21918 686.071864047126 1.1368683772161603e-13 686.0718640471262 686.0718640471262 
gen 85 22174 686.071864047126 1.1368683772161603e-13 686.0718640471262 686.0718640471262 
gen 86 22430 686.071864047126 1.1368683772161603e-13 686.0718640471262 686.0718640471262 
gen 87 22686 686.071864047126 1.1368683772161603e-13 686.0718640471262 686.0718640471262 
gen 88 22942 686.071864047126 1.1368683772161603e-13 686.0718640471262 686.0718640471262 
gen 89 23198 686.071864047126 1.1368683772161603e-13 686.0718640471262 686.0718640471262 
gen 90 23454 686.071864047126 1.1368683772161603e-13 686.0718640471262 686.0718640471262 
gen 91 23710 686.071864047126 1.1368683772161603e-13 686.0718640471262 686.0718640471262 
gen 92 23966 686.071864047126 1.1368683772161603e-13 686.0718640471262 686.0718640471262 
gen 93 24222 686.071864047126 1.1368683772161603e-13 686.0718640471262 686.0718640471262 
gen 94 24478 686.071864047126 1.1368683772161603e-13 686.0718640471262 686.0718640471262 
gen 95 24734 686.071864047126 1.1368683772161603e-13 686.0718640471262 686.0718640471262 
gen 96 24990 686.071864047126 1.1368683772161603e-13 686.0718640471262 686.0718640471262 
gen 97 25246 686.071864047126 1.1368683772161603e-13 686.0718640471262 686.0718640471262 
gen 98 25502 686.071864047126 1.1368683772161603e-13 686.0718640471262 686.0718640471262 
gen 99 25758 686.071864047126 1.1368683772161603e-13 686.0718640471262 686.0718640471262 
gen 100 26014 686.071864047126 1.1368683772161603e-13 686.0718640471262 686.0718640471262 
gen 101 26270 686.071864047126 1.1368683772161603e-13 686.0718640471262 686.0718640471262 
gen 102 26536 686.071864047126 1.1368683772161603e-13 686.0718640471262 686.0718640471262 
gen 103 26802 686.071864047126 1.1368683772161603e-13 686.0718640471262 686.0718640471262 
gen 104 27058 686.071864047126 1.1368683772161603e-13 686.0718640471262 686.0718640471262 
gen 105 27314 686.071864047126 1.1368683772161603e-13 686.0718640471262 686.0718640471262 
gen 106 27570 686.071864047126 1.1368683772161603e-13 686.0718640471262 686.0718640471262 
gen 107 27826 686.071864047126 1.1368683772161603e-13 686.0718640471262 686.0718640471262 
gen 108 28082 686.071864047126 1.1368683772161603e-13 686.0718640471262 686.0718640471262 
gen 109 28338 686.071864047126 1.1368683772161603e-13 686.0718640471262 686.0718640471262 
gen 110 28594 686.071864047126 1.1368683772161603e-13 686.0718640471262 686.0718640471262 
gen 111 28860 686.071864047126 1.1368683772161603e-13 686.0718640471262 686.0718640471262 
gen 112 29126 686.071864047126 1.1368683772161603e-13 686.0718640471262 686.0718640471262 
gen 113 29382 686.071864047126 1.1368683772161603e-13 686.0718640471262 686.0718640471262 
gen 114 29638 686.071864047126 1.1368683772161603e-13 686.0718640471262 686.0718640471262 
gen 115 29894 686.071864047126 1.1368683772161603e-13 686.0718640471262 686.0718640471262 
gen 116 30150 686.071864047126 1.1368683772161603e-13 686.0718640471262 686.0718640471262 
gen 117 30406 686.071864047126 1.1368683772161603e-13 686.0718640471262 686.0718640471262 
gen 118 30662 686.071864047126 1.1368683772161603e-13 686.0718640471262 686.0718640471262 
gen 119 30918 686.071864047126 1.1368683772161603e-13 686.0718640471262 686.0718640471262 
gen 120 31174 686.071864047126 1.1368683772161603e-13 686.0718640471262 686.0718640471262 
gen 121 31430 686.071864047126 1.1368683772161603e-13 686.0718640471262 686.0718640471262 
gen 122 31686 686.071864047126 1.1368683772161603e-13 686.0718640471262 686.0718640471262 
gen 123 31942 686.071864047126 1.1368683772161603e-13 686.0718640471262 686.0718640471262 
gen 124 32198 686.071864047126 1.1368683772161603e-13 686.0718640471262 686.0718640471262 
gen 125 32454 686.071864047126 1.1368683772161603e-13 686.0718640471262 686.0718640471262 
gen 126 32730 686.0108337399122 0.4844130459777019 682.1659243854353 686.0718640471262 
gen 127 32986 685.5836215894146 1.2917681226072055 682.1659243854353 686.0718640471262 
gen 128 33242 683.5696214513555 1.8741372921703674 682.1659243854353 686.0718640471262 
gen 129 33498 682.1659243854355 1.1368683772161603e-13 682.1659243854353 682.1659243854353 
gen 130 33754 682.1659243854355 1.1368683772161603e-13 682.1659243854353 682.1659243854353 
gen 131 34010 682.1659243854355 1.1368683772161603e-13 682.1659243854353 682.1659243854353 
gen 132 34266 682.1659243854355 1.1368683772161603e-13 682.1659243854353 682.1659243854353 
gen 133 34522 682.1659243854355 1.1368683772161603e-13 682.1659243854353 682.1659243854353 
gen 134 34778 682.1659243854355 1.1368683772161603e-13 682.1659243854353 682.1659243854353 
gen 135 35034 682.1659243854355 1.1368683772161603e-13 682.1659243854353 682.1659243854353 
gen 136 35290 682.1659243854355 1.1368683772161603e-13 682.1659243854353 682.1659243854353 
gen 137 35546 682.1659243854355 1.1368683772161603e-13 682.1659243854353 682.1659243854353 
gen 138 35802 682.1659243854355 1.1368683772161603e-13 682.1659243854353 682.1659243854353 
gen 139 36058 682.1659243854355 1.1368683772161603e-13 682.1659243854353 682.1659243854353 
gen 140 36324 682.1659243854355 1.1368683772161603e-13 682.1659243854353 682.1659243854353 
gen 141 36590 682.1659243854355 1.1368683772161603e-13 682.1659243854353 682.1659243854353 
gen 142 36846 682.1659243854355 1.1368683772161603e-13 682.1659243854353 682.1659243854353 
gen 143 37112 682.1659243854355 1.1368683772161603e-13 682.1659243854353 682.1659243854353 
gen 144 37368 682.1659243854355 1.1368683772161603e-13 682.1659243854353 682.1659243854353 
gen 145 37624 682.1659243854355 1.1368683772161603e-13 682.1659243854353 682.1659243854353 
gen 146 37890 682.1659243854355 1.1368683772161603e-13 682.1659243854353 682.1659243854353 
gen 147 38146 682.1659243854355 1.1368683772161603e-13 682.1659243854353 682.1659243854353 
gen 148 38402 682.1659243854355 1.1368683772161603e-13 682.1659243854353 682.1659243854353 
gen 149 38658 682.1659243854355 1.1368683772161603e-13 682.1659243854353 682.1659243854353 
gen 150 38914 682.1659243854355 1.1368683772161603e-13 682.1659243854353 682.1659243854353 
gen 151 39170 682.1659243854355 1.1368683772161603e-13 682.1659243854353 682.1659243854353 
gen 152 39436 682.1659243854355 1.1368683772161603e-13 682.1659243854353 682.1659243854353 
gen 153 39692 682.1659243854355 1.1368683772161603e-13 682.1659243854353 682.1659243854353 
gen 154 39948 682.1659243854355 1.1368683772161603e-13 682.1659243854353 682.1659243854353 
gen 155 40214 682.1659243854355 1.1368683772161603e-13 682.1659243854353 682.1659243854353 
gen 156 40480 682.1659243854355 1.1368683772161603e-13 682.1659243854353 682.1659243854353 
gen 157 40736 682.1659243854355 1.1368683772161603e-13 682.1659243854353 682.1659243854353 
gen 158 40992 682.1659243854355 1.1368683772161603e-13 682.1659243854353 682.1659243854353 
gen 159 41258 682.1659243854355 1.1368683772161603e-13 682.1659243854353 682.1659243854353 
gen 160 41514 682.1659243854355 1.1368683772161603e-13 682.1659243854353 682.1659243854353 
gen 161 41770 682.1659243854355 1.1368683772161603e-13 682.1659243854353 682.1659243854353 
gen 162 42026 682.1659243854355 1.1368683772161603e-13 682.1659243854353 682.1659243854353 
gen 163 42282 682.1659243854355 1.1368683772161603e-13 682.1659243854353 682.1659243854353 
gen 164 42538 682.1659243854355 1.1368683772161603e-13 682.1659243854353 682.1659243854353 
gen 165 42794 682.1659243854355 1.1368683772161603e-13 682.1659243854353 682.1659243854353 
gen 166 43050 682.1659243854355 1.1368683772161603e-13 682.1659243854353 682.1659243854353 
gen 167 43306 682.1659243854355 1.1368683772161603e-13 682.1659243854353 682.1659243854353 
gen 168 43562 682.1659243854355 1.1368683772161603e-13 682.1659243854353 682.1659243854353 
gen 169 43818 682.1659243854355 1.1368683772161603e-13 682.1659243854353 682.1659243854353 
gen 170 44074 682.1659243854355 1.1368683772161603e-13 682.1659243854353 682.1659243854353 
gen 171 44330 682.1659243854355 1.1368683772161603e-13 682.1659243854353 682.1659243854353 
gen 172 44586 682.1659243854355 1.1368683772161603e-13 682.1659243854353 682.1659243854353 
gen 173 44842 682.1659243854355 1.1368683772161603e-13 682.1659243854353 682.1659243854353 
[1, 0, 4, 5, 3, 2, 7, 6, 6, 3, 2, 4, 1, 7, 5, 0, 6, 2, 5, 7, 0, 4, 3, 1, 6, 3, 2, 1, 5, 4, 7, 0, 6, 1, 0, 3, 4, 5, 2, 7, 3, 2, 5, 7, 1, 6, 0, 4, 1, 0, 4, 5, 7, 6, 2, 3, 3, 2, 5, 0, 6, 7, 1, 4]
min  682.1659243854353
NFE 44842
LSNFE 490
VLSNFE 26
runTime 106.9878420829773
