gen 0 64 781250000001673.0 2683681880830399.0 782.9208004090993 1e+16 
gen 1 320 985.6924879385402 97.28438781039586 712.7340940625372 1115.711232441962 
gen 2 576 879.1609267096612 58.93948564925877 712.7340940625372 965.8436162817061 
gen 3 912 821.4198018620084 58.98111615445251 547.0885679622672 882.6448778335358 
gen 4 1168 770.1141247416042 55.88742339604624 547.0885679622672 828.2610623260714 
gen 5 1424 734.601743284981 52.506303596389145 547.0885679622672 794.409241038494 
gen 6 1680 687.0112637494781 42.81566033413536 547.0885679622672 739.1901053246577 
gen 7 1936 660.2711600745831 35.90881174915244 547.0885679622672 701.7032441924893 
gen 8 2202 640.4959125194077 27.71446267397151 547.0885679622672 674.5817380958376 
gen 9 2458 626.3400243854207 22.32451044556668 547.0885679622672 654.6284760498893 
gen 10 2714 604.0084493944591 21.172056081352327 521.7255375205951 634.1345975936006 
gen 11 2970 590.9801637647829 17.80096617889402 521.7255375205951 610.8246794497516 
gen 12 3226 581.3542993252579 18.732383747535998 521.7255375205951 600.7484058326463 
gen 13 3522 566.270479279342 17.940343070576155 503.0790008097005 586.1532323120177 
gen 14 3798 555.3743368091358 17.667816227416967 499.6406272610599 576.7793842862247 
gen 15 4054 541.395518538979 15.929491448623025 485.9597336412672 560.5073592314208 
gen 16 4310 534.6315876803831 13.265177347272024 485.9597336412672 551.7419349237828 
gen 17 4566 529.5169871063715 11.3173062432146 485.9597336412672 542.4208539419312 
gen 18 4832 525.0364181545565 11.364960096891755 485.9597336412672 539.0512272387639 
gen 19 5098 520.2172595093687 10.75596789062083 485.9597336412672 532.1168118447766 
gen 20 5354 514.8396600261092 10.519313209322279 485.9597336412672 526.7535372162005 
gen 21 5610 507.1958431525718 9.386725440934987 481.5190085185669 519.0109635333929 
gen 22 5866 499.1959429817367 8.835893190185459 477.7705192584354 511.42385908017195 
gen 23 6122 488.64030876142226 6.542893556285794 472.15245630618955 498.41032421917043 
gen 24 6378 481.66633770983384 5.647390547319858 462.49914694431095 488.81586453116154 
gen 25 6634 475.9230112707777 4.277196858774738 462.49914694431095 481.5190085185669 
gen 26 6890 471.0113717380723 3.0213673612903795 462.49914694431095 475.3915216599794 
gen 27 7156 467.5022414423962 2.418676067187971 459.8260411877193 470.7147122183833 
gen 28 7422 464.3282850878638 2.320583118276323 457.9261426997202 467.10489320619297 
gen 29 7678 461.0493428845265 1.8063888143359146 457.11440852284824 463.69126943816445 
gen 30 7934 459.37966098391865 1.4131750665430072 455.22814269228 461.27502965582426 
gen 31 8190 457.7069649426498 1.230226694549587 454.1184430807177 459.36330246555826 
gen 32 8446 456.78798829266714 1.0720546377977247 454.1184430807177 457.9261426997202 
gen 33 8702 455.70366172367073 1.0105878852863424 451.15375668141155 456.95710893342243 
gen 34 8958 454.7200914243115 0.8413920446074769 451.15375668141155 455.6723642672791 
gen 35 9214 453.8847322182266 0.8446771087397299 451.15375668141155 454.6110890405463 
gen 36 9480 452.7966752248311 1.0960787726653232 450.26921277799727 454.0573326705867 
gen 37 9736 451.2651731495014 0.5491179493486642 450.0950221350526 452.12800055923907 
gen 38 9992 450.5351627775263 0.34452657244281815 450.0642591429737 451.0462518905054 
gen 39 10248 450.16182120979397 0.07949557267474794 450.0642591429737 450.26921277799727 
gen 40 10504 450.10228283694664 0.027452553351071753 450.0642591429737 450.12896942767395 
gen 41 10770 450.07194989099344 0.01332076631837578 450.0642591429737 450.0950221350526 
gen 42 11026 450.0642591429737 0.0 450.0642591429737 450.0642591429737 
gen 43 11282 450.0642591429737 0.0 450.0642591429737 450.0642591429737 
gen 44 11538 450.0642591429737 0.0 450.0642591429737 450.0642591429737 
gen 45 11794 450.0642591429737 0.0 450.0642591429737 450.0642591429737 
gen 46 12060 450.0642591429737 0.0 450.0642591429737 450.0642591429737 
gen 47 12326 450.0642591429737 0.0 450.0642591429737 450.0642591429737 
gen 48 12582 450.0642591429737 0.0 450.0642591429737 450.0642591429737 
gen 49 12838 450.0642591429737 0.0 450.0642591429737 450.0642591429737 
gen 50 13104 450.0642591429737 0.0 450.0642591429737 450.0642591429737 
gen 51 13360 450.0642591429737 0.0 450.0642591429737 450.0642591429737 
gen 52 13616 450.0642591429737 0.0 450.0642591429737 450.0642591429737 
gen 53 13872 450.0642591429737 0.0 450.0642591429737 450.0642591429737 
gen 54 14128 450.0642591429737 0.0 450.0642591429737 450.0642591429737 
gen 55 14394 450.0642591429737 0.0 450.0642591429737 450.0642591429737 
gen 56 14660 450.0642591429737 0.0 450.0642591429737 450.0642591429737 
gen 57 14916 450.0642591429737 0.0 450.0642591429737 450.0642591429737 
gen 58 15172 450.0642591429737 0.0 450.0642591429737 450.0642591429737 
gen 59 15428 450.0642591429737 0.0 450.0642591429737 450.0642591429737 
gen 60 15694 450.0642591429737 0.0 450.0642591429737 450.0642591429737 
gen 61 15960 450.0642591429737 0.0 450.0642591429737 450.0642591429737 
gen 62 16226 450.0642591429737 0.0 450.0642591429737 450.0642591429737 
gen 63 16482 450.0642591429737 0.0 450.0642591429737 450.0642591429737 
gen 64 16738 450.0642591429737 0.0 450.0642591429737 450.0642591429737 
gen 65 16994 450.0642591429737 0.0 450.0642591429737 450.0642591429737 
gen 66 17260 450.0642591429737 0.0 450.0642591429737 450.0642591429737 
gen 67 17516 450.0642591429737 0.0 450.0642591429737 450.0642591429737 
gen 68 17772 450.0642591429737 0.0 450.0642591429737 450.0642591429737 
gen 69 18028 450.0642591429737 0.0 450.0642591429737 450.0642591429737 
gen 70 18294 450.0642591429737 0.0 450.0642591429737 450.0642591429737 
gen 71 18550 450.0642591429737 0.0 450.0642591429737 450.0642591429737 
gen 72 18806 450.0642591429737 0.0 450.0642591429737 450.0642591429737 
gen 73 19072 450.0642591429737 0.0 450.0642591429737 450.0642591429737 
gen 74 19328 450.0642591429737 0.0 450.0642591429737 450.0642591429737 
gen 75 19584 450.0642591429737 0.0 450.0642591429737 450.0642591429737 
gen 76 19850 450.0642591429737 0.0 450.0642591429737 450.0642591429737 
gen 77 20106 450.0642591429737 0.0 450.0642591429737 450.0642591429737 
gen 78 20362 450.0642591429737 0.0 450.0642591429737 450.0642591429737 
gen 79 20628 450.0642591429737 0.0 450.0642591429737 450.0642591429737 
gen 80 20884 450.0642591429737 0.0 450.0642591429737 450.0642591429737 
gen 81 21140 450.0642591429737 0.0 450.0642591429737 450.0642591429737 
gen 82 21396 450.0642591429737 0.0 450.0642591429737 450.0642591429737 
gen 83 21652 450.0642591429737 0.0 450.0642591429737 450.0642591429737 
gen 84 21908 450.0642591429737 0.0 450.0642591429737 450.0642591429737 
gen 85 22164 450.0642591429737 0.0 450.0642591429737 450.0642591429737 
gen 86 22430 450.0642591429737 0.0 450.0642591429737 450.0642591429737 
gen 87 22686 450.0642591429737 0.0 450.0642591429737 450.0642591429737 
gen 88 22942 450.0642591429737 0.0 450.0642591429737 450.0642591429737 
gen 89 23198 450.0642591429737 0.0 450.0642591429737 450.0642591429737 
gen 90 23454 450.0642591429737 0.0 450.0642591429737 450.0642591429737 
gen 91 23710 450.0642591429737 0.0 450.0642591429737 450.0642591429737 
gen 92 23966 450.0642591429737 0.0 450.0642591429737 450.0642591429737 
gen 93 24222 450.0642591429737 0.0 450.0642591429737 450.0642591429737 
gen 94 24478 450.0642591429737 0.0 450.0642591429737 450.0642591429737 
gen 95 24734 450.0642591429737 0.0 450.0642591429737 450.0642591429737 
gen 96 24990 450.0642591429737 0.0 450.0642591429737 450.0642591429737 
gen 97 25246 450.0642591429737 0.0 450.0642591429737 450.0642591429737 
gen 98 25502 450.0642591429737 0.0 450.0642591429737 450.0642591429737 
gen 99 25768 450.0642591429737 0.0 450.0642591429737 450.0642591429737 
gen 100 26034 450.0642591429737 0.0 450.0642591429737 450.0642591429737 
gen 101 26300 450.0642591429737 0.0 450.0642591429737 450.0642591429737 
gen 102 26556 450.0642591429737 0.0 450.0642591429737 450.0642591429737 
gen 103 26822 450.0642591429737 0.0 450.0642591429737 450.0642591429737 
gen 104 27078 450.0642591429737 0.0 450.0642591429737 450.0642591429737 
gen 105 27334 450.0642591429737 0.0 450.0642591429737 450.0642591429737 
gen 106 27590 450.0642591429737 0.0 450.0642591429737 450.0642591429737 
gen 107 27856 450.0642591429737 0.0 450.0642591429737 450.0642591429737 
gen 108 28112 450.0642591429737 0.0 450.0642591429737 450.0642591429737 
gen 109 28368 450.0642591429737 0.0 450.0642591429737 450.0642591429737 
gen 110 28624 450.0642591429737 0.0 450.0642591429737 450.0642591429737 
gen 111 28880 450.0642591429737 0.0 450.0642591429737 450.0642591429737 
gen 112 29146 450.0642591429737 0.0 450.0642591429737 450.0642591429737 
gen 113 29402 450.0642591429737 0.0 450.0642591429737 450.0642591429737 
gen 114 29658 450.0642591429737 0.0 450.0642591429737 450.0642591429737 
gen 115 29914 450.0642591429737 0.0 450.0642591429737 450.0642591429737 
gen 116 30170 450.0642591429737 0.0 450.0642591429737 450.0642591429737 
gen 117 30426 450.0642591429737 0.0 450.0642591429737 450.0642591429737 
gen 118 30682 450.0642591429737 0.0 450.0642591429737 450.0642591429737 
gen 119 30938 450.0642591429737 0.0 450.0642591429737 450.0642591429737 
gen 120 31194 450.0642591429737 0.0 450.0642591429737 450.0642591429737 
gen 121 31450 450.0642591429737 0.0 450.0642591429737 450.0642591429737 
gen 122 31716 450.0642591429737 0.0 450.0642591429737 450.0642591429737 
gen 123 31972 450.0642591429737 0.0 450.0642591429737 450.0642591429737 
gen 124 32228 450.0642591429737 0.0 450.0642591429737 450.0642591429737 
gen 125 32484 450.0642591429737 0.0 450.0642591429737 450.0642591429737 
gen 126 32740 450.0642591429737 0.0 450.0642591429737 450.0642591429737 
gen 127 32996 450.0642591429737 0.0 450.0642591429737 450.0642591429737 
gen 128 33262 450.0642591429737 0.0 450.0642591429737 450.0642591429737 
gen 129 33518 450.0642591429737 0.0 450.0642591429737 450.0642591429737 
gen 130 33774 450.0642591429737 0.0 450.0642591429737 450.0642591429737 
gen 131 34030 450.0642591429737 0.0 450.0642591429737 450.0642591429737 
gen 132 34286 450.0642591429737 0.0 450.0642591429737 450.0642591429737 
gen 133 34542 450.0642591429737 0.0 450.0642591429737 450.0642591429737 
gen 134 34798 450.0642591429737 0.0 450.0642591429737 450.0642591429737 
gen 135 35064 450.0642591429737 0.0 450.0642591429737 450.0642591429737 
gen 136 35320 450.0642591429737 0.0 450.0642591429737 450.0642591429737 
gen 137 35576 450.0642591429737 0.0 450.0642591429737 450.0642591429737 
gen 138 35832 450.0642591429737 0.0 450.0642591429737 450.0642591429737 
gen 139 36098 450.0642591429737 0.0 450.0642591429737 450.0642591429737 
gen 140 36364 450.0642591429737 0.0 450.0642591429737 450.0642591429737 
gen 141 36620 450.0642591429737 0.0 450.0642591429737 450.0642591429737 
gen 142 36876 450.0642591429737 0.0 450.0642591429737 450.0642591429737 
gen 143 37132 450.0642591429737 0.0 450.0642591429737 450.0642591429737 
gen 144 37388 450.0642591429737 0.0 450.0642591429737 450.0642591429737 
gen 145 37644 450.0642591429737 0.0 450.0642591429737 450.0642591429737 
gen 146 37900 450.0642591429737 0.0 450.0642591429737 450.0642591429737 
gen 147 38156 450.0642591429737 0.0 450.0642591429737 450.0642591429737 
gen 148 38412 450.0642591429737 0.0 450.0642591429737 450.0642591429737 
gen 149 38668 450.0642591429737 0.0 450.0642591429737 450.0642591429737 
gen 150 38924 450.0642591429737 0.0 450.0642591429737 450.0642591429737 
gen 151 39180 450.0642591429737 0.0 450.0642591429737 450.0642591429737 
gen 152 39436 450.0642591429737 0.0 450.0642591429737 450.0642591429737 
gen 153 39702 450.0642591429737 0.0 450.0642591429737 450.0642591429737 
gen 154 39958 450.0642591429737 0.0 450.0642591429737 450.0642591429737 
gen 155 40224 450.0642591429737 0.0 450.0642591429737 450.0642591429737 
gen 156 40480 450.0642591429737 0.0 450.0642591429737 450.0642591429737 
gen 157 40736 450.0642591429737 0.0 450.0642591429737 450.0642591429737 
gen 158 41002 450.0642591429737 0.0 450.0642591429737 450.0642591429737 
gen 159 41258 450.0642591429737 0.0 450.0642591429737 450.0642591429737 
gen 160 41514 450.0642591429737 0.0 450.0642591429737 450.0642591429737 
gen 161 41770 450.0642591429737 0.0 450.0642591429737 450.0642591429737 
gen 162 42036 450.0642591429737 0.0 450.0642591429737 450.0642591429737 
gen 163 42292 450.0642591429737 0.0 450.0642591429737 450.0642591429737 
gen 164 42548 450.0642591429737 0.0 450.0642591429737 450.0642591429737 
gen 165 42804 450.0642591429737 0.0 450.0642591429737 450.0642591429737 
gen 166 43060 450.0642591429737 0.0 450.0642591429737 450.0642591429737 
gen 167 43316 450.0642591429737 0.0 450.0642591429737 450.0642591429737 
gen 168 43572 450.0642591429737 0.0 450.0642591429737 450.0642591429737 
gen 169 43828 450.0642591429737 0.0 450.0642591429737 450.0642591429737 
gen 170 44084 450.0642591429737 0.0 450.0642591429737 450.0642591429737 
gen 171 44340 450.0642591429737 0.0 450.0642591429737 450.0642591429737 
gen 172 44596 450.0642591429737 0.0 450.0642591429737 450.0642591429737 
gen 173 44852 450.0642591429737 0.0 450.0642591429737 450.0642591429737 
[7, 5, 3, 4, 6, 0, 1, 2, 7, 5, 6, 1, 4, 2, 3, 0, 3, 6, 0, 4, 1, 2, 5, 7, 0, 4, 1, 6, 2, 3, 7, 5, 6, 0, 4, 5, 3, 1, 7, 2, 3, 6, 0, 4, 1, 2, 7, 5, 3, 6, 5, 7, 4, 1, 2, 0, 7, 5, 4, 3, 1, 0, 2, 6]
min  450.0642591429737
NFE 44852
LSNFE 500
VLSNFE 17
runTime 97.67459535598755
