gen 0 400 275000000000475.53 1635351644142549.0 348.9113639483004 1e+16 
gen 1 3610 436.15100459728023 23.739398586060748 339.0131527279395 465.9296808027959 
gen 2 6880 414.6835592840552 19.622255778094754 323.0104570638607 438.99290096571116 
gen 3 9980 400.975867846263 17.61815146886689 323.0104570638607 422.40535139312436 
gen 4 13250 390.947485030188 16.047192570055063 323.0104570638607 410.76519722411416 
gen 5 16390 382.5306298636939 15.121702153569563 310.48960407556854 401.84790135861226 
gen 6 19690 376.11138650822 14.414268429045615 309.08557207061983 393.9299895485819 
gen 7 22830 369.98690433651643 13.886151998182585 309.08557207061983 387.23670888703475 
gen 8 25980 364.7708630559426 13.507592089649348 309.08557207061983 381.594814326746 
gen 9 29180 360.71721884774814 13.631016933211836 306.6425611405265 377.01812106125516 
gen 10 32500 356.8533579216132 13.569876325298587 291.6280112758851 373.29598369387634 
gen 11 35690 353.7849838251627 13.354125451605197 291.6280112758851 370.2884764928602 
gen 12 38720 350.58274629028415 13.17813268788144 291.6280112758851 367.20051169932833 
gen 13 41980 346.78478611469546 12.950227962285837 291.6280112758851 363.7455265928615 
gen 14 45270 343.6706713521435 12.78692116201648 291.2857264787497 359.52860071364626 
gen 15 48360 340.56754492384744 13.000039968927853 276.35933315905316 356.3539406420142 
gen 16 51880 337.7139996129629 12.379586610318013 276.35933315905316 353.3592398574658 
gen 17 54940 335.1589155964347 12.217196957801013 272.5885719346292 351.07435193763246 
gen 18 58090 331.5745054961548 12.185973877755595 272.5885719346292 347.64497278570536 
gen 19 61350 329.3261666730568 11.995789241787769 272.5885719346292 345.47072419066984 
gen 20 64500 327.2805329167711 11.898993978307598 272.5885719346292 343.43324814385767 
gen 21 67850 324.9090883858378 11.426544035547073 263.9728079406754 339.74643544669414 
gen 22 71080 322.89489479541095 11.458444079228777 263.9728079406754 337.730800840347 
gen 23 74460 321.031085267534 11.26562304539867 263.9728079406754 336.1085803251799 
gen 24 77660 319.2996041798003 10.989387904458734 263.9728079406754 334.5705523584605 
gen 25 81020 318.2277216327934 10.912986698943309 263.9728079406754 333.2059515789394 
gen 26 84140 316.42960250705454 10.703528759922158 263.9728079406754 330.831351180767 
gen 27 87550 314.98801361051744 10.70507616223208 263.9728079406754 329.556394032359 
gen 28 90790 313.4665145039018 10.46452914536685 263.9728079406754 327.9889518167134 
gen 29 93820 312.1111149185719 10.587741604461637 263.9728079406754 325.93729287016123 
gen 30 97190 311.1807736879595 10.95392893736638 260.14136026541127 324.9300053000345 
gen 31 100250 310.58954005186513 10.83684939318019 260.14136026541127 324.25741632389065 
gen 32 103510 309.6391668600167 10.82726024297976 257.87566058437335 323.5047655592204 
gen 33 106600 308.3231034541106 10.81342179118143 257.87566058437335 322.2748603930427 
gen 34 109740 307.3592007467883 10.668481674483509 257.87566058437335 320.3222513393169 
gen 35 113080 306.14995003582857 10.83244385968731 252.2327901905792 319.49922747708547 
gen 36 116100 305.4365116887698 10.87036497145788 252.2327901905792 318.72075166950395 
gen 37 119200 304.3531888552828 10.845045008976438 252.2327901905792 317.9944568644169 
gen 38 122190 303.36316874068876 10.719153326445669 252.2327901905792 316.92294934431965 
gen 39 125320 302.6953302668508 10.81704033205848 251.28619104342758 316.1097882659132 
gen 40 128520 302.04024277195583 10.879344828829412 250.9728374855717 315.2995393011257 
gen 41 131850 300.84493343812557 10.951265273856976 250.9728374855717 314.4638545504001 
gen 42 135150 299.9109045190186 10.940178969325832 250.9728374855717 313.78969083220284 
gen 43 138310 299.1157069727469 10.887440232983215 250.9728374855717 313.39760637407727 
gen 44 141410 298.57574423553655 10.781457120612657 250.9728374855717 312.77388984732033 
gen 45 144790 297.8961817415722 10.751515025567176 250.9728374855717 312.41373064702805 
gen 46 147790 297.2876171276372 10.794755522918235 250.9728374855717 311.79567773665934 
gen 47 150970 296.3081990122202 10.710174495479052 250.9728374855717 311.1439783935336 
gen 48 154360 295.75767867208265 10.567412332886548 250.9728374855717 310.5040951561225 
gen 49 157620 295.21518201745124 10.345457665918406 250.9728374855717 309.88148141202345 
gen 50 161030 294.46531553223576 10.282591076000871 250.9728374855717 309.0632401552608 
gen 51 163950 293.781323035605 10.257466740943343 250.9728374855717 308.0226506410022 
gen 52 167240 293.13924478370296 10.175184331739352 250.9728374855717 307.0549554654704 
gen 53 170220 292.5782314648649 10.343471020441315 250.9728374855717 306.79366581539165 
gen 54 173750 291.8943399523803 10.305518259240941 250.9728374855717 306.2574372524574 
gen 55 176820 291.4134441539663 10.41298109633227 250.9728374855717 305.7833743702267 
gen 56 179990 290.69694878409035 10.666719768269706 248.47688971709204 305.5113009146529 
gen 57 183320 290.25596349837565 10.639337346967341 248.47688971709204 304.9594955675976 
gen 58 186300 289.8317858892738 10.6068759450066 248.47688971709204 304.29336555233664 
gen 59 189300 289.32993379047434 10.52524478235904 248.47688971709204 303.79410130018414 
gen 60 192450 288.6682136076763 10.577715676236428 248.47688971709204 302.98394012332824 
gen 61 195720 288.210225781854 10.614887548650897 248.47688971709204 302.5053926397438 
gen 62 199070 287.4600157542559 10.518763414718189 248.47688971709204 301.65697647221265 
gen 63 202210 286.861063254974 10.522288337344477 248.47688971709204 301.2727473539247 
gen 64 205060 286.3196619866358 10.484977769319196 245.91975577848288 300.6114840356765 
gen 65 208160 285.78256711421426 10.435548647720879 240.9581592275386 299.72967016760555 
gen 66 211300 285.3265627183319 10.395966829515055 240.9581592275386 299.3313272412897 
gen 67 214390 284.98755879625634 10.33343913209002 240.9581592275386 298.69978195587817 
gen 68 217880 284.51258288209846 10.345474917718201 240.9581592275386 298.4583134418405 
gen 69 221070 284.297633582946 10.302881460977508 240.9581592275386 298.2952079498202 
gen 70 223820 283.79199514383816 10.272229125451107 240.9581592275386 297.39128770109596 
gen 71 226850 283.3739468834821 10.281309233813312 240.9581592275386 297.16619987447865 
gen 72 229920 282.94751893819654 10.249801838068276 240.9581592275386 296.6399388283959 
gen 73 233020 282.4729278607605 10.300084885876108 240.9581592275386 296.1970130023148 
gen 74 236210 281.9996175421828 10.207643891974243 240.9581592275386 295.94988502067247 
gen 75 239180 281.5387730260784 10.388185653819667 240.9581592275386 295.575284768889 
gen 76 242320 281.18219021747115 10.430986688408554 240.9581592275386 295.3723077415519 
gen 77 245420 280.65301204034046 10.295020641498896 240.9581592275386 294.5617890110518 
gen 78 248760 280.29841848496125 10.270568103116297 240.9581592275386 294.3143961571874 
gen 79 252100 279.8438345591907 10.256812610144769 240.9581592275386 293.68835937851566 
gen 80 255300 279.543851099556 10.205549960018432 240.9581592275386 293.61287842648517 
gen 81 258740 278.9771157933043 10.072996670450964 240.9581592275386 293.27196577946506 
gen 82 261910 278.59037039222903 10.100510315800445 240.9581592275386 293.11893783183257 
gen 83 265030 278.26033632526253 10.008478942572644 240.9581592275386 292.7867953815358 
gen 84 268070 277.701500663953 9.988401894283669 240.9581592275386 292.25233508160125 
gen 85 271350 277.19576004998913 9.871338932404033 240.9581592275386 291.74163249346026 
gen 86 274390 276.6154618652737 9.962497660802299 240.9581592275386 290.9473176617403 
gen 87 277410 276.28074231401865 9.889120609444417 240.9581592275386 290.7029385011686 
gen 88 280650 275.7132894781389 10.031605872197325 240.9581592275386 290.1636076345681 
[9, 16, 13, 19, 3, 2, 7, 4, 17, 18, 15, 10, 1, 0, 12, 5, 8, 6, 11, 14, 4, 1, 16, 11, 14, 9, 2, 3, 7, 17, 15, 19, 0, 6, 12, 5, 13, 10, 18, 8, 10, 2, 6, 9, 4, 1, 7, 11, 13, 5, 15, 14, 19, 16, 18, 8, 3, 12, 0, 17, 12, 1, 5, 15, 0, 4, 19, 17, 2, 7, 18, 9, 8, 14, 11, 10, 3, 6, 16, 13, 8, 19, 1, 0, 14, 10, 9, 18, 11, 15, 16, 17, 2, 5, 6, 13, 3, 12, 4, 7, 12, 8, 11, 17, 18, 19, 13, 10, 7, 0, 15, 2, 6, 3, 4, 14, 5, 16, 1, 9, 5, 8, 11, 3, 16, 14, 15, 7, 18, 13, 12, 17, 1, 10, 0, 19, 2, 6, 4, 9, 15, 3, 13, 11, 4, 16, 12, 14, 6, 2, 17, 10, 8, 0, 19, 7, 9, 1, 18, 5, 11, 17, 12, 4, 3, 0, 6, 5, 9, 8, 2, 16, 10, 14, 1, 15, 13, 19, 7, 18, 0, 9, 13, 18, 19, 3, 15, 14, 17, 10, 11, 12, 2, 16, 6, 5, 8, 1, 7, 4, 3, 9, 18, 7, 5, 16, 10, 12, 13, 0, 14, 17, 4, 19, 6, 1, 15, 11, 8, 2, 10, 16, 11, 14, 17, 5, 18, 2, 12, 8, 3, 4, 1, 13, 7, 0, 15, 9, 6, 19, 3, 8, 10, 7, 17, 12, 16, 6, 13, 2, 14, 19, 1, 0, 5, 9, 4, 11, 18, 15, 4, 13, 15, 9, 16, 3, 14, 2, 10, 11, 8, 18, 6, 0, 17, 1, 12, 19, 7, 5, 3, 6, 16, 15, 5, 10, 2, 4, 18, 14, 13, 7, 19, 12, 0, 17, 9, 1, 11, 8, 4, 14, 6, 16, 1, 2, 11, 10, 12, 13, 18, 7, 19, 5, 15, 9, 8, 0, 3, 17, 19, 10, 17, 2, 8, 18, 4, 11, 14, 16, 13, 6, 0, 3, 12, 5, 7, 1, 9, 15, 3, 18, 16, 17, 6, 12, 7, 2, 1, 19, 13, 0, 14, 8, 5, 10, 15, 9, 11, 4, 14, 6, 16, 17, 5, 15, 12, 18, 10, 9, 3, 1, 19, 7, 11, 0, 4, 8, 2, 13, 16, 3, 17, 7, 9, 18, 15, 5, 6, 12, 10, 4, 0, 13, 14, 19, 2, 1, 11, 8]
min  240.9581592275386
NFE 280650
LSNFE 209850
VLSNFE 35043
runTime 1391.0093550682068
