gen 0 391 1e+16 0.0 1e+16 1e+16 
gen 1 24721 9335038363171440.0 2491473939223733.0 1070.0475243090855 1e+16 
gen 2 48581 8491048593350572.0 3579466401415593.0 1040.2820159913438 1e+16 
gen 3 73091 7416879795396736.0 4377064319221258.5 997.6962932567624 1e+16 
gen 4 97501 5882352941176972.0 4921529567846904.0 937.6175032368843 1e+16 
gen 5 121561 3529411764706663.5 4778846120373517.0 921.1182633540499 1e+16 
gen 6 145751 1152.0256355112767 110.49126822469317 880.2178452548575 1389.3013392672526 
gen 7 170351 1057.5549385442773 64.66799575945046 853.9868066174208 1151.407561424609 
gen 8 194731 994.6685648873263 52.38971782626321 727.7189037991789 1062.3090551757682 
gen 9 218581 949.0291929204559 44.52114958547371 714.2546703386727 1000.6867267958253 
gen 10 242871 910.1482908717226 41.96902189501203 714.2546703386727 960.4761558213243 
gen 11 266951 876.4153076920704 36.890358788918704 714.2546703386727 919.9769430643645 
gen 12 290821 844.3482241520215 33.78244399331981 692.4951458616889 883.9389837479927 
[20, 17, 3, 7, 5, 14, 1, 21, 13, 22, 19, 9, 10, 18, 4, 2, 16, 11, 0, 6, 15, 8, 12, 7, 20, 14, 1, 22, 6, 12, 0, 21, 2, 4, 10, 17, 9, 13, 5, 19, 18, 11, 15, 3, 8, 16, 2, 4, 9, 0, 14, 8, 15, 7, 22, 3, 10, 13, 12, 17, 11, 18, 6, 16, 19, 1, 21, 20, 5, 9, 16, 2, 10, 20, 0, 7, 3, 22, 13, 17, 15, 12, 8, 5, 14, 4, 11, 18, 6, 1, 19, 21, 9, 5, 7, 19, 22, 18, 8, 17, 1, 14, 15, 12, 16, 10, 13, 11, 4, 20, 21, 2, 6, 0, 3, 14, 7, 0, 17, 5, 8, 6, 1, 16, 20, 9, 12, 13, 11, 21, 15, 3, 4, 10, 19, 18, 22, 2, 21, 11, 14, 18, 6, 3, 4, 5, 10, 0, 16, 2, 9, 22, 20, 19, 7, 8, 17, 1, 13, 15, 12, 21, 7, 5, 13, 2, 15, 3, 17, 16, 20, 8, 22, 10, 11, 12, 18, 0, 9, 14, 6, 4, 19, 1, 4, 7, 10, 13, 11, 20, 3, 0, 12, 15, 14, 8, 2, 19, 21, 1, 17, 6, 5, 18, 16, 9, 22, 2, 12, 18, 9, 15, 7, 13, 6, 3, 14, 22, 8, 5, 1, 21, 11, 4, 17, 19, 16, 10, 20, 0, 4, 0, 21, 5, 9, 6, 18, 12, 19, 7, 13, 3, 10, 16, 14, 17, 2, 22, 20, 8, 11, 15, 1, 17, 21, 2, 8, 15, 0, 5, 12, 7, 1, 11, 16, 4, 14, 22, 10, 6, 18, 13, 19, 9, 3, 20, 7, 16, 18, 15, 6, 2, 4, 1, 14, 17, 19, 12, 3, 9, 10, 13, 21, 8, 0, 20, 11, 22, 5, 15, 20, 5, 17, 2, 10, 4, 16, 7, 22, 1, 0, 8, 19, 21, 18, 14, 6, 3, 11, 12, 9, 13, 2, 0, 5, 16, 18, 4, 3, 21, 13, 8, 6, 12, 10, 14, 7, 17, 19, 20, 9, 22, 15, 1, 11, 11, 20, 17, 13, 8, 10, 6, 1, 18, 12, 4, 0, 3, 2, 19, 21, 15, 9, 16, 22, 5, 7, 14, 17, 11, 4, 14, 3, 20, 22, 12, 13, 5, 16, 7, 0, 21, 8, 2, 19, 18, 1, 9, 6, 15, 10]
min  692.4951458616889
NFE 290821
LSNFE 196590
VLSNFE 3261
runTime 691.1353414058685
