gen 0 360 65.5955053524437 0.3721130599548806 64.46118369593799 66.6356470124244 
gen 1 3310 65.14782067092499 0.20357773093951914 64.45553446113072 65.3954135928942 
gen 2 6080 64.92357014297225 0.16473468276775138 64.42081761937281 65.11864893970183 
gen 3 8990 64.74131827356369 0.1247589927072495 64.29840529509158 64.90259605177091 
gen 4 11870 64.62222265776744 0.09304486336677531 64.29840529509158 64.74878321333999 
gen 5 14640 64.54226368144063 0.07233499403350219 64.29840529509158 64.6340795696308 
gen 6 17540 64.47980244516108 0.05586992179206397 64.28448970548742 64.55063707029646 
gen 7 20700 64.42561679925133 0.04474161809995597 64.28422737826226 64.48353422817037 
gen 8 23490 64.38415513782705 0.03789396567339724 64.27400311967143 64.43398997354771 
gen 9 26520 64.35208393571445 0.02919999233064392 64.2509519461899 64.39180252144344 
gen 10 29340 64.32180717313788 0.02344474748519996 64.2509519461899 64.35266031044557 
gen 11 32240 64.30167478053764 0.019787228561289658 64.22015873194053 64.32498459214717 
gen 12 35110 64.28693725282072 0.017835967911838023 64.22004172635664 64.3088593251717 
gen 13 37830 64.2734209820296 0.018121113933744305 64.19658577208017 64.29558834005633 
gen 14 40470 64.26432083127906 0.015988272062094938 64.19658577208017 64.28399179181588 
gen 15 43300 64.2567985648125 0.015102064286776176 64.19658577208017 64.27504498930226 
gen 16 46350 64.24871943873748 0.01518411379635573 64.18062561145915 64.26651775146703 
gen 17 49270 64.24268312894644 0.015490911561811531 64.18062561145915 64.26009191213497 
gen 18 52210 64.23649775870226 0.015407045256067807 64.17076607224683 64.25434779108846 
gen 19 55070 64.23166844348351 0.014878866396852042 64.17076607224683 64.24856983495587 
gen 20 57930 64.22662448361513 0.01477643230899744 64.16407860718343 64.24352582475288 
gen 21 60820 64.2217890399522 0.01482460647876221 64.1455763145168 64.23861072190155 
gen 22 63620 64.21764858585891 0.014279495953471453 64.1455763145168 64.23448301919164 
gen 23 66410 64.21462750602328 0.013777994974918368 64.1455763145168 64.23085486341026 
gen 24 69300 64.21129926819229 0.013397655715098369 64.1455763145168 64.22608703629884 
gen 25 72170 64.20768033954333 0.012708152240221439 64.1455763145168 64.22270829162403 
gen 26 74740 64.20448349865318 0.012773311058558846 64.1455763145168 64.21939883026091 
gen 27 77490 64.2017395415992 0.012578117055648139 64.14462803690945 64.21653771098984 
gen 28 80280 64.19913504354463 0.012534695090199601 64.13404640802983 64.21376911115561 
gen 29 83130 64.1959637703559 0.012998877819172328 64.13404640802983 64.21050048719529 
gen 30 86060 64.19222823082443 0.012838211286092022 64.13404640802983 64.20664366165282 
gen 31 88930 64.18906091265642 0.012548206860466943 64.13404640802983 64.20388650543363 
gen 32 91800 64.18585743219982 0.012045722279891886 64.13404640802983 64.20157890143378 
gen 33 94640 64.1824112802588 0.011754661293201227 64.13404640802983 64.19682993178566 
gen 34 97530 64.1798355801765 0.011479443838892739 64.13404640802983 64.19428427803719 
gen 35 100470 64.17635031865908 0.01123807669957979 64.12013961001098 64.19032530327073 
gen 36 103490 64.17297055851279 0.011201529995786904 64.12013961001098 64.18678690498456 
gen 37 106430 64.16915787007672 0.011118817833235005 64.12013961001098 64.18287984758743 
gen 38 109500 64.16491826663383 0.010855776806496806 64.12013961001098 64.17812765982289 
gen 39 112220 64.16111467248055 0.011184858769206251 64.12013961001098 64.1748898392151 
gen 40 115160 64.15694398894851 0.010411404524198406 64.10690146025544 64.16991209037766 
gen 41 117980 64.15323641116017 0.009550672923943442 64.10690146025544 64.16488521797419 
gen 42 121140 64.14932683877181 0.009288497430272586 64.10690146025544 64.1603331504741 
gen 43 124080 64.14475836824194 0.008905452626820326 64.10690146025544 64.155572817518 
gen 44 126950 64.14128821248947 0.008476208245869511 64.10593769108714 64.15152502108437 
gen 45 129960 64.13777410191165 0.007904084621151932 64.10593769108714 64.1473422747609 
gen 46 132830 64.13428521896729 0.007773968719034785 64.1029200904781 64.1432912319498 
gen 47 135710 64.13112273070007 0.007682617286468571 64.1029200904781 64.13999258431825 
gen 48 138490 64.12814222806652 0.007119549751905861 64.1029200904781 64.13659188715782 
gen 49 141370 64.12495454514827 0.006466185642044154 64.1029200904781 64.13294797837548 
gen 50 144300 64.12235687846895 0.006135182641405007 64.1029200904781 64.13001863006178 
gen 51 147300 64.11962571965513 0.005887800027081939 64.0932815422916 64.12680202436368 
gen 52 150170 64.11709078470234 0.005644137731183625 64.0932815422916 64.12438685208939 
gen 53 153200 64.1140160392037 0.005596214888953223 64.09126168024203 64.1212423340017 
gen 54 155980 64.11155941597754 0.0051346377148169565 64.09126168024203 64.11810138474574 
gen 55 158780 64.10922829656892 0.004728277034170601 64.09126168024203 64.1150670178846 
gen 56 161550 64.10719421370199 0.004592440057939841 64.08940349449882 64.11297547832268 
gen 57 164250 64.1055699982528 0.004264890938658747 64.08940349449882 64.11063092437146 
gen 58 167210 64.103658712981 0.004047358499736019 64.08899323236102 64.10868288344905 
gen 59 170060 64.10205055812786 0.003782514600743186 64.08899323236102 64.10678485884549 
gen 60 172990 64.10051080773101 0.003625890511502049 64.08899323236102 64.10483330374574 
gen 61 175970 64.09885018709903 0.003660514215816146 64.08595304207745 64.10335000720812 
gen 62 178850 64.09722290119198 0.003618707442811068 64.08568214104167 64.1019920824793 
gen 63 181540 64.09596768250768 0.0035240171539060584 64.07974684078627 64.10039008651526 
gen 64 184200 64.09480355071716 0.0033260752613542433 64.07974684078627 64.09893454079503 
gen 65 187180 64.09366393294727 0.0032287500403141737 64.07974684078627 64.09766775602125 
gen 66 190190 64.09254038281105 0.0031090492433526367 64.07974684078627 64.09638035547441 
gen 67 193020 64.09154181612521 0.0029530961680158383 64.07974684078627 64.0952078073797 
gen 68 195810 64.09053543644126 0.002893229474057898 64.07664389815069 64.09391984243054 
gen 69 198690 64.0896383236661 0.002731333816070945 64.07664389815069 64.09288570885968 
gen 70 201750 64.0886857074774 0.0026089244449035184 64.07627221054071 64.09187070772816 
gen 71 204580 64.08796504482426 0.0025448124006912723 64.07627221054071 64.09094880484955 
gen 72 207530 64.08720350083553 0.002577006989833574 64.07627221054071 64.09013494889481 
gen 73 210530 64.08649639028096 0.00244925291072291 64.07627221054071 64.08941617938056 
gen 74 213350 64.08581682518252 0.0023747893743580072 64.07627221054071 64.08866987379676 
gen 75 216210 64.08507206046771 0.0024296766308934473 64.07627221054071 64.08793481905583 
gen 76 219160 64.08452263446478 0.002341653528389291 64.07627221054071 64.08725572633946 
gen 77 222100 64.08377652225352 0.0023115477130024845 64.07627221054071 64.08639708434231 
gen 78 225200 64.08314613726516 0.00214467535152497 64.07627221054071 64.08569799611294 
gen 79 228120 64.08237668437802 0.0020303511193778658 64.07526355391009 64.08501466470376 
gen 80 231210 64.08166638693586 0.001957314939908867 64.07526355391009 64.08433284418712 
gen 81 234140 64.08075185007877 0.0018290901946838294 64.0745518816784 64.08312801163116 
gen 82 236920 64.0801029625086 0.0017786755840854627 64.07323787621536 64.08234378199782 
gen 83 239730 64.07957165283337 0.0016288048354713151 64.07323787621536 64.08160977464183 
gen 84 242920 64.0790535151253 0.001664314905282591 64.07323787621536 64.08109537842428 
gen 85 245670 64.07844866970333 0.001633521429617861 64.07160269099522 64.08050839469165 
gen 86 248600 64.07788556695313 0.0015475533027271772 64.07160269099522 64.07981793623686 
gen 87 251500 64.0773668397725 0.0014451645511234185 64.07160269099522 64.07915963358367 
gen 88 254290 64.07684680846333 0.0013722435699574027 64.07160269099522 64.0784922745776 
[0, 5, 3, 13, 11, 7, 4, 1, 10, 8, 16, 12, 15, 17, 9, 14, 2, 6, 9, 13, 15, 8, 17, 5, 14, 3, 6, 0, 2, 11, 16, 12, 7, 1, 10, 4, 2, 6, 9, 1, 12, 15, 14, 17, 11, 7, 3, 4, 16, 10, 13, 0, 8, 5, 4, 5, 0, 12, 14, 9, 13, 7, 10, 3, 17, 6, 2, 11, 8, 15, 1, 16, 4, 8, 11, 6, 3, 1, 16, 15, 9, 12, 0, 7, 13, 10, 5, 17, 2, 14, 0, 10, 2, 3, 7, 12, 6, 4, 1, 17, 11, 8, 13, 9, 15, 16, 5, 14, 10, 16, 12, 14, 8, 4, 6, 9, 0, 2, 11, 5, 17, 1, 7, 13, 3, 15, 1, 3, 8, 17, 13, 4, 14, 16, 15, 5, 9, 10, 2, 6, 0, 11, 7, 12, 8, 6, 13, 9, 11, 12, 15, 16, 14, 0, 10, 2, 3, 7, 4, 17, 5, 1, 17, 14, 7, 3, 11, 2, 13, 12, 5, 16, 6, 10, 15, 8, 0, 9, 1, 4, 12, 17, 8, 3, 0, 16, 11, 5, 7, 1, 10, 13, 14, 2, 9, 15, 4, 6, 16, 14, 12, 0, 10, 2, 3, 7, 6, 9, 13, 15, 8, 4, 1, 5, 17, 11, 4, 10, 1, 17, 12, 8, 11, 5, 2, 16, 13, 0, 9, 7, 3, 14, 15, 6, 0, 14, 7, 8, 13, 4, 11, 3, 15, 9, 2, 1, 6, 16, 12, 10, 5, 17, 6, 12, 1, 17, 8, 4, 16, 5, 11, 2, 14, 7, 3, 15, 13, 0, 9, 10, 11, 5, 3, 1, 10, 2, 14, 7, 16, 9, 4, 13, 17, 0, 6, 15, 8, 12, 6, 13, 11, 15, 2, 0, 8, 1, 10, 7, 4, 9, 17, 3, 16, 14, 12, 5, 8, 0, 13, 17, 3, 9, 2, 15, 7, 11, 14, 6, 12, 1, 16, 4, 5, 10, 9, 6, 11, 12, 15, 2, 0, 8, 4, 5, 14, 3, 10, 16, 17, 13, 1, 7, 6, 2, 14, 0, 13, 12, 3, 17, 8, 1, 5, 7, 11, 15, 16, 9, 10, 4]
min  64.07160269099522
NFE 254290
LSNFE 190570
VLSNFE 8708
runTime 700.1978023052216
